2104.88767 16.451 0.009
2112.88129 16.489 0.009
2115.84972 16.185 0.009
2116.93213 16.515 0.009
2117.84885 16.203 0.008
2123.88620 16.261 0.009
2125.77122 16.256 0.012
2128.88581 16.501 0.011
2129.91370 16.332 0.009
2130.89077 16.449 0.009
2131.77972 16.280 0.009
2132.86261 16.414 0.009
2133.83554 16.322 0.009
2134.86812 16.295 0.009
2136.90886 15.899 0.008
2137.86743 16.346 0.011
2140.87149 15.839 0.007
2141.78171 16.362 0.010
2142.84013 15.814 0.007
2143.89115 16.409 0.009
2144.77115 15.852 0.006
2156.73197 15.900 0.008
2160.81159 16.057 0.008
2161.69043 16.438 0.009
2162.82389 16.098 0.008
2166.65190 16.014 0.008
2167.70798 16.458 0.009
2168.77030 16.125 0.008
2171.77734 16.477 0.009
2172.82107 16.216 0.008
2173.76457 16.489 0.009
2174.69095 16.142 0.008
2177.69643 16.499 0.009
2184.75769 16.289 0.009
2186.74600 16.289 0.010
2189.74761 16.469 0.011
2190.74773 16.318 0.009
2191.62172 16.561 0.009
2192.71543 16.331 0.008
2193.74265 16.287 0.008
2194.70734 16.339 0.009
2200.72236 16.389 0.009
2203.61028 16.014 0.008
2208.70678 16.414 0.010
2211.71333 15.959 0.008
2212.69916 16.447 0.009
2217.69372 16.028 0.008
2219.73049 16.103 0.009
2221.58238 16.015 0.008
2223.63245 16.067 0.009
2225.65008 16.118 0.008
2227.54333 16.057 0.009
2228.61131 16.479 0.009
2230.59841 16.484 0.009
2232.61869 16.483 0.009
2234.60403 16.497 0.009
2236.59316 16.504 0.009
2239.54204 16.211 0.009
2241.58563 16.241 0.009
2243.62385 16.285 0.009
2249.58473 16.307 0.008
2251.58632 16.338 0.009
2254.58770 16.271 0.008
2256.60590 15.972 0.008
2263.54437 16.396 0.010
2265.57973 16.424 0.009
2270.60412 15.938 0.007
2274.58499 16.013 0.009
2276.59569 16.054 0.008
2278.57238 16.069 0.008
2283.60250 16.472 0.009
2290.55570 16.212 0.009
2292.61545 16.253 0.009
2294.62002 16.276 0.009
2296.58030 16.262 0.010
2298.58883 16.291 0.010
2300.58406 16.300 0.009
2303.56784 16.455 0.012
2453.89625 16.389 0.011
2462.90003 15.923 0.008
2464.90063 15.962 0.007
2466.89304 15.995 0.009
2468.88906 16.016 0.008
2470.87826 16.047 0.007
2472.86067 16.071 0.006
2483.94583 16.517 0.012
2488.76591 16.196 0.009
2489.82819 16.525 0.009
2490.82421 16.248 0.010
2492.80987 16.268 0.009
2496.80802 16.293 0.009
2497.83077 16.517 0.010
2498.83094 16.301 0.009
2499.91866 16.170 0.008
2500.92439 16.366 0.009
2501.91505 15.978 0.007
2502.89093 16.370 0.009
2511.75530 15.881 0.008
2516.88066 16.427 0.010
2517.88117 15.958 0.008
2518.85706 16.448 0.009
2519.76845 15.885 0.007
2520.84878 16.450 0.009
2521.73861 15.890 0.008
2524.76424 16.460 0.011
2529.74608 16.044 0.008
2535.75240 16.136 0.009
2537.75890 16.152 0.009
2537.77786 16.173 0.010
2538.85556 16.515 0.011
2538.86357 16.545 0.012
2539.75416 16.161 0.009
2540.80108 16.507 0.012
2541.76953 16.209 0.009
2542.73595 16.492 0.009
2544.71853 16.507 0.009
2545.73333 16.231 0.008
2547.74735 16.245 0.009
2548.76803 16.532 0.009
2550.76308 16.534 0.009
2551.75051 16.295 0.009
2552.76564 16.519 0.009
2553.70641 16.291 0.009
2554.75890 16.500 0.009
2555.76685 16.334 0.009
2556.74601 16.475 0.009
2557.75840 16.327 0.009
2558.71485 16.447 0.009
2559.67198 16.302 0.009
2560.70502 16.382 0.009
2561.75047 16.355 0.010
2562.72321 16.146 0.008
2563.73118 16.377 0.009
2564.75856 15.851 0.008
2565.74872 16.406 0.009
2566.72356 15.837 0.007
2571.71006 16.421 0.010
2573.71515 16.474 0.012
2574.70263 15.865 0.007
2576.74181 15.963 0.008
2577.70029 16.446 0.010
2578.68226 15.932 0.008
2579.69284 16.452 0.010
2580.70443 15.994 0.008
2583.68122 16.465 0.010
2584.68389 16.039 0.008
2587.66546 16.463 0.010
2588.67807 16.074 0.008
2589.67022 16.477 0.009
2590.67867 16.109 0.008
2591.70595 16.483 0.009
2593.66300 16.478 0.010
2594.66996 16.158 0.009
2596.64393 16.152 0.010
2597.63094 16.474 0.010
2598.70932 16.223 0.009
2599.67292 16.506 0.011
2609.53326 16.514 0.010
2611.58250 16.556 0.014
2614.54742 16.283 0.009
2618.57899 16.332 0.009
2622.55575 16.365 0.009
2626.51961 16.356 0.016
2629.56539 15.834 0.008
2640.54918 16.436 0.010
2643.55184 16.028 0.008
2649.55804 16.117 0.008
2652.54372 16.467 0.011
2655.55505 16.200 0.010
2658.53191 16.505 0.016
2662.53548 16.538 0.013
2665.54633 16.274 0.009
2670.53266 16.495 0.012
2674.55711 16.287 0.009
2677.54066 16.369 0.012
2678.68220 15.831 0.008
2680.54778 15.864 0.008
2684.52736 15.837 0.009
2804.81291 16.229 0.012
2805.90829 16.538 0.015
2812.92327 16.351 0.010
2815.93368 15.905 0.007
2818.94600 16.397 0.010
2829.88032 15.915 0.008
2831.88117 15.956 0.008
2832.84518 16.427 0.009
2833.92227 16.028 0.009
2836.91140 16.469 0.012
2837.92567 16.100 0.010
2838.91330 16.470 0.011
2840.86203 16.464 0.009
2843.88617 16.140 0.008
2844.92741 16.495 0.009
2848.85333 16.495 0.012
2849.91211 16.233 0.009
2851.83909 16.201 0.009
2852.87225 16.532 0.011
2854.88359 16.544 0.010
2857.89097 16.268 0.009
2859.87826 16.289 0.009
2860.93062 16.458 0.009
2861.80252 16.278 0.009
2862.85125 16.518 0.011
2863.89027 16.324 0.010
2865.77558 16.290 0.009
2866.77157 16.532 0.010
2867.86211 16.347 0.009
2869.82827 16.346 0.009
2870.87111 15.962 0.008
2872.79503 16.157 0.008
2877.80401 16.398 0.009
2879.82665 16.408 0.009
2884.77547 15.869 0.007
2886.78834 15.908 0.008
2888.73154 15.896 0.007
2890.77001 15.979 0.009
2893.79874 16.465 0.010
2895.77264 16.451 0.009
2897.75716 16.461 0.009
2899.78950 16.463 0.009
2903.80849 16.497 0.008
2906.75686 16.179 0.008
2908.73463 16.190 0.008
2910.72888 16.200 0.009
2912.73472 16.232 0.008
2916.74758 16.262 0.008
2918.72459 16.278 0.009
2922.72752 16.328 0.009
2924.72378 16.325 0.009
2926.65919 16.317 0.009
2929.72057 16.098 0.009
2931.69806 16.010 0.007
2933.70861 15.833 0.006
2935.67273 15.845 0.007
2937.70220 15.825 0.008
2939.63751 15.816 0.007
2941.66473 15.853 0.007
2943.66093 15.877 0.007
2944.66341 16.438 0.010
2946.64350 16.426 0.009
2947.67129 15.980 0.009
2949.65217 15.977 0.008
2951.68471 16.051 0.009
2953.63270 16.018 0.008
2955.61731 16.058 0.009
2957.63356 16.091 0.008
2960.65119 16.431 0.008
2964.66383 16.497 0.010
2966.60761 16.490 0.009
2969.63290 16.216 0.009
2971.65973 16.253 0.009
2974.53449 16.538 0.010
2976.56758 16.522 0.010
2978.55544 16.558 0.012
2980.61027 16.513 0.012
2982.57499 16.515 0.010
2984.60583 16.390 0.011
2986.61838 16.181 0.009
2989.56988 16.350 0.009
2992.58602 15.852 0.007
2996.59137 15.837 0.007
2999.58820 16.425 0.009
3003.53243 16.448 0.013
3006.57932 15.985 0.007
3009.57140 16.460 0.010
3013.58386 16.478 0.010
3017.57255 16.481 0.009
3020.54730 16.157 0.008
3022.57492 16.194 0.009
3024.57402 16.223 0.009
3026.54425 16.221 0.009
3028.54503 16.250 0.009
3030.54877 16.270 0.009
3032.56591 16.301 0.009
3034.56543 16.303 0.008
3038.55650 16.332 0.009
3180.91941 16.100 0.008
3184.91124 15.837 0.007
3193.93543 16.439 0.009
3196.90640 15.959 0.007
3202.89893 16.032 0.008
3204.86899 16.070 0.008
3206.88181 16.096 0.009
3211.79327 16.466 0.010
3211.83016 16.471 0.009
3216.78405 16.158 0.009
3217.83415 16.482 0.013
3222.87684 16.271 0.009
3224.83081 16.268 0.008
3228.80874 16.292 0.009
3230.78629 16.285 0.008
3238.81330 16.362 0.009
3239.85268 15.851 0.007
3241.75486 16.116 0.008
3242.79077 16.375 0.009
3244.72778 16.368 0.009
3245.83161 15.838 0.007
3246.82857 16.428 0.009
3248.73338 16.385 0.009
3250.79432 16.421 0.009
3253.74796 15.890 0.008
3256.73101 16.447 0.009
3260.70371 16.437 0.009
3262.73960 16.456 0.008
3264.69136 16.440 0.008
3266.76228 16.471 0.009
3268.69575 16.457 0.008
3270.75960 16.481 0.009
3271.72337 16.167 0.008
3273.68219 16.157 0.008
3275.67265 16.161 0.009
3276.76670 16.512 0.011
3278.63126 16.491 0.010
3280.67881 16.507 0.008
3282.66953 16.520 0.007
3286.63257 16.523 0.008
3288.64627 16.542 0.008
3291.62141 16.277 0.008
3294.63326 16.473 0.009
3296.60054 16.462 0.009
3298.60946 16.359 0.008
3300.61000 16.212 0.009
3302.59111 16.123 0.008
3305.68707 16.417 0.009
3307.60361 16.415 0.011
3309.62434 16.417 0.009
3311.57997 16.415 0.009
3315.61344 16.444 0.009
3320.65688 16.064 0.007
3323.61359 16.464 0.009
3324.62334 16.094 0.007
3329.55680 16.463 0.009
3334.57305 16.181 0.009
3336.56893 16.205 0.008
3341.61586 16.548 0.009
3350.57158 16.312 0.008
3354.60359 16.353 0.009
3360.58346 16.397 0.009
3366.62304 16.453 0.009
3372.60755 16.470 0.009
3376.58331 16.471 0.009
3379.60072 16.124 0.008
3387.53617 16.170 0.009
3395.56851 16.253 0.009
3399.55534 16.319 0.010
3403.54645 16.363 0.009
3543.92508 16.361 0.009
3552.87607 16.404 0.009
3558.92966 16.440 0.008
3562.92416 16.450 0.008
3568.91568 16.478 0.009
3570.87546 16.453 0.010
3571.86406 16.074 0.009
3573.90992 16.133 0.009
3575.86900 16.134 0.008
3578.93919 16.483 0.009
3579.86681 16.173 0.006
3581.93576 16.235 0.008
3582.76410 16.476 0.008
3589.84655 16.261 0.008
3590.87684 16.540 0.008
3592.81848 16.545 0.008
3594.85580 16.524 0.009
3603.76733 16.325 0.008
3607.86000 16.389 0.008
3617.81627 16.456 0.008
3619.79220 16.439 0.008
3621.78930 16.446 0.008
3621.83474 16.452 0.008
3625.78767 16.445 0.008
3628.73787 16.049 0.008
3630.70444 16.030 0.007
3632.73337 16.073 0.008
3634.64690 16.064 0.007
3637.72111 16.484 0.009
3640.68651 16.171 0.007
3642.68446 16.222 0.009
3644.71730 16.218 0.007
3646.73105 16.253 0.008
3650.74673 16.285 0.007
3652.69519 16.273 0.008
3654.66844 16.270 0.008
3656.74207 16.358 0.009
3657.74546 16.353 0.008
3659.70721 16.368 0.011
3661.63379 16.446 0.009
3664.70390 16.382 0.007
3666.70291 16.388 0.008
3668.68719 16.400 0.009
3670.66783 16.383 0.009
3672.62802 16.401 0.009
3674.75988 16.440 0.008
3676.65324 16.420 0.008
3682.62678 16.465 0.011
3684.64037 16.443 0.008
3686.60990 16.439 0.009
3688.58275 16.458 0.009
3690.59630 16.464 0.009
3693.59448 16.110 0.008
3695.59052 16.148 0.008
3697.58100 16.143 0.008
3699.58078 16.164 0.008
3701.61482 16.218 0.008
3703.61988 16.216 0.007
3705.63021 16.264 0.008
3707.59675 16.256 0.007
3712.65738 16.448 0.009
3715.59832 16.331 0.008
3717.57698 16.333 0.009
3720.61273 16.062 0.008
3724.58202 15.879 0.007
3726.60238 15.819 0.007
3731.54224 16.422 0.009
3735.58124 16.439 0.008
3739.54373 16.441 0.009
3743.55780 16.469 0.010
3748.56140 16.118 0.009
3753.55842 16.506 0.011
3759.56326 16.531 0.010
3763.54807 16.558 0.009
3769.52589 16.512 0.011
3773.55180 16.293 0.009
3778.52654 16.385 0.009
3903.91027 16.291 0.009
3908.92829 16.414 0.008
3915.92364 16.385 0.008
3918.94296 15.843 0.007
3933.83470 16.450 0.008
3935.83112 16.438 0.008
3937.86903 16.453 0.009
3945.83844 16.484 0.009
3950.85647 16.222 0.007
3957.81195 16.539 0.012
3959.81176 16.548 0.009
3961.79675 16.531 0.010
3964.80385 16.324 0.007
3966.79638 16.327 0.007
3968.78967 16.339 0.008
3970.78122 16.360 0.007
3973.75220 16.182 0.007
3975.76550 15.936 0.007
3980.69799 16.405 0.009
3981.69793 15.840 0.006
3982.76228 16.426 0.009
3986.73934 16.420 0.009
3989.84205 16.055 0.008
3991.78023 16.031 0.007
3994.69200 16.460 0.009
3998.81948 16.488 0.009
4001.68657 16.095 0.006
4003.65014 16.094 0.007
4005.72511 16.178 0.007
4007.61903 16.130 0.008
4008.64902 16.477 0.008
4011.67667 16.206 0.007
4014.67472 16.520 0.010
4016.65584 16.513 0.009
4018.65224 16.531 0.009
4020.69152 16.570 0.009
4023.64167 16.288 0.009
4025.64200 16.333 0.008
4027.63016 16.304 0.008
4029.61232 16.331 0.008
4031.59928 16.315 0.008
4036.65807 15.834 0.006
4038.63119 15.816 0.006
4040.56947 15.847 0.007
4042.63833 15.859 0.006
4045.52089 16.418 0.010
4047.59246 16.438 0.009
4049.56510 16.418 0.008
4051.61472 16.474 0.009
4053.58912 16.454 0.007
4055.55471 16.461 0.010
4057.55779 16.452 0.009
4060.53604 16.080 0.007
4064.58124 16.163 0.006
4066.53857 16.174 0.008
4068.60268 16.220 0.007
4071.57063 16.535 0.009
4073.57754 16.555 0.010
4075.62259 16.551 0.009
4077.59504 16.547 0.009
4079.57846 16.563 0.009
4083.54960 16.497 0.009
4087.60765 16.037 0.007
4095.57174 15.827 0.006
4100.54916 16.433 0.009
4105.62583 16.050 0.007
4107.56693 16.016 0.007
4108.61301 16.473 0.008
4112.56729 16.488 0.009
4119.56933 16.182 0.008
4120.60012 16.519 0.008
4122.58873 16.563 0.009
4127.58096 16.276 0.008
4253.90653 16.473 0.012
4255.92663 16.474 0.012
4258.90763 16.183 0.010
4273.92774 16.465 0.012
4279.75670 16.522 0.014
4282.84327 16.342 0.009
4283.81139 16.246 0.009
4284.91315 16.379 0.010
4289.88401 15.830 0.007
4292.91747 16.424 0.009
4295.91131 15.965 0.007
4296.94560 16.458 0.010
4298.86466 16.435 0.010
4299.90808 16.023 0.007
4300.93034 16.441 0.009
4302.83082 16.450 0.009
4303.83958 16.040 0.008
4307.78017 16.043 0.008
4308.71132 16.439 0.010
4308.91872 16.474 0.009
4310.89043 16.488 0.011
4316.88081 16.507 0.010
4320.81252 16.512 0.011
4326.89074 16.478 0.010
4327.91239 16.353 0.011
4328.88230 16.442 0.011
4329.89850 16.335 0.009
4330.93128 16.174 0.009
4331.88029 16.332 0.010
4333.91447 16.363 0.009
4336.87691 15.889 0.009
4339.88476 16.407 0.011
4340.86964 15.805 0.007
4342.84244 15.824 0.008
4344.80292 15.804 0.007
4346.77629 15.815 0.007
4348.76000 15.826 0.007
4350.73682 15.825 0.007
4353.69505 16.407 0.009
4355.75370 16.418 0.010
4358.69688 15.947 0.008
4362.70465 16.015 0.008
4363.71193 16.447 0.010
4365.70135 16.448 0.011
4369.73544 16.471 0.011
4370.69551 16.142 0.009
4373.70716 16.478 0.009
4376.70558 16.209 0.009
4378.67246 16.194 0.009
4379.70406 16.518 0.011
4381.66275 16.513 0.012
4383.69138 16.540 0.009
4386.71751 16.300 0.009
4388.71617 16.314 0.009
4391.53930 16.554 0.009
4394.63354 16.331 0.009
4396.69639 16.356 0.009
4398.69925 16.383 0.009
4402.68423 16.408 0.009
4404.70086 16.420 0.010
4409.68846 15.920 0.007
4412.63316 16.435 0.010
4415.72425 16.078 0.009
4417.67423 16.045 0.008
4420.66103 16.460 0.009
4423.65117 16.130 0.008
4426.53272 16.470 0.012
4426.70472 16.490 0.011
4428.59166 16.471 0.011
4430.61158 16.482 0.009
4432.59747 16.487 0.009
4434.63890 16.533 0.009
4436.61553 16.533 0.009
4438.62341 16.547 0.010
4440.62928 16.557 0.011
4442.59072 16.562 0.010
4444.61525 16.538 0.011
4450.59353 16.375 0.010
4452.62545 16.069 0.008
4454.60665 15.970 0.008
4456.60153 15.862 0.008
4457.63037 16.402 0.010
4460.57901 15.826 0.007
4462.60392 15.849 0.007
4464.59852 15.889 0.007
4471.57180 16.446 0.009
4473.55975 16.443 0.009
4475.62307 16.463 0.009
4480.60705 16.146 0.008
4482.60925 16.154 0.009
4484.61953 16.204 0.011
4486.63132 16.203 0.009
4490.56050 16.220 0.008
4643.93391 16.339 0.009
4651.91033 16.405 0.009
4655.83128 16.410 0.009
4661.92997 16.463 0.009
4662.85359 15.914 0.007
4663.80224 16.428 0.010
4665.87537 16.452 0.011
4671.90931 16.481 0.009
4674.81408 16.109 0.009
4677.87314 16.485 0.009
4682.84751 16.204 0.009
4682.85852 16.213 0.009
4684.88560 16.249 0.008
4686.84565 16.244 0.007
4688.86179 16.278 0.008
4690.78730 16.259 0.009
4691.79054 16.534 0.010
4694.76518 16.288 0.011
4697.78128 16.524 0.011
4699.80213 16.450 0.009
4700.83611 16.342 0.008
4701.84385 16.169 0.008
4702.74990 16.347 0.009
4703.80314 16.183 0.008
4704.82151 16.386 0.009
4705.82923 15.889 0.008
4707.81042 15.845 0.007
4709.78107 15.839 0.006
4715.78603 15.870 0.007
4717.74067 15.881 0.006
4720.71969 16.440 0.009
4724.68399 16.442 0.010
4726.67804 16.444 0.009
4730.73244 16.459 0.008
4740.70985 16.489 0.009
4743.70756 16.212 0.008
4748.69371 16.542 0.009
4750.72641 16.553 0.013
4754.65198 16.525 0.010
4756.68213 16.515 0.010
4758.64172 16.517 0.009
4760.62844 16.464 0.009
4762.61842 16.385 0.009
4767.67470 16.396 0.009
4771.56895 16.382 0.009
4772.63953 15.834 0.007
4774.63599 15.832 0.007
4776.58642 15.842 0.008
4778.58871 15.867 0.007
4780.60640 15.929 0.008
4782.55818 15.905 0.007
4783.61989 16.448 0.009
4786.54088 15.980 0.008
4789.60400 16.455 0.009
4791.56820 16.451 0.009
4793.57492 16.468 0.009
4795.60919 16.471 0.009
4797.58230 16.454 0.010
4799.58873 16.451 0.010
4801.56534 16.511 0.009
4802.63208 16.259 0.009
4803.60452 16.521 0.009
4805.54700 16.505 0.009
4807.56556 16.539 0.012
4809.59063 16.539 0.009
4811.61256 16.504 0.010
4814.57030 16.318 0.009
4816.57252 16.338 0.009
4818.55037 16.345 0.009
4820.56454 16.375 0.009
4822.63733 16.397 0.009
4824.60624 16.381 0.009
4831.58235 15.873 0.007
4834.61592 16.418 0.010
4838.61517 16.446 0.009
4841.59769 16.068 0.008
4843.59515 16.086 0.009
4846.60087 16.473 0.009
4848.63717 16.485 0.009
4850.62467 16.489 0.009
4853.62038 16.239 0.009
4856.59611 16.506 0.009
4864.57375 16.543 0.009
4868.59351 16.404 0.009
4870.53299 16.464 0.011
4873.54864 16.359 0.009
