 621.85531 16.882 0.014
 626.93849 16.763 0.009
 627.90446 16.480 0.009
 628.91385 16.803 0.010
 632.91413 16.185 0.008
 633.91864 16.743 0.009
 635.91375 16.770 0.011
 643.88251 16.369 0.008
 645.88599 16.484 0.009
 658.91391 16.692 0.011
 664.80527 16.794 0.009
 664.89380 16.842 0.010
 666.89131 16.729 0.009
 667.90213 16.678 0.009
 668.87273 16.224 0.006
 670.83836 16.380 0.008
 671.86090 16.763 0.008
 672.91441 16.531 0.008
 673.71667 16.773 0.010
 673.91838 16.861 0.008
 684.79343 16.883 0.009
 685.73199 16.657 0.008
 686.77440 16.214 0.007
 688.87924 16.431 0.008
 689.76922 16.769 0.009
 698.88125 16.778 0.010
 700.74636 16.805 0.009
 712.71868 16.648 0.009
 713.75642 16.200 0.007
 714.77179 16.737 0.009
 716.70541 16.749 0.011
 722.64625 16.463 0.009
 730.62819 16.639 0.009
 739.75512 16.683 0.010
 741.68171 16.727 0.009
 742.77213 16.444 0.009
 744.72400 16.515 0.009
 745.67527 16.807 0.009
 752.78765 16.777 0.010
 753.72825 16.524 0.008
 754.69483 16.846 0.011
 759.58990 16.746 0.011
 762.71834 16.530 0.009
 763.60282 16.808 0.010
 763.68344 16.833 0.010
 763.77210 16.904 0.013
 764.69001 16.597 0.013
 765.63413 16.877 0.012
 766.67095 16.678 0.010
 767.63813 16.193 0.009
 767.73283 16.286 0.010
 772.74464 16.874 0.010
 773.62527 16.600 0.009
 774.65533 16.809 0.009
 775.60762 16.649 0.009
 776.59686 16.209 0.008
 776.74947 16.286 0.008
 778.57936 16.335 0.009
 778.67028 16.398 0.009
 779.71449 16.800 0.010
 780.73267 16.552 0.009
 781.61437 16.828 0.009
 782.54891 16.569 0.010
 782.64859 16.604 0.010
 783.59473 16.890 0.009
 784.64021 16.685 0.009
 785.53660 16.369 0.008
 787.62449 16.378 0.009
 788.55273 16.752 0.009
 795.58018 16.703 0.009
 796.56743 16.376 0.009
 796.69482 16.468 0.010
 798.61770 16.494 0.008
 800.55286 16.562 0.008
 802.64451 16.680 0.010
 806.55061 16.769 0.010
 808.56888 16.813 0.012
 816.64514 16.543 0.008
 817.64038 16.873 0.011
 819.61956 16.598 0.008
 822.60591 16.728 0.009
 824.62591 16.761 0.010
 825.61363 16.536 0.009
 828.65897 16.309 0.009
 829.62559 16.711 0.010
 830.54308 16.209 0.009
 832.63244 16.427 0.008
 834.53466 16.511 0.011
 836.60011 16.628 0.010
 838.61897 16.703 0.009
 842.56751 16.804 0.010
 845.59839 16.629 0.009
 860.52618 16.798 0.012
 867.52238 16.767 0.011
 874.52116 16.716 0.011
 963.90464 16.520 0.009
 986.89102 16.275 0.008
1003.82428 16.708 0.015
1008.88148 16.573 0.011
1020.84472 16.455 0.009
1025.83038 16.789 0.010
1035.79809 16.536 0.008
1037.82517 16.637 0.013
1038.84332 16.286 0.009
1058.78411 16.329 0.008
1059.82977 16.760 0.010
1061.81621 16.810 0.010
1069.68606 16.416 0.008
1074.66725 16.752 0.010
1077.66173 16.740 0.009
1079.66375 16.765 0.010
1084.64991 16.686 0.010
1087.66932 16.411 0.008
1090.63731 16.850 0.012
1095.72764 16.770 0.011
1102.66650 16.695 0.009
1132.60671 16.433 0.008
1138.65180 16.724 0.009
1140.66021 16.757 0.009
1144.68680 16.876 0.010
1151.59811 16.790 0.009
1154.55520 16.642 0.011
1163.66816 16.692 0.010
1164.71375 16.259 0.008
1190.53835 16.644 0.009
1202.61399 16.409 0.009
1211.58691 16.423 0.009
1216.57488 16.763 0.011
1219.57930 16.757 0.012
1228.53028 16.767 0.012
1234.52573 16.804 0.014
1235.52430 16.690 0.012
1329.81674 16.492 0.011
1330.92586 16.731 0.010
1366.87322 16.756 0.010
1418.76612 16.678 0.009
1435.71433 16.806 0.011
1439.81211 16.436 0.008
1442.77651 16.876 0.009
1487.56156 16.815 0.010
1494.69508 16.801 0.010
1495.54813 16.480 0.010
1502.60520 16.403 0.009
1506.60024 16.607 0.010
1509.58380 16.214 0.008
1514.66014 16.887 0.013
1517.57684 16.687 0.009
1546.63116 16.758 0.009
1562.60558 16.708 0.011
1568.57903 16.873 0.011
1573.57403 16.761 0.012
1579.55761 16.263 0.008
1581.58488 16.352 0.008
1584.56972 16.813 0.010
1586.58081 16.862 0.010
1588.55432 16.224 0.010
1592.57744 16.494 0.009
1602.55010 16.825 0.013
1607.54031 16.726 0.011
1738.87766 16.798 0.010
1740.88536 16.838 0.013
1750.87931 16.607 0.009
1751.85986 16.850 0.009
1752.85221 16.661 0.010
1766.80555 16.505 0.010
1769.73452 16.884 0.010
1773.79547 16.358 0.008
1775.80699 16.487 0.008
1785.78401 16.812 0.009
1788.81916 16.674 0.009
1789.75183 16.229 0.009
1809.77915 16.383 0.007
1812.75305 16.826 0.009
1815.80947 16.704 0.009
1823.77535 16.685 0.009
1829.70043 16.508 0.009
1830.76741 16.868 0.012
2086.91788 16.632 0.011
2104.84997 16.631 0.010
2106.90981 16.731 0.012
2115.90479 16.725 0.012
2116.89092 16.338 0.009
2117.89659 16.768 0.011
2123.83959 16.360 0.009
2128.84414 16.821 0.014
2129.87626 16.567 0.010
2130.82514 16.883 0.013
2131.81866 16.640 0.011
2132.82488 16.341 0.009
2133.91343 16.743 0.015
2134.82976 16.332 0.010
2135.86420 16.755 0.011
2136.86411 16.476 0.011
2137.90908 16.857 0.016
2140.83398 16.659 0.011
2142.88122 16.738 0.012
2143.83528 16.347 0.009
2144.80679 16.756 0.010
2155.89748 16.842 0.016
2156.84401 16.580 0.010
2160.77372 16.744 0.012
2162.78028 16.734 0.010
2166.77505 16.876 0.011
2167.74587 16.645 0.010
2168.73237 16.450 0.009
2171.75844 16.767 0.010
2172.76501 16.468 0.009
2173.72710 16.780 0.011
2177.65875 16.703 0.012
2184.72010 16.872 0.014
2185.68358 16.641 0.011
2187.66619 16.708 0.014
2190.71010 16.466 0.010
2191.65193 16.784 0.013
2192.68069 16.529 0.009
2193.70166 16.886 0.010
2194.67294 16.641 0.010
2201.73902 16.565 0.009
2206.62485 16.253 0.011
2211.66350 16.876 0.012
2212.66257 16.656 0.012
2213.67355 16.286 0.010
2214.65992 16.723 0.013
2215.67521 16.331 0.010
2217.65287 16.453 0.011
2219.69602 16.568 0.012
2222.74525 16.213 0.009
2223.68499 16.731 0.012
2225.61452 16.750 0.011
2226.66086 16.468 0.011
2228.57626 16.500 0.010
2230.51353 16.610 0.015
2232.52733 16.678 0.013
2234.56941 16.754 0.011
2236.55890 16.760 0.011
2238.56428 16.852 0.013
2241.55111 16.726 0.013
2243.58935 16.775 0.011
2248.63379 16.665 0.010
2250.59981 16.715 0.011
2253.58770 16.451 0.009
2256.56998 16.912 0.014
2258.61041 16.190 0.008
2263.60167 16.801 0.013
2265.62769 16.840 0.011
2270.58588 16.755 0.011
2272.58395 16.820 0.012
2274.56780 16.894 0.015
2276.53139 16.396 0.012
2280.54787 16.462 0.012
2285.58638 16.191 0.009
2289.58329 16.495 0.010
2291.58400 16.599 0.011
2293.58450 16.674 0.012
2295.58081 16.747 0.012
2297.58399 16.799 0.014
2299.58047 16.831 0.013
2301.57316 16.823 0.015
2448.90478 16.710 0.014
2460.90484 16.746 0.015
2463.93393 16.530 0.010
2466.85579 16.751 0.014
2467.91966 16.707 0.011
2469.91896 16.736 0.010
2471.90850 16.791 0.012
2472.89857 16.546 0.008
2473.92476 16.860 0.010
2481.88403 16.539 0.013
2483.90769 16.631 0.010
2486.90780 16.325 0.011
2488.90976 16.466 0.012
2492.92209 16.646 0.011
2496.92186 16.751 0.011
2498.79311 16.764 0.011
2499.87810 16.547 0.010
2500.88653 16.882 0.013
2501.87328 16.640 0.010
2502.85344 16.499 0.011
2508.76406 16.507 0.014
2516.79550 16.786 0.014
2517.84227 16.548 0.011
2518.81456 16.884 0.013
2519.81284 16.632 0.010
2520.81101 16.499 0.011
2521.79929 16.709 0.011
2524.80269 16.449 0.011
2526.79652 16.528 0.009
2529.79274 16.512 0.009
2534.85334 16.809 0.013
2535.79098 16.545 0.010
2537.72106 16.606 0.013
2538.82214 16.267 0.010
2539.71930 16.665 0.011
2540.76180 16.269 0.010
2541.73118 16.749 0.011
2542.70100 16.405 0.009
2544.68093 16.498 0.009
2545.69446 16.826 0.011
2547.71245 16.685 0.011
2548.73044 16.700 0.011
2550.72571 16.743 0.011
2551.71224 16.410 0.009
2552.72825 16.787 0.010
2554.72135 16.865 0.012
2555.72929 16.629 0.010
2556.70836 16.631 0.010
2557.72088 16.704 0.010
2558.67736 16.230 0.009
2559.63441 16.735 0.011
2560.66734 16.400 0.009
2561.71296 16.784 0.013
2562.68572 16.514 0.010
2563.69365 16.868 0.013
2564.71001 16.632 0.012
2565.70601 16.570 0.011
2566.68095 16.705 0.011
2568.75000 16.773 0.013
2571.66655 16.506 0.010
2572.74181 16.916 0.015
2573.67988 16.618 0.013
2574.65986 16.680 0.011
2576.69460 16.283 0.010
2577.65966 16.747 0.014
2578.64716 16.406 0.010
2579.65768 16.783 0.012
2580.66582 16.514 0.009
2583.63787 16.712 0.013
2584.64432 16.696 0.011
2586.64552 16.751 0.011
2587.62740 16.419 0.009
2589.61831 16.501 0.010
2590.63505 16.878 0.013
2591.66123 16.631 0.012
2593.62450 16.689 0.011
2594.63052 16.256 0.010
2596.60414 16.399 0.011
2597.59131 16.776 0.014
2598.67151 16.537 0.011
2599.62558 16.878 0.016
2607.64568 16.533 0.011
2610.56701 16.740 0.012
2613.56101 16.752 0.011
2615.59140 16.780 0.011
2619.57591 16.640 0.011
2621.58490 16.276 0.010
2625.56764 16.532 0.013
2627.53833 16.598 0.013
2630.55276 16.264 0.011
2635.56647 16.875 0.011
2637.56136 16.572 0.011
2640.53168 16.728 0.013
2642.57143 16.800 0.014
2646.58278 16.384 0.010
2651.55685 16.802 0.015
2654.57706 16.652 0.014
2657.53693 16.313 0.011
2661.53346 16.543 0.009
2664.57393 16.251 0.010
2672.55188 16.648 0.015
2676.54208 16.768 0.013
2679.55678 16.564 0.010
2683.53515 16.756 0.017
2777.92190 16.307 0.010
2804.85045 16.295 0.012
2805.86773 16.768 0.020
2811.92285 16.180 0.010
2815.89647 16.489 0.010
2817.94510 16.607 0.013
2830.83565 16.723 0.012
2831.80530 16.302 0.010
2832.76599 16.758 0.013
2832.94386 16.791 0.013
2833.88382 16.495 0.013
2834.93447 16.866 0.014
2838.83584 16.204 0.009
2840.84353 16.355 0.009
2843.84485 16.810 0.012
2844.89057 16.603 0.010
2845.93760 16.598 0.012
2849.87410 16.379 0.009
2850.90685 16.800 0.014
2852.83544 16.844 0.016
2854.84679 16.835 0.015
2857.85421 16.760 0.013
2858.92783 16.433 0.009
2860.89376 16.522 0.010
2861.76519 16.799 0.011
2862.88863 16.613 0.012
2865.81300 16.181 0.009
2866.89972 16.748 0.017
2867.80240 16.348 0.009
2868.80602 16.774 0.012
2869.79255 16.489 0.010
2870.83404 16.846 0.012
2871.87716 16.614 0.011
2872.83399 16.789 0.011
2875.82483 16.722 0.013
2876.79424 16.367 0.009
2879.72076 16.794 0.012
2883.84398 16.245 0.009
2885.77933 16.377 0.009
2890.71021 16.899 0.019
2893.76166 16.740 0.012
2895.81088 16.764 0.011
2897.71437 16.807 0.012
2899.75206 16.850 0.011
2903.76784 16.389 0.008
2906.72005 16.815 0.011
2908.69706 16.896 0.013
2910.69195 16.219 0.009
2912.69729 16.349 0.009
2916.71004 16.591 0.009
2918.68693 16.669 0.011
2922.68690 16.773 0.013
2924.62789 16.793 0.012
2926.62189 16.880 0.013
2929.68310 16.744 0.012
2931.65902 16.775 0.010
2933.66948 16.843 0.011
2935.63383 16.896 0.013
2937.65942 16.194 0.009
2939.67488 16.387 0.010
2940.65205 16.763 0.010
2941.62729 16.472 0.009
2942.65210 16.834 0.012
2943.62343 16.577 0.011
2944.60779 16.899 0.013
2946.56257 16.469 0.010
2946.60253 16.249 0.009
2947.63414 16.731 0.012
2949.61524 16.765 0.012
2950.56678 16.455 0.010
2951.64736 16.825 0.013
2953.59527 16.880 0.013
2955.58041 16.294 0.010
2957.59399 16.347 0.009
2960.60844 16.846 0.014
2962.64828 16.802 0.012
2965.65094 16.759 0.011
2968.61328 16.505 0.011
2970.63211 16.596 0.010
2972.63667 16.680 0.011
2975.54474 16.326 0.009
2977.64055 16.519 0.012
2979.58044 16.571 0.011
2983.56125 16.743 0.013
2986.57784 16.483 0.010
2988.54983 16.575 0.011
2991.57597 16.215 0.009
2994.56171 16.791 0.013
2997.57710 16.598 0.010
3000.56823 16.221 0.009
3003.55109 16.770 0.014
3006.53839 16.592 0.011
3009.53367 16.202 0.011
3013.53610 16.496 0.011
3015.57133 16.615 0.011
3018.54843 16.233 0.010
3020.58414 16.429 0.009
3022.53702 16.532 0.013
3024.53679 16.615 0.013
3025.59639 16.523 0.010
3027.62189 16.315 0.009
3029.59359 16.461 0.010
3031.59841 16.539 0.009
3034.52866 16.713 0.013
3037.54783 16.767 0.015
3183.92985 16.342 0.010
3193.89773 16.780 0.013
3196.86979 16.558 0.009
3197.93221 16.855 0.013
3202.85771 16.779 0.012
3203.89774 16.477 0.009
3206.83557 16.888 0.014
3210.91158 16.374 0.009
3211.86619 16.776 0.012
3215.80130 16.885 0.019
3217.79717 16.571 0.011
3223.85333 16.567 0.011
3228.77203 16.280 0.010
3229.85386 16.756 0.010
3231.83533 16.799 0.014
3238.77219 16.776 0.011
3239.81573 16.469 0.009
3240.80846 16.816 0.013
3241.79193 16.555 0.011
3242.73593 16.872 0.013
3243.86853 16.681 0.012
3244.84712 16.222 0.010
3245.79486 16.755 0.013
3246.78762 16.320 0.009
3247.79600 16.772 0.013
3249.74630 16.788 0.012
3251.75986 16.896 0.010
3254.74755 16.709 0.010
3259.68459 16.546 0.010
3261.72064 16.635 0.009
3263.71786 16.708 0.009
3265.73920 16.777 0.012
3267.72596 16.765 0.010
3269.82047 16.837 0.014
3270.67941 16.627 0.011
3271.68234 16.590 0.010
3273.64065 16.234 0.009
3275.62651 16.405 0.010
3276.72991 16.841 0.014
3277.76855 16.577 0.010
3279.70017 16.648 0.009
3281.65874 16.714 0.009
3283.66041 16.763 0.009
3287.62654 16.864 0.013
3289.64152 16.600 0.009
3293.61508 16.450 0.009
3295.63301 16.550 0.008
3298.57091 16.801 0.009
3300.57321 16.219 0.009
3302.55018 16.395 0.010
3305.65020 16.869 0.013
3307.56249 16.780 0.013
3309.58759 16.252 0.009
3311.53920 16.396 0.009
3314.58215 16.863 0.016
3320.61995 16.440 0.009
3323.56739 16.847 0.012
3327.57491 16.267 0.009
3330.57040 16.774 0.013
3335.61440 16.726 0.013
3338.56007 16.442 0.009
3350.53438 16.846 0.010
3353.59297 16.721 0.010
3359.57002 16.896 0.011
3363.57693 16.324 0.009
3367.63652 16.602 0.010
3372.56999 16.349 0.009
3376.54611 16.560 0.009
3380.53252 16.744 0.017
3386.57950 16.824 0.009
3395.52729 16.904 0.023
3398.57501 16.763 0.012
3402.57225 16.845 0.011
3543.88591 16.691 0.011
3551.90940 16.614 0.013
3554.94062 16.755 0.011
3561.94786 16.710 0.011
3564.92553 16.454 0.008
3568.87116 16.604 0.009
3570.83216 16.709 0.013
3571.82311 16.216 0.010
3573.86881 16.437 0.011
3575.82459 16.505 0.010
3577.88097 16.627 0.010
3578.91699 16.318 0.008
3579.82205 16.699 0.009
3581.89113 16.742 0.011
3582.84743 16.422 0.009
3583.85766 16.784 0.010
3585.87875 16.871 0.009
3586.83092 16.610 0.009
3588.84922 16.701 0.009
3590.80526 16.751 0.009
3592.77001 16.754 0.009
3594.80950 16.860 0.010
3597.84945 16.721 0.011
3600.88561 16.473 0.011
3602.74651 16.502 0.011
3607.83761 16.302 0.008
3617.79363 16.762 0.009
3619.77173 16.779 0.009
3621.76422 16.865 0.010
3628.79109 16.815 0.013
3630.64295 16.795 0.013
3632.64031 16.867 0.014
3634.71321 16.232 0.008
3637.67204 16.766 0.010
3639.72195 16.848 0.009
3641.71873 16.648 0.010
3643.81714 16.376 0.009
3644.75780 16.733 0.009
3646.68884 16.771 0.010
3650.71007 16.617 0.009
3652.64523 16.201 0.008
3654.61568 16.354 0.009
3656.64723 16.499 0.009
3657.70494 16.883 0.011
3658.67986 16.615 0.010
3659.66256 16.722 0.012
3661.61124 16.199 0.009
3663.63418 16.399 0.010
3665.66652 16.507 0.009
3668.61568 16.803 0.011
3670.56638 16.216 0.009
3672.60581 16.374 0.009
3674.63507 16.514 0.009
3676.59289 16.579 0.009
3682.58183 16.771 0.011
3684.57469 16.837 0.011
3686.56458 16.829 0.012
3688.53766 16.189 0.008
3690.54357 16.340 0.010
3692.59612 16.524 0.010
3694.58270 16.599 0.009
3696.57883 16.683 0.009
3698.61253 16.747 0.013
3700.62258 16.769 0.011
3702.61350 16.865 0.012
3704.61402 16.550 0.009
3706.62888 16.291 0.008
3708.61028 16.441 0.010
3712.56681 16.601 0.009
3714.56948 16.682 0.011
3718.55296 16.779 0.012
3721.58516 16.643 0.011
3725.61403 16.751 0.009
3730.53829 16.606 0.009
3734.60896 16.762 0.011
3738.56103 16.876 0.013
3742.55821 16.300 0.010
3747.55798 16.908 0.015
3751.56677 16.315 0.010
3762.54475 16.427 0.012
3766.55000 16.663 0.009
3772.57675 16.833 0.011
3777.52409 16.730 0.014
3871.89614 16.298 0.010
3902.91644 16.576 0.011
3907.91130 16.361 0.009
3913.93685 16.691 0.009
3918.90664 16.494 0.009
3931.93820 16.686 0.011
3934.87617 16.376 0.008
3936.88445 16.519 0.009
3938.86851 16.608 0.010
3945.87547 16.517 0.009
3950.82042 16.186 0.008
3957.77596 16.891 0.017
3959.76543 16.224 0.009
3961.75956 16.339 0.010
3964.76779 16.815 0.009
3966.76004 16.880 0.010
3968.75372 16.223 0.008
3970.74541 16.329 0.008
3973.71474 16.814 0.012
3975.72698 16.890 0.011
3980.66221 16.749 0.011
3981.66195 16.433 0.009
3982.72633 16.806 0.013
3986.69968 16.301 0.009
3991.72887 16.815 0.012
3994.64129 16.654 0.012
3998.67166 16.761 0.011
4001.64248 16.551 0.009
4003.61392 16.624 0.010
4004.69372 16.220 0.009
4005.68785 16.717 0.009
4007.58110 16.749 0.010
4008.59000 16.425 0.008
4011.64048 16.882 0.011
4014.62292 16.707 0.013
4016.61971 16.745 0.010
4018.61612 16.811 0.012
4020.61956 16.894 0.013
4023.60541 16.729 0.011
4025.60578 16.766 0.011
4027.59390 16.780 0.011
4029.57620 16.866 0.011
4031.56328 16.523 0.009
4033.65756 16.370 0.008
4040.53300 16.577 0.011
4042.56089 16.295 0.009
4044.58389 16.480 0.012
4046.61698 16.578 0.010
4049.52892 16.518 0.009
4051.57850 16.335 0.009
4053.62593 16.484 0.009
4055.51857 16.558 0.012
4057.59394 16.663 0.012
4059.59237 16.746 0.010
4063.53741 16.797 0.011
4065.58704 16.856 0.010
4067.58031 16.202 0.008
4069.53318 16.331 0.009
4071.54400 16.470 0.009
4074.54011 16.892 0.012
4077.54182 16.746 0.009
4079.54200 16.777 0.011
4082.54336 16.575 0.009
4085.62069 16.238 0.009
4092.57619 16.779 0.009
4097.61878 16.786 0.011
4100.61020 16.621 0.010
4105.57419 16.410 0.009
4111.61065 16.702 0.009
4115.53011 16.759 0.012
4120.56100 16.707 0.009
4124.57249 16.794 0.010
4128.59647 16.392 0.009
4252.94414 16.449 0.011
4255.86414 16.842 0.014
4268.92311 16.321 0.009
4275.93802 16.225 0.009
4279.83488 16.425 0.012
4282.82628 16.847 0.013
4283.84533 16.623 0.013
4284.87573 16.417 0.010
4285.94115 16.725 0.013
4292.88361 16.640 0.010
4295.87707 16.321 0.009
4296.90756 16.778 0.011
4297.93949 16.499 0.009
4299.87436 16.550 0.009
4300.89610 16.879 0.011
4301.91467 16.675 0.009
4302.93655 16.210 0.009
4306.93326 16.496 0.010
4307.84785 16.798 0.011
4308.67605 16.463 0.010
4308.88395 16.568 0.010
4310.85613 16.640 0.011
4311.85598 16.255 0.011
4312.91815 16.743 0.010
4314.93723 16.800 0.015
4316.84512 16.818 0.015
4320.87243 16.195 0.009
4326.85465 16.579 0.011
4327.83061 16.890 0.016
4328.84636 16.671 0.011
4329.84769 16.196 0.009
4330.87702 16.754 0.011
4332.89323 16.761 0.012
4334.87019 16.836 0.014
4338.92266 16.251 0.009
4340.79350 16.333 0.009
4341.78636 16.764 0.012
4342.86055 16.490 0.011
4343.77992 16.805 0.012
4344.76199 16.557 0.011
4346.71830 16.636 0.012
4348.72407 16.708 0.011
4350.70071 16.740 0.010
4352.80288 16.814 0.013
4353.65885 16.521 0.011
4354.78018 16.890 0.013
4357.76390 16.708 0.013
4359.71785 16.754 0.013
4362.66551 16.535 0.013
4363.62481 16.847 0.014
4365.68317 16.567 0.012
4369.67713 16.429 0.011
4371.66608 16.542 0.011
4376.66957 16.288 0.009
4378.63617 16.432 0.010
4379.66748 16.796 0.015
4381.62663 16.847 0.015
4382.70518 16.645 0.010
4386.67945 16.755 0.012
4388.68017 16.794 0.011
4390.68899 16.884 0.011
4393.68355 16.728 0.012
4396.65811 16.449 0.010
4398.66309 16.555 0.011
4400.68761 16.673 0.011
4404.66459 16.758 0.013
4407.65248 16.573 0.010
4410.68241 16.187 0.009
4415.66874 16.817 0.011
4418.61426 16.653 0.010
4421.67204 16.373 0.009
4423.67651 16.504 0.011
4426.55272 16.856 0.015
4428.56942 16.505 0.012
4430.62964 16.344 0.009
4432.61551 16.473 0.009
4434.62079 16.566 0.010
4436.59710 16.664 0.010
4438.65976 16.732 0.013
4440.59287 16.742 0.013
4442.55437 16.804 0.015
4444.57918 16.895 0.016
4450.61160 16.503 0.012
4452.58914 16.564 0.011
4454.52620 16.641 0.020
4455.59830 16.205 0.009
4457.53381 16.304 0.011
4459.55392 16.473 0.011
4462.58536 16.869 0.014
4466.60949 16.402 0.010
4471.54414 16.886 0.013
4475.53680 16.344 0.010
4480.57922 16.810 0.012
4482.58618 16.214 0.010
4485.58926 16.805 0.015
4488.59149 16.591 0.012
4609.91387 16.815 0.012
4643.89803 16.882 0.014
4650.93691 16.786 0.011
4655.91632 16.701 0.010
4662.79470 16.589 0.009
4662.91153 16.640 0.010
4663.76632 16.883 0.016
4663.91414 16.399 0.009
4665.83940 16.232 0.009
4665.93323 16.320 0.010
4666.92850 16.784 0.013
4666.93239 16.755 0.013
4670.92150 16.886 0.012
4671.89140 16.646 0.011
4673.87344 16.682 0.010
4674.80185 16.224 0.009
4674.86205 16.285 0.009
4676.92169 16.477 0.011
4677.83729 16.776 0.010
4682.81176 16.693 0.011
4684.84962 16.747 0.011
4686.80960 16.769 0.009
4688.82556 16.863 0.011
4690.75115 16.814 0.011
4691.75417 16.682 0.012
4693.90918 16.739 0.013
4696.88282 16.576 0.013
4697.82134 16.876 0.015
4698.77094 16.613 0.009
4699.76504 16.732 0.011
4700.79978 16.697 0.011
4701.80767 16.284 0.009
4703.76688 16.416 0.009
4704.78564 16.779 0.010
4705.79312 16.538 0.010
4707.78554 16.614 0.009
4709.74133 16.692 0.010
4710.76990 16.249 0.008
4715.74991 16.854 0.012
4716.77560 16.620 0.009
4717.70037 16.836 0.012
4719.78965 16.272 0.009
4721.78330 16.430 0.011
4724.66589 16.809 0.013
4725.74535 16.616 0.010
4728.75092 16.268 0.009
4733.72748 16.867 0.011
4740.66908 16.766 0.011
4741.70446 16.527 0.009
4747.60865 16.753 0.012
4749.60833 16.766 0.014
4753.67932 16.641 0.012
4755.67131 16.237 0.009
4757.65583 16.403 0.009
4759.67052 16.527 0.009
4761.63889 16.603 0.009
4763.65132 16.712 0.013
4767.59707 16.768 0.012
4770.66561 16.622 0.011
4772.60337 16.683 0.010
4774.55792 16.730 0.010
4776.54951 16.756 0.012
4777.65146 16.533 0.011
4780.52014 16.855 0.014
4781.61430 16.703 0.013
4783.58323 16.742 0.012
4785.61859 16.801 0.015
4789.54971 16.820 0.011
4791.53126 16.193 0.009
4793.53867 16.376 0.009
4795.55134 16.501 0.009
4797.54359 16.596 0.010
4798.60694 16.574 0.011
4800.65432 16.316 0.009
4803.54545 16.762 0.011
4804.60055 16.459 0.011
4805.58740 16.880 0.012
4807.52518 16.805 0.020
4809.55453 16.220 0.009
4811.57643 16.420 0.009
4813.55337 16.545 0.012
4815.58928 16.639 0.012
4816.53637 16.729 0.011
4818.58665 16.296 0.009
4820.52814 16.387 0.012
4822.58489 16.550 0.009
4824.56971 16.643 0.012
4826.61935 16.719 0.011
4833.56875 16.630 0.010
4835.59200 16.709 0.013
4837.60295 16.774 0.015
4841.57929 16.893 0.014
4843.57354 16.292 0.009
4846.58263 16.754 0.011
4848.61887 16.836 0.011
4850.60635 16.859 0.012
4854.59759 16.365 0.009
4856.61483 16.485 0.009
4862.56274 16.727 0.010
4868.55309 16.855 0.012
