2104.87278 17.220 0.014
2112.91310 17.098 0.013
2115.88914 17.136 0.015
2116.91702 17.004 0.014
2117.87540 17.228 0.015
2123.87100 17.019 0.014
2128.87091 17.114 0.019
2130.80969 17.223 0.015
2131.80271 17.151 0.016
2132.84744 17.022 0.016
2133.85849 17.168 0.018
2134.85306 17.190 0.019
2135.88740 17.067 0.013
2136.89375 17.000 0.017
2140.85651 17.235 0.020
2141.76669 17.132 0.019
2142.86349 16.983 0.014
2143.86408 17.220 0.016
2144.79191 17.136 0.013
2156.71706 17.217 0.018
2160.79627 17.196 0.016
2162.80662 17.087 0.014
2165.79408 16.990 0.014
2166.79744 17.186 0.014
2167.73069 17.100 0.014
2168.75525 16.986 0.014
2172.79356 17.206 0.015
2172.81303 17.216 0.014
2173.74958 17.146 0.014
2174.73333 17.016 0.011
2177.68143 17.014 0.013
2184.74276 16.996 0.017
2185.70619 17.232 0.020
2187.65102 17.005 0.019
2189.73264 17.151 0.021
2190.73273 17.065 0.015
2192.70142 17.181 0.012
2193.72234 17.092 0.012
2194.69344 17.002 0.013
2200.70785 17.020 0.014
2203.59609 17.030 0.015
2206.64580 17.066 0.016
2211.69781 17.231 0.016
2212.68442 17.126 0.015
2214.68442 17.226 0.024
2215.72044 17.186 0.019
2217.67959 17.099 0.016
2219.71656 17.097 0.016
2222.76587 17.205 0.020
2223.67096 16.968 0.015
2225.63517 17.139 0.014
2228.59688 17.152 0.015
2230.53499 17.248 0.018
2232.54798 17.034 0.013
2234.58999 17.184 0.014
2236.57925 16.992 0.013
2239.52677 17.001 0.016
2241.57156 17.142 0.016
2243.60994 17.189 0.016
2249.56609 16.997 0.012
2251.61618 17.114 0.014
2254.56495 17.172 0.018
2256.59116 17.222 0.018
2259.61205 17.069 0.013
2262.61853 16.999 0.016
2266.61040 17.245 0.019
2271.58533 17.063 0.015
2273.58457 17.196 0.019
2276.57923 17.187 0.018
2280.57316 17.140 0.017
2285.56912 17.133 0.013
2289.60500 17.216 0.015
2291.61024 16.996 0.013
2293.60656 17.143 0.015
2295.60327 17.201 0.016
2297.60784 17.045 0.014
2299.60249 17.203 0.017
2301.59402 17.009 0.018
2460.92727 17.082 0.022
2464.88465 16.959 0.013
2466.87816 17.145 0.019
2468.87241 17.219 0.016
2470.86334 17.023 0.013
2472.88343 17.177 0.013
2481.86891 17.211 0.022
2483.93030 17.058 0.013
2486.93111 17.096 0.019
2489.81187 17.059 0.013
2497.80833 17.204 0.016
2498.81563 17.166 0.016
2499.90067 17.065 0.014
2500.90908 16.985 0.014
2501.89560 17.194 0.015
2502.87587 17.092 0.015
2508.78646 17.124 0.026
2516.81882 16.994 0.015
2517.86582 17.201 0.017
2518.84009 17.123 0.016
2519.79137 16.962 0.012
2520.83355 17.220 0.018
2521.78414 17.153 0.015
2524.78705 17.172 0.018
2526.81901 17.089 0.012
2529.77755 17.003 0.012
2535.73716 16.992 0.015
2537.74363 17.169 0.020
2538.84413 17.052 0.017
2539.74006 17.193 0.016
2540.78432 17.207 0.018
2541.75210 17.068 0.014
2542.72173 17.071 0.014
2544.70339 17.087 0.014
2545.71523 16.973 0.012
2547.73337 17.128 0.014
2548.75299 16.987 0.014
2550.74811 17.159 0.016
2551.73528 17.022 0.014
2552.75066 17.173 0.014
2553.69144 17.166 0.018
2554.74379 17.041 0.013
2555.75177 17.039 0.014
2556.73099 17.200 0.015
2557.74333 17.090 0.013
2558.69987 16.979 0.013
2559.65678 17.202 0.016
2560.68991 17.102 0.013
2562.70812 17.221 0.016
2563.71614 17.172 0.015
2564.73253 17.029 0.016
2565.72798 17.218 0.018
2566.70696 17.184 0.016
2571.69468 17.011 0.014
2572.76270 17.216 0.019
2573.70082 17.098 0.017
2574.68056 16.965 0.012
2576.72503 17.155 0.015
2577.68326 17.023 0.015
2578.66833 17.208 0.017
2579.67847 17.172 0.017
2580.68676 17.056 0.014
2583.66298 17.086 0.017
2584.66529 17.015 0.014
2587.65004 16.975 0.014
2588.66191 17.209 0.016
2589.64091 17.126 0.015
2590.65788 16.994 0.013
2591.69067 17.204 0.016
2593.64746 17.044 0.016
2594.65399 17.173 0.018
2596.62665 17.060 0.017
2597.61549 17.067 0.018
2598.69423 17.212 0.019
2599.65474 17.116 0.019
2610.59208 17.119 0.018
2613.58361 17.007 0.019
2615.61918 17.132 0.016
2620.58958 17.216 0.020
2622.53734 17.028 0.015
2625.59074 17.080 0.022
2629.53101 16.957 0.016
2632.56907 16.987 0.013
2636.56551 17.135 0.017
2639.56478 17.007 0.014
2643.53775 17.190 0.018
2649.54282 17.168 0.016
2651.57940 17.096 0.020
2655.53632 16.993 0.021
2658.55271 16.975 0.019
2661.56527 17.034 0.013
2665.53227 17.082 0.019
2669.55840 17.214 0.018
2674.54252 17.039 0.016
2676.56335 17.192 0.015
2680.53305 17.101 0.020
2683.55759 17.122 0.022
2804.83551 17.103 0.021
2805.89192 17.002 0.021
2811.94494 17.092 0.020
2815.91877 16.963 0.014
2818.92663 17.011 0.013
2829.86539 17.224 0.018
2831.85794 16.987 0.015
2832.80890 17.237 0.017
2833.90749 17.147 0.019
2835.89624 17.143 0.016
2838.88017 17.057 0.018
2840.88536 17.078 0.015
2843.87133 17.124 0.013
2844.91266 17.007 0.015
2848.81933 17.203 0.022
2849.89738 17.186 0.016
2850.92892 17.085 0.016
2852.85755 17.196 0.021
2854.86890 16.969 0.015
2857.87620 16.999 0.015
2860.91585 17.034 0.013
2861.78757 17.209 0.015
2862.87367 17.201 0.017
2863.87556 17.077 0.020
2865.79800 17.148 0.021
2867.78749 17.013 0.014
2868.82811 17.231 0.016
2869.84910 17.125 0.016
2870.85619 16.977 0.013
2872.78030 17.138 0.013
2875.84742 17.192 0.016
2876.81638 17.049 0.014
2877.84585 17.079 0.014
2879.81061 17.083 0.012
2884.76068 17.202 0.014
2886.76644 17.012 0.015
2890.73240 17.205 0.023
2893.78394 17.034 0.014
2895.79479 17.106 0.013
2897.74236 17.227 0.018
2899.77466 16.984 0.011
2903.79339 17.156 0.012
2906.74215 17.075 0.012
2908.71917 17.085 0.013
2910.71401 17.224 0.016
2912.71929 16.975 0.012
2916.73261 17.192 0.013
2918.70967 17.043 0.015
2922.70921 16.987 0.015
2924.65004 17.083 0.013
2926.64415 17.193 0.017
2929.70557 17.208 0.016
2931.68145 17.022 0.013
2933.69364 17.197 0.012
2935.65654 17.047 0.015
2937.68167 17.129 0.017
2939.65987 17.200 0.016
2940.67415 17.148 0.013
2942.67742 17.234 0.018
2943.64617 17.175 0.016
2944.62992 17.042 0.017
2946.62850 17.192 0.016
2947.65651 17.077 0.015
2949.63736 17.178 0.016
2950.58885 17.064 0.014
2951.66977 16.960 0.014
2953.61756 17.113 0.015
2955.60257 17.225 0.020
2957.61621 17.010 0.012
2965.67312 17.203 0.015
2968.63567 17.218 0.018
2971.64343 17.183 0.016
2973.63196 17.057 0.015
2975.52874 17.178 0.016
2977.62439 16.964 0.017
2979.60467 17.118 0.019
2982.55927 17.136 0.017
2986.60059 17.052 0.014
2988.57306 17.171 0.014
2990.59186 17.007 0.014
2993.59390 16.982 0.013
2997.53768 17.210 0.017
3000.59788 17.117 0.014
3003.57340 16.996 0.015
3006.56301 16.966 0.012
3009.55637 17.018 0.016
3013.56299 17.171 0.015
3017.55747 17.218 0.017
3020.53257 17.207 0.018
3022.56005 17.026 0.017
3024.55923 17.161 0.016
3026.52929 17.169 0.021
3028.53017 17.069 0.024
3030.53328 17.198 0.017
3032.55128 16.981 0.016
3034.55079 17.116 0.013
3038.54163 17.045 0.019
3179.93291 16.981 0.012
3184.89677 17.185 0.017
3193.91979 17.228 0.015
3196.89180 17.230 0.014
3202.87973 17.018 0.013
3203.92421 17.193 0.009
3206.86711 17.191 0.015
3210.93357 17.183 0.013
3211.84970 17.012 0.013
3216.76937 17.175 0.021
3217.81927 17.106 0.020
3224.81619 17.013 0.012
3228.79409 17.163 0.016
3230.76760 17.068 0.012
3238.79866 17.242 0.016
3239.83779 17.176 0.015
3240.83493 17.064 0.017
3241.77686 17.168 0.014
3242.76756 17.228 0.017
3243.89071 17.113 0.016
3244.86939 16.977 0.016
3245.81688 17.196 0.016
3246.81371 17.118 0.014
3247.81794 17.001 0.014
3249.77143 17.136 0.017
3251.78400 17.209 0.013
3254.77009 17.184 0.012
3257.79715 17.020 0.011
3261.74310 17.185 0.013
3263.74001 16.965 0.010
3265.76541 17.170 0.014
3267.74811 17.181 0.012
3270.70182 17.127 0.015
3271.70449 17.194 0.016
3273.66301 17.056 0.018
3275.65777 17.058 0.018
3276.75182 16.986 0.019
3277.79073 17.225 0.016
3279.72224 17.013 0.013
3281.68804 17.148 0.012
3283.68244 17.142 0.010
3287.64873 17.196 0.013
3289.66354 16.956 0.010
3291.60191 17.143 0.013
3294.61846 17.156 0.013
3296.58483 17.210 0.016
3298.59269 17.024 0.011
3300.59530 17.183 0.017
3302.57629 16.996 0.014
3305.67230 16.989 0.013
3307.58885 17.137 0.018
3309.60959 17.216 0.014
3311.56513 17.053 0.014
3314.60417 17.105 0.016
3320.64208 17.145 0.013
3323.59447 17.148 0.014
3327.62256 17.083 0.014
3330.59381 17.104 0.015
3335.63846 17.221 0.020
3338.54531 17.161 0.016
3350.55663 17.014 0.012
3357.59373 16.975 0.012
3361.59313 17.201 0.015
3363.59944 17.048 0.017
3369.57641 17.107 0.012
3372.59240 17.130 0.012
3376.56842 17.035 0.014
3380.55479 17.035 0.014
3386.60162 16.997 0.011
3395.55362 17.056 0.018
3399.57748 17.018 0.017
3402.59437 17.039 0.013
3543.91056 16.972 0.013
3551.93133 17.195 0.016
3558.91508 17.140 0.013
3562.90585 17.034 0.011
3568.89740 17.116 0.013
3570.85525 17.218 0.020
3571.84551 17.110 0.019
3573.89089 17.204 0.021
3575.85071 17.030 0.012
3577.90728 17.202 0.015
3579.84815 17.087 0.011
3581.91708 17.108 0.013
3582.86949 16.985 0.011
3583.88856 17.221 0.015
3586.87885 17.226 0.011
3588.87699 17.050 0.015
3590.83561 17.158 0.012
3592.79589 17.169 0.011
3594.83667 17.098 0.012
3600.92574 17.106 0.015
3602.78455 17.254 0.022
3603.74877 17.129 0.014
3608.80538 17.001 0.011
3614.83722 17.019 0.011
3615.82293 17.229 0.014
3618.82163 17.131 0.013
3620.84809 17.096 0.011
3622.80213 17.178 0.016
3625.74806 17.212 0.013
3628.76964 17.229 0.017
3630.68510 16.980 0.015
3632.66225 17.210 0.021
3634.69275 17.155 0.013
3637.69802 16.992 0.013
3640.66314 16.952 0.010
3644.69886 17.217 0.012
3646.71636 17.039 0.013
3650.73213 16.992 0.011
3652.67357 17.113 0.011
3654.64937 17.194 0.013
3656.70259 17.020 0.013
3657.73073 17.215 0.014
3658.70427 17.190 0.016
3659.68862 17.046 0.016
3660.69431 17.122 0.015
3663.68506 17.007 0.014
3665.71333 17.115 0.015
3668.64193 17.131 0.014
3668.66445 17.147 0.012
3670.65307 17.233 0.016
3672.58577 16.993 0.015
3674.74507 17.176 0.012
3676.63138 16.889 0.011
3682.60803 16.963 0.014
3684.62532 17.151 0.012
3686.59103 17.227 0.015
3688.56401 17.030 0.013
3690.57769 17.189 0.016
3693.57483 17.187 0.016
3695.57043 16.932 0.011
3698.54603 16.982 0.015
3701.59457 17.042 0.013
3703.60518 17.178 0.012
3705.57742 17.004 0.010
3707.57783 17.099 0.013
3712.59284 17.191 0.014
3715.55106 17.179 0.014
3719.63001 17.202 0.016
3722.57698 17.202 0.016
3725.65703 17.187 0.017
3730.56022 17.057 0.011
3735.56288 17.207 0.014
3738.58403 17.244 0.017
3743.53825 17.027 0.014
3748.54216 17.197 0.021
3753.53982 17.046 0.017
3758.56175 17.195 0.017
3762.56833 17.165 0.018
3768.52831 17.192 0.021
3773.52516 16.994 0.021
3777.55111 17.227 0.016
3871.92152 17.013 0.016
3902.93837 17.189 0.018
3907.93335 16.946 0.014
3915.90919 17.181 0.013
3918.92845 17.209 0.014
3934.89808 17.219 0.014
3936.90631 16.980 0.012
3938.89051 17.156 0.013
3945.86027 17.084 0.012
3950.84208 17.218 0.012
3957.79771 17.256 0.023
3959.79616 17.025 0.014
3961.78236 17.103 0.015
3964.78950 17.119 0.011
3966.78173 17.238 0.012
3968.77528 17.034 0.012
3970.76690 17.172 0.011
3973.73625 17.208 0.014
3975.75118 16.968 0.011
3980.68371 17.111 0.017
3981.68356 16.996 0.011
3982.74788 17.183 0.018
3986.72505 17.209 0.015
3989.82210 17.256 0.018
3991.76331 16.959 0.013
3994.66429 16.989 0.014
4001.66398 17.054 0.011
4003.63573 17.071 0.011
4004.72425 16.975 0.011
4005.70952 17.241 0.012
4007.60275 16.969 0.012
4008.61176 17.197 0.011
4011.66218 17.198 0.014
4014.66012 17.119 0.017
4016.64139 17.089 0.013
4018.63771 17.210 0.014
4020.67043 17.004 0.012
4023.62713 16.983 0.013
4025.62746 17.180 0.014
4027.61560 17.105 0.013
4029.59787 17.079 0.013
4031.58484 17.213 0.014
4036.62023 17.014 0.011
4038.57454 17.166 0.014
4040.55452 17.190 0.017
4042.62387 17.109 0.014
4044.66650 17.199 0.022
4047.57481 17.204 0.015
4049.55058 16.967 0.011
4051.60010 17.164 0.014
4053.61107 17.107 0.011
4055.54030 17.104 0.018
4057.57941 17.188 0.017
4059.61393 16.987 0.012
4063.60532 17.212 0.013
4066.52022 17.211 0.017
4068.58757 17.077 0.012
4071.52869 17.087 0.017
4074.56395 17.131 0.015
4077.61667 17.217 0.019
4079.56374 17.195 0.014
4083.57125 17.208 0.018
4087.59314 17.133 0.014
4095.55705 17.051 0.012
4095.59407 16.983 0.011
4098.57612 16.997 0.013
4102.54824 17.189 0.016
4107.55242 17.083 0.014
4112.55283 17.202 0.015
4119.54241 17.222 0.016
4122.56869 17.184 0.017
4128.56885 17.261 0.015
4253.89212 17.212 0.025
4255.91072 17.001 0.017
4258.92789 16.983 0.018
4273.91420 17.155 0.021
4278.94066 17.119 0.018
4281.76511 17.199 0.019
4282.90497 17.207 0.017
4283.83167 17.101 0.018
4284.89613 16.970 0.016
4289.87056 17.148 0.018
4292.90383 17.195 0.014
4295.89775 17.195 0.015
4296.93199 17.089 0.012
4298.85103 17.204 0.016
4299.89453 17.130 0.012
4300.91636 16.991 0.012
4301.93521 17.208 0.014
4303.82590 17.010 0.014
4307.72291 17.237 0.016
4308.69670 17.176 0.018
4308.90456 17.200 0.015
4310.87664 16.976 0.015
4311.87811 17.178 0.023
4312.93839 17.173 0.015
4314.80706 17.246 0.019
4316.86676 17.024 0.014
4320.85045 17.103 0.014
4326.87482 16.983 0.015
4327.89789 17.251 0.021
4328.86795 17.164 0.018
4329.86776 17.008 0.015
4330.89858 17.201 0.016
4332.91480 17.074 0.015
4334.89174 17.198 0.022
4339.86279 16.977 0.015
4340.81506 17.197 0.017
4341.80789 17.145 0.017
4342.88217 17.021 0.015
4343.80148 17.199 0.017
4344.78365 17.166 0.015
4346.75987 17.202 0.016
4348.74561 17.051 0.015
4350.72237 17.192 0.014
4353.68052 17.218 0.019
4355.73907 16.980 0.015
4358.68245 17.001 0.015
4359.73968 17.181 0.015
4362.69004 17.170 0.020
4365.66400 17.100 0.020
4369.72079 17.222 0.020
4371.68775 16.998 0.016
4376.69113 17.192 0.016
4378.65780 17.060 0.015
4379.68909 17.215 0.021
4381.64828 16.999 0.018
4383.67678 17.120 0.014
4386.70138 17.183 0.016
4388.70170 17.165 0.016
4390.71063 17.064 0.014
4394.59821 17.024 0.014
4396.68161 17.132 0.016
4398.68474 17.227 0.020
4402.66979 17.175 0.016
4404.68626 17.031 0.019
4407.69476 16.960 0.013
4409.71034 17.170 0.017
4411.70548 17.208 0.015
4415.70933 17.207 0.021
4417.65933 17.069 0.013
4420.64577 16.985 0.015
4422.67778 17.128 0.016
4424.67484 17.220 0.017
4427.56061 17.217 0.018
4429.60371 17.068 0.020
4431.59083 17.191 0.019
4433.59674 17.012 0.015
4435.58507 17.100 0.014
4438.64516 17.169 0.017
4440.61464 17.196 0.016
4442.57612 17.070 0.018
4452.61103 17.007 0.014
4454.63125 17.204 0.018
4455.57332 17.032 0.015
4457.58224 17.178 0.020
4460.53664 17.185 0.017
4462.54299 16.988 0.017
4462.55188 16.974 0.017
4462.58085 16.965 0.015
4463.53161 17.222 0.024
4463.60018 17.214 0.017
4464.54673 17.140 0.016
4465.56494 16.993 0.014
4465.59827 17.000 0.014
4466.57068 17.231 0.018
4466.60503 17.224 0.017
4467.55904 17.149 0.018
4467.58298 17.166 0.018
4468.58457 17.045 0.014
4468.61945 17.031 0.014
4469.56751 17.188 0.016
4469.60469 17.144 0.014
4470.55149 17.177 0.017
4470.58241 17.165 0.017
4471.53990 17.040 0.015
4471.56751 17.050 0.015
4472.54427 17.052 0.014
4472.57332 17.019 0.012
4473.55546 17.192 0.018
4473.57804 17.189 0.020
4474.55712 17.116 0.018
4474.58438 17.107 0.019
4474.61956 17.116 0.017
4474.64329 17.128 0.016
4475.55319 16.962 0.014
4475.59625 16.976 0.014
4475.65981 16.965 0.017
4476.57049 17.203 0.016
4476.59802 17.210 0.015
4476.64499 17.231 0.015
4477.60317 17.130 0.016
4477.64902 17.195 0.018
4478.57335 16.990 0.015
4478.63692 17.035 0.018
4479.56648 17.209 0.018
4479.62302 17.234 0.021
4480.55113 17.168 0.016
4480.59811 17.154 0.016
4481.55542 17.035 0.016
4481.60650 17.041 0.016
4481.63189 17.065 0.017
4482.56351 17.144 0.019
4482.62793 17.124 0.020
4483.58917 17.196 0.019
4483.63367 17.197 0.019
4484.58793 17.063 0.018
4485.58466 17.027 0.018
4486.57294 17.229 0.022
4486.57701 17.237 0.023
4486.62667 17.218 0.024
4487.61434 17.066 0.022
4487.61830 17.131 0.023
4487.64162 17.130 0.024
4488.57799 16.963 0.020
4488.58216 16.945 0.019
4488.61576 16.965 0.019
4489.61478 17.218 0.026
4490.61543 17.144 0.019
4491.61392 17.015 0.017
4492.58016 17.237 0.019
4492.60596 17.237 0.018
4498.54290 17.097 0.019
4502.55681 17.204 0.017
4519.51844 17.152 0.020
4519.52433 17.141 0.018
4519.52808 17.165 0.020
4519.53169 17.168 0.019
4609.93554 17.000 0.020
4643.91962 17.202 0.017
4652.94373 17.261 0.020
4655.90180 17.174 0.015
4661.91561 16.951 0.014
4662.83919 17.202 0.013
4662.93706 17.210 0.013
4663.78790 17.109 0.021
4665.86106 17.203 0.019
4670.94296 17.068 0.017
4671.83944 17.131 0.015
4673.94149 17.122 0.021
4677.85883 16.973 0.012
4682.83322 17.167 0.017
4684.87125 17.051 0.014
4686.83118 17.064 0.012
4688.84741 17.194 0.014
4690.77276 16.976 0.012
4691.77606 17.232 0.017
4694.82237 17.179 0.021
4699.78772 17.086 0.014
4700.82161 17.019 0.013
4701.82929 17.202 0.016
4703.78851 16.975 0.013
4704.80720 17.218 0.014
4705.81480 17.132 0.017
4707.83221 17.221 0.014
4709.76302 17.025 0.012
4715.77158 17.141 0.016
4717.72617 17.209 0.015
4720.70507 17.231 0.016
4722.72029 17.009 0.013
4725.72547 17.055 0.015
4730.71605 17.207 0.013
4730.77879 17.205 0.012
4733.75099 17.207 0.014
4740.69352 17.205 0.014
4743.69026 17.210 0.014
4748.67901 16.970 0.013
4750.71187 17.176 0.018
4754.63743 17.047 0.017
4755.61317 17.130 0.015
4756.64702 17.202 0.016
4758.62723 17.007 0.012
4760.61389 17.130 0.014
4762.60368 17.227 0.017
4767.63932 17.066 0.014
4770.68757 17.111 0.018
4772.62495 17.214 0.016
4774.60045 16.966 0.013
4776.57224 17.139 0.017
4778.57359 17.228 0.015
4780.57085 17.044 0.015
4782.54374 17.201 0.017
4783.60535 17.049 0.016
4789.57147 17.168 0.014
4791.55302 17.221 0.016
4793.56040 16.998 0.015
4795.57328 17.170 0.013
4797.56545 17.074 0.017
4798.62869 17.219 0.016
4801.52992 17.220 0.014
4802.61738 17.139 0.015
4803.58930 17.005 0.012
4805.52429 17.140 0.022
4807.55105 17.243 0.019
4809.57623 17.057 0.014
4811.59810 17.156 0.018
4814.55597 17.223 0.016
4816.55810 16.969 0.012
4818.57208 17.149 0.015
4820.55011 17.163 0.017
4822.60684 17.076 0.013
4824.59168 17.208 0.016
4831.56332 17.164 0.016
4833.59116 17.179 0.014
4835.61391 17.101 0.015
4839.61694 16.982 0.016
4842.58359 17.000 0.018
4844.59410 17.207 0.017
4847.64829 17.197 0.026
4849.60826 17.002 0.013
4853.60555 17.227 0.017
4855.61876 17.008 0.017
4862.59258 17.007 0.013
4868.57477 16.987 0.014
4869.53688 17.241 0.020
