2088.91177 17.334 0.020
2090.87174 17.525 0.025
2103.92598 17.434 0.014
2104.94454 17.608 0.018
2106.84238 17.659 0.022
2113.90787 17.418 0.020
2116.82639 17.616 0.018
2117.92721 17.647 0.017
2123.77354 17.417 0.020
2124.79069 17.355 0.024
2128.78121 17.594 0.023
2129.81134 17.637 0.020
2130.77970 17.640 0.021
2131.90546 17.709 0.027
2132.76102 17.625 0.024
2134.76476 17.501 0.021
2135.79763 17.493 0.018
2136.81358 17.455 0.018
2137.76990 17.339 0.019
2140.75930 17.645 0.023
2142.81508 17.635 0.020
2143.77394 17.643 0.017
2144.90491 17.625 0.018
2155.83192 17.667 0.030
2156.78081 17.640 0.022
2160.68948 17.406 0.017
2162.71660 17.295 0.013
2166.70924 17.621 0.019
2172.70166 17.426 0.016
2173.68203 17.375 0.013
2174.78926 17.424 0.013
2184.65606 17.435 0.021
2185.62025 17.355 0.018
2186.64344 17.351 0.023
2187.75201 17.293 0.018
2190.64640 17.639 0.017
2191.73825 17.652 0.018
2192.62078 17.624 0.015
2193.63895 17.601 0.017
2194.61041 17.541 0.018
2195.67487 17.463 0.014
2200.76945 17.330 0.014
2201.62341 17.596 0.018
2203.65915 17.646 0.018
2204.61457 17.623 0.021
2208.65872 17.494 0.020
2211.59393 17.332 0.023
2212.59774 17.520 0.019
2213.60531 17.612 0.025
2214.59185 17.628 0.022
2215.60638 17.641 0.024
2217.59184 17.577 0.021
2222.60372 17.452 0.024
2224.66119 17.291 0.015
2226.59240 17.616 0.026
2228.51696 17.575 0.022
2229.52248 17.559 0.022
2231.52654 17.518 0.025
2233.52894 17.472 0.020
2235.51372 17.307 0.020
2237.53593 17.620 0.027
2256.55971 17.580 0.024
2263.53676 17.612 0.022
2289.54475 17.664 0.020
2300.55911 17.640 0.029
2440.93704 17.299 0.017
2458.90166 17.601 0.019
2465.88214 17.381 0.017
2467.85607 17.649 0.022
2469.85566 17.624 0.019
2471.86394 17.582 0.020
2473.84140 17.470 0.016
2483.81365 17.575 0.018
2486.82898 17.484 0.024
2489.87744 17.278 0.018
2492.85895 17.647 0.025
2495.84683 17.643 0.022
2496.85806 17.564 0.017
2497.88082 17.583 0.020
2498.88056 17.524 0.016
2499.81482 17.436 0.017
2500.81923 17.340 0.015
2501.80920 17.314 0.015
2502.78900 17.578 0.019
2503.80298 17.642 0.017
2511.81288 17.460 0.020
2516.84599 17.638 0.023
2517.77457 17.620 0.019
2518.74942 17.621 0.018
2520.74643 17.582 0.017
2526.73270 17.451 0.014
2534.79124 17.524 0.022
2535.88484 17.543 0.023
2539.65552 17.631 0.021
2541.66442 17.634 0.019
2542.64099 17.637 0.020
2544.61738 17.549 0.016
2545.63472 17.539 0.018
2547.65243 17.454 0.024
2548.66688 17.404 0.016
2550.66009 17.416 0.017
2551.64818 17.666 0.019
2552.65947 17.667 0.018
2554.65773 17.649 0.017
2555.66548 17.640 0.020
2556.64402 17.590 0.020
2557.65688 17.532 0.014
2558.61387 17.482 0.019
2559.56970 17.424 0.019
2560.60358 17.378 0.019
2561.62933 17.323 0.019
2562.62164 17.383 0.017
2563.62973 17.609 0.021
2564.64543 17.646 0.022
2565.63145 17.600 0.018
2566.61880 17.622 0.022
2568.61908 17.595 0.026
2571.60279 17.443 0.028
2572.71531 17.597 0.023
2573.60639 17.446 0.022
2574.59957 17.324 0.017
2575.60586 17.609 0.018
2578.57297 17.627 0.025
2579.59297 17.622 0.020
2580.58099 17.588 0.021
2583.57642 17.468 0.020
2584.58445 17.430 0.021
2586.71496 17.408 0.019
2587.56297 17.537 0.020
2588.74886 17.296 0.020
2589.54813 17.619 0.023
2590.56755 17.655 0.028
2591.56896 17.610 0.021
2593.55874 17.564 0.019
2594.56308 17.516 0.021
2596.53861 17.444 0.021
2597.52692 17.344 0.018
2598.57284 17.323 0.016
2599.55038 17.464 0.022
2606.62176 17.599 0.020
2614.59775 17.665 0.018
2630.53803 17.560 0.031
2635.53832 17.312 0.013
2638.55173 17.652 0.029
2641.53492 17.613 0.026
2650.54384 17.648 0.025
2656.57789 17.600 0.026
2659.56787 17.413 0.021
2664.54919 17.591 0.027
2675.53585 17.681 0.028
2681.54423 17.569 0.024
2777.85829 17.303 0.020
2804.93974 17.542 0.031
2809.92479 17.582 0.022
2813.90827 17.408 0.017
2816.94914 17.389 0.025
2829.93202 17.560 0.020
2831.73391 17.605 0.026
2831.93021 17.663 0.022
2833.73741 17.542 0.025
2837.82665 17.434 0.026
2839.83732 17.279 0.018
2841.86143 17.609 0.019
2843.93973 17.640 0.024
2845.82475 17.588 0.020
2850.84288 17.386 0.020
2858.86548 17.608 0.018
2862.77059 17.408 0.019
2863.78935 17.350 0.024
2877.75357 17.578 0.016
2883.78043 17.564 0.014
2885.71556 17.466 0.016
2888.76319 17.309 0.015
2892.74992 17.710 0.031
2899.74403 17.398 0.014
2902.70156 17.627 0.017
2907.70551 17.612 0.017
2915.66194 17.628 0.018
2927.66001 17.654 0.020
2937.59156 17.393 0.019
2940.58815 17.673 0.017
2941.60122 17.619 0.017
2943.59666 17.615 0.023
2945.58018 17.499 0.024
2947.55855 17.400 0.018
2952.60715 17.622 0.021
2954.63835 17.637 0.026
2955.57251 17.612 0.025
2957.58609 17.567 0.018
2977.56214 17.680 0.030
2979.53033 17.667 0.030
2990.55427 17.628 0.020
2993.57951 17.586 0.016
3002.56574 17.743 0.029
3011.54362 17.325 0.023
3019.54623 17.507 0.018
3033.53820 17.478 0.017
3035.57150 17.383 0.017
3133.90157 17.602 0.025
3174.94480 17.506 0.018
3182.92920 17.665 0.015
3197.87030 17.605 0.024
3199.90123 17.567 0.029
3204.86161 17.611 0.021
3206.92996 17.616 0.023
3210.84272 17.541 0.017
3218.79367 17.724 0.031
3223.78412 17.509 0.020
3226.77928 17.333 0.016
3229.78007 17.654 0.017
3230.83824 17.634 0.017
3242.66977 17.653 0.020
3244.78355 17.641 0.023
3245.72505 17.606 0.020
3246.72160 17.532 0.024
3247.71632 17.498 0.020
3248.72541 17.474 0.017
3250.76478 17.339 0.014
3253.72120 17.630 0.020
3257.73627 17.619 0.015
3259.65579 17.500 0.018
3261.68344 17.417 0.014
3263.67684 17.325 0.012
3265.71104 17.633 0.016
3267.69588 17.712 0.019
3269.77192 17.601 0.026
3270.73235 17.599 0.021
3271.61904 17.529 0.018
3272.66438 17.470 0.016
3274.65816 17.357 0.018
3276.65062 17.586 0.024
3277.65199 17.597 0.023
3278.70022 17.576 0.023
3280.64440 17.622 0.015
3282.63929 17.558 0.013
3286.60249 17.322 0.013
3288.62024 17.502 0.016
3292.59039 17.638 0.022
3294.60707 17.570 0.018
3296.57348 17.478 0.014
3297.55169 17.366 0.013
3299.60893 17.273 0.011
3301.58116 17.623 0.024
3303.64511 17.642 0.021
3306.57609 17.562 0.017
3308.56150 17.454 0.020
3310.56471 17.371 0.020
3312.56683 17.362 0.015
3320.54665 17.492 0.020
3321.55241 17.451 0.021
3324.54582 17.341 0.018
3329.53015 17.644 0.024
3378.54614 17.693 0.021
3385.54507 17.358 0.019
3389.54389 17.619 0.021
3397.55717 17.437 0.024
3400.54394 17.589 0.025
3544.92033 17.622 0.019
3560.92309 17.587 0.015
3564.83207 17.347 0.015
3570.68686 17.603 0.028
3572.85480 17.626 0.024
3574.81614 17.451 0.018
3576.80386 17.358 0.015
3578.83884 17.443 0.013
3580.80979 17.590 0.020
3582.74541 17.618 0.016
3583.78596 17.589 0.018
3585.80971 17.545 0.012
3589.78144 17.271 0.013
3591.78728 17.613 0.015
3594.78310 17.654 0.015
3597.82005 17.536 0.018
3601.74669 17.299 0.013
3603.82232 17.450 0.014
3608.75947 17.614 0.013
3615.77263 17.507 0.013
3618.77242 17.640 0.015
3620.80676 17.656 0.014
3622.75091 17.556 0.016
3626.65262 17.428 0.016
3629.72840 17.660 0.022
3631.68476 17.580 0.024
3633.63136 17.495 0.023
3636.72193 17.431 0.016
3638.69661 17.324 0.012
3641.63605 17.698 0.018
3643.66899 17.608 0.021
3646.59512 17.524 0.020
3648.60509 17.398 0.016
3651.67367 17.379 0.012
3653.63996 17.609 0.017
3655.63539 17.604 0.019
3657.57203 17.572 0.021
3659.58743 17.421 0.024
3660.60612 17.414 0.018
3662.65267 17.362 0.024
3664.62161 17.628 0.014
3666.61993 17.643 0.016
3669.61888 17.606 0.019
3671.55994 17.494 0.020
3673.61176 17.403 0.019
3675.60650 17.326 0.012
3681.55340 17.561 0.023
3683.58379 17.518 0.016
3685.58042 17.413 0.015
3687.58290 17.320 0.015
3689.53868 17.623 0.017
3691.55568 17.670 0.021
3693.54384 17.640 0.022
3695.64337 17.572 0.016
3697.64383 17.478 0.021
3699.56455 17.278 0.014
3701.52240 17.647 0.023
3703.54156 17.654 0.022
3705.54721 17.600 0.014
3707.53297 17.566 0.020
3711.52641 17.281 0.019
3713.52834 17.644 0.020
3716.55842 17.686 0.030
3720.54682 17.555 0.024
3722.53242 17.399 0.022
3725.54119 17.498 0.015
3727.53558 17.661 0.020
3732.55667 17.537 0.017
3736.54731 17.337 0.017
3741.53786 17.633 0.025
3747.53864 17.429 0.023
3752.53638 17.630 0.024
3758.53929 17.520 0.022
3763.52847 17.637 0.022
3771.52452 17.477 0.027
3775.52999 17.572 0.023
3779.54456 17.673 0.031
3870.86587 17.623 0.029
3900.91531 17.510 0.016
3904.92888 17.354 0.013
3909.94792 17.656 0.020
3917.89810 17.613 0.016
3920.94511 17.673 0.016
3931.84826 17.685 0.021
3933.87888 17.610 0.014
3935.87521 17.603 0.015
3937.83191 17.470 0.019
3944.83217 17.684 0.018
3946.81412 17.610 0.014
3951.83704 17.410 0.013
3955.79812 17.615 0.027
3958.77970 17.625 0.019
3960.78012 17.563 0.015
3963.77685 17.365 0.015
3965.76867 17.403 0.011
3967.75875 17.642 0.013
3969.75255 17.662 0.014
3971.72954 17.559 0.013
3974.73212 17.460 0.014
3976.75815 17.339 0.012
3980.56741 17.636 0.024
3981.58701 17.572 0.017
3983.85583 17.659 0.020
3987.72666 17.373 0.015
3990.72401 17.555 0.015
3993.66965 17.663 0.021
3995.68667 17.590 0.014
3999.69702 17.405 0.012
4002.67477 17.504 0.013
4004.62635 17.634 0.018
4006.64608 17.629 0.014
4007.64548 17.597 0.016
4008.52469 17.512 0.015
4009.63389 17.502 0.018
4013.61274 17.373 0.019
4015.62523 17.653 0.027
4017.64717 17.587 0.015
4019.63683 17.603 0.017
4021.63007 17.526 0.014
4024.60177 17.347 0.012
4026.58232 17.573 0.017
4028.57820 17.649 0.017
4030.58413 17.589 0.015
4032.60990 17.588 0.019
4037.55191 17.319 0.018
4039.55717 17.625 0.017
4041.54922 17.609 0.023
4043.54093 17.576 0.025
4045.60723 17.532 0.020
4047.53519 17.422 0.018
4048.51768 17.361 0.017
4050.51608 17.552 0.018
4052.51148 17.620 0.021
4054.51874 17.620 0.021
4058.52212 17.412 0.020
4065.55195 17.624 0.016
4067.54860 17.633 0.020
4070.52084 17.551 0.024
4072.54775 17.482 0.021
4075.56439 17.352 0.018
4078.55488 17.640 0.018
4080.56671 17.610 0.017
4083.58891 17.508 0.021
4087.54892 17.290 0.014
4093.56623 17.622 0.017
4099.56090 17.318 0.015
4102.56680 17.605 0.022
4111.54316 17.314 0.013
4132.53214 17.548 0.030
4252.85735 17.359 0.025
4255.78321 17.675 0.032
4258.94514 17.685 0.035
4272.93175 17.587 0.029
4278.90299 17.332 0.015
4279.85554 17.455 0.023
4282.75806 17.634 0.024
4282.92228 17.637 0.020
4283.91326 17.646 0.025
4285.87263 17.569 0.018
4289.92905 17.438 0.018
4293.85372 17.624 0.018
4296.84542 17.624 0.016
4297.87805 17.610 0.018
4298.90992 17.603 0.019
4300.83426 17.461 0.015
4301.85251 17.448 0.012
4302.86863 17.359 0.016
4303.88589 17.327 0.016
4307.83263 17.644 0.016
4307.92320 17.684 0.016
4308.61368 17.542 0.020
4309.84280 17.608 0.018
4310.79210 17.575 0.021
4311.78042 17.505 0.025
4312.85358 17.507 0.017
4314.87372 17.427 0.021
4316.77629 17.577 0.025
4326.78664 17.387 0.016
4327.76570 17.276 0.017
4328.78151 17.424 0.023
4328.92569 17.350 0.019
4330.82650 17.665 0.020
4334.85446 17.635 0.020
4339.92421 17.432 0.021
4340.85500 17.334 0.018
4341.71813 17.626 0.023
4342.74245 17.659 0.023
4343.71156 17.635 0.016
4344.71146 17.629 0.019
4345.73938 17.633 0.023
4347.72851 17.560 0.014
4349.72014 17.469 0.014
4351.67789 17.305 0.014
4354.70900 17.622 0.018
4356.71855 17.648 0.019
4358.74105 17.639 0.023
4363.55066 17.436 0.022
4367.63458 17.675 0.025
4371.65046 17.562 0.021
4377.68300 17.460 0.016
4379.59562 17.634 0.025
4380.68855 17.663 0.018
4381.70609 17.670 0.021
4384.67293 17.575 0.019
4387.68089 17.396 0.013
4390.62074 17.625 0.020
4392.64494 17.639 0.016
4395.60559 17.559 0.017
4397.66675 17.537 0.020
4399.70073 17.456 0.024
4403.60520 17.648 0.019
4406.66400 17.659 0.027
4408.60856 17.541 0.017
4411.62101 17.412 0.017
4416.63533 17.671 0.018
4419.57304 17.611 0.022
4421.57909 17.515 0.018
4424.63591 17.408 0.017
4426.59690 17.419 0.020
4428.53611 17.682 0.028
4430.57456 17.636 0.021
4432.58255 17.578 0.019
4434.58750 17.510 0.016
4436.55273 17.399 0.018
4438.58559 17.368 0.016
4440.54462 17.657 0.025
4442.53931 17.662 0.025
4448.58657 17.462 0.021
4450.57499 17.299 0.019
4453.52948 17.673 0.029
4456.53229 17.599 0.030
4463.54346 17.449 0.019
4474.58861 17.389 0.024
4476.63012 17.337 0.014
4478.53956 17.647 0.022
4480.55836 17.643 0.022
4482.57085 17.569 0.029
4486.55373 17.398 0.022
4490.58216 17.630 0.022
4609.84050 17.580 0.021
4628.93507 17.378 0.015
4638.90471 17.524 0.018
4644.93920 17.644 0.018
4652.88029 17.415 0.017
4656.88833 17.608 0.021
4662.74448 17.446 0.019
4663.69051 17.358 0.017
4664.71078 17.350 0.020
4665.77125 17.319 0.020
4666.83953 17.372 0.020
4670.85333 17.619 0.025
4671.85754 17.641 0.021
4672.82760 17.596 0.018
4675.83402 17.466 0.015
4681.82488 17.647 0.015
4683.78504 17.621 0.018
4684.83458 17.587 0.016
4685.80622 17.594 0.019
4687.81773 17.471 0.013
4689.71496 17.318 0.015
4690.68265 17.536 0.018
4691.68512 17.631 0.024
4693.84065 17.629 0.020
4696.76245 17.624 0.027
4698.70250 17.522 0.017
4700.73384 17.426 0.015
4701.68823 17.333 0.014
4703.69840 17.581 0.020
4704.71731 17.657 0.017
4705.68012 17.691 0.020
4708.78545 17.617 0.015
4710.69836 17.523 0.013
4716.70217 17.628 0.017
4719.69459 17.690 0.025
4721.70163 17.581 0.021
4725.67047 17.394 0.017
4728.69049 17.608 0.018
4731.68887 17.665 0.018
4734.67508 17.561 0.017
4743.65066 17.623 0.017
4748.64267 17.487 0.015
4750.64427 17.361 0.017
4754.60121 17.670 0.022
4756.61049 17.628 0.021
4758.59094 17.556 0.017
4760.57772 17.464 0.016
4762.55400 17.359 0.015
4766.55061 17.649 0.025
4768.68180 17.667 0.019
4771.63349 17.534 0.016
4773.58399 17.455 0.015
4775.60853 17.313 0.016
4776.62778 17.319 0.022
4778.63820 17.678 0.019
4781.53099 17.627 0.021
4782.60130 17.605 0.026
4785.54538 17.424 0.020
4786.58521 17.433 0.020
4788.55962 17.339 0.015
4790.54168 17.653 0.017
4792.51745 17.655 0.020
4794.52115 17.637 0.021
4796.57052 17.493 0.015
4798.53705 17.389 0.019
4800.53099 17.329 0.019
4802.55913 17.641 0.019
4804.52590 17.639 0.027
4806.56757 17.661 0.024
4808.59746 17.584 0.021
4810.52775 17.478 0.025
4812.54759 17.325 0.023
4814.53726 17.668 0.026
4817.53676 17.616 0.019
4819.53067 17.612 0.027
4821.58692 17.534 0.016
4823.55683 17.414 0.016
4825.57713 17.330 0.017
4832.53376 17.609 0.032
4834.56074 17.504 0.022
4836.56870 17.384 0.020
4838.54142 17.393 0.021
4842.54653 17.651 0.028
4844.54724 17.647 0.021
4847.60224 17.538 0.022
4849.55309 17.354 0.018
4853.55061 17.674 0.022
4854.55391 17.636 0.020
4859.59204 17.513 0.019
