2104.88015 13.719 0.005
2112.92050 13.971 0.005
2115.89654 13.669 0.005
2116.92441 13.763 0.005
2117.88280 13.788 0.005
2123.87839 13.991 0.005
2128.87832 13.782 0.005
2130.81712 13.879 0.005
2131.81013 13.972 0.005
2132.85489 14.073 0.005
2133.86739 14.130 0.005
2134.86050 14.035 0.005
2135.89742 13.960 0.005
2136.90121 13.917 0.005
2140.86393 13.804 0.005
2141.77415 13.848 0.005
2142.87404 13.924 0.005
2143.88310 14.044 0.005
2144.79872 14.102 0.005
2156.72451 14.129 0.005
2160.80374 13.666 0.005
2162.81406 13.775 0.005
2166.80491 14.041 0.005
2167.73814 14.110 0.005
2168.76273 14.079 0.005
2172.80103 13.644 0.005
2173.75706 13.757 0.005
2174.74079 13.782 0.005
2177.68892 13.990 0.005
2184.75021 13.729 0.005
2186.73851 13.819 0.005
2187.65851 13.877 0.005
2189.74013 14.069 0.005
2190.74023 14.114 0.005
2191.64436 14.077 0.005
2192.70825 13.972 0.005
2193.73545 13.923 0.005
2194.70029 13.767 0.005
2200.71467 14.006 0.005
2203.60292 14.005 0.005
2206.65263 13.649 0.005
2208.69672 13.771 0.005
2211.70464 13.964 0.005
2212.69125 14.063 0.005
2214.69127 14.038 0.005
2215.72725 13.956 0.005
2217.68642 13.715 0.005
2219.72340 13.773 0.005
2222.77270 13.947 0.005
2223.67776 14.026 0.005
2228.60369 13.857 0.005
2230.54177 13.749 0.005
2232.55478 13.810 0.005
2234.59680 13.971 0.005
2236.58602 14.114 0.005
2239.53357 13.909 0.005
2241.57835 13.689 0.005
2243.61670 13.800 0.005
2249.57288 13.984 0.005
2251.62684 13.807 0.005
2254.58061 13.791 0.005
2256.59795 13.901 0.005
2259.61878 14.129 0.005
2262.62526 13.895 0.005
2266.61713 13.811 0.005
2271.59206 14.059 0.005
2273.59129 13.918 0.005
2276.58597 13.763 0.005
2280.57988 14.010 0.005
2285.57584 13.872 0.005
2289.61168 13.833 0.005
2291.61693 13.981 0.005
2293.61336 14.131 0.005
2295.61006 13.962 0.005
2297.61462 13.688 0.005
2299.60926 13.766 0.005
2301.60080 13.862 0.005
2453.88795 14.103 0.005
2460.93465 13.836 0.005
2464.89199 14.122 0.005
2466.88549 13.952 0.005
2468.87974 13.663 0.005
2470.87073 13.774 0.005
2472.89082 13.867 0.005
2481.87633 13.769 0.005
2483.93777 13.843 0.005
2486.93850 14.108 0.005
2489.82052 13.946 0.005
2490.81676 13.901 0.005
2496.80048 13.959 0.005
2497.82277 14.060 0.005
2498.82307 14.122 0.005
2499.90810 14.044 0.005
2500.91648 13.973 0.005
2501.91118 13.916 0.005
2502.88328 13.731 0.005
2508.79388 14.007 0.005
2516.82627 13.780 0.005
2517.87328 13.824 0.005
2518.84754 13.881 0.005
2519.79884 13.971 0.005
2520.84100 14.073 0.005
2521.79160 14.121 0.005
2524.79451 13.912 0.005
2526.82647 13.694 0.005
2529.78500 13.854 0.005
2535.74461 13.919 0.005
2537.75111 13.636 0.005
2538.85159 13.765 0.005
2539.74700 13.788 0.005
2540.79179 13.839 0.005
2541.75901 13.894 0.005
2542.72867 13.979 0.005
2544.71085 14.122 0.005
2545.72215 14.018 0.005
2547.74029 13.902 0.005
2548.76046 13.666 0.005
2550.75560 13.765 0.005
2551.74273 13.813 0.005
2552.75810 13.863 0.005
2553.69890 13.953 0.005
2554.75125 14.054 0.005
2555.75922 14.122 0.005
2556.73845 14.077 0.005
2557.75078 13.983 0.005
2558.70733 13.915 0.005
2559.66429 13.803 0.005
2560.69739 13.640 0.005
2561.74295 13.774 0.005
2562.71559 13.791 0.005
2563.72363 13.837 0.005
2564.74001 13.910 0.005
2565.73491 14.001 0.005
2566.71390 14.094 0.005
2571.70216 13.644 0.005
2572.76963 13.747 0.005
2573.70779 13.777 0.005
2574.68749 13.808 0.005
2576.73195 13.961 0.005
2577.69019 14.061 0.005
2578.67524 14.128 0.005
2579.68541 14.052 0.005
2580.69368 13.979 0.005
2583.66992 13.661 0.005
2584.67222 13.769 0.005
2587.65751 13.925 0.005
2588.66941 14.018 0.005
2589.66249 14.106 0.005
2590.67036 14.117 0.005
2591.69812 13.998 0.005
2593.65493 13.870 0.005
2594.66146 13.641 0.005
2596.63413 13.783 0.005
2597.62298 13.818 0.005
2598.70168 13.888 0.005
2599.66221 13.970 0.005
2608.56289 13.805 0.005
2610.59948 13.924 0.005
2613.59088 14.122 0.005
2615.62649 13.930 0.005
2620.59687 13.821 0.005
2622.54465 13.977 0.005
2625.59803 14.019 0.005
2629.53785 13.700 0.005
2632.57591 13.865 0.005
2636.57235 14.089 0.005
2639.57162 13.800 0.005
2643.54459 13.834 0.005
2649.55003 13.943 0.005
2651.58786 13.653 0.005
2655.54767 13.871 0.005
2658.55950 14.143 0.005
2661.57617 13.926 0.005
2665.53905 13.798 0.005
2669.56520 14.111 0.005
2674.54997 13.649 0.005
2676.57011 13.787 0.005
2677.53331 13.833 0.005
2680.54056 14.083 0.005
2683.56478 13.963 0.005
2804.84270 13.955 0.005
2805.89912 14.067 0.005
2811.95213 13.673 0.005
2815.92597 13.925 0.005
2818.93855 14.102 0.005
2829.87262 14.118 0.005
2831.86515 13.965 0.005
2832.81614 13.919 0.005
2833.91475 13.690 0.005
2835.90349 13.771 0.005
2837.90922 13.859 0.005
2840.89262 14.104 0.005
2843.87863 13.927 0.005
2844.91992 13.809 0.005
2848.82660 13.836 0.005
2849.90464 13.902 0.005
2850.93618 14.000 0.005
2852.86483 14.123 0.005
2854.87617 13.946 0.005
2857.88348 13.732 0.005
2859.87077 13.811 0.005
2860.92313 13.872 0.005
2861.79488 13.934 0.005
2862.88097 14.050 0.005
2863.88287 14.118 0.005
2865.80530 13.980 0.005
2867.79478 13.782 0.005
2868.83541 13.658 0.005
2869.85601 13.772 0.005
2870.86351 13.787 0.005
2872.78757 13.908 0.005
2875.85476 14.111 0.005
2876.88074 14.000 0.005
2877.85314 13.931 0.005
2879.81793 13.628 0.005
2884.76798 13.962 0.005
2886.78076 14.125 0.005
2890.73969 13.752 0.005
2893.79129 13.797 0.005
2895.80215 13.921 0.005
2897.74972 14.105 0.005
2899.78203 13.984 0.005
2903.80074 13.756 0.005
2906.74949 13.886 0.005
2908.72650 14.067 0.005
2910.72139 14.028 0.005
2912.72731 13.916 0.005
2916.73996 13.803 0.005
2918.71701 13.932 0.005
2922.71660 13.995 0.005
2924.71588 13.818 0.005
2926.65153 13.764 0.005
2929.71289 13.899 0.005
2931.68882 14.089 0.005
2933.70097 13.995 0.005
2935.66390 13.910 0.005
2937.68902 13.728 0.005
2939.66722 13.812 0.005
2940.68149 13.864 0.005
2941.65720 13.937 0.005
2942.68480 14.048 0.005
2943.65353 14.109 0.005
2944.63726 14.081 0.005
2946.63586 13.922 0.005
2947.66383 13.787 0.005
2949.64469 13.762 0.005
2950.59619 13.790 0.005
2951.67708 13.842 0.005
2953.62491 13.996 0.005
2955.60987 14.120 0.005
2957.62355 13.944 0.005
2965.68043 14.069 0.005
2968.64295 13.970 0.005
2971.65073 13.675 0.005
2973.63924 13.792 0.005
2975.53604 13.913 0.005
2977.63169 14.110 0.005
2979.61197 13.995 0.005
2982.56656 13.631 0.005
2986.60784 13.889 0.005
2988.58030 14.067 0.005
2990.59915 14.031 0.005
2993.60193 13.697 0.005
2997.54793 13.855 0.005
3000.60514 14.123 0.005
3003.58064 13.929 0.005
3006.57024 13.766 0.005
3009.56358 13.899 0.005
3013.57023 14.012 0.005
3017.56465 13.729 0.005
3020.53981 13.865 0.005
3022.56724 14.051 0.005
3024.56644 14.069 0.005
3026.53648 13.918 0.005
3028.53739 13.656 0.005
3030.54048 13.799 0.005
3032.55843 13.912 0.005
3034.55795 14.091 0.005
3038.54878 13.881 0.005
3179.94009 13.837 0.005
3184.90394 13.996 0.005
3193.92701 14.062 0.005
3196.89901 13.965 0.005
3202.89156 13.845 0.005
3203.93144 13.929 0.005
3206.87433 14.103 0.005
3210.94082 13.623 0.005
3211.85695 13.758 0.005
3216.77663 14.066 0.005
3217.82652 14.123 0.005
3224.82348 13.805 0.005
3228.80135 14.115 0.005
3230.77484 13.991 0.005
3238.80595 13.993 0.005
3239.84507 14.082 0.005
3240.84224 14.135 0.005
3241.78420 14.005 0.005
3242.77484 13.953 0.005
3243.89800 13.892 0.005
3244.87669 13.654 0.005
3245.82419 13.724 0.005
3246.82106 13.788 0.005
3247.82528 13.816 0.005
3249.77873 13.946 0.005
3251.79130 14.113 0.005
3254.77742 13.921 0.005
3257.80449 13.761 0.005
3261.75039 14.006 0.005
3263.74738 14.107 0.005
3265.77500 13.935 0.005
3267.75544 13.638 0.005
3270.70913 13.818 0.005
3271.71183 13.886 0.005
3273.67034 14.066 0.005
3275.66513 14.062 0.005
3276.75916 13.971 0.005
3277.79803 13.921 0.005
3279.72955 13.684 0.005
3281.69535 13.801 0.005
3283.68978 13.922 0.005
3287.65607 13.994 0.005
3289.67090 13.857 0.005
3291.60927 13.744 0.005
3294.62585 13.878 0.005
3296.59218 14.061 0.005
3300.60260 13.914 0.005
3302.58362 13.695 0.005
3305.67963 13.857 0.005
3307.59618 14.029 0.005
3309.61692 14.093 0.005
3311.57244 13.926 0.005
3314.61610 13.759 0.005
3320.64939 14.110 0.005
3323.60180 13.898 0.005
3327.62986 13.812 0.005
3330.60116 14.052 0.005
3335.64575 13.773 0.005
3338.55259 13.795 0.005
3350.56392 13.813 0.005
3357.60213 13.916 0.005
3361.60041 13.797 0.005
3363.60672 13.933 0.005
3369.58365 13.845 0.005
3372.59961 13.780 0.005
3376.57564 14.077 0.005
3380.56197 13.912 0.005
3386.60882 13.937 0.005
3395.56081 13.783 0.005
3399.58462 14.088 0.005
3402.60155 13.944 0.005
3543.91768 13.786 0.005
3551.94034 13.886 0.005
3558.92226 14.065 0.005
3562.91301 13.929 0.005
3568.90457 13.920 0.005
3570.86619 14.106 0.005
3571.85269 14.113 0.005
3573.89807 13.936 0.005
3575.85790 13.632 0.005
3577.91446 13.786 0.005
3579.85536 13.889 0.005
3581.92430 14.075 0.005
3582.87668 14.122 0.005
3583.89577 14.016 0.005
3585.85657 13.912 0.005
3586.88604 13.695 0.005
3588.88421 13.774 0.005
3590.84281 13.854 0.005
3592.80312 14.024 0.005
3594.84391 14.087 0.005
3600.93294 13.787 0.005
3603.75602 13.975 0.005
3608.81265 13.906 0.005
3614.84444 13.944 0.005
3615.84927 14.050 0.005
3618.82891 13.987 0.005
3620.85538 13.775 0.005
3622.80940 13.765 0.005
3625.75535 13.909 0.005
3628.77691 14.119 0.005
3630.69236 13.941 0.005
3632.66953 13.673 0.005
3634.70451 13.775 0.005
3637.70529 13.951 0.005
3640.67160 14.065 0.005
3644.70610 13.667 0.005
3646.72366 13.800 0.005
3650.73940 14.098 0.005
3652.68087 13.997 0.005
3654.65664 13.859 0.005
3656.70987 13.749 0.005
3657.73801 13.776 0.005
3658.71155 13.825 0.005
3659.69593 13.885 0.005
3660.70158 13.972 0.005
3663.69235 14.039 0.005
3665.72062 13.919 0.005
3668.64917 13.777 0.005
3668.67173 13.775 0.005
3670.66036 13.852 0.005
3672.59307 14.017 0.005
3674.75237 14.094 0.005
3676.63864 13.937 0.005
3682.61528 13.887 0.005
3684.63261 14.074 0.005
3686.59829 14.021 0.005
3688.57126 13.908 0.005
3690.58498 13.708 0.005
3693.58210 13.852 0.005
3695.57768 14.035 0.005
3698.55910 14.000 0.005
3701.60180 13.639 0.005
3703.61243 13.786 0.005
3705.58462 13.890 0.005
3707.58509 14.084 0.005
3712.60004 13.653 0.005
3715.55827 13.806 0.005
3719.63723 14.120 0.005
3722.58415 13.918 0.005
3725.66423 13.772 0.005
3730.56743 14.095 0.005
3735.57007 13.630 0.005
3739.56976 13.883 0.005
3743.54543 14.045 0.005
3748.54931 13.779 0.005
3753.54697 14.113 0.005
3758.56888 13.638 0.005
3762.57544 13.900 0.005
3768.53542 13.909 0.005
3773.53226 13.868 0.005
3777.55821 14.066 0.005
3871.92860 13.745 0.005
3902.94547 14.092 0.005
3907.94047 13.764 0.005
3915.91631 13.948 0.005
3918.93557 13.732 0.005
3933.82326 13.917 0.005
3934.90525 14.009 0.005
3936.91349 14.110 0.005
3938.89769 13.931 0.005
3945.86747 13.959 0.005
3950.84919 13.927 0.005
3957.80483 14.031 0.005
3959.80331 14.108 0.005
3961.78949 13.936 0.005
3964.79665 13.760 0.005
3966.78887 13.824 0.005
3968.78241 13.973 0.005
3970.77404 14.119 0.005
3973.74502 13.924 0.005
3975.75834 13.692 0.005
3980.69083 14.026 0.005
3981.69072 14.109 0.005
3982.75504 14.093 0.005
3986.73222 13.633 0.005
3989.82929 13.836 0.005
3991.77048 13.991 0.005
3994.67152 14.016 0.005
4001.67118 13.863 0.005
4003.64289 14.033 0.005
4004.73144 14.113 0.005
4005.71671 14.078 0.005
4007.60991 13.928 0.005
4008.61896 13.813 0.005
4011.66935 13.789 0.005
4014.66730 14.003 0.005
4016.64859 14.116 0.005
4018.64490 13.946 0.005
4020.68384 13.656 0.005
4023.63431 13.810 0.005
4025.63467 13.951 0.005
4027.62281 14.122 0.005
4029.60503 13.982 0.005
4031.59201 13.771 0.005
4036.62740 13.917 0.005
4038.58172 14.102 0.005
4040.56170 14.002 0.005
4042.63105 13.871 0.005
4044.67368 13.763 0.005
4047.58513 13.883 0.005
4049.55773 14.066 0.005
4051.60729 14.033 0.005
4053.61827 13.913 0.005
4055.54750 13.688 0.005
4057.58657 13.813 0.005
4059.62111 13.938 0.005
4063.61247 13.993 0.005
4066.52737 13.638 0.005
4068.59474 13.791 0.005
4071.53588 13.981 0.005
4074.57108 14.015 0.005
4077.62376 13.668 0.005
4079.57084 13.778 0.005
4083.57835 14.061 0.005
4087.60027 13.924 0.005
4095.56413 14.098 0.005
4095.60117 14.096 0.005
4098.58319 13.940 0.005
4102.55534 13.787 0.005
4107.55947 14.121 0.005
4112.55989 13.682 0.005
4119.54944 14.105 0.005
4122.57575 13.858 0.005
4128.57587 13.993 0.005
4253.89912 13.965 0.005
4255.91774 14.121 0.005
4258.93449 13.927 0.005
4273.92083 13.793 0.005
4279.77400 14.055 0.005
4282.74731 13.728 0.005
4282.91158 13.687 0.005
4283.83833 13.708 0.005
4284.90611 13.772 0.005
4289.87719 14.106 0.005
4292.91048 13.923 0.005
4295.90441 13.771 0.005
4296.93867 13.790 0.005
4298.85770 13.901 0.005
4299.90120 13.988 0.005
4300.92303 14.085 0.005
4301.94185 14.113 0.005
4303.83258 13.943 0.005
4307.72959 13.774 0.005
4308.70336 13.805 0.005
4308.91122 13.819 0.005
4310.88329 13.956 0.005
4311.88481 14.069 0.005
4314.81377 13.982 0.005
4316.87345 13.755 0.005
4320.85715 13.843 0.005
4326.88154 13.931 0.005
4327.90507 13.866 0.005
4328.87506 13.631 0.005
4329.87448 13.751 0.005
4330.90570 13.791 0.005
4332.92196 13.893 0.005
4334.91525 14.082 0.005
4339.86996 13.703 0.005
4340.82220 13.684 0.005
4341.81506 13.771 0.005
4342.88933 13.794 0.005
4343.80864 13.849 0.005
4344.79079 13.922 0.005
4346.76707 14.102 0.005
4348.75279 13.995 0.005
4350.72959 13.865 0.005
4353.68772 13.785 0.005
4355.74627 13.893 0.005
4358.68962 14.124 0.005
4359.74685 14.021 0.005
4362.69719 13.700 0.005
4365.67119 13.805 0.005
4369.72798 14.116 0.005
4371.69496 13.994 0.005
4376.69832 13.793 0.005
4378.66502 13.898 0.005
4379.69629 14.000 0.005
4381.65548 14.120 0.005
4383.68398 13.939 0.005
4386.70858 13.730 0.005
4388.70887 13.815 0.005
4390.71781 13.949 0.005
4394.60541 13.981 0.005
4396.68883 13.775 0.005
4398.69193 13.772 0.005
4402.67698 14.009 0.005
4404.69344 14.124 0.005
4407.70196 13.890 0.005
4409.71754 13.746 0.005
4411.71266 13.825 0.005
4415.71651 14.125 0.005
4417.66651 13.974 0.005
4420.65292 13.688 0.005
4422.68494 13.798 0.005
4424.68205 13.928 0.005
4427.56778 14.105 0.005
4429.61089 13.939 0.005
4431.59800 13.632 0.005
4433.60388 13.782 0.005
4435.59222 13.887 0.005
4438.65230 14.111 0.005
4440.62180 13.959 0.005
4442.58325 13.690 0.005
4444.60797 13.782 0.005
4452.61818 13.919 0.005
4454.63838 13.645 0.005
4455.58045 13.768 0.005
4457.58935 13.834 0.005
4460.54375 14.088 0.005
4463.60727 13.946 0.005
4467.59008 13.789 0.005
4470.58948 13.953 0.005
4474.63604 13.970 0.005
4476.61436 13.735 0.005
4481.62207 13.921 0.005
4483.64070 14.107 0.005
4485.62217 13.994 0.005
4488.62279 13.632 0.005
4492.61304 13.881 0.005
4643.92671 14.128 0.005
4655.90888 14.079 0.005
4661.92269 13.787 0.005
4662.84626 13.830 0.005
4662.94413 13.818 0.005
4663.79500 13.887 0.005
4665.86815 14.079 0.005
4671.84655 13.713 0.005
4677.86593 14.117 0.005
4682.84035 13.640 0.005
4684.87836 13.796 0.005
4686.83832 13.906 0.005
4688.85456 14.092 0.005
4690.77989 13.999 0.005
4691.78322 13.944 0.005
4694.82950 13.750 0.005
4697.77385 13.876 0.005
4699.79488 14.050 0.005
4700.82877 14.118 0.005
4701.83645 14.053 0.005
4703.79565 13.913 0.005
4704.81438 13.745 0.005
4705.82199 13.690 0.005
4707.83940 13.794 0.005
4709.77020 13.917 0.005
4715.77878 13.870 0.005
4717.73337 13.739 0.005
4720.71224 13.882 0.005
4722.72748 14.061 0.005
4725.73268 13.967 0.005
4730.72325 13.803 0.005
4730.78595 13.806 0.005
4733.75817 14.039 0.005
4736.67487 13.994 0.005
4738.76766 13.831 0.005
4739.62192 13.644 0.005
4740.64989 13.763 0.005
4740.70075 13.759 0.005
4741.66360 13.788 0.005
4743.69745 13.890 0.005
4747.58202 14.032 0.005
4748.63104 13.952 0.005
4748.68621 13.952 0.005
4749.65155 13.915 0.005
4750.71907 13.671 0.005
4753.62052 13.804 0.005
4754.59359 13.852 0.005
4754.64462 13.853 0.005
4755.62647 13.940 0.005
4756.65422 14.042 0.005
4757.60705 14.120 0.005
4758.63443 14.077 0.005
4759.62854 13.986 0.005
4760.62110 13.926 0.005
4762.61090 13.645 0.005
4767.64649 14.002 0.005
4770.69477 14.009 0.005
4772.63213 13.902 0.005
4774.60762 13.725 0.005
4776.57940 13.804 0.005
4778.58077 13.945 0.005
4780.57801 14.120 0.005
4782.55091 13.983 0.005
4783.61250 13.920 0.005
4786.53282 13.770 0.005
4789.57864 13.901 0.005
4791.56020 14.096 0.005
4793.56755 13.990 0.005
4795.58042 13.871 0.005
4797.57259 13.750 0.005
4798.63582 13.786 0.005
4801.53706 13.964 0.005
4802.62452 14.071 0.005
4803.59645 14.116 0.005
4805.53146 13.976 0.005
4807.55819 13.722 0.005
4809.58333 13.768 0.005
4811.60524 13.855 0.005
4814.56307 14.111 0.005
4816.56526 13.997 0.005
4818.57919 13.839 0.005
4820.55718 13.762 0.005
4822.61397 13.824 0.005
4824.59880 13.987 0.005
4831.57041 13.718 0.005
4833.59828 13.807 0.005
4835.62100 13.949 0.005
4839.62403 13.984 0.005
4842.59068 13.651 0.005
4844.60113 13.790 0.005
4847.65535 14.023 0.005
4849.61534 14.108 0.005
4853.61260 13.641 0.005
4854.54170 13.739 0.005
4855.62582 13.793 0.005
4856.53299 13.811 0.005
4859.52760 14.067 0.005
4862.52504 13.980 0.005
4862.52865 13.975 0.005
4862.58499 13.970 0.005
4862.59963 13.966 0.005
4863.53531 13.911 0.005
4864.52963 13.753 0.005
4864.56974 13.730 0.005
4865.52740 13.668 0.005
4865.57255 13.670 0.005
4866.53437 13.768 0.005
4866.54343 13.771 0.005
4866.57465 13.770 0.005
4867.58212 13.799 0.005
4868.54477 13.837 0.005
4868.58178 13.847 0.005
4870.52433 14.005 0.005
4871.52270 14.098 0.005
4874.51953 13.933 0.005
4876.54323 13.630 0.005
4947.92041 13.805 0.005
4953.92420 13.967 0.005
