 622.87633 17.012 0.014
 624.90289 16.984 0.013
 625.89033 17.255 0.014
 626.86186 16.947 0.012
 627.84808 17.215 0.014
 628.88917 16.956 0.011
 629.88697 17.211 0.016
 631.91791 17.197 0.015
 632.85842 16.858 0.012
 633.89385 17.175 0.013
 635.88871 17.188 0.013
 643.85772 17.070 0.014
 645.82945 17.067 0.014
 647.78715 17.006 0.016
 649.78456 17.005 0.015
 652.83176 17.287 0.015
 656.84491 17.235 0.013
 657.81717 16.865 0.013
 658.85748 17.221 0.019
 663.76373 16.738 0.012
 664.86865 17.153 0.013
 665.81594 16.742 0.008
 666.82650 17.154 0.012
 667.84572 16.751 0.010
 668.81654 17.118 0.010
 670.78212 17.068 0.013
 671.80416 17.189 0.011
 672.80971 17.069 0.010
 673.77709 17.304 0.013
 684.73747 16.853 0.010
 685.79233 17.199 0.013
 686.69359 16.808 0.013
 687.77495 17.192 0.012
 688.71699 16.754 0.009
 689.74414 17.162 0.011
 697.71026 17.059 0.012
 698.78137 17.185 0.012
 699.68041 17.012 0.011
 700.72119 17.314 0.013
 701.69342 17.007 0.012
 704.72139 17.246 0.015
 706.68706 17.211 0.017
 707.72462 16.933 0.014
 708.74877 17.223 0.016
 712.74931 17.207 0.012
 713.73068 16.813 0.010
 714.74566 17.186 0.012
 715.71122 16.773 0.011
 716.67930 17.149 0.012
 726.66192 17.006 0.012
 728.67263 17.012 0.012
 729.67476 17.276 0.014
 730.65913 16.986 0.013
 733.62562 17.195 0.017
 739.64559 17.193 0.015
 741.61138 17.164 0.011
 742.58763 16.732 0.010
 744.63475 16.770 0.010
 745.58568 17.094 0.013
 746.77649 16.737 0.011
 747.64696 17.101 0.013
 748.60869 17.161 0.015
 749.61408 17.070 0.015
 750.60792 17.264 0.015
 751.61633 17.050 0.014
 752.73075 17.241 0.016
 753.66638 17.050 0.013
 759.62422 16.930 0.011
 760.64989 17.228 0.013
 761.62594 16.904 0.011
 761.73120 16.917 0.015
 762.61732 17.207 0.017
 762.64688 17.208 0.015
 763.63354 16.873 0.012
 763.74429 16.900 0.013
 764.72024 17.201 0.020
 765.56561 16.789 0.014
 766.60305 17.207 0.019
 766.70594 17.164 0.017
 767.61059 16.776 0.014
 767.67221 16.820 0.016
 767.77283 16.847 0.016
 769.59342 16.728 0.012
 769.66714 16.759 0.011
 770.59955 17.148 0.014
 771.63262 16.759 0.010
 772.59447 17.106 0.013
 773.59956 17.039 0.012
 773.75178 16.749 0.012
 774.59257 17.094 0.013
 775.55047 17.252 0.013
 776.63137 17.077 0.013
 777.60564 17.268 0.014
 778.60904 17.035 0.014
 779.63592 17.281 0.015
 779.74624 17.209 0.015
 780.63579 17.013 0.014
 781.55011 17.277 0.014
 781.72845 17.296 0.017
 782.61350 16.974 0.014
 782.73948 17.015 0.015
 783.53266 17.205 0.013
 784.57459 16.938 0.012
 785.60146 17.253 0.015
 785.74704 17.282 0.014
 786.60513 16.920 0.011
 787.68557 17.180 0.014
 788.61841 16.897 0.011
 788.64395 16.921 0.011
 790.56710 16.858 0.012
 792.54506 16.767 0.011
 795.60975 17.180 0.015
 796.53865 16.772 0.014
 796.72402 16.822 0.014
 797.69880 17.139 0.015
 798.56145 16.899 0.012
 799.69940 17.127 0.014
 800.61438 16.955 0.012
 802.67444 17.017 0.017
 805.60176 17.051 0.014
 806.61195 17.274 0.019
 808.54336 17.287 0.019
 816.67435 17.244 0.014
 817.58443 16.841 0.010
 819.54723 16.799 0.011
 820.62353 17.157 0.015
 822.54410 17.142 0.016
 824.56989 17.111 0.016
 825.64302 16.734 0.012
 828.60319 17.091 0.011
 829.56979 17.194 0.014
 832.57669 17.056 0.013
 833.59656 17.304 0.017
 834.56616 16.997 0.014
 836.54430 16.978 0.014
 838.57726 16.961 0.014
 840.58702 16.918 0.013
 845.53875 17.215 0.016
 850.56188 16.724 0.011
 855.56689 17.095 0.017
 859.55469 17.065 0.014
 866.51927 17.203 0.018
 962.92312 16.833 0.012
 966.92261 16.777 0.010
 970.89900 16.819 0.011
 976.87964 17.280 0.019
 986.83399 17.186 0.018
 987.84763 16.873 0.012
 991.91565 16.852 0.011
 996.91958 17.131 0.014
 998.89068 17.122 0.015
1004.78926 17.007 0.013
1006.81787 16.989 0.014
1020.88734 16.778 0.012
1025.92512 17.153 0.016
1035.74005 16.915 0.012
1037.76925 16.909 0.011
1041.77742 16.880 0.009
1045.73913 16.753 0.011
1048.72031 17.124 0.014
1052.76318 17.074 0.012
1055.63647 17.297 0.015
1058.84843 17.052 0.017
1059.76641 17.299 0.020
1061.71919 17.219 0.015
1064.80308 16.962 0.015
1068.70448 16.805 0.011
1072.68461 16.750 0.009
1076.66241 17.092 0.012
1078.67296 17.233 0.014
1081.68551 17.042 0.011
1084.62369 17.249 0.013
1087.64358 16.925 0.011
1090.69997 17.244 0.014
1092.73207 17.195 0.016
1094.63877 17.198 0.013
1102.60893 17.107 0.012
1106.70379 17.078 0.010
1110.62289 17.007 0.017
1116.58137 16.871 0.011
1120.56995 16.772 0.012
1126.64529 16.745 0.010
1129.54375 17.067 0.015
1132.52681 17.340 0.019
1135.57688 17.017 0.013
1138.62656 17.268 0.013
1140.60399 17.261 0.013
1144.66154 17.223 0.015
1151.54113 16.760 0.011
1155.54275 17.099 0.013
1159.53820 17.354 0.017
1162.57060 17.013 0.011
1164.68417 17.051 0.015
1170.54258 16.872 0.011
1178.65263 16.751 0.011
1182.66453 16.756 0.010
1183.70288 17.104 0.014
1185.68602 17.092 0.013
1188.68537 17.240 0.014
1191.56911 16.992 0.014
1202.58420 17.194 0.019
1205.53564 16.732 0.011
1211.55610 17.167 0.017
1217.56674 17.278 0.016
1220.56921 16.954 0.013
1229.52194 17.149 0.019
1238.51823 17.177 0.024
1327.90248 16.988 0.019
1330.81918 17.050 0.016
1335.87092 17.288 0.020
1340.89042 16.916 0.013
1348.92647 16.811 0.011
1354.90007 16.963 0.014
1360.91980 17.294 0.018
1365.91601 16.957 0.014
1367.83951 16.894 0.014
1374.91156 17.177 0.015
1394.84774 16.904 0.013
1395.87922 17.184 0.015
1397.80093 17.178 0.016
1401.82796 17.163 0.013
1402.91285 16.793 0.011
1407.83593 17.107 0.014
1412.73123 17.276 0.015
1417.88957 16.989 0.013
1430.72219 17.116 0.016
1432.73288 17.096 0.011
1435.68933 17.268 0.019
1439.65574 17.287 0.015
1442.65942 16.965 0.012
1447.73464 17.221 0.023
1451.67086 17.172 0.013
1455.69057 17.134 0.015
1460.73130 17.072 0.013
1462.63692 17.290 0.018
1470.64315 17.259 0.015
1471.76995 16.972 0.013
1472.63037 17.196 0.016
1475.63611 16.850 0.012
1477.56517 16.740 0.013
1481.58295 16.823 0.012
1484.63183 17.106 0.013
1487.62697 17.231 0.014
1490.66570 17.044 0.014
1492.56536 16.970 0.014
1495.52215 17.205 0.015
1499.55080 17.172 0.019
1502.54892 16.810 0.015
1505.61547 17.174 0.017
1508.55083 16.860 0.012
1509.52712 17.101 0.014
1512.62900 17.050 0.016
1515.60364 17.027 0.013
1517.60711 17.011 0.013
1520.59436 17.277 0.015
1524.54207 17.225 0.018
1526.58221 17.194 0.014
1531.63378 16.793 0.013
1543.59126 17.292 0.017
1546.60610 16.995 0.011
1551.56786 17.191 0.014
1555.60140 17.197 0.015
1562.57997 16.722 0.012
1569.55910 17.035 0.012
1575.58492 16.946 0.011
1580.55994 17.207 0.015
1583.56260 16.827 0.011
1587.54239 16.729 0.012
1597.52787 17.294 0.019
1603.53598 17.257 0.017
1608.51170 16.877 0.015
1701.89351 16.828 0.012
1703.89664 16.769 0.011
1705.90213 16.738 0.012
1716.86254 17.007 0.015
1717.87291 17.303 0.016
1718.85892 16.992 0.018
1729.90857 17.172 0.011
1732.87835 16.723 0.011
1740.82943 17.314 0.017
1742.87719 17.286 0.017
1744.84629 17.304 0.016
1745.87055 17.000 0.012
1749.85097 16.909 0.010
1750.82292 17.227 0.015
1751.83473 16.871 0.011
1752.79609 17.185 0.014
1753.79713 16.842 0.012
1754.82382 17.180 0.015
1755.78918 16.783 0.014
1756.81865 17.181 0.022
1757.76783 16.750 0.013
1758.77235 17.134 0.013
1759.81670 16.730 0.010
1761.79771 16.927 0.013
1762.78412 17.104 0.016
1763.78713 17.121 0.013
1764.77961 17.081 0.011
1765.77412 17.238 0.014
1766.71515 17.031 0.016
1768.79423 17.038 0.015
1769.70361 17.250 0.017
1771.81970 17.289 0.023
1772.76207 16.962 0.011
1773.72938 17.242 0.015
1776.75218 16.877 0.011
1784.72884 16.711 0.010
1788.79433 16.884 0.010
1803.75463 16.894 0.012
1806.74878 17.218 0.015
1808.81839 17.204 0.017
1811.74678 16.728 0.009
1814.79362 17.148 0.012
1817.75927 17.124 0.011
1822.63672 16.960 0.012
1826.78781 16.989 0.013
1829.73007 17.210 0.016
1846.77806 17.214 0.015
1850.73485 17.317 0.019
1854.79089 17.280 0.013
1858.71477 17.194 0.016
1862.71365 17.180 0.013
1867.73808 16.776 0.012
1871.74464 17.090 0.012
2085.90914 16.828 0.016
2086.88843 17.149 0.017
2103.89525 17.247 0.013
2105.92315 17.218 0.015
2106.89098 16.918 0.013
2112.84336 16.785 0.010
2116.87111 16.764 0.011
2123.81803 17.047 0.014
2128.82553 17.251 0.017
2129.85750 16.971 0.013
2130.84387 17.273 0.018
2131.83748 16.943 0.013
2132.80627 17.226 0.018
2133.89460 16.947 0.017
2134.81000 17.203 0.018
2135.84408 16.858 0.013
2137.89208 16.849 0.014
2140.81134 17.167 0.015
2142.75205 17.115 0.014
2143.81755 16.798 0.011
2144.82425 17.125 0.012
2155.87863 17.318 0.023
2156.82521 16.952 0.014
2160.75460 16.883 0.014
2162.76139 16.859 0.011
2166.75600 16.741 0.010
2167.76446 17.154 0.013
2168.71363 16.817 0.011
2171.73955 17.085 0.012
2172.74617 17.127 0.014
2177.63966 16.991 0.014
2184.70130 17.204 0.018
2185.66480 16.888 0.013
2186.68965 17.185 0.020
2187.68483 16.825 0.014
2188.73199 17.186 0.016
2190.69136 17.171 0.015
2191.66474 16.745 0.011
2192.66325 17.132 0.012
2193.68432 16.751 0.010
2194.65442 17.141 0.013
2203.55089 17.255 0.017
2206.60721 16.974 0.018
2211.64130 17.158 0.015
2212.64513 16.864 0.012
2213.65095 17.151 0.017
2214.64214 16.815 0.014
2215.64912 17.194 0.015
2217.63582 17.145 0.017
2219.67868 17.136 0.014
2224.71356 16.974 0.012
2226.63643 17.240 0.021
2228.55833 17.257 0.017
2229.61659 16.985 0.014
2231.64326 17.002 0.014
2232.50999 17.224 0.021
2233.61341 16.955 0.013
2235.66353 16.938 0.011
2238.54707 17.163 0.016
2240.65138 17.198 0.016
2242.61889 17.157 0.017
2248.60354 17.095 0.012
2250.57686 17.074 0.013
2253.57050 17.288 0.014
2255.60716 17.288 0.017
2258.57346 16.963 0.011
2263.58419 17.199 0.015
2266.55498 16.839 0.013
2271.56456 17.132 0.014
2273.56390 17.115 0.019
2275.59883 17.144 0.016
2276.55838 17.117 0.019
2278.59096 17.188 0.016
2280.58682 17.286 0.018
2284.58970 17.291 0.017
2290.60368 17.189 0.016
2293.56596 16.858 0.012
2295.55870 16.808 0.012
2297.56199 16.769 0.014
2299.56109 16.742 0.013
2301.55335 16.900 0.015
2445.91192 17.116 0.018
2460.87884 17.195 0.022
2463.91518 16.914 0.013
2465.92794 16.866 0.012
2467.90093 16.824 0.012
2469.90031 16.756 0.011
2471.88975 16.729 0.011
2472.91922 17.137 0.012
2473.89113 16.800 0.011
2481.90282 17.275 0.020
2483.88864 17.296 0.015
2486.88565 16.945 0.014
2488.87656 16.941 0.017
2489.92299 17.181 0.016
2492.90335 16.887 0.012
2496.90310 16.782 0.011
2497.92651 17.143 0.015
2498.77378 16.873 0.013
2499.85936 17.146 0.014
2500.86493 16.824 0.011
2501.85389 17.108 0.013
2502.83412 17.089 0.015
2508.74536 17.227 0.023
2516.77666 17.204 0.019
2517.82340 16.866 0.013
2518.79484 17.202 0.016
2519.83174 16.832 0.011
2520.79113 17.152 0.014
2521.82327 16.787 0.011
2524.82152 17.144 0.020
2526.77770 17.101 0.012
2534.83408 17.034 0.015
2535.81429 17.286 0.015
2537.70207 17.210 0.020
2538.79803 16.958 0.014
2539.70185 17.210 0.017
2540.74273 16.917 0.017
2541.71375 17.221 0.015
2542.68354 16.839 0.012
2544.66208 16.801 0.011
2545.67711 17.155 0.013
2547.69512 17.157 0.015
2548.71156 16.747 0.010
2550.70669 16.796 0.011
2551.69333 17.123 0.013
2553.64905 17.066 0.017
2554.70257 17.191 0.015
2555.71050 17.072 0.014
2556.68952 17.281 0.015
2557.70206 17.044 0.012
2558.65854 17.288 0.017
2559.61544 16.976 0.014
2560.64850 17.301 0.016
2561.67405 17.009 0.020
2562.66694 17.248 0.017
2563.67487 16.939 0.013
2564.69026 17.232 0.016
2565.68116 16.924 0.013
2566.66144 17.194 0.015
2568.69242 17.244 0.022
2571.64511 16.806 0.015
2573.65854 16.775 0.014
2574.64237 17.182 0.016
2577.62924 16.976 0.016
2578.62931 17.088 0.015
2579.63596 17.115 0.016
2580.64808 17.059 0.013
2583.61939 17.274 0.019
2584.62675 17.028 0.014
2586.62397 16.968 0.013
2587.60838 17.263 0.017
2588.71680 17.001 0.014
2589.59832 17.241 0.017
2590.61345 16.932 0.014
2591.63659 17.234 0.016
2593.60559 17.212 0.015
2594.60936 16.857 0.015
2596.58489 16.820 0.014
2597.57206 17.160 0.016
2598.64593 16.807 0.013
2599.60541 17.154 0.019
2607.62660 17.071 0.018
2610.54642 17.318 0.022
2613.54032 16.973 0.016
2615.56917 16.946 0.015
2619.55687 16.901 0.016
2621.56577 16.855 0.013
2625.54841 16.785 0.016
2628.54178 17.130 0.023
2632.54820 17.085 0.016
2636.54337 17.026 0.017
2639.54386 17.240 0.018
2642.55261 16.977 0.018
2646.56543 16.895 0.014
2651.53746 17.156 0.023
2654.55527 16.735 0.015
2657.55813 17.099 0.017
2660.55391 17.249 0.019
2671.55158 16.968 0.016
2673.56338 16.938 0.017
2676.52475 17.121 0.021
2679.53811 16.771 0.013
2682.54043 17.116 0.019
2777.90295 17.088 0.019
2804.86989 17.090 0.018
2811.90436 17.288 0.025
2814.94001 16.972 0.014
2817.92658 17.233 0.018
2831.78143 17.047 0.016
2832.74739 17.304 0.019
2832.92536 17.063 0.015
2833.86530 17.069 0.017
2835.87395 17.017 0.014
2837.87502 16.985 0.019
2838.93218 17.308 0.022
2840.82492 17.272 0.020
2843.82636 16.902 0.011
2844.87219 17.195 0.016
2845.91818 16.915 0.015
2849.85561 16.817 0.013
2850.88837 17.172 0.017
2851.93194 16.821 0.014
2852.80262 17.130 0.016
2853.94203 16.763 0.012
2856.81529 17.109 0.016
2858.90934 17.086 0.013
2860.87534 17.057 0.013
2861.74651 17.270 0.015
2862.92552 17.054 0.016
2863.83472 17.321 0.022
2865.83162 17.266 0.016
2866.88126 16.965 0.016
2867.82127 17.240 0.014
2868.76894 16.927 0.013
2869.90194 17.221 0.016
2870.81554 16.897 0.011
2871.85846 17.205 0.015
2875.79802 17.173 0.017
2876.77573 16.758 0.011
2877.79763 17.169 0.014
2879.73926 17.122 0.012
2883.82540 17.105 0.013
2885.76020 17.075 0.014
2888.80852 17.293 0.016
2892.79988 17.278 0.021
2894.72904 17.225 0.017
2896.72614 17.197 0.014
2898.74712 17.173 0.014
2900.74596 17.163 0.012
2902.74548 17.133 0.013
2905.75268 16.739 0.011
2907.75408 16.826 0.010
2909.74319 17.052 0.010
2911.73455 17.227 0.012
2915.70602 17.290 0.014
2917.73213 17.260 0.014
2921.72988 17.207 0.016
2923.75183 17.231 0.017
2925.71480 17.173 0.014
2927.71233 17.162 0.015
2930.73038 16.766 0.012
2932.73689 16.715 0.011
2934.71672 16.890 0.011
2937.64073 17.033 0.014
2939.69337 17.034 0.013
2940.63350 17.284 0.013
2941.68332 17.015 0.012
2942.63345 17.270 0.016
2943.60468 16.922 0.013
2944.58927 17.234 0.015
2945.60604 16.909 0.016
2947.61554 16.908 0.013
2949.59685 16.849 0.012
2950.64160 17.186 0.014
2951.62878 16.837 0.013
2952.65771 17.163 0.017
2954.68263 17.159 0.017
2956.62862 17.136 0.012
2958.62303 17.111 0.015
2961.59410 17.153 0.021
2968.59386 16.982 0.014
2970.61311 16.953 0.012
2972.59760 16.915 0.012
2974.59835 16.884 0.012
2976.54805 16.869 0.013
2978.57415 16.817 0.015
2980.59102 16.815 0.015
2982.53624 16.748 0.012
2984.62711 16.731 0.013
2986.63724 16.861 0.013
2988.52960 17.261 0.023
2991.60267 17.072 0.013
2994.58439 17.271 0.016
2997.55718 16.944 0.012
3001.57363 16.882 0.012
3005.53170 16.778 0.016
3008.55336 17.138 0.019
3008.55802 17.149 0.019
3011.56139 16.799 0.014
3016.58805 17.082 0.016
3018.57452 17.068 0.014
3020.60257 17.020 0.012
3021.61538 17.284 0.012
3023.57128 17.240 0.014
3025.56979 17.237 0.017
3027.60330 17.247 0.015
3029.57520 17.216 0.015
3031.57974 17.186 0.015
3033.58211 17.176 0.014
3037.52913 17.129 0.018
3164.92956 17.279 0.016
3183.91153 16.718 0.011
3193.87929 17.281 0.016
3195.93849 17.308 0.014
3197.91395 17.259 0.015
3201.87137 17.231 0.014
3203.87932 17.197 0.011
3206.81719 16.773 0.011
3210.89322 16.741 0.011
3211.88465 17.140 0.012
3215.66076 16.999 0.016
3216.72877 17.321 0.021
3217.92930 17.048 0.015
3218.91393 17.281 0.022
3223.83478 16.973 0.013
3226.82503 17.202 0.015
3229.83216 16.847 0.010
3231.81430 16.842 0.014
3239.79267 17.092 0.013
3240.78993 17.134 0.016
3241.81429 17.217 0.013
3242.71361 17.024 0.013
3243.85006 17.288 0.016
3244.82725 17.038 0.015
3245.77639 17.287 0.018
3246.76884 17.015 0.017
3247.76260 17.250 0.016
3249.72731 17.203 0.016
3251.74083 17.200 0.012
3254.72795 16.858 0.010
3257.74436 17.185 0.011
3259.66354 17.166 0.014
3261.70164 17.115 0.011
3263.68434 17.091 0.011
3265.71873 17.082 0.011
3267.70757 17.019 0.009
3269.78399 17.064 0.016
3270.74081 17.297 0.016
3271.66364 16.984 0.012
3272.72083 17.267 0.014
3274.70670 17.261 0.015
3276.71113 17.208 0.017
3277.74427 16.901 0.011
3279.67659 16.854 0.011
3281.64027 16.803 0.010
3283.64171 16.753 0.008
3287.60793 16.978 0.011
3289.61900 17.122 0.012
3293.59579 17.326 0.013
3295.61458 17.296 0.011
3297.59633 17.245 0.011
3299.65270 17.246 0.011
3301.62694 17.226 0.015
3303.68919 17.230 0.015
3306.62174 16.854 0.009
3308.60946 16.818 0.013
3310.60859 16.745 0.011
3312.65261 16.725 0.010
3314.56347 17.033 0.015
3320.60130 17.307 0.014
3327.55626 16.937 0.012
3330.55049 17.162 0.015
3335.59532 16.787 0.012
3338.59893 17.130 0.012
3349.59526 17.300 0.014
3353.57435 17.222 0.015
3359.55088 17.179 0.014
3363.55822 17.143 0.015
3367.61754 17.145 0.014
3372.54829 17.284 0.014
3376.52760 17.268 0.022
3378.59455 17.290 0.016
3386.56098 17.188 0.012
3390.57456 17.207 0.018
3398.55632 17.053 0.013
3402.54472 17.039 0.011
3528.93692 16.906 0.013
3541.92972 17.108 0.012
3547.91431 17.027 0.012
3554.92252 17.256 0.015
3560.94464 17.142 0.014
3564.90680 17.157 0.012
3568.83766 17.068 0.012
3570.77838 17.021 0.016
3571.80071 17.296 0.022
3573.83820 17.336 0.020
3574.87719 17.020 0.013
3577.83586 17.270 0.015
3578.89443 16.980 0.016
3579.79927 17.210 0.012
3581.84420 17.222 0.014
3581.86691 17.199 0.014
3582.82909 16.878 0.013
3583.83350 17.222 0.015
3586.80784 16.817 0.009
3588.82573 16.782 0.009
3589.81854 17.133 0.012
3591.87334 17.116 0.010
3593.81090 17.104 0.013
3596.89136 17.045 0.012
3601.80899 17.016 0.013
3607.81440 16.915 0.011
3614.78579 17.159 0.011
3617.76529 16.765 0.009
3619.69821 17.114 0.012
3621.71667 17.215 0.013
3624.86497 17.072 0.016
3626.71435 17.009 0.012
3629.66796 17.236 0.018
3631.73033 17.187 0.025
3633.69564 17.174 0.016
3637.64955 17.179 0.014
3639.69963 17.172 0.011
3641.69619 17.159 0.012
3643.72056 17.135 0.012
3646.65552 17.196 0.014
3650.65877 17.306 0.015
3650.68281 17.298 0.013
3651.73275 17.011 0.011
3653.72891 16.988 0.011
3655.69509 16.943 0.010
3657.64587 16.896 0.011
3658.65030 17.220 0.014
3659.63835 16.901 0.012
3660.66847 17.159 0.016
3663.55998 16.778 0.013
3665.63356 16.768 0.010
3668.57198 17.131 0.012
3669.67074 16.766 0.012
3671.62890 17.037 0.013
3673.67376 17.097 0.015
3675.65834 17.247 0.014
3683.64765 17.198 0.013
3685.65278 17.248 0.014
3687.65145 17.180 0.013
3689.59984 17.163 0.013
3692.57568 16.752 0.011
3694.55966 16.791 0.012
3696.56018 17.007 0.011
3698.59387 17.098 0.014
3700.57480 17.237 0.015
3702.58409 17.318 0.015
3704.59036 17.299 0.015
3706.61079 17.282 0.012
3708.58367 17.264 0.015
3711.59026 16.914 0.014
3714.52401 17.125 0.023
3718.60452 17.158 0.016
3721.55342 16.783 0.012
3724.56310 17.073 0.013
3726.58366 17.095 0.013
3728.55677 17.060 0.013
3734.56022 16.991 0.013
3737.57590 17.220 0.015
3742.53452 16.828 0.017
3746.55980 16.772 0.013
3751.53618 17.067 0.019
3756.55244 17.222 0.015
3761.60271 17.004 0.013
3766.52751 17.181 0.019
3772.55033 17.159 0.014
3776.55040 17.094 0.014
3871.87630 17.073 0.016
3901.93882 17.236 0.016
3906.93909 16.974 0.011
3913.91603 17.210 0.011
3918.87954 16.752 0.010
3931.91488 17.037 0.013
3934.85790 17.242 0.012
3936.86610 17.233 0.013
3938.85009 17.210 0.014
3944.89748 17.181 0.012
3946.86561 17.155 0.013
3951.88502 17.067 0.013
3955.85015 17.296 0.019
3958.82667 16.997 0.015
3960.82682 16.986 0.011
3963.82353 17.221 0.018
3965.81541 17.186 0.010
3967.83526 17.198 0.011
3969.80090 17.185 0.012
3971.77709 17.145 0.011
3974.77883 16.925 0.012
3979.73419 17.026 0.011
3980.61754 17.288 0.018
3981.64383 16.986 0.010
3983.83415 17.028 0.013
3986.69571 17.224 0.015
3987.66675 16.928 0.010
3990.79002 17.196 0.012
3993.73482 16.829 0.011
3995.74009 16.801 0.009
3999.74936 16.770 0.009
4002.72150 17.099 0.010
4004.67329 17.060 0.016
4006.69950 17.014 0.014
4007.56288 17.283 0.013
4008.57181 16.972 0.011
4009.73327 17.301 0.014
4013.69838 17.215 0.015
4015.68067 17.217 0.018
4015.69690 17.194 0.021
4018.69606 16.878 0.011
4019.68463 17.233 0.014
4021.67712 17.171 0.011
4024.65059 16.767 0.010
4026.62947 17.043 0.012
4028.62543 17.186 0.012
4030.63799 17.272 0.013
4032.69009 17.289 0.015
4037.66628 16.966 0.010
4039.60422 16.948 0.010
4041.60374 16.870 0.013
4043.58944 16.845 0.012
4046.59877 17.186 0.017
4048.56467 17.182 0.014
4050.60679 17.156 0.014
4052.55889 17.097 0.012
4054.61307 17.094 0.012
4056.58516 17.040 0.012
4058.61871 17.030 0.012
4060.51755 16.950 0.012
4064.51518 16.907 0.011
4066.55665 16.927 0.011
4069.51502 17.239 0.021
4073.59859 17.213 0.016
4077.52194 17.117 0.016
4079.52388 17.087 0.018
4082.52384 17.300 0.020
4085.56155 17.040 0.012
4092.55760 17.219 0.011
4096.58355 17.192 0.013
4100.58634 17.208 0.016
4105.55417 16.952 0.013
4108.53042 17.072 0.016
4113.60831 17.314 0.014
4120.57914 16.911 0.010
4126.57697 16.870 0.013
4252.92626 16.954 0.017
4255.84555 17.036 0.016
4268.89906 17.175 0.016
4275.92119 16.745 0.012
4279.79887 17.216 0.023
4282.80943 17.013 0.015
4283.86237 17.307 0.021
4285.91669 17.292 0.018
4291.93747 17.220 0.018
4292.85599 16.896 0.011
4295.86004 17.188 0.013
4296.88980 16.874 0.011
4297.92266 17.195 0.014
4299.85747 17.157 0.012
4300.87896 16.765 0.011
4301.89697 17.158 0.012
4302.91858 16.760 0.011
4306.86321 17.064 0.016
4307.89749 17.095 0.012
4308.65864 17.272 0.017
4308.86662 17.180 0.014
4310.83897 17.274 0.018
4311.82652 17.043 0.020
4312.90040 17.289 0.014
4314.91987 17.295 0.018
4316.82641 17.249 0.017
4319.86359 16.917 0.014
4320.89045 17.180 0.016
4326.83432 17.145 0.014
4327.81259 16.775 0.014
4328.82822 17.128 0.016
4329.83076 16.736 0.012
4330.85900 17.106 0.013
4333.86030 17.043 0.014
4338.90068 17.027 0.017
4340.77316 16.974 0.014
4341.76831 17.242 0.018
4342.82417 16.963 0.015
4343.76181 17.224 0.016
4344.74396 16.916 0.012
4345.78995 17.195 0.014
4347.77884 17.167 0.014
4349.79203 17.193 0.014
4351.72913 17.181 0.018
4353.75235 17.135 0.017
4357.70122 17.120 0.016
4359.69915 17.064 0.013
4361.70171 17.026 0.015
4362.72443 17.295 0.018
4364.58347 17.206 0.020
4367.68098 16.948 0.015
4370.67263 17.187 0.016
4372.73610 17.214 0.013
4376.65149 17.147 0.016
4378.61807 17.177 0.017
4379.64603 16.761 0.013
4380.75888 17.163 0.014
4382.68633 17.106 0.014
4386.66139 17.034 0.013
4388.66187 17.037 0.013
4390.67086 16.993 0.012
4393.64464 17.230 0.017
4395.67952 17.229 0.016
4398.64496 16.876 0.013
4400.66784 16.836 0.013
4403.69363 17.154 0.015
4407.63372 17.093 0.016
4408.67990 16.805 0.012
4410.70284 16.952 0.013
4415.68697 17.020 0.013
4418.59364 17.262 0.015
4422.65487 17.205 0.015
4424.65193 17.192 0.015
4427.53863 16.766 0.013
4429.56456 16.773 0.016
4431.56900 16.729 0.012
4433.57486 16.845 0.012
4435.56321 17.081 0.014
4437.65225 17.062 0.018
4439.56412 17.287 0.018
4441.59995 17.287 0.017
4443.59068 17.316 0.019
4449.64470 17.216 0.015
4451.59983 17.174 0.014
4453.58181 17.169 0.017
4456.58324 16.765 0.014
4459.53574 17.102 0.017
4464.57543 17.155 0.015
4465.54136 17.029 0.015
4470.56029 17.246 0.019
4474.59679 17.229 0.020
4476.57493 17.205 0.015
4479.59974 16.877 0.015
4481.58441 16.794 0.012
4484.60109 17.189 0.024
4487.62265 16.746 0.016
4609.89594 17.166 0.018
4643.88061 16.962 0.014
4649.93082 16.935 0.014
4661.89396 16.962 0.012
4662.77668 17.043 0.012
4662.89360 17.095 0.013
4663.74837 17.298 0.020
4663.93227 17.032 0.015
4665.82132 17.294 0.020
4665.91527 17.229 0.020
4666.90913 17.068 0.017
4670.90358 16.977 0.014
4671.81782 17.241 0.016
4672.87754 16.963 0.013
4675.89515 17.230 0.016
4681.87488 17.174 0.013
4683.87013 17.152 0.014
4685.85625 17.168 0.016
4688.80759 17.112 0.013
4690.73315 17.279 0.014
4691.73602 17.020 0.017
4693.89111 17.056 0.016
4696.84103 17.273 0.022
4698.75286 17.232 0.013
4699.74687 16.918 0.012
4700.78438 17.196 0.014
4701.78958 16.915 0.012
4702.84972 17.220 0.016
4703.74876 16.883 0.012
4704.76761 17.175 0.013
4705.77485 16.832 0.012
4707.76752 16.768 0.010
4708.83578 17.183 0.013
4710.75175 17.119 0.012
4716.75326 17.064 0.013
4719.74543 17.317 0.020
4721.73439 17.260 0.018
4724.76409 16.951 0.013
4726.65976 16.888 0.014
4729.67074 17.185 0.019
4731.76099 17.173 0.012
4734.74331 16.774 0.010
4736.70809 16.797 0.012
4739.64937 17.122 0.016
4741.72395 17.068 0.011
4747.59056 16.944 0.012
4749.59013 16.924 0.015
4753.65929 16.901 0.015
4755.65321 16.849 0.011
4757.63765 16.806 0.010
4759.65027 16.752 0.011
4761.62054 16.767 0.009
4763.63318 16.920 0.014
4766.60140 17.071 0.015
4769.63947 17.313 0.019
4771.55054 17.282 0.020
4773.67535 17.309 0.014
4775.66219 17.233 0.017
4777.59594 17.211 0.015
4779.63153 17.205 0.014
4781.58145 17.175 0.015
4783.56507 17.122 0.016
4785.59617 17.161 0.015
4789.53158 17.130 0.017
4790.61380 16.936 0.010
4791.61210 17.090 0.012
4793.51623 17.021 0.016
4795.53328 17.019 0.011
4797.52548 16.990 0.013
4798.58878 17.338 0.019
4800.63607 17.268 0.015
4803.52739 16.915 0.014
4804.57757 17.211 0.018
4806.58659 17.182 0.014
4808.54482 17.169 0.016
4808.61232 17.198 0.016
4810.55526 17.137 0.015
4813.59461 16.743 0.012
4815.57074 16.809 0.012
4817.58728 16.963 0.012
4819.58688 17.136 0.014
4821.62878 17.180 0.013
4823.58957 17.271 0.016
4825.61801 17.283 0.016
4832.59113 16.930 0.013
4835.57295 17.169 0.018
4839.59446 17.147 0.018
4842.56152 16.776 0.013
4844.57001 16.971 0.012
4847.62632 17.119 0.023
4849.58618 17.057 0.013
4853.58361 16.957 0.013
4856.57754 17.246 0.015
4865.55067 16.783 0.012
4936.91655 17.082 0.020
4940.89923 17.018 0.016
4940.90309 17.036 0.015
4953.89694 17.170 0.017
4954.88836 16.820 0.012
