 625.92328 15.872 0.007
 626.91507 15.748 0.006
 627.88077 15.898 0.007
 629.83437 15.851 0.007
 629.93840 15.856 0.007
 631.89622 15.834 0.007
 632.89097 15.534 0.006
 635.86691 15.741 0.006
 643.83623 15.922 0.007
 645.86240 15.893 0.007
 647.82020 15.842 0.009
 649.82508 15.815 0.008
 656.87759 15.859 0.006
 657.88147 15.622 0.007
 658.89019 15.836 0.007
 665.85722 15.845 0.007
 666.85930 15.617 0.006
 667.87831 15.833 0.005
 668.84912 15.531 0.005
 670.81478 15.917 0.007
 671.83721 15.741 0.006
 672.84218 15.882 0.006
 673.75523 15.667 0.006
 684.77016 15.598 0.006
 685.77067 15.805 0.006
 686.72676 15.720 0.006
 687.88804 15.804 0.006
 688.85593 15.892 0.006
 689.72249 15.725 0.006
 697.68833 15.916 0.007
 698.70359 15.743 0.007
 699.71440 15.873 0.006
 700.69949 15.662 0.006
 701.67115 15.838 0.007
 704.66569 15.799 0.007
 706.66409 15.930 0.008
 706.75856 15.923 0.008
 707.69464 15.716 0.007
 708.69212 15.868 0.008
 712.69244 15.806 0.006
 713.70667 15.709 0.006
 714.72323 15.782 0.006
 715.76406 15.914 0.007
 716.74661 15.746 0.006
 720.65360 15.557 0.007
 726.71376 15.872 0.006
 728.70685 15.825 0.006
 729.65121 15.548 0.006
 730.60260 15.821 0.007
 733.66222 15.951 0.008
 739.68441 15.805 0.007
 741.64796 15.787 0.007
 742.64180 15.910 0.007
 744.61030 15.865 0.007
 745.65019 15.659 0.006
 746.59498 15.830 0.006
 747.55279 15.532 0.006
 748.54943 15.798 0.007
 749.55584 15.891 0.009
 750.53005 15.752 0.008
 751.56019 15.900 0.008
 752.76396 15.751 0.006
 753.70372 15.889 0.007
 754.73525 15.678 0.007
 755.55893 15.837 0.007
 759.56157 15.740 0.006
 760.56590 15.897 0.007
 761.56116 15.695 0.006
 761.76464 15.768 0.009
 762.55916 15.860 0.007
 762.68938 15.871 0.008
 762.76781 15.893 0.008
 763.57812 15.653 0.007
 763.72236 15.682 0.007
 764.65615 15.853 0.008
 765.54152 15.533 0.007
 766.57843 15.794 0.007
 766.64498 15.805 0.008
 767.55283 15.880 0.009
 767.70649 15.612 0.008
 769.53773 15.901 0.007
 770.63403 15.707 0.006
 771.61023 15.860 0.007
 772.53828 15.635 0.006
 772.78614 15.686 0.006
 773.56085 15.830 0.007
 774.63072 15.582 0.006
 775.58358 15.802 0.006
 776.66454 15.689 0.006
 777.58150 15.765 0.006
 778.55463 15.917 0.008
 778.64617 15.914 0.007
 779.61401 15.717 0.007
 780.60236 15.862 0.007
 780.70790 15.887 0.007
 781.59038 15.651 0.006
 781.76373 15.703 0.007
 782.58803 15.833 0.007
 783.56775 15.539 0.006
 784.60739 15.796 0.007
 785.57822 15.823 0.006
 786.58296 15.771 0.006
 787.66334 15.914 0.007
 788.59497 15.708 0.006
 790.54496 15.644 0.006
 795.55673 15.761 0.006
 796.60634 15.921 0.007
 797.67679 15.719 0.006
 798.59427 15.863 0.007
 800.59215 15.838 0.006
 802.57266 15.820 0.007
 805.57871 15.919 0.007
 806.58949 15.717 0.007
 817.61695 15.671 0.006
 819.65805 15.589 0.006
 820.65703 15.810 0.006
 822.57696 15.761 0.006
 823.65428 15.914 0.007
 824.60238 15.712 0.007
 824.66522 15.723 0.007
 825.67558 15.881 0.008
 828.63564 15.584 0.006
 829.60221 15.817 0.007
 830.58272 15.767 0.007
 832.60914 15.922 0.007
 833.62928 15.727 0.006
 834.64347 15.871 0.007
 836.57683 15.838 0.007
 838.54994 15.820 0.008
 840.56541 15.772 0.007
 845.57108 15.839 0.006
 850.53852 15.920 0.008
 855.54521 15.556 0.007
 856.53305 15.806 0.007
 859.53273 15.921 0.007
 860.56504 15.724 0.007
 866.55233 15.751 0.007
 876.52092 15.759 0.006
 962.90162 15.903 0.007
 986.86792 15.810 0.007
 987.88020 15.864 0.007
 991.89408 15.853 0.006
 996.86028 15.893 0.005
 998.86753 15.928 0.007
1003.79866 15.544 0.006
1005.82411 15.900 0.007
1008.85727 15.709 0.007
1020.82013 15.820 0.006
1025.79978 15.876 0.007
1035.77468 15.682 0.006
1037.80190 15.623 0.006
1038.90094 15.827 0.008
1041.87135 15.806 0.006
1045.77248 15.842 0.006
1049.79289 15.810 0.007
1052.80325 15.905 0.007
1055.67298 15.578 0.006
1058.82478 15.803 0.007
1059.80366 15.882 0.007
1064.74682 15.596 0.006
1068.73865 15.906 0.006
1071.76666 15.706 0.006
1075.78375 15.526 0.005
1078.70554 15.729 0.006
1080.65158 15.658 0.006
1083.74390 15.802 0.006
1086.59440 15.927 0.007
1090.67754 15.837 0.007
1092.67759 15.807 0.007
1094.67374 15.774 0.006
1102.64235 15.680 0.006
1107.61070 15.664 0.006
1112.71687 15.788 0.006
1117.59228 15.828 0.006
1122.60384 15.909 0.007
1128.55243 15.800 0.007
1132.58279 15.740 0.007
1135.65149 15.844 0.006
1138.60427 15.704 0.006
1140.63667 15.925 0.006
1144.63965 15.845 0.006
1151.57415 15.872 0.007
1154.59368 15.587 0.006
1157.63412 15.775 0.007
1160.63094 15.880 0.007
1163.71286 15.639 0.006
1166.67991 15.801 0.006
1170.60886 15.673 0.006
1175.66998 15.810 0.007
1179.66769 15.695 0.006
1183.67654 15.525 0.006
1186.67038 15.744 0.006
1189.55892 15.839 0.006
1192.60355 15.614 0.006
1202.55011 15.771 0.007
1206.55373 15.675 0.007
1212.54525 15.928 0.008
1216.54915 15.846 0.007
1220.54749 15.770 0.007
1227.54314 15.821 0.007
1233.53071 15.681 0.008
1329.79219 15.527 0.007
1330.90232 15.802 0.007
1335.84754 15.858 0.007
1340.92339 15.728 0.007
1347.90470 15.573 0.006
1354.93358 15.663 0.007
1365.89450 15.566 0.006
1367.87205 15.783 0.007
1369.85971 15.926 0.008
1374.85862 15.564 0.006
1395.82419 15.759 0.007
1397.84757 15.718 0.007
1401.86124 15.571 0.006
1407.86854 15.871 0.007
1412.76647 15.865 0.007
1418.80657 15.833 0.007
1430.70054 15.911 0.007
1432.76544 15.910 0.007
1434.72632 15.854 0.007
1438.71831 15.799 0.006
1441.82540 15.922 0.007
1447.68182 15.798 0.008
1451.64789 15.686 0.006
1454.62212 15.831 0.008
1458.67468 15.740 0.007
1459.66770 15.890 0.007
1461.64253 15.850 0.007
1462.70091 15.630 0.006
1470.58974 15.852 0.007
1475.61380 15.927 0.008
1478.56242 15.677 0.007
1479.57858 15.835 0.007
1484.57783 15.925 0.007
1487.60487 15.675 0.006
1490.64056 15.832 0.007
1492.54335 15.763 0.007
1495.59265 15.885 0.007
1498.55851 15.591 0.006
1502.58168 15.921 0.007
1505.64881 15.695 0.007
1509.55974 15.667 0.006
1512.66189 15.750 0.007
1516.56157 15.601 0.006
1518.63148 15.555 0.006
1520.65938 15.887 0.007
1523.57671 15.690 0.008
1526.55961 15.809 0.006
1531.66691 15.911 0.007
1540.58523 15.899 0.008
1546.58303 15.787 0.006
1551.54607 15.851 0.007
1556.58683 15.919 0.007
1567.58318 15.891 0.008
1571.57767 15.819 0.007
1576.56653 15.889 0.008
1582.57724 15.791 0.007
1585.55070 15.898 0.007
1589.55292 15.823 0.007
1599.53289 15.564 0.007
1602.52271 15.737 0.008
1607.51681 15.820 0.008
1702.88739 15.678 0.007
1703.92930 15.789 0.007
1705.93506 15.747 0.007
1716.89531 15.679 0.007
1728.88679 15.821 0.007
1731.87333 15.929 0.006
1738.91810 15.559 0.006
1740.86198 15.920 0.008
1742.86355 15.878 0.007
1743.85981 15.678 0.006
1744.87887 15.835 0.007
1749.82928 15.919 0.006
1750.85574 15.721 0.006
1751.81300 15.865 0.006
1752.82877 15.668 0.006
1753.82985 15.839 0.007
1754.80204 15.564 0.006
1755.82187 15.808 0.009
1756.85103 15.661 0.008
1757.80047 15.763 0.007
1758.80506 15.914 0.007
1759.79493 15.721 0.006
1761.83431 15.660 0.006
1762.81668 15.843 0.006
1763.82236 15.592 0.006
1764.81211 15.814 0.006
1765.80828 15.722 0.006
1766.76157 15.756 0.007
1768.77255 15.712 0.007
1769.68142 15.846 0.007
1771.77470 15.840 0.008
1772.79462 15.573 0.006
1773.76187 15.805 0.006
1775.84569 15.774 0.006
1776.78476 15.903 0.006
1784.83002 15.781 0.006
1788.73335 15.654 0.006
1803.78747 15.925 0.007
1808.79639 15.585 0.006
1811.77958 15.778 0.006
1814.82639 15.889 0.006
1817.79229 15.588 0.006
1821.59415 15.898 0.008
1823.75163 15.868 0.006
1828.83812 15.555 0.006
1829.76289 15.768 0.007
1847.78660 15.781 0.006
1854.76895 15.815 0.006
1859.73294 15.866 0.007
1863.71660 15.821 0.007
1871.77739 15.609 0.006
2090.90645 15.829 0.008
2105.90431 15.697 0.007
2106.86900 15.844 0.008
2113.84931 15.889 0.008
2116.85251 15.616 0.006
2123.79926 15.667 0.007
2127.81422 15.596 0.008
2128.80717 15.783 0.008
2129.83914 15.918 0.007
2130.86372 15.738 0.007
2131.85700 15.903 0.008
2133.87603 15.848 0.009
2134.79108 15.606 0.007
2135.82375 15.801 0.006
2136.84410 15.533 0.007
2137.79775 15.782 0.007
2140.79271 15.890 0.008
2141.82752 15.689 0.008
2142.76949 15.849 0.007
2143.80029 15.605 0.007
2144.84635 15.823 0.007
2155.86014 15.802 0.009
2156.80676 15.911 0.008
2160.73173 15.842 0.008
2162.74263 15.814 0.007
2166.73725 15.719 0.007
2167.78340 15.885 0.007
2171.72201 15.811 0.006
2172.72763 15.696 0.007
2173.70817 15.773 0.007
2177.59917 15.636 0.007
2184.68234 15.710 0.008
2185.64629 15.863 0.008
2187.70370 15.837 0.008
2188.66169 15.554 0.007
2190.67272 15.759 0.007
2191.68098 15.761 0.007
2192.64577 15.908 0.007
2193.66687 15.703 0.006
2194.63500 15.856 0.007
2195.70179 15.661 0.005
2200.61254 15.751 0.007
2201.64961 15.907 0.007
2203.70608 15.860 0.006
2211.62361 15.713 0.007
2212.62461 15.861 0.008
2213.63301 15.644 0.007
2214.61722 15.827 0.008
2215.63166 15.555 0.007
2217.61865 15.822 0.008
2219.66111 15.921 0.008
2222.62968 15.660 0.008
2224.69634 15.576 0.006
2226.61688 15.825 0.008
2228.54117 15.902 0.009
2229.59938 15.707 0.007
2231.55103 15.630 0.007
2233.59528 15.541 0.006
2235.64129 15.762 0.007
2238.52990 15.669 0.008
2240.63375 15.645 0.007
2242.60155 15.543 0.007
2244.61975 15.791 0.007
2248.58257 15.869 0.007
2250.54997 15.831 0.008
2252.60744 15.816 0.008
2255.58555 15.927 0.008
2257.60724 15.870 0.007
2262.59787 15.811 0.007
2266.58731 15.870 0.008
2272.56490 15.744 0.007
2274.55052 15.695 0.007
2277.58557 15.830 0.007
2283.58242 15.702 0.007
2290.57714 15.769 0.007
2292.58769 15.715 0.007
2294.59085 15.647 0.007
2298.56767 15.809 0.008
2300.56644 15.914 0.009
2303.54996 15.652 0.008
2445.89193 15.811 0.008
2458.93304 15.703 0.008
2463.89667 15.786 0.008
2465.90934 15.750 0.007
2467.88219 15.687 0.007
2469.88184 15.631 0.007
2470.91616 15.832 0.007
2471.92738 15.563 0.007
2473.86735 15.858 0.007
2483.83976 15.741 0.007
2486.85724 15.837 0.008
2489.90382 15.556 0.006
2492.88488 15.769 0.008
2496.88449 15.644 0.007
2497.90793 15.829 0.007
2498.91078 15.553 0.006
2499.84089 15.792 0.008
2500.84534 15.850 0.007
2501.83527 15.749 0.007
2502.81508 15.899 0.008
2503.83059 15.693 0.007
2516.75779 15.534 0.007
2517.80457 15.792 0.007
2518.77555 15.901 0.008
2519.85437 15.762 0.007
2520.77256 15.905 0.008
2521.84378 15.703 0.007
2524.84155 15.850 0.008
2526.75915 15.786 0.007
2534.81620 15.541 0.007
2535.83613 15.795 0.008
2537.68350 15.748 0.009
2538.77710 15.884 0.008
2539.68434 15.658 0.007
2541.69625 15.577 0.006
2542.66605 15.806 0.007
2544.64357 15.770 0.007
2545.65977 15.908 0.007
2547.67763 15.870 0.008
2548.69307 15.666 0.007
2550.68799 15.596 0.007
2551.67470 15.805 0.007
2552.69084 15.615 0.006
2554.68402 15.915 0.008
2555.69196 15.729 0.007
2556.67087 15.866 0.007
2557.68345 15.681 0.007
2558.63995 15.836 0.008
2559.59667 15.557 0.007
2560.62987 15.802 0.007
2561.65550 15.696 0.008
2562.64833 15.762 0.007
2563.65612 15.915 0.008
2564.67174 15.726 0.007
2565.65870 15.870 0.007
2566.64369 15.669 0.007
2568.67503 15.593 0.008
2571.62651 15.769 0.009
2572.72400 15.904 0.008
2573.64103 15.723 0.007
2574.62492 15.869 0.008
2576.62455 15.830 0.009
2577.61057 15.578 0.008
2578.60887 15.806 0.008
2579.61826 15.726 0.007
2580.63034 15.774 0.007
2583.60170 15.870 0.009
2584.60921 15.665 0.008
2587.58964 15.808 0.008
2588.61850 15.706 0.007
2589.57961 15.768 0.007
2590.59439 15.916 0.008
2591.59555 15.711 0.007
2593.58615 15.641 0.007
2594.58990 15.843 0.008
2596.56607 15.809 0.008
2597.55341 15.809 0.008
2598.60633 15.769 0.007
2599.58547 15.929 0.009
2607.60638 15.790 0.008
2610.52671 15.863 0.009
2613.51888 15.520 0.007
2615.55069 15.821 0.009
2619.53015 15.875 0.009
2621.54678 15.827 0.008
2623.59473 15.817 0.008
2626.53830 15.916 0.008
2629.54488 15.667 0.008
2635.54596 15.915 0.007
2639.52641 15.836 0.009
2641.57196 15.819 0.008
2646.55782 15.876 0.008
2650.57034 15.812 0.007
2654.53775 15.734 0.009
2656.58581 15.657 0.007
2660.53155 15.768 0.008
2664.55642 15.853 0.009
2669.52911 15.763 0.008
2673.54609 15.877 0.009
2675.56197 15.839 0.008
2678.56229 15.676 0.008
2682.52203 15.874 0.009
2777.88447 15.646 0.008
2804.89045 15.649 0.008
2810.92282 15.927 0.008
2814.92038 15.836 0.008
2817.90833 15.754 0.008
2825.88407 15.814 0.008
2830.92254 15.869 0.008
2831.76280 15.621 0.008
2832.72829 15.826 0.008
2833.84637 15.548 0.007
2834.85412 15.805 0.009
2837.85229 15.913 0.009
2839.88805 15.867 0.007
2841.86874 15.835 0.007
2844.85400 15.788 0.007
2845.89996 15.787 0.008
2848.93697 15.883 0.009
2850.87007 15.836 0.008
2851.91336 15.580 0.007
2852.78400 15.790 0.007
2853.92389 15.647 0.007
2856.79707 15.700 0.008
2858.89110 15.665 0.007
2860.85718 15.566 0.007
2861.72813 15.800 0.007
2862.90715 15.671 0.008
2863.81623 15.763 0.008
2865.85017 15.722 0.007
2866.86289 15.871 0.008
2867.84384 15.653 0.007
2868.78757 15.834 0.007
2870.79725 15.800 0.007
2872.75467 15.749 0.007
2876.75744 15.636 0.007
2877.77929 15.831 0.008
2879.78805 15.797 0.007
2883.80643 15.697 0.007
2885.74162 15.622 0.007
2888.78984 15.804 0.008
2892.78146 15.712 0.008
2894.74773 15.626 0.007
2896.74486 15.526 0.007
2898.76577 15.848 0.007
2900.72775 15.886 0.007
2902.72728 15.852 0.007
2905.73445 15.524 0.007
2907.73571 15.880 0.007
2909.72470 15.891 0.007
2911.71617 15.847 0.007
2915.68756 15.785 0.007
2917.71355 15.734 0.007
2921.71145 15.631 0.007
2923.73276 15.531 0.007
2925.69630 15.891 0.007
2927.69373 15.895 0.008
2930.71161 15.635 0.007
2932.71797 15.548 0.007
2934.69806 15.892 0.007
2937.61857 15.687 0.008
2939.71219 15.630 0.007
2940.61519 15.805 0.007
2941.60882 15.634 0.007
2942.61500 15.775 0.007
2943.56739 15.917 0.008
2944.57082 15.721 0.007
2945.58759 15.864 0.009
2947.58440 15.832 0.008
2949.57856 15.803 0.007
2951.61031 15.778 0.008
2952.63771 15.907 0.008
2954.66427 15.902 0.008
2956.61034 15.852 0.007
2958.59501 15.820 0.007
2961.57582 15.923 0.009
2965.60421 15.847 0.007
2968.57532 15.662 0.007
2970.59466 15.922 0.008
2974.57313 15.850 0.008
2976.52905 15.814 0.008
2977.59605 15.600 0.007
2979.56036 15.922 0.009
2981.60539 15.895 0.009
2987.62911 15.792 0.007
2989.55140 15.722 0.007
2992.55319 15.848 0.008
2995.59605 15.568 0.006
2998.55403 15.730 0.008
3001.55533 15.844 0.008
3004.54730 15.647 0.007
3007.55342 15.725 0.007
3010.55256 15.837 0.007
3016.56968 15.737 0.008
3019.58313 15.837 0.008
3021.59706 15.824 0.007
3023.55240 15.784 0.007
3025.54974 15.731 0.007
3027.58503 15.689 0.007
3029.55695 15.606 0.007
3031.56130 15.583 0.007
3033.56379 15.899 0.008
3036.58099 15.685 0.008
3040.54401 15.579 0.007
3160.84150 15.818 0.008
3183.89340 15.878 0.007
3193.86117 15.669 0.007
3195.92015 15.609 0.007
3197.89573 15.622 0.007
3201.85317 15.871 0.007
3203.86033 15.834 0.007
3204.92393 15.615 0.007
3210.87494 15.890 0.007
3211.90321 15.691 0.007
3215.68167 15.899 0.009
3216.70294 15.764 0.008
3217.77892 15.915 0.008
3218.88896 15.738 0.008
3223.81647 15.818 0.008
3226.80497 15.938 0.008
3229.81405 15.659 0.006
3231.76471 15.546 0.007
3239.77426 15.847 0.007
3240.76361 15.541 0.007
3241.83281 15.830 0.008
3242.69530 15.903 0.007
3243.82793 15.773 0.007
3244.80901 15.929 0.008
3245.75445 15.714 0.007
3246.75073 15.866 0.007
3247.74207 15.639 0.007
3249.70918 15.529 0.006
3251.72192 15.842 0.007
3254.70926 15.707 0.007
3256.77512 15.650 0.007
3260.68530 15.885 0.008
3262.72124 15.904 0.007
3264.67293 15.851 0.007
3266.74393 15.833 0.007
3268.67724 15.802 0.007
3270.65758 15.747 0.007
3271.64504 15.906 0.008
3272.70187 15.718 0.007
3274.68403 15.634 0.007
3276.69288 15.546 0.006
3277.72570 15.819 0.007
3279.65830 15.753 0.007
3281.61774 15.692 0.006
3283.62356 15.628 0.006
3287.58963 15.942 0.007
3289.60060 15.885 0.007
3293.57761 15.824 0.006
3295.59635 15.788 0.006
3297.57764 15.753 0.006
3299.63453 15.700 0.006
3301.60864 15.613 0.007
3303.67078 15.538 0.007
3306.60342 15.746 0.006
3308.59130 15.683 0.007
3310.59043 15.610 0.007
3312.59271 15.546 0.006
3314.54508 15.919 0.009
3320.58283 15.817 0.007
3321.57855 15.558 0.006
3327.53764 15.851 0.008
3330.53156 15.647 0.007
3335.57260 15.690 0.007
3338.57963 15.836 0.007
3349.57673 15.776 0.006
3353.55408 15.706 0.007
3360.56269 15.755 0.007
3363.53457 15.847 0.008
3367.59776 15.793 0.007
3375.53075 15.541 0.007
3378.57631 15.752 0.007
3386.54267 15.881 0.007
3390.55112 15.845 0.007
3398.53811 15.681 0.007
3402.52621 15.508 0.006
3538.93504 15.850 0.007
3547.89635 15.865 0.007
3554.90454 15.905 0.008
3561.87072 15.905 0.006
3561.92372 15.883 0.006
3564.88706 15.691 0.006
3569.90914 15.799 0.007
3570.72262 15.913 0.008
3571.77940 15.725 0.008
3573.81609 15.679 0.007
3574.86256 15.850 0.007
3577.82114 15.623 0.006
3578.87931 15.796 0.006
3581.82567 15.882 0.006
3582.81005 15.688 0.006
3583.81890 15.842 0.006
3584.79054 15.587 0.006
3586.78900 15.677 0.006
3588.79298 15.930 0.006
3591.85446 15.697 0.006
3593.82864 15.598 0.006
3596.80232 15.777 0.007
3601.79071 15.859 0.007
3607.76809 15.724 0.006
3614.76595 15.786 0.006
3617.74292 15.872 0.007
3619.67427 15.833 0.007
3621.70129 15.818 0.006
3624.80284 15.921 0.007
3626.69822 15.862 0.007
3633.67595 15.917 0.008
3636.75898 15.661 0.007
3638.65246 15.548 0.006
3641.68150 15.766 0.006
3643.70219 15.724 0.006
3646.63543 15.831 0.007
3650.64026 15.772 0.007
3651.71426 15.912 0.007
3653.68544 15.874 0.007
3655.67665 15.823 0.007
3657.60506 15.801 0.007
3658.63180 15.848 0.007
3659.62102 15.766 0.007
3661.59212 15.711 0.008
3663.57883 15.629 0.007
3665.59549 15.520 0.006
3668.55345 15.761 0.007
3669.65591 15.925 0.007
3671.60873 15.862 0.007
3673.65726 15.837 0.008
3675.63963 15.828 0.006
3683.62901 15.554 0.006
3685.63043 15.840 0.007
3687.62874 15.931 0.007
3689.57971 15.862 0.007
3692.55166 15.528 0.006
3694.54504 15.898 0.008
3696.53684 15.864 0.006
3698.57890 15.870 0.008
3700.55810 15.803 0.007
3702.56523 15.812 0.007
3704.56638 15.757 0.007
3706.57590 15.702 0.006
3708.56488 15.630 0.006
3711.57153 15.801 0.007
3713.59401 15.761 0.007
3717.56195 15.655 0.007
3721.52618 15.889 0.009
3724.53127 15.698 0.007
3726.52768 15.612 0.007
3728.53419 15.528 0.006
3734.54534 15.847 0.007
3740.55873 15.760 0.006
3746.53946 15.542 0.007
3761.58737 15.871 0.007
3765.55348 15.802 0.006
3771.56542 15.654 0.007
3776.52483 15.769 0.008
3780.54912 15.655 0.007
3871.86172 15.887 0.008
3900.94809 15.864 0.008
3905.94263 15.830 0.007
3913.90154 15.801 0.006
3917.93852 15.712 0.006
3931.88474 15.815 0.007
3933.92955 15.772 0.007
3936.85132 15.858 0.007
3938.83532 15.839 0.007
3944.88302 15.705 0.006
3946.84757 15.630 0.006
3951.87013 15.753 0.006
3955.83091 15.619 0.007
3958.81232 15.801 0.007
3960.81241 15.739 0.006
3963.80913 15.848 0.008
3965.80103 15.832 0.006
3967.82072 15.794 0.006
3969.78656 15.741 0.006
3971.76223 15.689 0.006
3974.76441 15.829 0.007
3979.71982 15.877 0.007
3980.60247 15.653 0.007
3981.62950 15.838 0.006
3983.89915 15.828 0.007
3987.76770 15.741 0.006
3990.77559 15.833 0.006
3993.71850 15.629 0.006
3995.72422 15.916 0.007
3999.73442 15.847 0.006
4002.70713 15.633 0.006
4004.65882 15.919 0.006
4006.68514 15.859 0.006
4007.54651 15.619 0.006
4008.55737 15.816 0.006
4009.68088 15.597 0.006
4013.68176 15.925 0.007
4015.66616 15.852 0.008
4017.68047 15.846 0.006
4018.71980 15.610 0.006
4019.66929 15.817 0.007
4021.66269 15.778 0.006
4024.63610 15.877 0.007
4026.61506 15.839 0.006
4028.61087 15.806 0.006
4030.62001 15.773 0.006
4032.67515 15.734 0.007
4037.63539 15.819 0.006
4039.58967 15.773 0.006
4041.58195 15.712 0.007
4043.57488 15.647 0.007
4046.56770 15.815 0.007
4048.55010 15.756 0.007
4050.59238 15.718 0.006
4052.54423 15.652 0.006
4054.59858 15.563 0.006
4056.57055 15.821 0.007
4058.57207 15.915 0.007
4061.56759 15.649 0.006
4065.51713 15.875 0.007
4068.51724 15.693 0.007
4070.53581 15.650 0.006
4073.56171 15.817 0.007
4076.62889 15.924 0.008
4078.58888 15.866 0.006
4080.59951 15.827 0.007
4085.54704 15.914 0.007
4092.54199 15.799 0.006
4096.55352 15.863 0.007
4099.59664 15.583 0.006
4104.58751 15.721 0.007
4111.57548 15.766 0.006
4120.53254 15.761 0.007
4126.55741 15.581 0.006
4252.91154 15.718 0.008
4255.82730 15.836 0.009
4268.94014 15.768 0.007
4275.90759 15.818 0.008
4279.78530 15.702 0.009
4282.79591 15.833 0.008
4283.87929 15.561 0.007
4283.93413 15.594 0.007
4285.90307 15.776 0.008
4291.92358 15.855 0.008
4293.89165 15.814 0.007
4296.87616 15.922 0.007
4297.90876 15.737 0.007
4299.84378 15.639 0.007
4300.86516 15.828 0.007
4301.88320 15.560 0.006
4302.89920 15.819 0.007
4306.84685 15.703 0.007
4307.88311 15.873 0.007
4308.64468 15.570 0.007
4308.85110 15.649 0.007
4310.82475 15.528 0.007
4311.81211 15.805 0.009
4312.88598 15.777 0.007
4314.90531 15.932 0.008
4316.81231 15.872 0.008
4319.84426 15.557 0.007
4320.90807 15.812 0.008
4326.82031 15.651 0.007
4327.79820 15.844 0.008
4328.81384 15.539 0.007
4329.81731 15.798 0.008
4330.91317 15.680 0.007
4333.87875 15.725 0.007
4338.88277 15.818 0.008
4340.75448 15.744 0.007
4341.75059 15.900 0.008
4342.77491 15.692 0.007
4343.74392 15.851 0.007
4344.72612 15.609 0.007
4345.77211 15.833 0.008
4347.76101 15.796 0.007
4349.77421 15.750 0.007
4354.74141 15.820 0.008
4356.74449 15.798 0.008
4357.68196 15.916 0.008
4359.67990 15.895 0.008
4362.64743 15.606 0.008
4365.71965 15.797 0.008
4369.63419 15.681 0.009
4372.65763 15.814 0.007
4375.62008 15.908 0.009
4377.73666 15.904 0.007
4379.62814 15.841 0.008
4380.72397 15.620 0.007
4382.66829 15.568 0.007
4386.64329 15.864 0.008
4388.64411 15.850 0.008
4390.65312 15.818 0.007
4392.67756 15.804 0.007
4395.65876 15.896 0.008
4397.69953 15.853 0.008
4400.64995 15.586 0.007
4403.63856 15.730 0.007
4407.61578 15.596 0.007
4408.64102 15.822 0.007
4410.72455 15.805 0.007
4412.68556 15.737 0.007
4416.67068 15.618 0.007
4418.67958 15.534 0.006
4421.61319 15.738 0.008
4423.69485 15.703 0.007
4425.62571 15.611 0.008
4427.63758 15.570 0.007
4429.54647 15.924 0.009
4431.55102 15.869 0.008
4433.55699 15.851 0.008
4435.54096 15.808 0.008
4437.61311 15.794 0.008
4439.54615 15.737 0.008
4441.58189 15.677 0.007
4443.60898 15.608 0.007
4449.62587 15.880 0.007
4451.58151 15.838 0.007
4453.56385 15.810 0.008
4456.56538 15.924 0.008
4458.56629 15.881 0.008
4464.55748 15.792 0.007
4472.55162 15.659 0.007
4475.57107 15.744 0.006
4478.57770 15.859 0.008
4481.55933 15.625 0.007
4484.55987 15.727 0.008
4486.60823 15.686 0.008
4502.56048 15.732 0.008
4609.87294 15.555 0.007
4638.93787 15.593 0.006
4643.86269 15.656 0.007
4648.92879 15.782 0.007
4652.92199 15.681 0.007
4656.90275 15.644 0.006
4662.75900 15.827 0.007
4663.73061 15.532 0.007
4665.80358 15.815 0.008
4666.89136 15.777 0.008
4670.88564 15.684 0.007
4671.87193 15.853 0.008
4672.85988 15.574 0.006
4675.86622 15.786 0.007
4681.85720 15.581 0.006
4683.83138 15.747 0.008
4685.83852 15.939 0.009
4687.87412 15.885 0.007
4688.78974 15.641 0.006
4689.74749 15.827 0.007
4690.71516 15.531 0.006
4691.71819 15.793 0.008
4693.87325 15.777 0.008
4696.79487 15.863 0.009
4698.73499 15.829 0.007
4700.76642 15.795 0.007
4701.72060 15.875 0.008
4701.77162 15.817 0.007
4702.83173 15.767 0.007
4703.73096 15.902 0.007
4704.74984 15.710 0.007
4705.75701 15.861 0.007
4707.74914 15.838 0.007
4708.81790 15.571 0.006
4710.73153 15.868 0.007
4716.73546 15.834 0.007
4719.72758 15.846 0.007
4721.71627 15.916 0.009
4725.70371 15.812 0.007
4728.73182 15.840 0.007
4731.73296 15.711 0.007
4734.72004 15.836 0.007
4741.68620 15.870 0.007
4747.56355 15.726 0.007
4749.57211 15.692 0.008
4753.64142 15.530 0.007
4755.63017 15.915 0.007
4757.61966 15.896 0.007
4759.63232 15.851 0.007
4761.59751 15.828 0.006
4763.61510 15.799 0.007
4766.58304 15.884 0.009
4769.62141 15.631 0.007
4771.66635 15.530 0.006
4773.65753 15.890 0.007
4775.64415 15.916 0.009
4777.57607 15.848 0.008
4779.59661 15.827 0.007
4781.56352 15.792 0.007
4783.54541 15.738 0.007
4785.57802 15.685 0.007
4786.63527 15.845 0.007
4788.59339 15.828 0.007
4790.59566 15.794 0.006
4792.57381 15.749 0.007
4794.55427 15.669 0.006
4796.62422 15.636 0.006
4798.57097 15.574 0.007
4800.61815 15.890 0.007
4802.59561 15.891 0.007
4804.61874 15.841 0.008
4806.60465 15.826 0.008
4808.52613 15.775 0.008
4810.59144 15.742 0.007
4813.57669 15.837 0.008
4815.54900 15.812 0.007
4817.56942 15.782 0.007
4819.56336 15.741 0.007
4821.64699 15.719 0.006
4824.55142 15.824 0.007
4826.60118 15.793 0.007
4832.56861 15.612 0.006
4834.59359 15.530 0.007
4837.58485 15.747 0.008
4841.56102 15.620 0.007
4843.55532 15.533 0.007
4845.55283 15.918 0.008
4846.56011 15.753 0.007
4848.60068 15.705 0.007
4850.58797 15.635 0.007
4854.56907 15.891 0.008
4862.55120 15.796 0.007
4866.55206 15.690 0.007
