2104.87644 15.429 0.006
2112.91678 15.731 0.006
2115.89281 15.696 0.007
2116.92070 15.897 0.007
2117.87910 15.300 0.006
2123.87471 15.875 0.007
2128.87462 15.595 0.007
2130.81342 15.324 0.006
2131.80644 15.486 0.006
2132.85117 15.730 0.007
2133.86369 15.882 0.007
2134.85679 15.413 0.006
2135.89114 15.671 0.006
2136.89751 15.889 0.009
2140.86024 15.260 0.006
2141.77047 15.476 0.007
2142.86696 15.728 0.007
2143.87582 15.879 0.007
2144.79540 15.389 0.006
2156.72084 15.850 0.007
2160.80004 15.435 0.006
2162.81039 15.725 0.006
2165.79788 15.668 0.007
2166.80122 15.858 0.007
2167.73449 15.203 0.006
2168.75907 15.548 0.006
2172.79735 15.719 0.006
2173.75337 15.914 0.007
2174.73712 15.350 0.006
2184.74657 15.363 0.006
2185.71001 15.633 0.007
2186.73483 15.836 0.009
2187.65483 15.188 0.006
2190.73656 15.658 0.006
2192.70495 15.709 0.006
2193.72587 15.903 0.006
2194.69697 15.329 0.006
2200.71138 15.737 0.007
2203.59962 15.870 0.007
2206.64932 15.803 0.007
2208.69342 15.520 0.006
2211.70135 15.444 0.006
2212.68794 15.695 0.007
2215.72396 15.611 0.007
2217.68311 15.175 0.006
2219.72011 15.749 0.007
2223.67446 15.884 0.007
2225.63868 15.594 0.006
2227.53280 15.441 0.007
2228.60039 15.493 0.006
2230.53847 15.911 0.007
2232.55147 15.659 0.006
2234.59349 15.271 0.006
2236.58275 15.789 0.007
2239.53025 15.718 0.007
2241.57504 15.394 0.006
2243.61340 15.865 0.007
2249.56956 15.722 0.006
2251.62351 15.407 0.006
2254.56840 15.229 0.006
2256.59462 15.797 0.007
2259.61546 15.733 0.006
2262.62195 15.672 0.007
2266.61380 15.795 0.007
2271.58872 15.404 0.006
2273.58795 15.867 0.007
2276.58262 15.789 0.007
2280.57654 15.918 0.007
2285.57249 15.566 0.006
2289.60832 15.717 0.006
2291.61357 15.393 0.006
2293.61674 15.855 0.007
2295.61345 15.572 0.006
2297.61800 15.359 0.006
2299.61265 15.716 0.007
2453.88421 15.932 0.009
2460.93090 15.810 0.009
2464.88828 15.339 0.006
2466.88177 15.835 0.009
2468.87602 15.543 0.006
2470.86701 15.893 0.007
2472.88707 15.725 0.006
2481.87261 15.463 0.007
2483.93399 15.932 0.007
2486.93482 15.848 0.007
2489.81557 15.756 0.006
2490.81308 15.943 0.009
2496.79189 15.804 0.007
2497.81906 15.340 0.006
2498.81937 15.513 0.006
2499.90441 15.766 0.007
2500.91278 15.879 0.007
2501.89932 15.436 0.006
2502.87960 15.713 0.007
2508.79020 15.504 0.007
2516.82258 15.812 0.007
2517.86960 15.275 0.006
2518.84387 15.524 0.006
2519.79514 15.743 0.006
2520.83733 15.928 0.007
2521.78793 15.404 0.006
2524.79085 15.265 0.006
2526.82280 15.818 0.006
2529.78135 15.736 0.006
2535.74095 15.579 0.006
2537.74743 15.645 0.007
2538.84794 15.511 0.007
2539.75046 15.746 0.007
2540.78814 15.949 0.007
2542.73212 15.670 0.006
2544.70719 15.225 0.006
2545.72561 15.565 0.006
2547.74376 15.647 0.006
2548.75680 15.496 0.006
2550.75192 15.945 0.007
2551.73909 15.380 0.006
2552.75446 15.674 0.006
2553.69524 15.863 0.007
2554.74759 15.235 0.006
2555.75556 15.580 0.006
2556.73480 15.792 0.007
2557.74714 15.673 0.006
2558.70366 15.469 0.006
2559.66060 15.711 0.006
2560.69373 15.930 0.007
2561.73928 15.379 0.006
2562.71193 15.654 0.007
2563.71997 15.865 0.007
2564.73634 15.232 0.006
2565.73839 15.558 0.006
2566.71734 15.778 0.007
2571.69848 15.352 0.006
2572.77308 15.661 0.007
2573.71123 15.856 0.009
2574.69096 15.206 0.006
2576.73540 15.779 0.007
2577.69365 15.817 0.007
2578.67869 15.468 0.006
2579.68888 15.727 0.007
2580.69713 15.919 0.007
2583.67337 15.845 0.007
2584.67568 15.201 0.006
2587.65384 15.876 0.007
2588.66573 15.462 0.006
2589.65879 15.724 0.007
2590.66669 15.931 0.007
2591.69444 15.360 0.006
2593.65125 15.830 0.007
2594.65777 15.215 0.006
2596.63043 15.771 0.007
2597.61930 15.916 0.009
2598.69799 15.462 0.006
2599.65853 15.708 0.007
2608.55919 15.437 0.006
2610.59581 15.912 0.009
2615.62285 15.551 0.006
2620.59321 15.908 0.007
2622.54101 15.609 0.006
2625.59439 15.515 0.007
2629.54127 15.662 0.007
2632.57933 15.586 0.006
2636.57990 15.751 0.007
2639.57503 15.685 0.006
2643.54800 15.811 0.007
2649.54638 15.665 0.006
2651.58420 15.283 0.006
2655.55106 15.510 0.007
2658.56290 15.417 0.007
2661.57956 15.271 0.006
2665.54244 15.486 0.006
2669.56858 15.664 0.007
2674.55333 15.569 0.006
2676.57347 15.729 0.006
2677.53667 15.905 0.009
2680.54393 15.877 0.009
2683.56109 15.786 0.009
2804.83903 15.211 0.006
2805.89543 15.540 0.007
2811.94847 15.362 0.007
2815.92230 15.546 0.006
2818.93018 15.453 0.006
2829.86897 15.711 0.007
2831.86150 15.306 0.006
2832.81248 15.585 0.006
2833.91109 15.827 0.007
2835.89984 15.535 0.006
2837.90552 15.849 0.009
2838.88375 15.431 0.006
2840.88896 15.900 0.007
2843.87496 15.829 0.006
2844.91629 15.193 0.006
2848.82296 15.428 0.007
2849.90100 15.688 0.007
2850.93254 15.909 0.007
2852.86117 15.600 0.007
2854.87253 15.225 0.006
2857.87986 15.883 0.007
2859.86714 15.686 0.006
2860.91951 15.904 0.007
2861.79125 15.261 0.006
2862.87733 15.610 0.007
2863.87923 15.812 0.009
2865.80169 15.494 0.006
2867.79114 15.925 0.007
2868.83179 15.414 0.006
2869.85946 15.690 0.007
2870.85987 15.886 0.007
2872.78398 15.576 0.006
2875.85113 15.510 0.006
2876.87712 15.760 0.007
2877.84953 15.916 0.007
2879.81431 15.667 0.006
2884.76438 15.510 0.006
2886.77714 15.739 0.007
2890.73611 15.862 0.009
2893.78767 15.783 0.007
2895.79853 15.480 0.006
2897.74608 15.926 0.009
2899.77842 15.662 0.006
2903.79714 15.789 0.006
2906.74589 15.724 0.006
2908.72290 15.364 0.006
2910.71777 15.849 0.007
2912.72371 15.558 0.006
2916.73636 15.720 0.006
2918.71340 15.348 0.006
2922.71298 15.533 0.006
2924.65379 15.832 0.007
2926.64791 15.711 0.007
2929.70932 15.634 0.007
2931.68521 15.189 0.006
2933.69738 15.763 0.006
2935.66029 15.442 0.006
2937.68542 15.925 0.009
2939.66362 15.619 0.006
2940.67787 15.833 0.006
2941.65360 15.202 0.006
2942.68118 15.531 0.006
2943.64994 15.764 0.007
2944.63365 15.872 0.007
2946.63225 15.690 0.007
2947.66025 15.911 0.007
2949.64108 15.591 0.006
2950.59259 15.809 0.007
2951.67350 15.206 0.006
2953.62131 15.766 0.007
2955.60627 15.429 0.007
2957.61993 15.888 0.007
2965.67682 15.428 0.006
2968.63935 15.284 0.006
2971.64711 15.206 0.006
2973.63563 15.747 0.007
2975.53243 15.391 0.006
2977.62805 15.885 0.009
2979.60834 15.595 0.007
2982.56295 15.493 0.006
2986.60422 15.678 0.006
2988.57668 15.268 0.006
2990.59550 15.798 0.007
2993.59831 15.742 0.006
2997.54185 15.862 0.007
3000.60151 15.801 0.007
3003.57698 15.736 0.007
3006.56660 15.668 0.006
3009.55994 15.574 0.007
3013.56655 15.732 0.007
3017.56102 15.868 0.007
3020.53615 15.787 0.007
3022.56360 15.490 0.006
3024.56279 15.927 0.007
3026.53280 15.652 0.007
3028.53372 15.248 0.006
3030.53680 15.776 0.007
3032.55477 15.480 0.006
3034.55429 15.926 0.007
3038.54511 15.235 0.006
3179.93642 15.645 0.006
3184.90029 15.811 0.007
3193.92336 15.771 0.006
3196.89537 15.705 0.006
3202.88331 15.524 0.006
3203.92779 15.766 0.006
3206.87070 15.714 0.006
3210.93718 15.827 0.006
3211.85333 15.238 0.006
3216.77299 15.699 0.007
3217.82291 15.886 0.007
3224.81984 15.916 0.007
3228.79776 15.267 0.006
3230.77124 15.788 0.006
3238.80233 15.266 0.006
3239.84146 15.578 0.006
3240.83864 15.822 0.007
3241.78058 15.433 0.006
3242.77124 15.491 0.006
3243.89438 15.750 0.007
3244.87310 15.905 0.007
3245.82057 15.413 0.006
3246.81745 15.683 0.006
3247.82164 15.888 0.007
3249.77513 15.574 0.006
3251.78770 15.443 0.006
3254.77381 15.918 0.006
3257.80088 15.867 0.006
3261.74680 15.584 0.006
3263.74375 15.731 0.006
3265.77142 15.393 0.006
3267.75184 15.859 0.006
3270.70556 15.777 0.006
3271.70824 15.723 0.006
3273.66673 15.699 0.007
3275.66152 15.340 0.006
3276.75557 15.638 0.006
3277.79446 15.881 0.007
3279.72598 15.537 0.006
3281.69177 15.774 0.006
3283.68618 15.717 0.006
3287.65244 15.854 0.006
3289.66730 15.534 0.006
3291.60565 15.890 0.006
3294.62222 15.909 0.006
3296.58857 15.620 0.006
3298.59643 15.234 0.006
3300.59901 15.738 0.007
3302.58003 15.436 0.006
3305.67604 15.343 0.006
3307.59256 15.834 0.007
3309.61332 15.526 0.006
3311.56886 15.914 0.007
3314.61252 15.885 0.007
3320.64579 15.744 0.006
3323.59818 15.688 0.006
3327.62626 15.831 0.007
3330.59753 15.747 0.007
3335.64214 15.309 0.006
3338.54899 15.413 0.006
3350.56030 15.731 0.006
3357.59850 15.809 0.006
3361.59676 15.918 0.007
3363.60306 15.673 0.007
3369.58001 15.498 0.006
3372.59597 15.420 0.006
3376.57202 15.586 0.006
3380.55834 15.743 0.006
3386.60517 15.590 0.006
3395.55714 15.244 0.006
3399.58097 15.483 0.006
3402.59785 15.405 0.006
3543.91403 15.710 0.006
3551.93669 15.759 0.007
3558.91862 15.209 0.006
3562.90938 15.473 0.007
3568.90095 15.209 0.006
3570.86258 15.734 0.007
3571.84907 15.918 0.007
3573.89448 15.706 0.009
3575.85429 15.308 0.006
3577.91085 15.836 0.010
3579.85176 15.514 0.006
3581.92068 15.824 0.006
3582.87309 15.432 0.006
3583.89218 15.698 0.006
3586.88245 15.603 0.006
3588.88060 15.220 0.006
3590.83922 15.753 0.006
3592.79952 15.409 0.006
3594.84030 15.898 0.006
3600.92937 15.756 0.007
3602.78819 15.415 0.006
3603.75243 15.647 0.006
3608.80905 15.374 0.006
3614.84088 15.897 0.006
3615.82661 15.287 0.006
3618.82532 15.364 0.006
3620.85179 15.746 0.006
3622.80583 15.430 0.006
3625.75177 15.231 0.006
3628.77335 15.536 0.006
3630.68879 15.733 0.007
3632.66597 15.364 0.006
3634.70094 15.851 0.007
3637.70172 15.775 0.006
3640.66800 15.703 0.006
3644.70255 15.853 0.006
3646.72007 15.561 0.006
3650.73583 15.705 0.006
3652.67729 15.332 0.006
3654.65307 15.835 0.006
3656.70628 15.493 0.006
3657.73445 15.757 0.006
3658.70799 15.743 0.006
3659.69235 15.468 0.007
3660.69802 15.720 0.006
3663.68877 15.613 0.006
3665.71705 15.220 0.006
3668.64564 15.834 0.006
3668.66814 15.839 0.006
3670.65678 15.717 0.007
3672.58949 15.306 0.006
3674.74879 15.817 0.006
3676.63509 15.509 0.006
3682.61171 15.286 0.006
3684.62902 15.822 0.006
3686.59471 15.538 0.006
3688.56768 15.945 0.007
3690.58139 15.673 0.006
3693.57851 15.590 0.006
3695.57411 15.316 0.006
3698.54970 15.921 0.009
3701.59822 15.877 0.007
3703.60885 15.584 0.006
3705.58106 15.337 0.006
3707.58149 15.735 0.007
3712.59646 15.280 0.006
3715.55468 15.418 0.006
3719.63361 15.424 0.006
3722.58056 15.268 0.006
3725.66062 15.228 0.006
3730.56381 15.681 0.006
3735.56644 15.446 0.006
3739.56614 15.399 0.006
3743.54180 15.577 0.006
3748.54566 15.915 0.009
3753.54333 15.564 0.007
3758.56523 15.916 0.007
3762.57180 15.247 0.006
3768.53178 15.921 0.007
3773.52860 15.554 0.006
3777.55454 15.720 0.006
3871.92495 15.937 0.007
3902.94184 15.355 0.006
3907.93682 15.754 0.007
3915.91267 15.195 0.006
3918.93196 15.786 0.006
3934.90165 15.835 0.006
3936.90987 15.541 0.006
3938.89409 15.863 0.006
3945.86388 15.219 0.006
3950.84564 15.704 0.006
3957.80128 15.740 0.007
3959.79976 15.423 0.006
3961.78594 15.868 0.007
3964.79312 15.798 0.006
3966.78533 15.495 0.006
3968.77888 15.912 0.007
3970.77050 15.664 0.006
3973.73987 15.558 0.006
3975.75479 15.523 0.006
3980.68732 15.637 0.006
3981.68718 15.827 0.006
3982.75151 15.235 0.006
3986.72868 15.473 0.006
3989.82574 15.425 0.006
3991.76695 15.874 0.006
3994.66793 15.768 0.006
4001.66764 15.841 0.009
4003.63937 15.543 0.006
4004.72792 15.775 0.006
4005.71319 15.700 0.006
4007.60640 15.685 0.006
4008.61542 15.896 0.007
4011.66584 15.833 0.006
4014.66377 15.779 0.007
4016.64506 15.462 0.006
4018.64139 15.904 0.006
4020.67408 15.620 0.006
4023.63079 15.520 0.007
4025.63113 15.863 0.006
4027.61926 15.697 0.006
4029.60153 15.295 0.006
4031.58848 15.814 0.006
4036.62388 15.441 0.006
4038.57820 15.883 0.006
4040.55816 15.587 0.006
4042.62754 15.217 0.006
4044.67015 15.767 0.007
4047.58159 15.682 0.006
4049.55423 15.271 0.006
4051.60375 15.824 0.006
4053.61473 15.503 0.006
4055.54395 15.922 0.007
4057.58304 15.688 0.007
4059.61755 15.285 0.006
4063.60895 15.518 0.006
4066.52383 15.395 0.006
4068.59120 15.873 0.007
4071.53233 15.789 0.009
4074.56753 15.747 0.006
4077.62022 15.693 0.009
4079.56731 15.273 0.006
4083.57481 15.504 0.006
4087.59670 15.688 0.006
4095.56058 15.923 0.006
4095.59760 15.918 0.006
4098.57964 15.879 0.007
4102.55178 15.477 0.006
4107.55588 15.671 0.006
4112.55632 15.498 0.006
4119.54585 15.235 0.006
4122.57215 15.489 0.006
4128.57227 15.868 0.006
4253.89550 15.551 0.007
4255.91411 15.754 0.007
4258.93113 15.911 0.009
4273.91750 15.562 0.007
4278.94395 15.929 0.009
4282.74399 15.409 0.006
4282.90826 15.199 0.006
4283.83499 15.526 0.007
4284.90281 15.770 0.007
4289.87388 15.319 0.006
4292.90717 15.202 0.006
4295.90110 15.842 0.007
4296.93535 15.452 0.006
4298.85437 15.906 0.007
4299.89787 15.322 0.006
4300.91971 15.616 0.006
4301.93857 15.850 0.007
4303.82925 15.544 0.006
4307.72627 15.672 0.006
4308.70005 15.873 0.007
4308.90791 15.907 0.007
4310.88000 15.622 0.007
4311.88151 15.843 0.009
4312.94178 15.200 0.006
4314.81047 15.753 0.007
4316.87017 15.446 0.006
4320.85386 15.601 0.006
4326.87825 15.444 0.006
4327.90151 15.701 0.007
4328.87151 15.896 0.007
4329.87121 15.299 0.006
4330.90216 15.626 0.006
4332.91842 15.200 0.006
4334.91169 15.767 0.009
4339.86642 15.291 0.006
4340.81867 15.586 0.006
4341.81152 15.799 0.007
4342.88578 15.232 0.006
4343.80511 15.507 0.006
4344.78728 15.716 0.006
4346.76352 15.398 0.006
4348.74925 15.874 0.007
4350.72603 15.567 0.006
4353.68418 15.472 0.006
4355.74275 15.928 0.007
4358.68609 15.848 0.007
4359.74334 15.230 0.006
4362.69369 15.734 0.007
4365.66765 15.914 0.007
4369.72446 15.220 0.006
4371.69140 15.773 0.007
4376.69480 15.359 0.006
4378.66150 15.845 0.007
4379.69276 15.215 0.006
4381.65196 15.782 0.009
4383.68045 15.464 0.006
4386.70506 15.355 0.007
4388.70535 15.844 0.007
4390.71429 15.551 0.006
4394.60190 15.700 0.007
4396.68531 15.346 0.006
4398.68841 15.844 0.007
4402.67346 15.830 0.007
4404.68992 15.703 0.007
4407.69842 15.652 0.009
4409.71402 15.201 0.007
4411.70912 15.769 0.007
4415.71300 15.919 0.007
4417.66297 15.617 0.006
4420.64941 15.528 0.006
4422.68141 15.847 0.007
4424.67849 15.711 0.007
4427.56422 15.590 0.009
4429.60736 15.277 0.006
4431.59444 15.753 0.007
4433.60036 15.444 0.006
4435.58869 15.898 0.007
4438.64875 15.829 0.007
4440.61823 15.523 0.006
4442.57970 15.929 0.009
4444.60443 15.693 0.007
4450.63688 15.528 0.007
4452.61461 15.895 0.007
4454.63482 15.697 0.007
4455.57688 15.880 0.007
4457.58577 15.601 0.007
4460.54019 15.492 0.006
4463.60372 15.427 0.006
4467.58650 15.601 0.009
4470.58592 15.496 0.006
4474.63247 15.676 0.007
4476.61080 15.272 0.006
4481.60997 15.764 0.007
4483.63713 15.421 0.006
4485.61859 15.881 0.009
4488.61920 15.799 0.009
4643.92313 15.463 0.006
4655.90529 15.913 0.007
4661.91912 15.781 0.007
4662.84270 15.882 0.006
4662.94057 15.777 0.006
4663.79142 15.415 0.006
4665.86458 15.902 0.007
4670.94650 15.555 0.007
4671.84297 15.749 0.007
4673.94503 15.461 0.007
4677.86237 15.611 0.006
4682.83678 15.911 0.007
4684.87482 15.697 0.006
4686.83476 15.300 0.006
4688.85099 15.811 0.006
4690.77634 15.502 0.006
4691.77966 15.741 0.007
4694.82595 15.688 0.007
4697.77031 15.583 0.007
4699.79133 15.398 0.006
4700.82523 15.510 0.006
4701.83291 15.754 0.007
4703.79213 15.426 0.006
4704.81083 15.684 0.006
4705.81842 15.889 0.007
4707.83584 15.593 0.006
4709.76665 15.484 0.006
4715.77524 15.875 0.007
4717.72982 15.566 0.006
4720.70872 15.477 0.006
4722.72393 15.933 0.007
4725.72913 15.870 0.007
4730.71972 15.483 0.006
4730.78244 15.504 0.006
4733.75465 15.395 0.006
4740.69721 15.477 0.006
4743.69394 15.366 0.006
4748.68270 15.777 0.006
4750.71553 15.483 0.007
4754.64110 15.631 0.007
4756.65068 15.210 0.006
4758.63091 15.764 0.007
4760.61757 15.455 0.006
4762.60736 15.919 0.007
4767.64296 15.550 0.006
4770.69122 15.469 0.007
4772.62861 15.905 0.007
4774.60410 15.601 0.006
4776.57589 15.282 0.006
4778.57722 15.764 0.006
4780.57448 15.434 0.006
4782.54739 15.897 0.007
4783.60898 15.303 0.006
4789.57509 15.910 0.007
4791.55666 15.671 0.006
4793.56402 15.286 0.006
4795.57689 15.820 0.006
4797.56905 15.527 0.006
4798.63226 15.747 0.007
4801.53353 15.681 0.006
4802.62101 15.890 0.007
4803.59289 15.292 0.006
4805.52790 15.810 0.007
4807.55465 15.514 0.006
4809.57981 15.923 0.007
4811.60168 15.692 0.007
4814.55953 15.596 0.006
4816.56168 15.404 0.006
4818.57563 15.738 0.006
4820.55362 15.426 0.006
4822.61040 15.883 0.007
4824.59523 15.594 0.006
4831.56684 15.676 0.006
4833.59469 15.276 0.006
4835.61741 15.820 0.007
4839.62043 15.918 0.007
4842.58709 15.874 0.007
4844.59757 15.595 0.006
4847.65175 15.514 0.007
4849.61172 15.921 0.007
4853.60900 15.268 0.006
4855.62221 15.797 0.007
4862.59600 15.893 0.007
4868.57818 15.731 0.007
