 466.54357 16.748 0.008
 466.55267 16.766 0.008
 466.56791 16.805 0.009
 466.59850 16.799 0.008
 466.62804 16.812 0.009
 467.54589 17.144 0.011
 467.57537 17.170 0.011
 467.60485 17.161 0.011
 467.63434 17.085 0.010
 469.55526 16.915 0.011
 469.59388 16.948 0.010
 469.62553 16.949 0.010
 471.60780 17.102 0.013
 471.62304 17.105 0.011
 472.53996 17.018 0.013
 472.55474 16.991 0.011
 472.56940 17.009 0.011
 472.58403 16.998 0.011
 622.88623 17.102 0.014
 624.91281 16.804 0.011
 625.90026 17.070 0.012
 626.87176 17.080 0.011
 627.85800 16.921 0.012
 628.89908 16.675 0.009
 629.89688 17.124 0.013
 632.86836 16.910 0.011
 633.90380 17.130 0.011
 643.86765 17.175 0.015
 647.79709 17.120 0.020
 652.84168 16.933 0.011
 657.82710 17.069 0.013
 664.87861 16.563 0.009
 666.83642 16.967 0.010
 667.85566 16.740 0.009
 668.82649 17.120 0.009
 670.79205 16.873 0.010
 671.81409 16.529 0.008
 672.81963 17.112 0.010
 673.78700 16.985 0.011
 684.74739 16.901 0.010
 685.80225 16.654 0.009
 686.70353 17.128 0.013
 687.78488 17.040 0.011
 688.72690 16.787 0.008
 689.75406 17.098 0.011
 697.72021 17.094 0.011
 698.79132 16.976 0.011
 699.69033 16.651 0.008
 700.73111 17.098 0.011
 706.69699 16.749 0.013
 712.75926 17.036 0.012
 713.74063 16.799 0.008
 714.75560 17.052 0.010
 715.72116 17.091 0.011
 716.68924 16.899 0.009
 729.68472 17.090 0.011
 730.66908 16.963 0.010
 739.65551 17.128 0.014
 741.62132 16.873 0.009
 742.59758 16.558 0.009
 744.64469 17.008 0.011
 745.59561 16.758 0.010
 746.78641 16.555 0.008
 747.65692 17.087 0.012
 750.61789 17.115 0.012
 751.62630 17.028 0.015
 752.74070 16.902 0.011
 753.67634 16.714 0.010
 759.63421 16.863 0.010
 760.65987 16.540 0.008
 761.63591 17.125 0.011
 761.74116 17.170 0.015
 762.62728 16.987 0.012
 762.65684 16.984 0.012
 763.64351 16.751 0.010
 763.75425 16.821 0.011
 766.61304 16.884 0.014
 766.71591 16.918 0.014
 767.62054 16.580 0.011
 767.68219 16.610 0.012
 769.60337 16.973 0.011
 769.67711 17.010 0.012
 770.60951 16.785 0.010
 771.64258 17.159 0.013
 772.60440 17.055 0.011
 773.60954 16.901 0.010
 773.76174 16.991 0.013
 774.60252 16.584 0.008
 776.64136 17.042 0.012
 777.61561 16.795 0.010
 778.61897 17.037 0.013
 779.64594 17.119 0.016
 779.75621 17.091 0.013
 780.64573 16.964 0.011
 781.74054 16.833 0.015
 782.62556 17.157 0.017
 782.74944 17.149 0.015
 783.54260 17.018 0.010
 784.58460 16.836 0.010
 784.67657 16.890 0.010
 785.61141 16.688 0.009
 785.75701 16.662 0.009
 786.61510 17.111 0.011
 786.63199 17.119 0.011
 787.69555 17.042 0.011
 788.62836 16.758 0.010
 788.65393 16.779 0.010
 792.55503 16.691 0.010
 795.61970 16.797 0.010
 796.54862 17.154 0.016
 796.73397 16.611 0.012
 797.70877 17.112 0.013
 798.57141 16.896 0.011
 799.70938 16.754 0.010
 800.62441 17.115 0.011
 802.68438 16.885 0.017
 805.61173 16.971 0.011
 806.62192 16.708 0.011
 808.55334 17.034 0.014
 816.68433 16.928 0.011
 817.59441 16.539 0.008
 819.55719 16.945 0.011
 820.63349 16.811 0.010
 822.55407 17.070 0.012
 824.57989 16.572 0.010
 825.65300 17.116 0.014
 828.61313 16.968 0.010
 829.57976 17.103 0.011
 832.58665 17.132 0.013
 833.60655 17.041 0.011
 834.57613 16.846 0.011
 836.55426 17.065 0.017
 838.58725 16.736 0.010
 845.54856 16.777 0.011
 855.57685 16.954 0.015
 866.52922 16.893 0.012
 966.93254 17.070 0.011
 970.90892 17.020 0.012
 987.85755 17.098 0.014
 996.92952 16.778 0.009
 998.90061 17.085 0.013
1004.79919 17.162 0.014
1020.89726 16.999 0.011
1025.93505 16.638 0.010
1037.77920 17.059 0.011
1041.78735 17.024 0.011
1045.74906 16.938 0.010
1048.73025 17.048 0.013
1055.64639 17.026 0.011
1058.85834 17.139 0.016
1059.77636 17.020 0.013
1061.72912 17.189 0.014
1064.81303 16.702 0.011
1068.71443 17.134 0.012
1072.69459 17.132 0.011
1076.67235 17.086 0.011
1078.68290 16.648 0.008
1084.63362 16.932 0.010
1087.65352 17.042 0.011
1094.64869 17.044 0.010
1110.63285 16.690 0.011
1120.57992 16.851 0.011
1126.65525 17.093 0.011
1129.55369 17.127 0.014
1135.58683 16.630 0.009
1138.63651 16.849 0.009
1140.61392 17.102 0.011
1144.67150 17.039 0.012
1162.58054 17.035 0.010
1164.69411 16.564 0.010
1170.55254 16.876 0.011
1183.71284 17.107 0.013
1185.69600 16.740 0.009
1188.69531 16.903 0.011
1202.59417 16.922 0.012
1211.56608 17.104 0.015
1217.57670 16.721 0.010
1220.57920 16.878 0.011
1229.53191 17.130 0.016
1238.52820 16.814 0.016
1330.82910 17.102 0.015
1354.90999 16.586 0.011
1360.92972 16.932 0.016
1367.84943 16.950 0.013
1394.85770 17.114 0.015
1397.81084 17.008 0.014
1401.83788 17.126 0.013
1402.92279 17.085 0.011
1412.74118 17.105 0.012
1430.73212 17.113 0.014
1435.69924 16.836 0.011
1439.66569 16.681 0.010
1460.74124 16.859 0.010
1462.64687 17.097 0.012
1470.65313 16.976 0.011
1477.57512 16.948 0.012
1481.59288 16.894 0.011
1499.56076 16.829 0.012
1502.55886 16.990 0.012
1505.62544 17.057 0.014
1508.56082 17.107 0.012
1509.53708 16.961 0.014
1512.63896 17.093 0.017
1517.61715 16.837 0.013
1543.60122 16.817 0.010
1546.61604 16.705 0.009
1555.61135 17.060 0.011
1562.58992 17.082 0.013
1569.56907 17.122 0.012
1575.59490 16.540 0.008
1580.56990 17.093 0.012
1583.57258 17.126 0.011
1587.55236 17.084 0.012
1603.54592 16.726 0.011
1608.52164 17.138 0.015
1744.85624 17.110 0.013
1745.88050 17.111 0.012
1753.80707 16.934 0.011
1755.79910 17.126 0.015
1758.78226 16.905 0.015
1761.80766 16.744 0.011
1762.79405 17.144 0.013
1764.78957 16.872 0.009
1765.78403 16.536 0.008
1766.72507 17.076 0.014
1771.82962 16.974 0.017
1772.77200 16.558 0.008
1773.73931 17.138 0.013
1776.76211 17.153 0.012
1784.73876 17.086 0.012
1788.80426 17.060 0.011
1806.75872 17.057 0.013
1808.82833 16.557 0.010
1814.80357 16.884 0.009
1817.76923 16.990 0.009
1822.64666 16.866 0.010
1826.79777 16.965 0.011
1829.74001 16.623 0.009
1846.78805 16.942 0.011
1850.74480 16.813 0.011
1854.80086 16.707 0.009
1867.74805 16.995 0.011
1871.75465 16.901 0.011
2085.90914 17.053 0.018
2086.88843 16.892 0.014
2103.89525 17.047 0.011
2105.92315 16.529 0.010
2106.89098 17.114 0.015
2112.84336 16.585 0.009
2116.87111 17.173 0.014
2123.81803 17.175 0.015
2128.82553 17.019 0.014
2129.85750 16.843 0.012
2130.84387 16.915 0.013
2131.83748 17.108 0.015
2132.80627 16.944 0.015
2133.89460 16.758 0.014
2134.81000 17.093 0.017
2135.84408 17.062 0.015
2137.89208 16.564 0.011
2140.81134 16.720 0.011
2142.75205 17.045 0.013
2143.81755 16.908 0.011
2144.82425 16.539 0.008
2155.87863 16.601 0.013
2156.82521 17.112 0.016
2160.75460 17.020 0.015
2162.76139 17.007 0.012
2166.75600 17.102 0.012
2167.76446 17.032 0.012
2168.71363 16.829 0.011
2171.73955 16.985 0.011
2172.74617 16.730 0.011
2177.63966 17.080 0.014
2184.70130 17.111 0.017
2185.66480 16.977 0.014
2186.68965 16.817 0.015
2187.68483 17.201 0.018
2188.73199 17.086 0.015
2190.69136 16.611 0.010
2191.66474 17.101 0.014
2192.66325 17.014 0.011
2193.68432 16.796 0.010
2194.65442 17.130 0.012
2203.55089 16.895 0.013
2206.60721 17.046 0.018
2211.64130 16.736 0.011
2212.64513 17.169 0.015
2213.65095 17.097 0.016
2214.64214 16.923 0.015
2215.64912 16.553 0.010
2217.63582 16.990 0.015
2219.67868 17.029 0.013
2224.71356 17.047 0.013
2226.63643 16.933 0.017
2228.55833 16.903 0.013
2229.61659 16.685 0.011
2231.64326 17.066 0.015
2232.50999 16.778 0.014
2233.61341 16.643 0.011
2235.66353 16.994 0.011
2238.54707 17.081 0.015
2240.65138 16.590 0.011
2242.61889 17.015 0.015
2248.60354 17.094 0.011
2250.57686 16.796 0.011
2253.57050 16.928 0.011
2255.60716 17.123 0.015
2258.57346 16.847 0.010
2263.58419 17.062 0.013
2266.55498 17.118 0.015
2271.56456 16.907 0.012
2273.56390 17.118 0.019
2275.59883 16.816 0.012
2276.55838 17.098 0.018
2278.59096 16.923 0.013
2280.58682 17.089 0.015
2284.58970 17.092 0.015
2290.60368 16.544 0.010
2293.56596 16.759 0.011
2295.55870 17.060 0.014
2297.56199 16.598 0.012
2299.56109 17.035 0.016
2301.55335 17.118 0.017
2445.91192 17.169 0.018
2460.87884 17.114 0.020
2463.91518 17.130 0.014
2465.92794 16.879 0.011
2467.90093 17.111 0.014
2469.90031 16.780 0.011
2471.88975 17.099 0.013
2472.91922 16.943 0.011
2473.89113 16.590 0.009
2481.90282 17.110 0.017
2483.88864 16.837 0.011
2486.88565 16.970 0.014
2488.87656 17.119 0.018
2489.92299 17.088 0.015
2492.90335 17.114 0.013
2496.90310 17.093 0.013
2497.92651 16.948 0.012
2498.77378 16.689 0.011
2499.85936 17.134 0.013
2500.86493 16.979 0.012
2501.85389 16.791 0.011
2502.83412 17.154 0.015
2508.74536 16.753 0.016
2516.77666 17.030 0.016
2517.82340 17.101 0.015
2518.79484 16.952 0.013
2519.83174 16.738 0.011
2520.79113 17.128 0.014
2521.82327 17.070 0.012
2524.82152 17.118 0.019
2526.77770 16.749 0.010
2534.83408 16.959 0.014
2535.81429 17.093 0.013
2537.70207 16.570 0.012
2538.79803 17.119 0.015
2539.70185 17.006 0.014
2540.74273 16.817 0.016
2541.71375 17.172 0.014
2542.68354 17.065 0.013
2544.66208 16.552 0.010
2545.67711 17.126 0.012
2547.69512 16.822 0.011
2548.71156 16.981 0.011
2550.70669 16.944 0.012
2551.69333 16.664 0.010
2553.64905 17.007 0.017
2554.70257 16.855 0.011
2555.71050 16.597 0.011
2556.68952 17.109 0.013
2557.70206 16.983 0.011
2558.65854 16.693 0.011
2559.61544 17.103 0.015
2560.64850 17.046 0.013
2561.67405 16.903 0.017
2562.66694 16.548 0.010
2563.67487 17.117 0.015
2564.69026 17.003 0.013
2565.68116 16.775 0.011
2566.66144 17.151 0.014
2568.69242 16.932 0.017
2571.64511 17.021 0.017
2573.65854 17.126 0.017
2574.64237 17.094 0.015
2577.62924 17.128 0.017
2578.62931 17.026 0.013
2579.63596 16.824 0.013
2580.64808 16.956 0.012
2583.61939 16.675 0.012
2584.62675 17.126 0.015
2586.62397 16.852 0.011
2587.60838 16.818 0.012
2588.71680 17.132 0.015
2589.59832 16.948 0.013
2590.61345 16.718 0.012
2591.63659 17.134 0.015
2593.60559 16.871 0.011
2594.60936 16.549 0.012
2596.58489 16.978 0.017
2597.57206 16.754 0.011
2598.64593 17.144 0.016
2599.60541 17.055 0.017
2607.62660 16.933 0.016
2610.54642 17.013 0.017
2613.54032 17.090 0.016
2615.56917 16.687 0.011
2619.55687 16.696 0.012
2621.56577 16.968 0.012
2625.54841 16.880 0.016
2628.54178 17.009 0.020
2632.54820 16.929 0.013
2636.54337 16.810 0.014
2639.54386 16.940 0.014
2642.55261 17.016 0.017
2646.56543 16.970 0.013
2651.53746 16.535 0.013
2654.55527 16.786 0.014
2657.55813 16.944 0.014
2660.55391 17.017 0.015
2671.55158 16.978 0.015
2673.56338 17.149 0.019
2676.52475 16.551 0.013
2679.53811 16.768 0.011
2682.54043 16.921 0.016
2777.90295 16.557 0.012
2804.86989 17.000 0.017
2811.90436 17.031 0.020
2814.94001 17.111 0.015
2817.92658 17.129 0.016
2831.78143 17.112 0.017
2832.74739 17.042 0.016
2832.92536 17.096 0.014
2833.86530 16.916 0.016
2835.87395 17.117 0.015
2837.87502 16.839 0.017
2838.93218 16.598 0.012
2840.82492 16.942 0.016
2843.82636 17.056 0.013
2844.87219 16.866 0.012
2845.91818 16.543 0.011
2849.85561 17.129 0.016
2850.88837 17.075 0.016
2851.93194 16.935 0.015
2852.80262 16.614 0.011
2853.94203 17.114 0.016
2856.81529 17.167 0.017
2858.90934 16.939 0.011
2860.87534 17.115 0.014
2861.74651 16.991 0.012
2862.92552 16.868 0.013
2863.83472 17.094 0.018
2865.83162 16.926 0.012
2866.88126 16.717 0.013
2867.82127 17.102 0.013
2868.76894 17.012 0.014
2869.90194 16.899 0.012
2870.81554 16.859 0.011
2871.85846 17.095 0.013
2875.79802 17.050 0.016
2876.77573 16.846 0.011
2877.79763 16.605 0.010
2879.73926 16.959 0.011
2883.82540 16.901 0.011
2885.76020 17.085 0.014
2888.80852 17.117 0.014
2892.79988 17.149 0.018
2894.72904 16.783 0.012
2896.72614 17.084 0.013
2898.74712 16.643 0.010
2900.74596 17.045 0.011
2902.74548 16.842 0.011
2905.75268 16.734 0.011
2907.75408 17.065 0.012
2909.74319 16.572 0.008
2911.73455 16.973 0.011
2915.70602 16.884 0.011
2917.73213 17.111 0.012
2921.72988 17.098 0.015
2923.75183 16.665 0.011
2925.71480 17.039 0.012
2927.71233 17.017 0.014
2930.73038 16.709 0.011
2932.73689 17.037 0.013
2934.71672 16.594 0.009
2937.64073 16.664 0.011
2939.69337 17.058 0.013
2940.63350 16.844 0.010
2941.68332 16.526 0.009
2942.63345 17.093 0.014
2943.60468 16.940 0.013
2944.58927 16.671 0.011
2945.60604 17.129 0.019
2947.61554 16.871 0.013
2949.59685 17.113 0.014
2950.64160 16.999 0.012
2951.62878 16.767 0.012
2952.65771 17.151 0.017
2954.68263 16.926 0.014
2956.62862 17.122 0.011
2958.62303 16.819 0.012
2961.59410 16.954 0.018
2968.59386 16.965 0.013
2970.61311 17.148 0.013
2972.59760 16.869 0.011
2974.59835 17.121 0.014
2976.54805 16.715 0.011
2978.57415 17.077 0.018
2980.59102 16.579 0.012
2982.53624 16.986 0.014
2984.62711 17.048 0.016
2986.63724 16.951 0.014
2988.52960 17.113 0.022
2991.60267 16.813 0.011
2994.58439 16.713 0.011
2997.55718 16.847 0.011
3001.57363 16.758 0.011
3005.53170 16.554 0.014
3008.55336 16.795 0.015
3008.55802 16.823 0.015
3011.56139 16.907 0.015
3016.58805 16.875 0.013
3018.57452 16.985 0.013
3020.60257 17.125 0.013
3021.61538 17.074 0.011
3023.57128 16.596 0.010
3025.56979 16.962 0.014
3027.60330 17.154 0.014
3029.57520 16.904 0.012
3031.57974 17.112 0.014
3033.58211 16.812 0.011
3037.52913 16.585 0.011
3164.92956 17.121 0.015
3183.91153 17.006 0.013
3193.87929 17.110 0.015
3195.93849 16.734 0.010
3197.91395 17.042 0.013
3201.87137 16.991 0.012
3203.87932 17.137 0.011
3206.81719 16.658 0.011
3210.89322 17.142 0.014
3211.88465 17.082 0.012
3215.66076 16.917 0.016
3216.72877 16.715 0.013
3217.92930 16.605 0.011
3218.91393 17.081 0.020
3223.83478 16.854 0.012
3226.82503 16.990 0.013
3229.83216 17.057 0.012
3231.81430 16.604 0.012
3239.79267 17.122 0.014
3240.78993 17.039 0.016
3241.81429 16.790 0.011
3242.71361 17.114 0.014
3243.85006 17.085 0.014
3244.82725 16.939 0.015
3245.77639 16.612 0.011
3246.76884 17.118 0.018
3247.76260 17.011 0.013
3249.72731 17.184 0.017
3251.74083 16.928 0.011
3254.72795 17.028 0.012
3257.74436 17.100 0.011
3259.66354 16.595 0.010
3261.70164 17.039 0.011
3263.68434 17.002 0.011
3265.71873 16.958 0.011
3267.70757 17.104 0.011
3269.78399 16.920 0.015
3270.74081 16.556 0.010
3271.66364 17.113 0.014
3272.72083 17.002 0.011
3274.70670 17.160 0.014
3276.71113 16.936 0.014
3277.74427 16.652 0.010
3279.67659 17.000 0.012
3281.64027 17.152 0.012
3283.64171 16.897 0.009
3287.60793 16.779 0.010
3289.61900 17.095 0.012
3293.59579 16.996 0.011
3295.61458 16.990 0.009
3297.59633 16.914 0.009
3299.65270 17.172 0.011
3301.62694 16.879 0.012
3303.68919 17.128 0.014
3306.62174 17.132 0.011
3308.60946 16.878 0.014
3310.60859 17.123 0.014
3312.65261 16.789 0.011
3314.56347 17.076 0.016
3320.60130 17.011 0.011
3327.55626 16.940 0.011
3330.55049 16.709 0.011
3335.59532 17.093 0.015
3338.59893 17.166 0.012
3349.59526 17.131 0.012
3353.57435 17.105 0.013
3359.55088 16.562 0.010
3363.55822 17.157 0.015
3367.61754 17.109 0.013
3372.54829 16.921 0.011
3376.52760 16.823 0.015
3378.59455 17.121 0.014
3386.56098 16.998 0.011
3390.57456 16.934 0.015
3398.55632 16.682 0.010
3402.54472 16.792 0.010
3528.93692 16.534 0.011
3541.92972 16.948 0.011
3547.91431 17.125 0.012
3554.92252 17.136 0.014
3560.94464 16.625 0.009
3564.90680 17.158 0.011
3568.83766 17.108 0.011
3570.77838 16.744 0.013
3571.80071 17.170 0.019
3573.83820 16.917 0.014
3574.87719 16.680 0.010
3577.83586 16.830 0.011
3578.89443 16.575 0.008
3579.79927 17.103 0.011
3581.84420 16.727 0.010
3581.86691 16.732 0.010
3582.82909 17.111 0.015
3583.83350 17.021 0.012
3586.80784 17.109 0.010
3588.82573 16.757 0.009
3589.81854 17.161 0.012
3591.87334 16.915 0.009
3593.81090 17.102 0.012
3596.89136 16.916 0.011
3601.80899 17.021 0.012
3607.81440 17.120 0.011
3614.78579 17.128 0.011
3617.76529 16.591 0.008
3619.69821 16.943 0.011
3621.71667 17.118 0.012
3624.86497 16.701 0.011
3626.71435 16.979 0.011
3629.66796 17.095 0.016
3631.73033 16.589 0.011
3633.69564 17.024 0.014
3637.64955 16.914 0.011
3639.69963 17.121 0.010
3641.69619 16.829 0.010
3643.72056 17.139 0.011
3646.65552 17.136 0.013
3650.65877 17.066 0.013
3650.68281 17.103 0.012
3651.73275 16.990 0.011
3653.72891 17.165 0.012
3655.69509 16.887 0.010
3657.64587 17.105 0.012
3658.65030 16.993 0.012
3659.63835 16.759 0.011
3660.66847 17.158 0.015
3663.55998 16.700 0.013
3665.63356 17.013 0.011
3668.57198 17.110 0.012
3669.67074 16.959 0.013
3671.62890 17.062 0.014
3673.67376 16.821 0.012
3675.65834 17.097 0.012
3683.64765 17.011 0.011
3685.65278 17.172 0.012
3687.65145 16.907 0.011
3689.59984 17.091 0.012
3692.57568 17.165 0.015
3694.55966 16.901 0.012
3696.56018 17.125 0.011
3698.59387 16.802 0.011
3700.57480 17.103 0.014
3702.58409 16.643 0.010
3704.59036 17.028 0.012
3706.61079 16.587 0.008
3708.58367 16.950 0.012
3711.59026 17.072 0.015
3714.52401 17.074 0.022
3718.60452 17.062 0.015
3721.55342 17.112 0.014
3724.56310 17.129 0.013
3726.58366 16.922 0.011
3728.55677 17.117 0.013
3734.56022 16.713 0.011
3737.57590 16.893 0.011
3742.53452 17.140 0.020
3746.55980 17.086 0.016
3751.53618 16.933 0.017
3756.55244 16.856 0.011
3761.60271 17.042 0.013
3766.52751 16.761 0.013
3772.55033 17.012 0.013
3776.55040 16.933 0.012
3871.87630 16.551 0.011
3901.93882 17.073 0.014
3906.93909 16.877 0.011
3913.91603 16.885 0.009
3918.87954 17.143 0.012
3931.91488 16.875 0.012
3934.85790 16.960 0.010
3936.86610 17.119 0.012
3938.85009 16.881 0.011
3944.89748 17.102 0.011
3946.86561 16.576 0.010
3951.88502 17.089 0.014
3955.85015 17.040 0.016
3958.82667 17.093 0.017
3960.82682 16.673 0.009
3963.82353 16.841 0.013
3965.81541 17.092 0.010
3967.83526 16.738 0.009
3969.80090 17.068 0.011
3971.77709 16.606 0.008
3974.77883 16.752 0.011
3979.73419 17.095 0.012
3980.61754 16.933 0.014
3981.64383 16.677 0.009
3983.83415 17.112 0.015
3986.69571 17.129 0.015
3987.66675 16.962 0.011
3990.79002 17.089 0.011
3993.73482 17.095 0.013
3995.74009 16.846 0.009
3999.74936 16.714 0.009
4002.72150 16.850 0.009
4004.67329 17.099 0.011
4006.69950 16.758 0.008
4007.56288 17.101 0.012
4008.57181 17.045 0.012
4009.73327 16.943 0.011
4013.69838 16.792 0.011
4015.68067 17.080 0.016
4015.69690 17.046 0.016
4018.69606 17.095 0.012
4019.68463 17.026 0.012
4021.67712 17.098 0.011
4024.65059 16.630 0.009
4026.62947 17.047 0.011
4028.62543 17.071 0.011
4030.63799 16.917 0.011
4032.69009 17.130 0.014
4037.66628 16.992 0.010
4039.60422 17.098 0.011
4041.60374 16.864 0.013
4043.58944 17.108 0.015
4046.59877 17.145 0.014
4048.56467 16.853 0.011
4050.60679 17.119 0.012
4052.55889 16.790 0.010
4054.61307 17.083 0.012
4056.58516 16.633 0.010
4058.61871 17.048 0.012
4060.51755 17.117 0.014
4064.51518 17.121 0.013
4066.55665 16.855 0.011
4069.51502 16.953 0.017
4073.59859 16.914 0.013
4077.52194 16.726 0.012
4079.52388 17.059 0.017
4082.52384 17.115 0.017
4085.56155 17.002 0.011
4092.55760 16.594 0.008
4096.58355 17.138 0.012
4100.58634 17.102 0.015
4105.55417 16.909 0.012
4108.53042 17.050 0.015
4113.60831 16.730 0.010
4120.57914 16.767 0.010
4126.57697 17.011 0.016
4252.92626 17.028 0.017
4255.84555 17.087 0.017
4268.89906 16.522 0.011
4275.92119 16.600 0.011
4279.79887 17.150 0.022
4282.80943 16.531 0.011
4283.86237 17.150 0.017
4285.91669 16.868 0.013
4291.93747 17.091 0.016
4292.85599 16.858 0.011
4295.86004 16.977 0.011
4296.88980 16.776 0.011
4297.92266 17.156 0.013
4299.85747 16.887 0.011
4300.87896 16.572 0.009
4301.89697 17.100 0.011
4302.91858 17.042 0.013
4306.86321 16.926 0.015
4307.89749 16.662 0.009
4308.65864 17.069 0.015
4308.86662 17.107 0.013
4310.83897 16.815 0.012
4311.82652 17.088 0.020
4312.90040 17.116 0.012
4314.91987 16.733 0.011
4316.82641 17.034 0.014
4319.86359 17.113 0.016
4320.89045 16.996 0.014
4326.83432 17.125 0.014
4327.81259 16.999 0.016
4328.82822 16.780 0.011
4329.83076 17.169 0.015
4330.85900 17.087 0.013
4333.86030 17.128 0.015
4338.90068 17.010 0.016
4340.77316 17.126 0.014
4341.76831 17.030 0.015
4342.82417 16.839 0.012
4343.76181 17.094 0.014
4344.74396 17.096 0.013
4345.78995 16.929 0.011
4347.77884 17.118 0.013
4349.79203 16.864 0.011
4351.72913 17.071 0.017
4353.75235 16.726 0.013
4357.70122 16.727 0.012
4359.69915 16.961 0.011
4361.70171 17.161 0.016
4362.72443 17.081 0.016
4364.58347 17.095 0.017
4367.68098 16.767 0.013
4370.67263 16.890 0.012
4372.73610 17.108 0.012
4376.65149 17.080 0.015
4378.61807 16.563 0.011
4379.64603 17.096 0.015
4380.75888 17.071 0.012
4382.68633 16.782 0.011
4386.66139 17.125 0.013
4388.66187 16.865 0.011
4390.67086 17.116 0.012
4393.64464 17.157 0.015
4395.67952 16.915 0.012
4398.64496 17.010 0.014
4400.66784 17.158 0.016
4403.69363 16.683 0.011
4407.63372 17.050 0.015
4408.67990 17.110 0.016
4410.70284 16.748 0.011
4415.68697 17.112 0.013
4418.59364 17.124 0.013
4422.65487 17.117 0.014
4424.65193 16.801 0.011
4427.53863 16.865 0.013
4429.56456 17.112 0.020
4431.56900 16.778 0.012
4433.57486 17.083 0.013
4435.56321 16.589 0.010
4437.65225 17.045 0.017
4439.56412 17.049 0.016
4441.59995 16.964 0.013
4443.59068 17.139 0.016
4449.64470 16.813 0.011
4451.59983 17.085 0.012
4453.58181 16.537 0.011
4456.58324 16.781 0.014
4459.53574 16.911 0.015
4464.57543 16.947 0.012
4465.54136 17.090 0.015
4470.56029 16.868 0.014
4474.59679 16.776 0.013
4476.57493 17.079 0.013
4479.59974 17.162 0.017
4481.58441 16.775 0.011
4484.60109 16.925 0.017
4487.62265 17.041 0.018
4609.89594 17.101 0.017
4643.88061 16.682 0.011
4649.93082 17.020 0.013
4661.89396 16.652 0.010
4662.77668 17.116 0.012
4662.89360 17.106 0.013
4663.74837 16.980 0.014
4663.93227 17.053 0.014
4665.82132 17.152 0.017
4665.91527 16.642 0.012
4666.90913 17.112 0.017
4670.90358 17.059 0.013
4671.81782 16.820 0.012
4672.87754 16.563 0.009
4675.89515 16.775 0.011
4681.87488 16.999 0.011
4683.87013 17.181 0.014
4685.85625 16.901 0.012
4688.80759 17.012 0.011
4690.73315 17.135 0.012
4691.73602 17.063 0.016
4693.89111 16.728 0.012
4696.84103 16.861 0.016
4698.75286 17.094 0.011
4699.74687 16.925 0.012
4700.78438 16.670 0.010
4701.78958 17.091 0.014
4702.84972 17.067 0.014
4703.74876 16.822 0.011
4704.76761 16.818 0.011
4705.77485 17.092 0.015
4707.76752 16.709 0.009
4708.83578 17.140 0.011
4710.75175 16.862 0.010
4716.75326 17.107 0.013
4719.74543 17.170 0.017
4721.73439 16.817 0.012
4724.76409 16.915 0.012
4726.65976 17.114 0.016
4729.67074 17.154 0.017
4731.76099 16.978 0.011
4734.74331 17.048 0.011
4736.70809 16.737 0.011
4739.64937 16.682 0.011
4741.72395 17.081 0.011
4747.59056 17.138 0.014
4749.59013 16.864 0.014
4753.65929 16.793 0.014
4755.65321 17.091 0.013
4757.63765 16.579 0.009
4759.65027 17.028 0.012
4761.62054 17.142 0.011
4763.63318 16.927 0.014
4766.60140 17.017 0.014
4769.63947 17.085 0.015
4771.55054 16.644 0.011
4773.67535 17.096 0.012
4775.66219 16.570 0.011
4777.59594 16.968 0.012
4779.63153 17.180 0.015
4781.58145 16.874 0.012
4783.56507 17.103 0.015
4785.59617 16.791 0.011
4789.53158 16.581 0.011
4790.61380 17.128 0.011
4791.61210 17.016 0.011
4793.51623 17.111 0.016
4795.53328 16.924 0.011
4797.52548 17.135 0.015
4798.58878 17.069 0.016
4800.63607 16.539 0.009
4803.52739 16.674 0.011
4804.57757 17.190 0.017
4806.58659 16.869 0.012
4808.54482 17.104 0.015
4808.61232 17.096 0.014
4810.55526 16.765 0.011
4813.59461 16.920 0.013
4815.57074 17.129 0.016
4817.58728 16.834 0.011
4819.58688 17.091 0.013
4821.62878 16.729 0.009
4823.58957 17.058 0.013
4825.61801 16.535 0.010
4832.59113 16.559 0.010
4835.57295 16.786 0.013
4839.59446 16.644 0.011
4842.56152 16.814 0.013
4844.57001 17.094 0.013
4847.62632 17.142 0.021
4849.58618 16.852 0.011
4853.58361 16.757 0.011
4856.57754 16.897 0.011
4865.55067 17.112 0.015
4936.91655 16.787 0.013
4940.89923 16.579 0.011
4940.90309 16.575 0.010
4953.89694 16.975 0.014
4954.88836 16.711 0.010
