 466.55841 15.728 0.006
 466.57364 15.723 0.006
 466.60426 15.718 0.006
 466.63379 15.738 0.006
 467.55166 15.129 0.005
 467.58111 15.129 0.005
 467.61058 15.121 0.005
 467.64009 15.123 0.005
 469.56104 15.560 0.006
 469.59964 15.575 0.006
 469.63128 15.572 0.006
 471.61358 15.124 0.005
 471.62878 15.145 0.005
 472.54575 15.364 0.006
 472.56048 15.406 0.006
 472.57516 15.364 0.005
 472.58980 15.371 0.006
 622.89232 15.289 0.006
 624.91887 15.668 0.006
 625.90633 15.651 0.006
 626.87783 15.278 0.006
 627.86407 15.492 0.006
 628.90515 15.656 0.006
 629.90293 15.607 0.006
 631.93389 15.513 0.006
 632.87442 15.661 0.007
 633.90986 15.548 0.006
 635.90469 15.511 0.006
 643.87372 15.525 0.006
 645.84543 15.487 0.006
 647.80316 15.513 0.007
 649.80054 15.514 0.006
 656.86091 15.697 0.006
 657.83319 15.352 0.006
 658.87347 15.338 0.006
 663.77976 15.527 0.007
 664.88469 15.706 0.006
 665.83194 15.217 0.005
 666.84250 15.348 0.006
 667.86174 15.543 0.006
 668.83254 15.710 0.006
 670.79810 15.351 0.006
 671.82016 15.541 0.006
 672.82571 15.698 0.006
 673.79308 15.180 0.006
 684.75349 15.715 0.006
 685.80834 15.124 0.006
 687.79097 15.582 0.006
 697.72630 15.120 0.006
 698.79740 15.379 0.006
 699.69643 15.563 0.006
 701.70941 15.120 0.006
 704.73744 15.746 0.007
 706.70310 15.402 0.007
 707.74066 15.581 0.006
 708.76481 15.741 0.007
 712.76537 15.770 0.006
 713.74673 15.145 0.005
 714.76170 15.413 0.006
 715.72727 15.585 0.006
 716.69534 15.751 0.006
 726.69553 15.410 0.006
 728.68866 15.780 0.006
 729.69082 15.187 0.006
 730.67520 15.404 0.006
 733.64165 15.171 0.006
 739.66164 15.588 0.006
 741.62744 15.189 0.005
 742.60369 15.424 0.006
 744.65078 15.789 0.006
 745.60173 15.195 0.006
 746.79250 15.467 0.006
 747.66304 15.622 0.006
 748.62475 15.792 0.006
 749.63015 15.210 0.006
 750.62397 15.434 0.006
 751.63243 15.608 0.006
 752.74682 15.765 0.007
 753.68245 15.232 0.006
 759.64033 15.622 0.006
 760.66597 15.766 0.006
 761.64204 15.249 0.006
 761.74728 15.254 0.006
 762.63340 15.453 0.006
 762.66295 15.457 0.006
 763.64960 15.624 0.006
 765.58166 15.238 0.006
 766.61914 15.466 0.006
 766.72202 15.493 0.007
 767.62665 15.641 0.007
 767.68830 15.647 0.008
 769.60948 15.256 0.006
 769.68320 15.279 0.006
 770.61563 15.471 0.006
 771.64869 15.654 0.006
 772.61054 15.761 0.006
 773.61567 15.262 0.006
 773.76786 15.307 0.006
 774.60865 15.478 0.006
 775.56654 15.633 0.006
 776.64747 15.701 0.006
 777.62172 15.267 0.006
 778.62508 15.486 0.006
 779.65205 15.650 0.006
 779.76233 15.661 0.006
 780.65186 15.664 0.006
 781.56621 15.261 0.006
 781.74666 15.317 0.006
 782.63173 15.485 0.006
 782.76107 15.511 0.006
 783.54870 15.638 0.006
 784.59070 15.696 0.006
 785.61752 15.279 0.006
 786.62120 15.492 0.006
 787.70165 15.681 0.006
 788.63450 15.611 0.006
 788.66005 15.561 0.006
 790.58319 15.495 0.006
 792.56114 15.656 0.006
 795.62581 15.682 0.006
 796.55474 15.632 0.007
 796.74006 15.342 0.008
 797.71487 15.335 0.006
 798.57755 15.518 0.006
 799.71549 15.699 0.006
 800.63052 15.430 0.006
 802.69052 15.544 0.007
 806.62802 15.532 0.006
 808.55946 15.454 0.006
 816.69044 15.152 0.006
 817.60052 15.339 0.006
 819.56329 15.685 0.006
 820.63961 15.153 0.005
 822.56016 15.547 0.006
 824.58598 15.170 0.006
 825.65911 15.359 0.006
 828.61928 15.126 0.005
 829.58588 15.351 0.006
 832.59275 15.140 0.006
 833.61264 15.365 0.006
 834.58223 15.544 0.006
 836.56035 15.127 0.006
 838.59333 15.570 0.006
 840.60309 15.115 0.006
 845.55449 15.382 0.006
 850.57798 15.575 0.006
 855.58297 15.750 0.007
 859.57077 15.757 0.007
 866.53530 15.583 0.006
 962.93910 15.790 0.007
 966.93858 15.780 0.007
 970.91500 15.790 0.007
 976.89562 15.463 0.006
 986.85004 15.764 0.007
 987.86360 15.254 0.006
 991.93190 15.277 0.006
 996.93561 15.498 0.006
 998.90666 15.653 0.006
1004.80529 15.479 0.006
1006.83386 15.680 0.006
1020.90335 15.523 0.006
1035.75607 15.327 0.006
1037.78528 15.696 0.006
1041.79344 15.694 0.006
1045.75517 15.693 0.006
1055.65246 15.332 0.006
1058.86445 15.134 0.006
1059.78244 15.365 0.006
1061.73519 15.703 0.006
1064.81911 15.566 0.006
1068.72053 15.559 0.006
1072.70067 15.563 0.006
1076.67843 15.563 0.006
1081.70155 15.733 0.006
1084.63974 15.560 0.006
1087.65963 15.373 0.006
1090.71602 15.155 0.006
1092.74813 15.586 0.006
1094.65480 15.153 0.005
1106.71984 15.199 0.005
1110.63896 15.201 0.006
1116.59743 15.594 0.006
1120.58604 15.608 0.006
1126.66135 15.229 0.006
1129.55978 15.786 0.007
1132.54286 15.612 0.006
1135.59296 15.458 0.006
1138.64262 15.258 0.005
1140.62001 15.629 0.006
1144.67760 15.641 0.006
1151.55721 15.475 0.006
1155.55881 15.490 0.006
1159.55425 15.490 0.006
1162.58666 15.291 0.005
1164.70023 15.689 0.006
1170.55863 15.297 0.006
1178.66872 15.338 0.006
1182.68059 15.350 0.006
1183.71895 15.558 0.006
1185.70213 15.171 0.005
1191.58519 15.561 0.006
1202.60029 15.340 0.006
1205.55171 15.126 0.006
1211.57217 15.539 0.007
1217.58280 15.104 0.006
1220.58530 15.729 0.006
1229.53804 15.132 0.006
1238.53427 15.413 0.008
1327.91845 15.775 0.008
1330.83514 15.585 0.006
1335.88690 15.778 0.007
1340.90643 15.224 0.006
1348.94250 15.252 0.006
1354.91605 15.646 0.006
1360.93578 15.257 0.006
1365.93199 15.492 0.006
1367.85549 15.729 0.007
1374.92760 15.673 0.007
1394.86375 15.694 0.008
1395.89523 15.344 0.006
1397.81689 15.522 0.007
1401.84393 15.539 0.006
1402.92888 15.717 0.006
1407.85194 15.239 0.006
1412.74726 15.326 0.006
1417.90562 15.547 0.006
1430.73822 15.712 0.008
1432.74893 15.349 0.006
1435.70532 15.147 0.006
1439.67181 15.152 0.006
1442.67549 15.740 0.006
1447.75069 15.120 0.006
1451.68692 15.126 0.006
1455.70662 15.135 0.006
1460.74735 15.396 0.006
1462.65298 15.735 0.007
1470.65923 15.761 0.006
1471.77837 15.200 0.006
1472.64646 15.401 0.006
1475.65214 15.156 0.006
1477.58121 15.586 0.006
1481.59897 15.580 0.006
1484.64793 15.432 0.006
1487.64301 15.194 0.006
1490.68180 15.786 0.007
1492.58144 15.409 0.006
1495.53824 15.185 0.006
1499.56686 15.201 0.006
1502.56497 15.780 0.007
1505.63156 15.625 0.006
1508.56694 15.450 0.006
1509.54323 15.611 0.006
1512.64509 15.472 0.006
1515.61979 15.260 0.006
1517.62328 15.627 0.006
1520.61043 15.474 0.006
1524.55815 15.471 0.006
1526.59825 15.733 0.007
1531.64985 15.291 0.006
1543.60733 15.311 0.006
1546.62216 15.460 0.006
1551.58395 15.315 0.006
1555.61743 15.339 0.006
1562.59603 15.265 0.006
1569.57519 15.699 0.006
1575.60102 15.354 0.006
1580.57599 15.554 0.006
1583.57866 15.368 0.006
1587.55845 15.370 0.006
1597.54392 15.724 0.007
1603.55202 15.395 0.006
1608.52774 15.587 0.006
1703.91261 15.607 0.006
1705.91815 15.206 0.006
1716.87851 15.790 0.007
1717.88890 15.216 0.006
1729.92459 15.272 0.005
1732.89439 15.754 0.006
1740.84541 15.737 0.006
1742.89317 15.481 0.006
1744.86234 15.711 0.006
1745.88654 15.278 0.006
1749.86700 15.295 0.006
1750.83891 15.501 0.006
1751.85076 15.660 0.006
1752.81209 15.686 0.006
1753.81316 15.283 0.006
1754.83982 15.486 0.006
1755.80516 15.647 0.007
1756.83464 15.628 0.008
1757.78384 15.278 0.006
1758.78833 15.502 0.006
1759.83270 15.658 0.006
1761.81375 15.303 0.006
1762.80012 15.498 0.006
1763.80313 15.683 0.006
1764.79563 15.590 0.006
1765.79009 15.288 0.006
1766.73113 15.497 0.006
1768.81025 15.506 0.006
1769.71963 15.278 0.006
1771.83568 15.683 0.007
1772.77805 15.506 0.006
1776.76819 15.466 0.006
1784.74483 15.400 0.006
1788.81034 15.224 0.006
1803.77068 15.725 0.006
1806.76480 15.561 0.006
1808.83443 15.129 0.006
1811.76282 15.720 0.006
1814.80967 15.571 0.006
1817.77531 15.393 0.006
1822.65278 15.558 0.006
1826.80389 15.577 0.006
1829.74617 15.392 0.006
1846.79417 15.612 0.006
1850.75090 15.603 0.007
1854.80698 15.613 0.006
1858.73085 15.609 0.006
1862.72974 15.615 0.006
1867.75421 15.789 0.006
1871.76079 15.747 0.006
2085.90914 15.782 0.008
2086.88843 15.219 0.006
2103.89525 15.465 0.006
2105.92315 15.732 0.007
2106.89098 15.258 0.006
2112.84336 15.632 0.006
2116.87111 15.653 0.006
2123.81803 15.489 0.006
2128.82553 15.671 0.007
2129.85750 15.611 0.006
2130.84387 15.296 0.006
2131.83748 15.506 0.006
2132.80627 15.657 0.007
2133.89460 15.477 0.007
2134.81000 15.300 0.006
2135.84408 15.507 0.006
2137.89208 15.424 0.006
2140.81134 15.670 0.007
2142.75205 15.294 0.006
2143.81755 15.531 0.006
2144.82425 15.673 0.006
2155.87863 15.546 0.007
2156.82521 15.689 0.007
2160.75460 15.688 0.007
2162.76139 15.338 0.006
2166.75600 15.341 0.006
2167.76446 15.539 0.006
2168.71363 15.697 0.007
2171.73955 15.535 0.006
2172.74617 15.704 0.006
2177.63966 15.288 0.006
2184.70130 15.710 0.007
2185.66480 15.160 0.006
2186.68965 15.356 0.006
2187.68483 15.542 0.007
2188.73199 15.718 0.007
2190.69136 15.367 0.006
2191.66474 15.546 0.006
2192.66325 15.722 0.006
2193.68432 15.119 0.005
2194.65442 15.359 0.006
2203.55089 15.542 0.006
2206.60721 15.383 0.007
2211.64130 15.570 0.006
2212.64513 15.755 0.007
2213.65095 15.147 0.006
2214.64214 15.399 0.006
2215.64912 15.590 0.006
2217.63582 15.153 0.006
2219.67868 15.588 0.006
2224.71356 15.788 0.007
2226.63643 15.406 0.007
2228.55833 15.763 0.007
2229.61659 15.171 0.006
2231.64326 15.602 0.006
2232.50999 15.750 0.008
2233.61341 15.184 0.006
2235.66353 15.607 0.006
2238.54707 15.406 0.006
2240.65138 15.785 0.007
2242.61889 15.436 0.006
2248.60354 15.787 0.006
2250.57686 15.431 0.006
2253.57050 15.222 0.006
2255.60716 15.632 0.006
2258.57346 15.453 0.005
2263.58419 15.623 0.006
2266.55498 15.475 0.006
2271.56456 15.625 0.006
2273.56390 15.271 0.006
2275.59883 15.657 0.007
2276.55838 15.716 0.008
2278.59096 15.489 0.006
2280.58682 15.691 0.007
2284.58970 15.629 0.006
2290.60368 15.506 0.006
2293.56596 15.306 0.006
2295.55870 15.685 0.007
2297.56199 15.321 0.006
2299.56109 15.663 0.007
2301.55335 15.313 0.006
2445.91192 15.596 0.007
2460.87884 15.437 0.007
2463.91518 15.238 0.006
2465.92794 15.630 0.006
2467.90093 15.243 0.006
2469.90031 15.630 0.006
2471.88975 15.240 0.006
2472.91922 15.466 0.006
2473.89113 15.632 0.006
2481.90282 15.641 0.007
2483.88864 15.261 0.006
2486.88565 15.716 0.007
2488.87656 15.479 0.007
2489.92299 15.663 0.007
2492.90335 15.492 0.006
2496.90310 15.500 0.006
2497.92651 15.679 0.006
2498.77378 15.743 0.007
2499.85936 15.295 0.006
2500.86493 15.505 0.006
2501.85389 15.669 0.006
2502.83412 15.637 0.007
2508.74536 15.476 0.007
2516.77666 15.519 0.007
2517.82340 15.682 0.007
2518.79484 15.498 0.006
2519.83174 15.324 0.006
2520.79113 15.519 0.006
2521.82327 15.689 0.006
2524.82152 15.547 0.007
2526.77770 15.406 0.006
2534.83408 15.191 0.006
2535.81429 15.334 0.006
2537.70207 15.676 0.008
2538.79803 15.186 0.006
2539.70185 15.315 0.006
2540.74273 15.528 0.007
2541.71375 15.686 0.006
2542.68354 15.332 0.006
2544.66208 15.525 0.006
2545.67711 15.694 0.006
2547.69512 15.339 0.006
2548.71156 15.535 0.006
2550.70669 15.185 0.006
2551.69333 15.337 0.006
2553.64905 15.700 0.008
2554.70257 15.150 0.006
2555.71050 15.361 0.006
2556.68952 15.543 0.006
2557.70206 15.715 0.006
2558.65854 15.164 0.006
2559.61544 15.345 0.006
2560.64850 15.542 0.006
2561.67405 15.698 0.008
2562.66694 15.134 0.006
2563.67487 15.362 0.006
2564.69026 15.561 0.006
2565.68116 15.726 0.007
2566.66144 15.111 0.006
2568.69242 15.559 0.007
2571.64511 15.375 0.007
2573.65854 15.754 0.007
2574.64237 15.123 0.006
2577.62924 15.728 0.008
2578.62931 15.113 0.006
2579.63596 15.377 0.006
2580.64808 15.571 0.006
2583.61939 15.378 0.006
2584.62675 15.580 0.006
2586.62397 15.141 0.006
2587.60838 15.393 0.006
2588.71680 15.582 0.006
2589.59832 15.750 0.007
2590.61345 15.144 0.006
2591.63659 15.403 0.006
2593.60559 15.760 0.007
2594.60936 15.161 0.006
2596.58489 15.582 0.007
2597.57206 15.762 0.007
2598.64593 15.164 0.006
2599.60541 15.409 0.006
2607.62660 15.415 0.007
2610.54642 15.177 0.006
2613.54032 15.772 0.007
2615.56917 15.429 0.006
2619.55687 15.430 0.006
2621.56577 15.792 0.007
2625.54841 15.785 0.008
2628.54178 15.603 0.008
2632.54820 15.610 0.007
2636.54337 15.623 0.007
2639.54386 15.450 0.006
2642.55261 15.251 0.006
2646.56543 15.252 0.006
2651.53746 15.477 0.007
2654.55527 15.283 0.006
2657.55813 15.665 0.007
2660.55391 15.650 0.007
2671.55158 15.515 0.007
2673.56338 15.466 0.007
2676.52475 15.675 0.008
2679.53811 15.526 0.006
2682.54043 15.338 0.006
2777.90295 15.351 0.007
2804.86989 15.126 0.006
2811.90436 15.761 0.008
2814.94001 15.600 0.007
2817.92658 15.419 0.006
2831.78143 15.771 0.008
2832.74739 15.158 0.006
2832.92536 15.213 0.006
2833.86530 15.427 0.007
2835.87395 15.777 0.007
2837.87502 15.447 0.007
2838.93218 15.626 0.008
2840.82492 15.219 0.006
2843.82636 15.779 0.006
2844.87219 15.233 0.006
2845.91818 15.462 0.007
2849.85561 15.468 0.006
2850.88837 15.635 0.007
2851.93194 15.725 0.008
2852.80262 15.226 0.006
2853.94203 15.474 0.006
2856.81529 15.248 0.006
2858.90934 15.655 0.006
2860.87534 15.264 0.006
2861.74651 15.458 0.006
2862.92552 15.674 0.007
2863.83472 15.732 0.008
2865.83162 15.482 0.006
2866.88126 15.670 0.007
2867.82127 15.724 0.006
2868.76894 15.268 0.006
2869.90194 15.504 0.006
2870.81554 15.650 0.006
2871.85846 15.660 0.006
2875.79802 15.692 0.008
2876.77573 15.281 0.006
2877.79763 15.492 0.006
2879.73926 15.706 0.006
2883.82540 15.553 0.006
2885.76020 15.513 0.006
2888.80852 15.308 0.006
2892.79988 15.321 0.006
2894.72904 15.674 0.007
2896.72614 15.304 0.006
2898.74712 15.674 0.006
2900.74596 15.314 0.006
2902.74548 15.676 0.006
2905.75268 15.526 0.006
2907.75408 15.326 0.006
2909.74319 15.535 0.006
2911.73455 15.306 0.006
2915.70602 15.294 0.006
2917.73213 15.537 0.006
2921.72988 15.536 0.006
2923.75183 15.140 0.006
2925.71480 15.546 0.006
2927.71233 15.143 0.006
2930.73038 15.726 0.007
2932.73689 15.356 0.006
2934.71672 15.724 0.006
2937.64073 15.549 0.006
2939.69337 15.117 0.006
2940.63350 15.363 0.006
2941.68332 15.566 0.006
2942.63345 15.717 0.007
2943.60468 15.132 0.006
2944.58927 15.354 0.006
2945.60604 15.552 0.007
2947.61554 15.132 0.006
2949.59685 15.548 0.006
2950.64160 15.728 0.007
2951.62878 15.125 0.006
2952.65771 15.377 0.006
2954.68263 15.749 0.007
2956.62862 15.379 0.006
2958.62303 15.733 0.007
2961.59410 15.586 0.008
2968.59386 15.409 0.006
2970.61311 15.762 0.007
2972.59760 15.407 0.006
2974.59835 15.778 0.007
2976.54805 15.402 0.006
2978.57415 15.764 0.008
2980.59102 15.415 0.007
2982.53624 15.758 0.007
2984.62711 15.425 0.006
2986.63724 15.780 0.007
2988.52960 15.413 0.007
2991.60267 15.207 0.006
2994.58439 15.788 0.007
2997.55718 15.606 0.006
3001.57363 15.619 0.007
3005.53170 15.616 0.008
3008.55336 15.452 0.007
3008.55802 15.453 0.007
3011.56139 15.253 0.006
3016.58805 15.474 0.006
3018.57452 15.740 0.007
3020.60257 15.481 0.006
3021.61538 15.655 0.006
3023.57128 15.276 0.006
3025.56979 15.645 0.007
3027.60330 15.292 0.006
3029.57520 15.665 0.006
3031.57974 15.296 0.006
3033.58211 15.670 0.006
3037.52913 15.653 0.007
3164.92956 15.734 0.007
3183.91153 15.590 0.006
3193.87929 15.175 0.006
3195.93849 15.604 0.006
3197.91395 15.204 0.006
3201.87137 15.199 0.006
3203.87932 15.599 0.006
3206.81719 15.423 0.006
3210.89322 15.442 0.006
3211.88465 15.620 0.006
3215.66076 15.594 0.007
3216.72877 15.781 0.008
3217.92930 15.254 0.006
3218.91393 15.476 0.007
3223.83478 15.632 0.007
3226.82503 15.458 0.006
3229.83216 15.258 0.006
3231.81430 15.643 0.008
3239.79267 15.636 0.006
3240.78993 15.744 0.007
3241.81429 15.277 0.006
3242.71361 15.474 0.006
3243.85006 15.648 0.007
3244.82725 15.673 0.007
3245.77639 15.284 0.006
3246.76884 15.491 0.007
3247.76260 15.647 0.006
3249.72731 15.268 0.006
3251.74083 15.636 0.006
3254.72795 15.482 0.006
3257.74436 15.281 0.006
3259.66354 15.649 0.006
3261.70164 15.283 0.006
3263.68434 15.652 0.006
3265.71873 15.297 0.006
3267.70757 15.660 0.006
3269.78399 15.333 0.006
3270.74081 15.521 0.006
3271.66364 15.662 0.006
3272.72083 15.507 0.006
3274.70670 15.516 0.006
3276.71113 15.469 0.006
3277.74427 15.327 0.006
3279.67659 15.679 0.006
3281.64027 15.303 0.006
3283.64171 15.668 0.006
3287.60793 15.681 0.006
3289.61900 15.318 0.006
3293.59579 15.328 0.005
3295.61458 15.689 0.006
3297.59633 15.323 0.005
3299.65270 15.696 0.006
3301.62694 15.344 0.006
3303.68919 15.708 0.006
3306.62174 15.539 0.006
3308.60946 15.195 0.006
3310.60859 15.549 0.006
3312.65261 15.128 0.006
3314.56347 15.540 0.006
3320.60130 15.120 0.006
3327.55626 15.722 0.006
3330.55049 15.563 0.006
3335.59532 15.740 0.007
3338.59893 15.585 0.006
3349.59526 15.414 0.006
3353.57435 15.414 0.006
3359.55088 15.765 0.007
3363.55822 15.783 0.007
3367.61754 15.787 0.006
3372.54829 15.213 0.006
3376.52760 15.225 0.006
3378.59455 15.627 0.006
3386.56098 15.639 0.006
3390.57456 15.647 0.007
3398.55632 15.627 0.006
3402.54472 15.649 0.006
3528.93692 15.559 0.006
3541.92972 15.743 0.006
3547.91431 15.394 0.006
3554.92252 15.156 0.006
3560.94464 15.597 0.006
3564.90680 15.592 0.006
3568.83766 15.596 0.006
3570.77838 15.170 0.006
3571.80071 15.415 0.006
3573.83820 15.773 0.007
3574.87719 15.210 0.006
3577.83586 15.771 0.006
3578.89443 15.216 0.005
3579.79927 15.416 0.006
3581.84420 15.796 0.006
3581.86691 15.789 0.006
3582.82909 15.218 0.006
3583.83350 15.427 0.006
3586.80784 15.202 0.005
3588.82573 15.613 0.006
3589.81854 15.782 0.006
3591.87334 15.450 0.005
3593.81090 15.780 0.006
3596.89136 15.640 0.006
3601.80899 15.758 0.006
3607.81440 15.469 0.006
3614.78579 15.267 0.005
3617.76529 15.737 0.006
3619.69821 15.467 0.006
3621.71667 15.752 0.006
3624.86497 15.659 0.007
3626.71435 15.273 0.006
3629.66796 15.731 0.007
3631.73033 15.486 0.006
3633.69564 15.677 0.006
3637.64955 15.722 0.006
3639.69963 15.495 0.006
3641.69619 15.608 0.006
3643.72056 15.501 0.006
3646.65552 15.297 0.006
3650.65877 15.300 0.006
3650.68281 15.303 0.006
3651.73275 15.523 0.006
3653.72891 15.381 0.006
3655.69509 15.518 0.006
3657.64587 15.475 0.006
3658.65030 15.308 0.006
3659.63835 15.526 0.006
3660.66847 15.668 0.006
3663.55998 15.505 0.006
3665.63356 15.379 0.006
3668.57198 15.679 0.006
3669.67074 15.257 0.006
3671.62890 15.544 0.006
3673.67376 15.202 0.006
3675.65834 15.544 0.006
3683.64765 15.547 0.006
3685.65278 15.126 0.005
3687.65145 15.558 0.006
3689.59984 15.132 0.006
3692.57568 15.717 0.006
3694.55966 15.375 0.006
3696.56018 15.707 0.006
3698.59387 15.370 0.006
3700.57480 15.725 0.006
3702.58409 15.378 0.006
3704.59036 15.738 0.006
3706.61079 15.389 0.006
3708.58367 15.745 0.007
3711.59026 15.575 0.007
3714.52401 15.386 0.007
3718.60452 15.406 0.006
3721.55342 15.156 0.006
3724.56310 15.767 0.006
3726.58366 15.415 0.006
3728.55677 15.754 0.006
3734.56022 15.416 0.006
3737.57590 15.201 0.006
3742.53452 15.446 0.007
3746.55980 15.432 0.006
3751.53618 15.603 0.007
3756.55244 15.782 0.007
3761.60271 15.277 0.006
3766.52751 15.459 0.006
3772.55033 15.707 0.006
3776.55040 15.694 0.006
3871.87630 15.559 0.007
3901.93882 15.566 0.006
3906.93909 15.739 0.006
3913.91603 15.574 0.006
3918.87954 15.749 0.006
3931.91488 15.167 0.006
3934.85790 15.761 0.006
3936.86610 15.410 0.006
3938.85009 15.761 0.006
3944.89748 15.426 0.006
3946.86561 15.769 0.006
3951.88502 15.217 0.006
3955.85015 15.207 0.006
3958.82667 15.788 0.007
3960.82682 15.440 0.006
3963.82353 15.226 0.006
3965.81541 15.615 0.006
3967.83526 15.229 0.005
3969.80090 15.610 0.006
3971.77709 15.227 0.005
3974.77883 15.770 0.007
3979.73419 15.240 0.006
3980.61754 15.427 0.006
3981.64383 15.614 0.006
3983.83415 15.268 0.006
3986.69571 15.785 0.007
3987.66675 15.226 0.005
3990.79002 15.706 0.006
3993.73482 15.646 0.006
3995.74009 15.278 0.005
3999.74936 15.292 0.006
4002.72150 15.694 0.006
4004.67329 15.483 0.006
4006.69950 15.682 0.006
4007.56288 15.257 0.006
4008.57181 15.470 0.006
4009.73327 15.672 0.006
4013.69838 15.668 0.006
4015.68067 15.302 0.006
4015.69690 15.298 0.006
4018.69606 15.558 0.006
4019.68463 15.319 0.006
4021.67712 15.677 0.006
4024.65059 15.506 0.006
4026.62947 15.545 0.006
4028.62543 15.501 0.006
4030.63799 15.475 0.006
4032.69009 15.531 0.006
4037.66628 15.692 0.006
4039.60422 15.323 0.006
4041.60374 15.679 0.007
4043.58944 15.322 0.006
4046.59877 15.314 0.006
4048.56467 15.534 0.006
4050.60679 15.238 0.006
4052.55889 15.537 0.006
4054.61307 15.191 0.006
4056.58516 15.536 0.006
4058.61871 15.143 0.005
4060.51755 15.534 0.006
4064.51518 15.541 0.006
4066.55665 15.150 0.006
4069.51502 15.698 0.008
4073.59859 15.723 0.006
4077.52194 15.727 0.007
4079.52388 15.385 0.006
4082.52384 15.120 0.006
4085.56155 15.739 0.006
4092.55760 15.574 0.006
4096.58355 15.584 0.006
4100.58634 15.602 0.006
4105.55417 15.763 0.007
4108.53042 15.586 0.006
4113.60831 15.792 0.006
4120.57914 15.610 0.006
4126.57697 15.247 0.006
4252.92626 15.338 0.006
4255.84555 15.675 0.007
4268.89906 15.175 0.006
4275.92119 15.714 0.007
4279.79887 15.712 0.008
4282.80943 15.537 0.006
4283.86237 15.729 0.007
4285.91669 15.386 0.006
4291.93747 15.752 0.007
4292.85599 15.120 0.006
4295.86004 15.743 0.006
4296.88980 15.139 0.006
4297.92266 15.399 0.006
4299.85747 15.745 0.006
4300.87896 15.147 0.006
4301.89697 15.402 0.006
4302.91858 15.586 0.006
4306.86321 15.585 0.007
4307.89749 15.767 0.006
4308.65864 15.123 0.006
4308.86662 15.171 0.006
4310.83897 15.587 0.007
4311.82652 15.762 0.008
4312.90040 15.189 0.006
4314.91987 15.602 0.007
4316.82641 15.178 0.006
4319.86359 15.771 0.008
4320.89045 15.201 0.006
4326.83432 15.604 0.006
4327.81259 15.780 0.008
4328.82822 15.187 0.006
4329.83076 15.432 0.006
4330.85900 15.622 0.006
4333.86030 15.444 0.006
4338.90068 15.643 0.007
4340.77316 15.218 0.006
4341.76831 15.442 0.006
4342.82417 15.633 0.007
4343.76181 15.779 0.007
4344.74396 15.221 0.006
4345.78995 15.444 0.006
4347.77884 15.780 0.007
4349.79203 15.457 0.006
4351.72913 15.770 0.008
4353.75235 15.454 0.007
4357.70122 15.457 0.007
4359.69915 15.783 0.006
4361.70171 15.453 0.006
4362.72443 15.627 0.007
4364.58347 15.228 0.006
4367.68098 15.758 0.007
4370.67263 15.635 0.007
4372.73610 15.276 0.006
4376.65149 15.268 0.006
4378.61807 15.637 0.007
4379.64603 15.731 0.007
4380.75888 15.299 0.006
4382.68633 15.657 0.007
4386.66139 15.662 0.006
4388.66187 15.296 0.006
4390.67086 15.661 0.006
4393.64464 15.496 0.006
4395.67952 15.526 0.006
4398.64496 15.667 0.007
4400.66784 15.313 0.006
4403.69363 15.378 0.006
4407.63372 15.441 0.006
4408.67990 15.323 0.006
4410.70284 15.702 0.007
4415.68697 15.208 0.006
4418.59364 15.685 0.006
4422.65487 15.705 0.007
4424.65193 15.342 0.006
4427.53863 15.312 0.006
4429.56456 15.541 0.008
4431.56900 15.205 0.006
4433.57486 15.546 0.006
4435.56321 15.163 0.006
4437.65225 15.566 0.007
4439.56412 15.149 0.006
4441.59995 15.554 0.007
4443.59068 15.131 0.006
4449.64470 15.586 0.006
4451.59983 15.124 0.006
4453.58181 15.562 0.007
4456.58324 15.395 0.006
4459.53574 15.136 0.006
4464.57543 15.403 0.006
4465.54136 15.577 0.006
4470.56029 15.735 0.008
4474.59679 15.776 0.008
4476.57493 15.413 0.006
4479.59974 15.207 0.006
4481.58441 15.600 0.006
4484.60109 15.435 0.007
4487.62265 15.231 0.006
4609.89594 15.623 0.007
4643.88061 15.537 0.006
4649.93082 15.120 0.006
4661.89396 15.122 0.006
4662.77668 15.359 0.006
4662.89360 15.375 0.006
4663.74837 15.551 0.006
4663.93227 15.577 0.006
4665.82132 15.123 0.006
4665.91527 15.133 0.006
4666.90913 15.397 0.006
4670.90358 15.394 0.006
4671.81782 15.573 0.006
4672.87754 15.752 0.006
4675.89515 15.574 0.006
4681.87488 15.167 0.006
4683.87013 15.587 0.006
4685.85625 15.173 0.006
4688.80759 15.768 0.006
4690.73315 15.399 0.006
4691.73602 15.588 0.006
4693.89111 15.203 0.006
4696.84103 15.772 0.008
4698.75286 15.407 0.006
4699.74687 15.589 0.006
4700.78438 15.775 0.006
4701.78958 15.197 0.006
4702.84972 15.438 0.006
4703.74876 15.595 0.006
4704.76761 15.775 0.006
4705.77485 15.210 0.006
4707.76752 15.599 0.006
4708.83578 15.781 0.006
4710.75175 15.432 0.006
4716.75326 15.785 0.007
4719.74543 15.616 0.006
4721.73439 15.235 0.006
4724.76409 15.779 0.007
4726.65976 15.440 0.006
4729.67074 15.238 0.006
4731.76099 15.635 0.006
4734.74331 15.469 0.006
4736.70809 15.756 0.007
4739.64937 15.611 0.007
4741.72395 15.265 0.006
4747.59056 15.632 0.006
4749.59013 15.252 0.006
4753.65929 15.272 0.006
4755.65321 15.649 0.006
4757.63765 15.279 0.006
4759.65027 15.652 0.006
4761.62054 15.283 0.006
4763.63318 15.653 0.007
4766.60140 15.496 0.006
4769.63947 15.309 0.006
4771.55054 15.658 0.007
4773.67535 15.307 0.006
4775.66219 15.682 0.007
4777.59594 15.305 0.006
4779.63153 15.676 0.006
4781.58145 15.313 0.006
4783.56507 15.668 0.007
4785.59617 15.317 0.006
4789.53158 15.327 0.006
4790.61380 15.532 0.006
4791.61210 15.701 0.006
4793.51623 15.316 0.006
4795.53328 15.680 0.006
4797.52548 15.321 0.006
4798.58878 15.534 0.007
4800.63607 15.154 0.006
4803.52739 15.695 0.007
4804.57757 15.191 0.006
4806.58659 15.553 0.006
4808.54482 15.181 0.006
4808.61232 15.131 0.006
4810.55526 15.552 0.006
4813.59461 15.362 0.006
4815.57074 15.719 0.007
4817.58728 15.366 0.006
4819.58688 15.735 0.006
4821.62878 15.385 0.006
4823.58957 15.734 0.006
4825.61801 15.390 0.006
4832.59113 15.142 0.006
4835.57295 15.754 0.007
4839.59446 15.752 0.007
4842.56152 15.591 0.006
4844.57001 15.162 0.006
4847.62632 15.779 0.008
4849.58618 15.431 0.006
4853.58361 15.425 0.006
4856.57754 15.193 0.006
4865.55067 15.433 0.006
4936.91655 15.427 0.008
4940.89923 15.423 0.006
4940.90309 15.429 0.006
4953.89694 15.619 0.006
4954.88836 15.785 0.006
