 627.85132 15.889 0.007
 628.89240 15.567 0.006
 629.89021 15.748 0.007
 631.92115 15.531 0.006
 632.86166 15.643 0.007
 633.89709 15.802 0.007
 635.89195 15.560 0.006
 643.86096 15.689 0.007
 645.83269 15.816 0.007
 647.79039 15.751 0.008
 649.78780 15.524 0.007
 652.83500 15.899 0.007
 656.84815 15.545 0.006
 657.82041 15.642 0.007
 658.86072 15.820 0.008
 663.76697 15.722 0.007
 664.87189 15.618 0.007
 665.81918 15.763 0.005
 666.82974 15.942 0.007
 667.84896 15.517 0.006
 668.81978 15.692 0.006
 670.78536 15.847 0.007
 671.80740 15.589 0.006
 672.81295 15.746 0.006
 673.78033 15.913 0.007
 684.74071 15.940 0.007
 685.79557 15.548 0.006
 686.69683 15.683 0.007
 687.77819 15.865 0.007
 688.72023 15.763 0.006
 689.74738 15.608 0.006
 697.71350 15.732 0.007
 698.78461 15.903 0.007
 699.68365 15.547 0.006
 700.72443 15.650 0.007
 701.69666 15.804 0.007
 704.72463 15.716 0.007
 706.69029 15.664 0.007
 707.72786 15.628 0.007
 708.75201 15.783 0.007
 712.75255 15.864 0.007
 713.73392 15.739 0.006
 714.74890 15.612 0.006
 715.71446 15.778 0.007
 716.68254 15.911 0.007
 726.66516 15.802 0.007
 728.67587 15.543 0.006
 729.67800 15.702 0.007
 730.66237 15.867 0.007
 733.62886 15.782 0.007
 739.64883 15.592 0.007
 741.61462 15.908 0.007
 742.59087 15.524 0.006
 744.63799 15.823 0.007
 745.58892 15.930 0.007
 746.77973 15.593 0.006
 747.65020 15.743 0.007
 748.61193 15.898 0.007
 749.61732 15.590 0.007
 750.61116 15.643 0.007
 751.61957 15.798 0.007
 752.73399 15.928 0.007
 753.66962 15.551 0.007
 759.62746 15.934 0.007
 760.65313 15.539 0.006
 761.62918 15.681 0.006
 761.73444 15.691 0.007
 762.62056 15.831 0.007
 762.65012 15.853 0.007
 763.63678 15.802 0.007
 763.74753 15.703 0.007
 764.72348 15.630 0.007
 765.56885 15.737 0.007
 766.60629 15.922 0.007
 766.70918 15.925 0.007
 767.61383 15.520 0.007
 767.67545 15.530 0.007
 767.77607 15.517 0.007
 769.59666 15.815 0.007
 769.67038 15.825 0.007
 770.60279 15.914 0.007
 771.63586 15.574 0.006
 772.59771 15.723 0.007
 773.60280 15.880 0.007
 773.75502 15.902 0.007
 774.59581 15.601 0.006
 775.55371 15.637 0.006
 776.63461 15.790 0.007
 777.60888 15.944 0.007
 778.61228 15.544 0.007
 779.63916 15.720 0.007
 779.74948 15.725 0.007
 780.63902 15.874 0.007
 781.55335 15.739 0.007
 781.73169 15.599 0.007
 782.61674 15.621 0.007
 782.74272 15.625 0.007
 783.53590 15.766 0.007
 784.57783 15.930 0.007
 785.60470 15.526 0.006
 785.75027 15.536 0.006
 786.60837 15.679 0.006
 787.68881 15.858 0.007
 788.62165 15.801 0.007
 788.64719 15.780 0.007
 790.57034 15.755 0.007
 792.54830 15.514 0.006
 795.61299 15.923 0.007
 796.54188 15.560 0.007
 796.72726 15.577 0.007
 797.70204 15.747 0.007
 798.56469 15.884 0.007
 799.70264 15.525 0.006
 800.61762 15.637 0.006
 802.67768 15.941 0.008
 805.60500 15.861 0.007
 806.61519 15.671 0.007
 808.54660 15.795 0.007
 816.67759 15.921 0.007
 817.58767 15.514 0.006
 819.55047 15.813 0.007
 820.62677 15.896 0.007
 822.54734 15.714 0.007
 824.57313 15.589 0.007
 825.64626 15.642 0.007
 828.60643 15.551 0.006
 829.57303 15.702 0.007
 832.57993 15.610 0.006
 833.59980 15.774 0.007
 834.56940 15.932 0.007
 836.54753 15.678 0.007
 838.58050 15.833 0.007
 840.59026 15.740 0.007
 845.54199 15.920 0.007
 850.56512 15.641 0.007
 855.57013 15.828 0.007
 859.55793 15.951 0.007
 866.52251 15.916 0.007
 962.92636 15.900 0.007
 966.92585 15.920 0.007
 970.90224 15.623 0.007
 976.88288 15.848 0.007
 986.83723 15.739 0.007
 987.85087 15.895 0.007
 991.91889 15.924 0.007
 996.92281 15.635 0.006
 998.89392 15.951 0.007
1004.79250 15.751 0.007
1006.82111 15.513 0.006
1020.89058 15.597 0.007
1025.92836 15.703 0.007
1035.74329 15.561 0.006
1037.77249 15.884 0.007
1041.78066 15.934 0.007
1045.74237 15.722 0.007
1048.72355 15.944 0.007
1052.76642 15.832 0.007
1055.63971 15.892 0.007
1058.85167 15.844 0.007
1059.76965 15.920 0.007
1061.72243 15.728 0.007
1064.80632 15.644 0.007
1068.70772 15.696 0.007
1072.68785 15.773 0.006
1076.66565 15.833 0.007
1078.67620 15.602 0.006
1081.68875 15.520 0.006
1084.62693 15.943 0.007
1087.64682 15.870 0.007
1090.70321 15.788 0.007
1092.73531 15.552 0.006
1094.64201 15.848 0.007
1102.61217 15.911 0.007
1106.70703 15.528 0.006
1110.62613 15.549 0.007
1116.58461 15.929 0.007
1120.57319 15.849 0.007
1126.64853 15.829 0.007
1129.54699 15.722 0.007
1132.53005 15.624 0.007
1135.58012 15.544 0.006
1138.62980 15.647 0.006
1140.60723 15.776 0.006
1144.66478 15.854 0.007
1151.54437 15.816 0.007
1155.54599 15.890 0.007
1159.54144 15.946 0.007
1162.57384 15.859 0.007
1164.68741 15.614 0.006
1170.54582 15.839 0.007
1178.65587 15.579 0.006
1182.66777 15.653 0.006
1183.70612 15.827 0.007
1185.68926 15.562 0.006
1188.68861 15.579 0.006
1191.57235 15.931 0.007
1202.58744 15.907 0.007
1205.53888 15.878 0.007
1211.55934 15.707 0.007
1217.56998 15.520 0.007
1220.57245 15.785 0.007
1229.52518 15.718 0.007
1238.52147 15.714 0.008
1327.90572 15.593 0.008
1330.82242 15.937 0.008
1335.87416 15.613 0.007
1340.89366 15.835 0.007
1348.92971 15.902 0.007
1354.90331 15.788 0.007
1360.92304 15.608 0.007
1365.91925 15.839 0.007
1367.84275 15.585 0.007
1374.91480 15.574 0.007
1394.85098 15.913 0.007
1395.88246 15.514 0.007
1397.80417 15.806 0.007
1401.83120 15.885 0.007
1402.91609 15.554 0.006
1407.83917 15.694 0.007
1412.73447 15.918 0.007
1417.89281 15.601 0.007
1430.72543 15.938 0.008
1432.73612 15.675 0.007
1435.69257 15.585 0.007
1439.65898 15.628 0.007
1442.66266 15.556 0.006
1447.73788 15.805 0.008
1451.67410 15.857 0.007
1455.69381 15.943 0.007
1460.73454 15.594 0.007
1462.64016 15.913 0.007
1470.64639 15.625 0.007
1471.77319 15.645 0.007
1472.63361 15.776 0.007
1475.63935 15.691 0.007
1477.56841 15.819 0.007
1481.58619 15.509 0.007
1484.63507 15.873 0.007
1487.63021 15.896 0.007
1490.66894 15.809 0.007
1492.56860 15.539 0.007
1495.52539 15.723 0.007
1499.55404 15.524 0.007
1502.55216 15.836 0.007
1505.61871 15.917 0.007
1508.55407 15.814 0.007
1509.53036 15.912 0.007
1512.63224 15.913 0.007
1515.60688 15.807 0.007
1517.61035 15.553 0.006
1520.59760 15.654 0.007
1524.54531 15.523 0.007
1526.58545 15.853 0.007
1531.63702 15.516 0.007
1543.59450 15.708 0.007
1546.60934 15.621 0.006
1551.57110 15.837 0.007
1555.60464 15.923 0.007
1562.58321 15.887 0.007
1569.56234 15.865 0.007
1575.58816 15.687 0.006
1580.56318 15.909 0.007
1583.56584 15.830 0.007
1587.54563 15.904 0.007
1597.53111 15.776 0.007
1603.53922 15.596 0.007
1608.51494 15.819 0.007
1701.89675 15.916 0.007
1703.89988 15.665 0.007
1705.90537 15.906 0.007
1716.86578 15.709 0.007
1717.87615 15.604 0.007
1718.86216 15.775 0.008
1729.91181 15.837 0.007
1732.88159 15.729 0.007
1740.83267 15.851 0.007
1742.88043 15.611 0.007
1744.84953 15.940 0.007
1745.87379 15.526 0.006
1749.85421 15.595 0.006
1750.82616 15.755 0.007
1751.83797 15.908 0.007
1752.79933 15.536 0.006
1753.80037 15.645 0.007
1754.82706 15.803 0.007
1755.79242 15.941 0.007
1756.82189 15.555 0.007
1757.77107 15.704 0.007
1758.77559 15.859 0.007
1759.81994 15.606 0.007
1761.80095 15.782 0.007
1762.78736 15.950 0.007
1763.79037 15.530 0.006
1764.78285 15.693 0.006
1765.77736 15.853 0.007
1766.71839 15.811 0.007
1768.79747 15.761 0.007
1769.70685 15.922 0.007
1771.82293 15.667 0.007
1772.76531 15.815 0.007
1773.73262 15.905 0.007
1776.75542 15.880 0.007
1784.73208 15.674 0.007
1788.79757 15.541 0.006
1803.75787 15.635 0.006
1806.75202 15.553 0.006
1808.82163 15.886 0.007
1811.75002 15.778 0.006
1814.79686 15.697 0.007
1817.76251 15.604 0.006
1822.63996 15.814 0.007
1826.79105 15.905 0.007
1829.73331 15.803 0.007
1846.78130 15.672 0.007
1850.73809 15.738 0.007
1854.79413 15.816 0.007
1858.71801 15.878 0.007
1862.71689 15.945 0.007
1867.74132 15.603 0.007
1871.74788 15.671 0.006
2090.91009 15.915 0.008
2105.90800 15.764 0.007
2106.87266 15.599 0.007
2113.85299 15.581 0.007
2116.85618 15.566 0.007
2123.80297 15.724 0.007
2128.81086 15.689 0.007
2129.84280 15.854 0.007
2130.86743 15.798 0.007
2131.86068 15.604 0.007
2132.79103 15.745 0.007
2133.87969 15.931 0.008
2134.79477 15.539 0.007
2135.82746 15.671 0.006
2136.84778 15.837 0.007
2137.80614 15.930 0.007
2140.79640 15.889 0.007
2141.83120 15.584 0.007
2142.77289 15.630 0.007
2143.80368 15.798 0.007
2144.85414 15.950 0.007
2155.86384 15.781 0.008
2156.81048 15.590 0.007
2160.73544 15.666 0.007
2162.74635 15.941 0.007
2166.74094 15.637 0.007
2167.78710 15.633 0.007
2172.73134 15.852 0.007
2173.71189 15.778 0.007
2184.68608 15.563 0.007
2185.65000 15.632 0.007
2187.70741 15.937 0.008
2188.66540 15.551 0.007
2190.67644 15.866 0.007
2191.68606 15.681 0.007
2192.64916 15.601 0.006
2193.67027 15.783 0.007
2194.63842 15.942 0.007
2200.61595 15.755 0.007
2203.70948 15.675 0.006
2211.62702 15.798 0.007
2212.62802 15.945 0.007
2213.63641 15.541 0.007
2214.62061 15.711 0.007
2215.63505 15.870 0.007
2217.62205 15.619 0.007
2219.66450 15.937 0.007
2224.69973 15.605 0.007
2226.62028 15.902 0.008
2228.54454 15.644 0.007
2229.60277 15.817 0.007
2231.55444 15.555 0.007
2233.59868 15.863 0.007
2235.64469 15.631 0.007
2238.53331 15.534 0.007
2242.60493 15.607 0.007
2244.62312 15.947 0.007
2248.58593 15.857 0.007
2250.55334 15.745 0.007
2252.61082 15.530 0.007
2255.58892 15.943 0.007
2257.61062 15.721 0.007
2262.60125 15.950 0.007
2266.59068 15.720 0.007
2272.56828 15.838 0.007
2274.55389 15.587 0.007
2277.58892 15.520 0.006
2283.58576 15.890 0.007
2290.58486 15.871 0.007
2292.59103 15.611 0.007
2294.59425 15.939 0.008
2296.56044 15.680 0.007
2298.57107 15.867 0.008
2300.56983 15.750 0.007
2303.55335 15.661 0.007
2445.89533 15.575 0.007
2458.93668 15.949 0.007
2463.90033 15.598 0.007
2465.91302 15.928 0.007
2467.88584 15.658 0.007
2469.88549 15.877 0.007
2470.91979 15.580 0.007
2471.93106 15.743 0.007
2473.87102 15.542 0.006
2483.84343 15.948 0.007
2486.86091 15.854 0.008
2489.90749 15.777 0.007
2492.88857 15.665 0.007
2496.88818 15.741 0.007
2497.91163 15.916 0.007
2498.91446 15.520 0.006
2499.84456 15.634 0.007
2500.84903 15.806 0.007
2501.83897 15.951 0.007
2502.81878 15.544 0.007
2503.83427 15.711 0.006
2516.76148 15.522 0.007
2517.80830 15.669 0.007
2518.77925 15.826 0.007
2519.85808 15.882 0.007
2520.77627 15.565 0.007
2521.84748 15.750 0.007
2524.84526 15.644 0.007
2526.76283 15.959 0.007
2534.81965 15.525 0.007
2535.83984 15.697 0.007
2537.68720 15.887 0.008
2538.78082 15.611 0.007
2539.68780 15.752 0.007
2540.70622 15.923 0.008
2541.69971 15.547 0.007
2542.66949 15.638 0.007
2544.64730 15.948 0.007
2545.66323 15.559 0.007
2547.68109 15.886 0.007
2548.69676 15.650 0.007
2550.69171 15.784 0.007
2551.67838 15.955 0.007
2552.69454 15.531 0.006
2554.68773 15.853 0.007
2555.69568 15.772 0.007
2556.67458 15.604 0.007
2557.68715 15.761 0.007
2558.64365 15.923 0.007
2560.63358 15.657 0.007
2561.65921 15.818 0.008
2563.65986 15.581 0.007
2564.67544 15.741 0.007
2565.66216 15.908 0.007
2566.64713 15.582 0.007
2568.67851 15.808 0.008
2571.63025 15.718 0.008
2572.72748 15.874 0.008
2573.64449 15.677 0.007
2574.62836 15.612 0.007
2577.61401 15.525 0.007
2578.61232 15.689 0.007
2579.62174 15.850 0.007
2580.63378 15.815 0.007
2583.60516 15.924 0.008
2584.61266 15.514 0.007
2587.59333 15.932 0.007
2588.62222 15.571 0.007
2589.58330 15.728 0.007
2590.59808 15.905 0.008
2591.59927 15.578 0.007
2593.58985 15.799 0.007
2594.59361 15.955 0.008
2596.56978 15.701 0.007
2597.55711 15.866 0.008
2598.61003 15.698 0.007
2599.58916 15.617 0.007
2607.61006 15.762 0.008
2613.52250 15.554 0.007
2615.55430 15.891 0.007
2619.53377 15.964 0.009
2621.55047 15.702 0.007
2623.59837 15.713 0.007
2626.54194 15.927 0.007
2629.54831 15.841 0.008
2635.54939 15.656 0.007
2639.52982 15.713 0.008
2641.57557 15.586 0.007
2646.53843 15.703 0.008
2650.57394 15.782 0.007
2654.54115 15.841 0.008
2656.58920 15.578 0.007
2660.53494 15.654 0.007
2664.55981 15.725 0.007
2669.53697 15.963 0.007
2673.54946 15.742 0.008
2675.56536 15.783 0.007
2678.56568 15.706 0.008
2682.52558 15.753 0.008
2777.88803 15.589 0.007
2804.89401 15.919 0.009
2810.92639 15.724 0.007
2814.92392 15.791 0.007
2817.91192 15.707 0.007
2825.88767 15.830 0.008
2830.92616 15.537 0.007
2831.76639 15.634 0.007
2832.73188 15.789 0.007
2833.84995 15.943 0.009
2834.85851 15.565 0.007
2837.85589 15.635 0.008
2839.89164 15.791 0.007
2841.87235 15.546 0.007
2844.85760 15.761 0.007
2848.94059 15.533 0.007
2850.87371 15.837 0.007
2851.91699 15.824 0.007
2852.78762 15.573 0.007
2853.92751 15.760 0.007
2856.80067 15.641 0.007
2858.89473 15.926 0.007
2860.86080 15.722 0.007
2861.73177 15.850 0.007
2862.91078 15.577 0.007
2863.81986 15.616 0.007
2865.85378 15.931 0.007
2866.86652 15.544 0.007
2867.84748 15.684 0.007
2868.79121 15.843 0.007
2870.80087 15.596 0.007
2872.75829 15.921 0.007
2876.76105 15.929 0.007
2877.78292 15.583 0.007
2879.79168 15.890 0.007
2883.81007 15.942 0.007
2885.74524 15.711 0.007
2888.79350 15.612 0.007
2892.78511 15.679 0.007
2894.75139 15.826 0.007
2896.74854 15.751 0.007
2898.76941 15.522 0.007
2900.73139 15.813 0.007
2902.73093 15.564 0.006
2905.73811 15.593 0.007
2907.73935 15.796 0.007
2909.72834 15.545 0.006
2911.71984 15.861 0.007
2915.69121 15.939 0.007
2917.71718 15.673 0.007
2921.71511 15.752 0.007
2923.73640 15.519 0.007
2925.69997 15.816 0.007
2927.69736 15.559 0.007
2930.71526 15.597 0.007
2932.72162 15.794 0.007
2934.70172 15.542 0.007
2937.62225 15.793 0.007
2939.71583 15.775 0.007
2940.61885 15.922 0.007
2941.61245 15.520 0.007
2942.61866 15.670 0.007
2943.57103 15.817 0.007
2944.57446 15.914 0.007
2945.59127 15.567 0.007
2947.58805 15.892 0.007
2949.58220 15.636 0.007
2951.61395 15.943 0.008
2952.64135 15.561 0.007
2954.66790 15.881 0.008
2956.61395 15.615 0.007
2965.60785 15.907 0.007
2968.57894 15.821 0.007
2970.59828 15.570 0.007
2972.58243 15.892 0.007
2974.57676 15.631 0.007
2976.53267 15.940 0.008
2977.59969 15.553 0.007
2979.56399 15.859 0.008
2981.60903 15.617 0.007
2987.63272 15.769 0.007
2989.55500 15.760 0.007
2992.55823 15.664 0.007
2995.59964 15.571 0.007
2998.55764 15.599 0.007
3001.55893 15.943 0.007
3004.55089 15.868 0.007
3007.55700 15.770 0.007
3010.55612 15.670 0.007
3016.57326 15.510 0.007
3019.58670 15.898 0.007
3021.60065 15.736 0.007
3023.55595 15.578 0.007
3025.55494 15.793 0.007
3027.58859 15.564 0.007
3029.56051 15.871 0.007
3031.56487 15.608 0.007
3033.56735 15.948 0.007
3036.58455 15.856 0.008
3040.54757 15.927 0.008
3160.84505 15.739 0.008
3183.89699 15.841 0.007
3193.86473 15.890 0.007
3195.92374 15.640 0.007
3197.89929 15.961 0.007
3201.85677 15.738 0.007
3203.86390 15.775 0.007
3204.92753 15.951 0.007
3210.87855 15.766 0.007
3211.90679 15.923 0.007
3215.68528 15.952 0.009
3216.70653 15.550 0.007
3217.78252 15.708 0.007
3223.82008 15.561 0.007
3226.80861 15.780 0.007
3229.81768 15.932 0.007
3231.76832 15.674 0.007
3239.77787 15.811 0.007
3240.76722 15.954 0.008
3241.83643 15.556 0.007
3242.69892 15.708 0.007
3243.83156 15.883 0.007
3244.81264 15.633 0.007
3245.75808 15.628 0.007
3246.75436 15.770 0.007
3247.74572 15.944 0.008
3249.71282 15.681 0.007
3251.72558 15.841 0.007
3254.71290 15.920 0.007
3256.77877 15.668 0.007
3258.69860 15.948 0.008
3260.68892 15.724 0.007
3262.72487 15.580 0.006
3264.67657 15.794 0.007
3266.74757 15.553 0.007
3268.68089 15.865 0.007
3270.66121 15.604 0.007
3271.64869 15.771 0.007
3272.70551 15.933 0.007
3274.68765 15.684 0.007
3276.69652 15.861 0.007
3277.72935 15.596 0.007
3279.66195 15.914 0.007
3281.62139 15.641 0.006
3283.62718 15.947 0.006
3287.59327 15.694 0.007
3289.60426 15.778 0.006
3293.58126 15.834 0.007
3295.59999 15.579 0.005
3297.58128 15.916 0.006
3299.63817 15.677 0.006
3301.61228 15.904 0.008
3303.67445 15.758 0.007
3306.60707 15.636 0.006
3308.59491 15.954 0.007
3310.59407 15.720 0.007
3312.59635 15.687 0.007
3314.54873 15.788 0.007
3320.58649 15.607 0.006
3321.58216 15.774 0.007
3323.53008 15.520 0.006
3327.54124 15.579 0.007
3330.53521 15.602 0.007
3335.57624 15.724 0.007
3338.58325 15.617 0.006
3349.58037 15.663 0.005
3353.55769 15.740 0.007
3360.56630 15.723 0.007
3363.53817 15.634 0.007
3367.60135 15.713 0.007
3375.53435 15.822 0.007
3378.57990 15.749 0.007
3386.54625 15.868 0.007
3390.55470 15.950 0.008
3398.54167 15.526 0.006
3402.52976 15.584 0.006
3538.93856 15.692 0.007
3547.89990 15.919 0.007
3554.90809 15.935 0.007
3561.87424 15.932 0.007
3561.92727 15.948 0.007
3564.89061 15.827 0.007
3569.91269 15.506 0.006
3570.72619 15.632 0.007
3571.78297 15.810 0.008
3573.81967 15.555 0.007
3574.86613 15.730 0.007
3577.82470 15.631 0.007
3578.88284 15.786 0.007
3581.82925 15.697 0.007
3582.81363 15.845 0.007
3583.82250 15.734 0.006
3584.79415 15.589 0.006
3586.79257 15.921 0.006
3588.79654 15.666 0.006
3591.85806 15.581 0.006
3593.83222 15.888 0.007
3596.80589 15.812 0.007
3601.79430 15.628 0.006
3607.77166 15.840 0.006
3614.76952 15.821 0.006
3617.74651 15.728 0.006
3619.67790 15.596 0.006
3621.70490 15.787 0.007
3624.80645 15.719 0.007
3626.70184 15.688 0.007
3633.67956 15.826 0.007
3636.76261 15.926 0.007
3638.65607 15.643 0.007
3641.68511 15.568 0.006
3643.70581 15.879 0.007
3646.63906 15.794 0.007
3650.64388 15.852 0.007
3651.71787 15.666 0.006
3653.68904 15.766 0.007
3655.68024 15.497 0.006
3657.60866 15.818 0.007
3658.63539 15.855 0.007
3659.62684 15.572 0.007
3661.59572 15.905 0.008
3663.58245 15.636 0.007
3665.59910 15.928 0.007
3668.55707 15.865 0.007
3669.65953 15.579 0.007
3671.61233 15.775 0.007
3673.66246 15.540 0.007
3675.64324 15.853 0.007
3683.63260 15.848 0.007
3685.63402 15.727 0.007
3687.63237 15.516 0.006
3689.58462 15.786 0.007
3692.55525 15.698 0.007
3694.54860 15.673 0.007
3696.54042 15.779 0.007
3698.58252 15.517 0.007
3700.56169 15.831 0.007
3702.56885 15.596 0.007
3704.57073 15.927 0.007
3706.57950 15.660 0.006
3708.56846 15.894 0.007
3711.57511 15.894 0.007
3713.59761 15.633 0.006
3717.56553 15.720 0.007
3721.52975 15.773 0.008
3724.53483 15.674 0.007
3726.53127 15.807 0.007
3728.53776 15.745 0.007
3734.54892 15.567 0.006
3740.56227 15.930 0.007
3746.54302 15.788 0.007
3750.54078 15.832 0.008
3761.59090 15.905 0.007
3765.55701 15.934 0.007
3771.56896 15.784 0.007
3776.52837 15.782 0.007
3780.55263 15.521 0.007
3871.86521 15.830 0.008
3901.92772 15.516 0.006
3905.94615 15.574 0.007
3913.90506 15.700 0.006
3917.94205 15.776 0.007
3931.88828 15.736 0.007
3933.93310 15.526 0.006
3936.85487 15.950 0.007
3938.83886 15.710 0.007
3944.88659 15.530 0.006
3946.85113 15.839 0.007
3951.87362 15.514 0.006
3955.83444 15.558 0.007
3958.81586 15.585 0.007
3960.81594 15.782 0.006
3963.81265 15.700 0.007
3965.80458 15.711 0.006
3967.82426 15.766 0.006
3969.79011 15.514 0.006
3971.76579 15.825 0.007
3974.76796 15.756 0.007
3979.72338 15.947 0.007
3980.60600 15.539 0.007
3981.63304 15.685 0.006
3983.90269 15.543 0.007
3987.77123 15.512 0.006
3990.77917 15.731 0.006
3993.72205 15.917 0.007
3995.72778 15.659 0.006
3999.73798 15.729 0.006
4002.71067 15.634 0.006
4004.66239 15.949 0.007
4006.68871 15.717 0.006
4007.55006 15.846 0.007
4008.56094 15.800 0.006
4009.68670 15.607 0.007
4013.68728 15.684 0.007
4015.66974 15.816 0.007
4017.71873 15.757 0.006
4018.72333 15.927 0.007
4019.67369 15.523 0.006
4021.66628 15.796 0.006
4024.63964 15.724 0.007
4026.61865 15.614 0.006
4028.61442 15.773 0.006
4030.62517 15.542 0.006
4032.67872 15.866 0.007
4037.63895 15.512 0.006
4039.59322 15.813 0.007
4041.58551 15.577 0.007
4043.57842 15.891 0.007
4046.57126 15.803 0.007
4048.55363 15.550 0.007
4050.59594 15.877 0.007
4052.54779 15.595 0.006
4054.60212 15.941 0.007
4056.57413 15.676 0.007
4058.57564 15.761 0.007
4061.57114 15.929 0.007
4065.52070 15.899 0.007
4068.52078 15.896 0.007
4070.53937 15.632 0.007
4073.56525 15.574 0.007
4076.63242 15.579 0.007
4078.59239 15.805 0.007
4080.60305 15.537 0.006
4085.55057 15.779 0.007
4092.54551 15.738 0.006
4096.55705 15.801 0.007
4099.60018 15.735 0.007
4104.59104 15.951 0.008
4111.57898 15.926 0.007
4120.53602 15.630 0.007
4126.56584 15.622 0.007
4252.91504 15.691 0.007
4255.83078 15.602 0.007
4268.94343 15.913 0.007
4275.91090 15.943 0.009
4279.78859 15.860 0.009
4282.79923 15.898 0.007
4283.88259 15.514 0.007
4283.93743 15.518 0.007
4285.90638 15.825 0.007
4291.92691 15.637 0.007
4293.89496 15.922 0.007
4296.87949 15.864 0.007
4297.91208 15.612 0.007
4299.84710 15.767 0.007
4300.86848 15.931 0.007
4301.88655 15.521 0.006
4302.90252 15.687 0.007
4306.85020 15.750 0.007
4307.88646 15.907 0.007
4308.64802 15.596 0.007
4308.85444 15.510 0.007
4310.82807 15.817 0.007
4311.81546 15.915 0.009
4312.88931 15.567 0.006
4314.90865 15.902 0.007
4316.81566 15.619 0.007
4319.84760 15.552 0.007
4320.91142 15.720 0.007
4326.82365 15.518 0.007
4327.80175 15.681 0.007
4328.81738 15.839 0.007
4329.82065 15.815 0.007
4330.91672 15.596 0.007
4333.88232 15.512 0.007
4338.88634 15.747 0.007
4340.75806 15.607 0.007
4341.75414 15.636 0.007
4342.77846 15.791 0.007
4343.74746 15.944 0.007
4344.72968 15.534 0.007
4345.77565 15.689 0.007
4347.76456 15.716 0.007
4349.77777 15.756 0.007
4351.71434 15.525 0.007
4354.74497 15.837 0.007
4356.74805 15.733 0.007
4357.68550 15.888 0.007
4359.68348 15.634 0.007
4363.60821 15.708 0.007
4365.72319 15.632 0.007
4369.63777 15.518 0.007
4372.66120 15.810 0.007
4377.74025 15.667 0.007
4379.63170 15.931 0.008
4380.72754 15.577 0.007
4382.67184 15.891 0.007
4386.64684 15.943 0.007
4388.64768 15.703 0.007
4390.65668 15.674 0.007
4392.68114 15.776 0.007
4395.66513 15.678 0.007
4397.70308 15.737 0.007
4400.65353 15.926 0.008
4403.64212 15.816 0.007
4407.61935 15.881 0.007
4408.64458 15.552 0.007
4410.72812 15.798 0.007
4412.68915 15.555 0.007
4416.67426 15.613 0.007
4418.68314 15.939 0.007
4421.61675 15.830 0.007
4423.69841 15.584 0.007
4425.62926 15.891 0.009
4427.64190 15.640 0.007
4429.55004 15.928 0.009
4431.55458 15.724 0.007
4433.56055 15.624 0.007
4435.54450 15.784 0.007
4437.62924 15.545 0.007
4439.54969 15.851 0.008
4441.58545 15.599 0.007
4443.61250 15.936 0.008
4449.63022 15.753 0.007
4451.58504 15.507 0.006
4453.56739 15.812 0.007
4456.56891 15.723 0.007
4458.56980 15.605 0.007
4464.56101 15.854 0.007
4472.55514 15.844 0.007
4475.57457 15.902 0.007
4478.58120 15.824 0.007
4481.56285 15.726 0.007
4484.56336 15.632 0.008
4486.61170 15.925 0.008
4502.56379 15.641 0.007
4609.87640 15.689 0.007
4638.94137 15.751 0.007
4643.86619 15.876 0.007
4648.93227 15.648 0.007
4652.92552 15.725 0.007
4656.90626 15.785 0.007
4662.76252 15.580 0.007
4663.73415 15.755 0.007
4665.80711 15.510 0.007
4666.89489 15.661 0.007
4670.88918 15.732 0.007
4671.87548 15.892 0.007
4672.86340 15.530 0.007
4675.86973 15.919 0.007
4681.86073 15.786 0.007
4685.84205 15.856 0.007
4687.87766 15.607 0.006
4688.79329 15.756 0.007
4689.75104 15.907 0.007
4690.71873 15.532 0.006
4691.72173 15.639 0.007
4693.87681 15.869 0.007
4696.82167 15.913 0.009
4698.73855 15.627 0.007
4700.76997 15.936 0.007
4701.72413 15.551 0.007
4701.77516 15.542 0.007
4702.83527 15.703 0.007
4703.73452 15.856 0.007
4704.75339 15.722 0.007
4705.76059 15.604 0.007
4707.75268 15.926 0.007
4708.82144 15.523 0.006
4710.73735 15.828 0.007
4716.73901 15.643 0.006
4719.73115 15.548 0.006
4721.71984 15.889 0.007
4725.70729 15.940 0.007
4728.73538 15.847 0.007
4731.74094 15.783 0.007
4734.72362 15.685 0.007
4738.77279 15.760 0.007
4740.65497 15.549 0.006
4741.68977 15.634 0.006
4743.72669 15.911 0.007
4747.56712 15.737 0.007
4749.57566 15.765 0.007
4750.68194 15.936 0.007
4753.63755 15.830 0.007
4753.64499 15.840 0.008
4755.63375 15.585 0.007
4756.59441 15.754 0.007
4756.76110 15.771 0.007
4757.62325 15.902 0.007
4757.75194 15.938 0.007
4758.57875 15.524 0.006
4758.72281 15.520 0.006
4759.63591 15.654 0.007
4759.73871 15.678 0.007
4760.55728 15.803 0.007
4760.69470 15.834 0.007
4761.60111 15.916 0.007
4761.70394 15.866 0.007
4762.54665 15.554 0.007
4763.61870 15.725 0.007
4766.58659 15.630 0.007
4769.62497 15.547 0.007
4771.66992 15.874 0.007
4773.66112 15.613 0.007
4775.64772 15.935 0.008
4777.57964 15.662 0.007
4779.60019 15.810 0.007
4781.56711 15.736 0.007
4783.54896 15.518 0.007
4785.58160 15.805 0.007
4786.63882 15.905 0.008
4788.59697 15.734 0.007
4790.59923 15.572 0.006
4792.57736 15.782 0.007
4794.55782 15.535 0.006
4796.62780 15.881 0.007
4798.57453 15.610 0.007
4800.62168 15.925 0.007
4802.59915 15.682 0.007
4804.62230 15.802 0.007
4806.60820 15.760 0.007
4808.52969 15.523 0.007
4810.59499 15.808 0.007
4813.58028 15.715 0.007
4815.55252 15.601 0.007
4817.57295 15.776 0.007
4819.56688 15.534 0.007
4821.65053 15.857 0.007
4824.55494 15.767 0.007
4826.60471 15.511 0.007
4832.57212 15.894 0.007
4834.59710 15.646 0.007
4837.58835 15.573 0.007
4841.56456 15.616 0.007
4843.55883 15.943 0.008
4845.55634 15.708 0.007
4846.56362 15.846 0.007
4848.60418 15.606 0.007
4850.59148 15.924 0.007
4854.57257 15.822 0.007
4862.55652 15.555 0.006
4866.55555 15.627 0.007
4949.92206 15.841 0.007
