 621.86249 17.040 0.020
 627.91167 17.052 0.014
 628.92101 16.889 0.013
 632.92130 17.305 0.019
 633.92580 17.221 0.014
 635.92091 16.915 0.014
 643.88967 17.289 0.013
 645.89316 17.276 0.017
 649.86248 16.919 0.014
 656.90824 16.947 0.011
 657.84944 17.268 0.017
 658.92108 17.350 0.017
 664.81243 17.306 0.015
 664.90097 17.026 0.012
 665.88797 17.308 0.014
 666.89849 17.406 0.015
 667.90931 17.356 0.015
 668.87990 17.239 0.012
 670.84555 16.940 0.012
 671.86809 17.067 0.010
 672.92160 17.364 0.013
 673.72387 17.369 0.019
 684.80064 16.927 0.012
 685.73917 17.329 0.013
 686.78158 17.378 0.014
 688.88642 17.377 0.016
 689.77641 17.213 0.013
 697.74244 17.101 0.011
 698.88844 17.073 0.014
 699.74493 17.256 0.013
 700.75355 17.368 0.014
 701.72598 17.345 0.016
 704.69829 17.096 0.021
 706.72202 17.246 0.022
 707.75804 17.354 0.019
 708.72555 17.408 0.024
 712.72589 16.947 0.011
 713.76362 16.996 0.011
 714.77898 17.351 0.015
 716.71261 17.349 0.014
 720.68820 17.242 0.015
 722.65346 17.355 0.015
 726.74559 16.992 0.011
 728.64437 17.388 0.014
 729.71129 17.388 0.014
 730.63540 17.317 0.017
 733.69738 17.002 0.015
 739.76232 17.187 0.017
 741.68891 16.954 0.013
 742.77934 17.252 0.015
 744.73118 17.385 0.016
 745.68246 17.293 0.014
 747.62136 16.925 0.012
 748.58289 17.275 0.016
 749.59059 17.437 0.025
 750.58517 17.408 0.019
 751.59229 17.321 0.019
 752.79487 17.347 0.017
 753.73544 17.197 0.013
 754.70205 17.060 0.014
 755.59109 17.177 0.016
 759.59712 17.224 0.015
 760.60350 17.119 0.012
 761.60044 16.961 0.011
 762.59107 17.132 0.016
 762.72559 16.923 0.013
 763.61005 17.327 0.016
 763.69064 17.349 0.016
 763.77931 17.028 0.021
 764.69725 17.396 0.025
 765.64134 17.354 0.021
 766.53758 17.193 0.022
 766.67816 17.322 0.022
 767.58663 17.183 0.022
 767.64536 17.182 0.017
 767.74004 17.217 0.020
 769.56961 17.115 0.014
 770.55737 17.347 0.016
 771.57192 17.380 0.021
 772.57063 17.344 0.017
 772.75184 17.364 0.016
 773.63249 17.269 0.015
 774.66252 17.174 0.012
 775.61484 17.015 0.012
 776.60409 16.916 0.011
 776.75669 17.003 0.013
 777.54875 17.312 0.019
 778.58655 17.387 0.023
 778.67750 17.354 0.023
 779.56693 17.354 0.021
 779.72172 17.359 0.017
 780.57091 17.280 0.017
 780.73987 17.326 0.017
 781.62157 17.200 0.014
 782.55616 16.981 0.014
 782.65581 17.079 0.016
 783.60195 16.906 0.010
 784.64742 17.265 0.014
 785.54382 17.393 0.017
 786.55003 17.309 0.014
 787.63172 17.304 0.016
 788.55996 17.172 0.013
 790.59949 16.904 0.011
 795.58740 17.218 0.015
 796.57466 17.121 0.022
 796.70204 17.211 0.022
 797.55549 16.888 0.011
 798.62494 17.202 0.013
 800.56007 17.368 0.015
 802.65174 17.249 0.022
 806.55783 17.387 0.016
 808.57609 17.373 0.023
 816.65235 17.250 0.014
 817.64761 17.169 0.016
 819.62677 16.948 0.012
 822.61314 17.313 0.015
 824.63313 17.144 0.019
 825.62085 17.004 0.015
 828.66618 17.352 0.017
 829.63283 17.368 0.017
 830.55028 17.234 0.023
 832.63966 17.015 0.013
 834.54189 17.357 0.022
 836.60733 17.353 0.019
 838.62618 17.204 0.015
 840.61911 16.904 0.015
 842.63052 17.376 0.019
 843.62138 17.347 0.016
 845.60560 17.184 0.012
 850.59423 17.363 0.019
 855.59897 17.246 0.023
 856.56373 17.402 0.027
 858.53165 17.317 0.022
 860.53339 17.057 0.017
 867.52958 17.031 0.020
 874.52833 17.077 0.015
 963.91181 16.921 0.012
 986.89818 17.345 0.016
 987.91041 17.371 0.016
 996.89705 17.249 0.014
 998.82942 16.905 0.013
1003.83142 17.197 0.021
1005.85568 16.928 0.014
1008.88865 17.377 0.023
1020.85190 17.004 0.013
1025.83755 17.155 0.015
1035.80527 17.310 0.015
1037.83236 17.343 0.015
1038.85050 17.268 0.016
1041.83871 16.879 0.010
1045.80305 17.243 0.014
1049.83195 17.325 0.015
1053.72327 17.102 0.013
1058.79132 17.369 0.019
1059.83695 17.330 0.016
1061.82338 17.088 0.015
1064.77985 17.389 0.019
1069.69325 17.022 0.012
1074.67445 17.135 0.015
1077.66890 17.333 0.014
1079.67095 17.325 0.017
1081.71814 17.186 0.012
1084.65711 17.331 0.014
1087.67654 17.277 0.013
1090.64451 17.028 0.016
1092.70857 17.353 0.016
1094.70438 17.293 0.015
1095.73483 17.221 0.014
1102.67368 17.169 0.012
1107.64190 17.367 0.014
1112.68504 17.183 0.015
1117.62356 17.039 0.012
1122.63794 17.342 0.024
1128.58797 17.377 0.020
1132.61390 16.908 0.011
1138.65902 17.154 0.012
1140.66740 16.980 0.012
1144.69402 17.261 0.021
1151.60532 17.224 0.014
1154.56243 17.239 0.016
1157.57216 17.360 0.017
1160.59697 16.976 0.013
1163.67537 17.364 0.022
1164.72096 17.413 0.017
1170.57590 17.350 0.016
1178.69846 17.371 0.021
1182.69689 16.987 0.012
1185.63963 17.375 0.015
1187.67615 17.246 0.016
1190.54556 17.363 0.016
1202.62120 17.114 0.016
1208.59172 17.235 0.022
1211.59410 17.088 0.017
1216.58210 17.098 0.017
1219.58651 17.358 0.023
1228.53750 17.380 0.026
1235.53152 17.299 0.021
1329.82392 17.408 0.024
1330.93429 17.375 0.021
1335.90422 17.323 0.020
1347.93595 17.056 0.016
1349.93131 17.337 0.019
1355.92420 16.879 0.015
1366.88038 17.281 0.016
1367.90237 17.171 0.020
1369.89529 16.887 0.013
1374.88916 17.209 0.016
1395.85543 17.220 0.016
1397.87823 16.983 0.013
1401.89259 17.359 0.015
1402.89033 17.256 0.015
1407.90069 17.384 0.017
1412.79936 17.199 0.016
1418.77333 16.922 0.012
1432.79584 17.001 0.011
1435.72152 17.355 0.021
1439.81929 17.052 0.012
1442.78370 17.414 0.015
1447.71262 17.125 0.020
1451.70327 17.181 0.015
1454.70158 17.114 0.016
1460.64569 16.932 0.015
1462.66958 17.347 0.017
1470.62084 17.350 0.019
1475.66864 16.977 0.013
1478.59483 17.317 0.017
1481.60802 16.916 0.013
1484.60966 17.365 0.019
1487.56875 17.079 0.016
1489.59214 17.118 0.013
1491.65429 17.391 0.019
1494.70227 17.188 0.014
1495.55537 16.932 0.012
1499.52753 17.313 0.025
1502.61243 17.048 0.016
1506.60746 17.386 0.020
1509.59104 17.024 0.013
1514.66732 17.327 0.020
1517.58406 16.898 0.012
1520.62688 17.373 0.017
1522.65559 17.210 0.020
1525.55121 17.350 0.019
1528.64915 17.331 0.015
1544.58193 17.108 0.013
1546.63838 16.946 0.012
1551.60038 17.113 0.014
1555.57857 17.395 0.021
1562.61278 17.406 0.022
1568.58625 17.334 0.019
1573.58124 17.019 0.017
1579.56481 17.159 0.016
1581.59210 16.888 0.012
1584.57694 17.376 0.019
1586.58802 17.183 0.014
1588.56153 16.909 0.020
1592.58467 17.296 0.021
1597.56014 17.382 0.019
1602.55730 16.939 0.015
1607.54751 17.222 0.017
1706.91764 17.385 0.022
1730.93380 17.293 0.015
1738.88485 17.130 0.014
1740.89253 16.953 0.015
1744.90944 17.258 0.017
1745.90259 17.169 0.015
1749.88319 17.384 0.014
1750.88649 17.371 0.016
1751.86703 17.292 0.014
1752.85937 17.173 0.015
1753.86018 17.008 0.013
1754.85612 16.939 0.013
1755.85241 17.328 0.022
1756.88208 17.388 0.031
1757.83115 17.336 0.019
1758.83569 17.254 0.015
1759.84883 17.184 0.014
1761.86496 16.871 0.012
1762.84738 17.340 0.017
1763.85290 17.370 0.014
1764.84263 17.351 0.014
1765.83900 17.255 0.016
1766.81274 17.152 0.017
1768.82655 16.882 0.013
1769.74169 17.366 0.017
1773.80264 17.204 0.014
1775.81416 16.891 0.011
1785.79120 17.374 0.013
1788.82636 17.089 0.014
1789.75902 16.913 0.009
1803.86265 16.987 0.012
1809.78635 17.084 0.011
1812.76026 17.379 0.014
1815.81668 17.265 0.015
1821.71328 17.308 0.016
1823.78256 17.140 0.013
1829.70762 17.225 0.015
1830.77461 17.139 0.016
1843.78509 17.313 0.015
1843.81940 17.323 0.016
1847.62372 17.361 0.016
1847.71283 17.310 0.016
1848.62048 17.361 0.016
1848.73021 17.383 0.016
1851.59680 17.035 0.016
1851.69905 17.114 0.019
1852.72711 16.997 0.012
1856.54042 17.251 0.024
1856.69204 17.377 0.021
1860.74403 16.898 0.014
1861.57985 17.398 0.022
1861.68886 17.319 0.019
1864.71897 17.270 0.017
1865.61745 17.091 0.012
1865.72500 17.176 0.013
1866.58404 16.885 0.010
1869.67159 17.387 0.014
1869.72857 17.370 0.019
1870.51742 17.280 0.016
1870.66478 17.363 0.016
1873.69755 17.044 0.013
2086.91788 17.319 0.019
2104.84997 17.329 0.015
2106.90981 17.406 0.020
2115.90479 17.240 0.017
2116.89092 17.109 0.013
2117.89659 16.942 0.012
2123.83959 17.078 0.014
2128.84414 17.318 0.021
2129.87626 17.252 0.016
2130.82514 17.074 0.014
2131.81866 16.928 0.013
2132.82488 17.235 0.017
2133.91343 17.376 0.024
2134.82976 17.391 0.022
2135.86420 17.340 0.016
2136.86411 17.261 0.019
2137.90908 17.168 0.020
2140.83398 17.341 0.017
2142.88122 17.337 0.019
2143.83528 17.272 0.016
2144.80679 17.108 0.011
2155.89748 17.365 0.025
2156.84401 17.382 0.017
2160.77372 17.098 0.015
2162.78028 17.383 0.015
2166.77505 16.977 0.011
2167.74587 17.101 0.013
2168.73237 17.338 0.016
2171.75844 17.262 0.014
2172.76501 17.133 0.014
2173.72710 16.943 0.011
2177.65875 17.298 0.017
2184.72010 17.342 0.020
2185.68358 17.233 0.016
2187.66619 16.954 0.016
2190.71010 17.396 0.020
2191.65193 17.313 0.019
2192.68069 17.269 0.013
2193.70166 17.128 0.012
2194.67294 16.955 0.011
2201.73902 17.055 0.012
2206.62485 17.225 0.022
2211.66350 17.379 0.016
2212.66257 17.338 0.020
2213.67355 17.300 0.021
2214.65992 17.161 0.017
2215.67521 17.040 0.015
2217.65287 17.305 0.021
2219.69602 17.387 0.022
2222.74525 17.114 0.016
2223.68499 16.873 0.013
2225.61452 17.359 0.015
2226.66086 17.351 0.020
2228.57626 17.106 0.014
2230.51353 17.305 0.026
2232.52733 17.362 0.021
2234.56941 17.245 0.015
2236.55890 16.968 0.012
2238.56428 17.343 0.017
2241.55111 17.250 0.019
2243.58935 16.998 0.013
2248.63379 17.303 0.014
2250.59981 17.016 0.013
2253.58770 17.379 0.017
2256.56998 17.189 0.017
2258.61041 16.924 0.011
2263.60167 17.224 0.017
2265.62769 16.958 0.011
2270.58588 17.206 0.015
2272.58395 16.923 0.013
2274.56780 17.352 0.022
2276.53139 17.265 0.023
2280.54787 17.209 0.021
2285.58638 17.094 0.014
2289.58329 17.359 0.017
2291.58400 17.220 0.016
2293.58450 16.982 0.015
2295.58081 17.334 0.019
2297.58399 17.339 0.021
2299.58047 17.137 0.016
2301.57316 16.908 0.016
2448.90478 17.377 0.024
2460.90484 16.975 0.017
2463.93393 17.365 0.017
2466.85579 16.966 0.016
2467.91966 16.900 0.013
2469.91896 17.372 0.015
2471.90850 17.283 0.016
2472.89857 17.212 0.011
2473.92476 17.078 0.011
2481.88403 16.893 0.015
2483.90769 17.395 0.015
2486.90780 17.190 0.020
2488.90976 16.907 0.015
2492.92209 17.337 0.017
2496.92186 17.157 0.014
2498.79311 17.361 0.016
2499.87810 17.324 0.015
2500.88653 17.199 0.016
2501.87328 17.056 0.012
2502.85344 16.886 0.014
2508.76406 16.960 0.020
2516.79550 16.874 0.015
2517.84227 17.214 0.016
2518.81456 17.358 0.017
2519.81284 17.384 0.015
2520.81101 17.309 0.020
2521.79929 17.214 0.015
2524.80269 17.296 0.020
2526.79652 17.374 0.013
2529.79274 17.088 0.013
2534.85334 17.362 0.020
2535.79098 17.207 0.015
2537.72106 16.848 0.015
2538.82214 17.015 0.015
2539.71930 17.376 0.019
2540.76180 17.408 0.024
2541.73118 17.295 0.016
2542.70100 17.167 0.014
2544.68093 16.896 0.012
2545.69446 17.304 0.015
2547.71245 17.364 0.017
2548.73044 17.315 0.016
2550.72571 17.057 0.013
2551.71224 16.889 0.012
2552.72825 17.279 0.013
2554.72135 17.371 0.016
2555.72929 17.322 0.015
2556.70836 17.184 0.013
2557.72088 17.077 0.012
2558.67736 16.872 0.012
2559.63441 17.336 0.017
2560.66734 17.402 0.015
2561.71296 17.382 0.020
2562.68572 17.298 0.016
2563.69365 17.192 0.016
2564.71001 17.099 0.015
2565.70601 16.919 0.014
2566.68095 17.294 0.016
2568.75000 17.405 0.022
2571.66655 17.089 0.014
2572.74181 16.959 0.015
2573.67988 17.217 0.021
2574.65986 17.375 0.016
2576.69460 17.349 0.020
2577.65966 17.253 0.020
2578.64716 17.091 0.016
2579.65768 16.917 0.013
2580.66582 17.181 0.014
2583.63787 17.339 0.020
2584.64432 17.229 0.016
2586.64552 16.924 0.012
2587.62740 17.238 0.015
2589.61831 17.377 0.017
2590.63505 17.346 0.019
2591.66123 17.257 0.017
2593.62450 16.939 0.013
2594.63052 17.143 0.019
2596.60414 17.365 0.022
2597.59131 17.355 0.022
2598.67151 17.275 0.019
2599.62558 17.105 0.020
2607.64568 17.014 0.015
2610.56701 17.371 0.019
2613.56101 17.116 0.014
2615.59140 17.074 0.013
2619.57591 17.246 0.015
2621.58490 16.970 0.016
2625.56764 17.341 0.024
2627.53833 17.130 0.020
2630.55276 17.349 0.025
2635.56647 17.012 0.012
2640.53168 17.271 0.020
2642.57143 17.046 0.016
2646.58278 17.397 0.020
2651.55685 17.380 0.023
2654.57706 17.310 0.023
2657.53693 16.894 0.017
2661.53346 17.283 0.014
2664.57393 16.906 0.015
2672.55188 17.232 0.024
2676.54208 17.198 0.016
2679.55678 17.123 0.014
2683.53515 17.231 0.025
2777.92190 17.328 0.021
2804.85045 17.417 0.029
2805.86773 17.321 0.030
2811.92285 17.394 0.024
2815.89647 17.036 0.013
2817.94510 17.239 0.021
2830.83565 16.898 0.013
2831.80530 17.347 0.023
2832.76599 17.390 0.021
2832.94386 17.331 0.019
2833.88382 17.356 0.024
2834.93447 17.313 0.019
2838.83584 17.316 0.022
2840.84353 17.370 0.019
2843.84485 17.044 0.013
2844.89057 16.934 0.012
2845.93760 16.939 0.015
2849.87410 17.235 0.016
2850.90685 17.126 0.017
2852.83544 17.255 0.022
2854.84679 17.414 0.024
2857.85421 17.105 0.015
2858.92783 17.033 0.013
2860.89376 17.335 0.016
2861.76519 17.369 0.015
2862.88863 17.361 0.020
2865.81300 16.899 0.013
2866.89972 16.925 0.020
2867.80240 17.346 0.017
2868.80602 17.380 0.017
2869.79255 17.302 0.016
2870.83404 17.265 0.016
2871.87716 17.169 0.015
2872.83399 16.971 0.011
2875.82483 17.387 0.021
2876.79424 17.319 0.017
2879.72076 16.864 0.012
2883.84398 17.362 0.015
2885.77933 17.122 0.012
2890.71021 17.298 0.025
2893.76166 16.963 0.013
2895.81088 17.338 0.015
2897.71437 17.315 0.017
2899.75206 17.114 0.013
2903.76784 17.398 0.012
2906.72005 17.139 0.013
2908.69706 17.141 0.015
2910.69195 17.371 0.020
2912.69729 17.222 0.014
2916.71004 17.349 0.015
2918.68693 17.346 0.017
2922.68690 17.008 0.015
2924.62789 17.376 0.019
2926.62189 17.237 0.016
2929.68310 16.964 0.013
2931.65902 17.394 0.015
2933.66948 17.259 0.013
2935.63383 16.931 0.014
2937.65942 17.329 0.019
2939.67488 17.367 0.019
2940.65205 17.271 0.013
2941.62729 17.129 0.013
2942.65210 16.994 0.013
2943.62343 17.033 0.014
2944.60779 17.322 0.016
2946.56257 17.317 0.019
2946.60253 17.314 0.019
2947.63414 17.245 0.017
2949.61524 16.977 0.013
2950.56678 17.175 0.016
2951.64736 17.330 0.019
2953.59527 17.332 0.017
2955.58041 17.122 0.017
2957.59399 16.964 0.012
2960.60844 17.377 0.022
2962.64828 17.211 0.016
2965.65094 17.283 0.015
2968.61328 17.306 0.019
2970.63211 17.085 0.014
2972.63667 17.243 0.017
2975.54474 17.273 0.016
2977.64055 17.072 0.017
2979.58044 17.342 0.020
2983.56125 17.153 0.017
2986.57784 17.302 0.016
2988.54983 17.338 0.020
2991.57597 17.094 0.015
2994.56171 17.334 0.020
2997.57710 17.217 0.014
3000.56823 17.245 0.016
3003.55109 17.329 0.021
3006.53839 16.893 0.013
3009.53367 17.395 0.026
3013.53610 16.916 0.014
3015.57133 17.312 0.017
3018.54843 17.250 0.021
3020.58414 17.014 0.013
3022.53702 17.339 0.024
3024.53679 17.346 0.023
3025.59639 17.283 0.016
3027.62189 17.074 0.014
3029.59359 17.321 0.017
3031.59841 17.349 0.014
3034.52866 16.980 0.016
3037.54783 17.344 0.023
3183.92985 17.340 0.020
3193.89773 17.017 0.015
3196.86979 17.382 0.015
3197.93221 17.327 0.019
3202.85771 17.343 0.017
3203.89774 17.388 0.014
3206.83557 17.143 0.017
3210.91158 17.345 0.017
3211.86619 17.363 0.017
3215.80130 17.077 0.021
3217.79717 17.381 0.021
3223.85333 17.323 0.017
3228.77203 17.011 0.015
3229.85386 16.892 0.011
3231.83533 17.409 0.022
3238.77219 17.368 0.016
3239.81573 17.377 0.017
3240.80846 17.304 0.019
3241.79193 17.194 0.016
3242.73593 17.012 0.014
3243.86853 16.939 0.013
3244.84712 17.229 0.022
3245.79486 17.375 0.021
3246.78762 17.385 0.019
3247.79600 17.312 0.020
3249.74630 17.030 0.014
3251.75986 17.327 0.013
3254.74755 17.305 0.015
3259.68459 17.413 0.019
3261.72064 17.271 0.014
3263.71786 17.000 0.011
3265.73920 17.354 0.017
3267.72596 17.401 0.016
3269.82047 17.295 0.020
3270.67941 17.015 0.014
3271.68234 16.923 0.012
3273.64065 17.378 0.022
3275.62651 17.264 0.017
3276.72991 17.227 0.019
3277.76855 17.138 0.015
3279.70017 17.302 0.014
3281.65874 17.343 0.013
3283.66041 17.169 0.010
3287.62654 17.362 0.019
3289.64152 17.280 0.013
3293.61508 17.304 0.015
3295.63301 17.394 0.011
3298.57091 16.946 0.010
3300.57321 17.341 0.019
3302.55018 17.347 0.020
3305.65020 17.081 0.014
3307.56249 17.351 0.021
3309.58759 17.358 0.016
3311.53920 17.134 0.015
3314.58215 17.365 0.024
3320.61995 16.906 0.011
3323.56739 17.384 0.017
3327.57491 16.897 0.011
3330.57040 17.386 0.022
3335.61440 17.045 0.015
3338.56007 17.319 0.016
3350.53438 17.372 0.015
3353.59297 17.246 0.013
3359.57002 17.340 0.015
3363.57693 16.915 0.012
3367.63652 17.308 0.015
3372.56999 17.379 0.016
3376.54611 17.027 0.011
3380.53252 17.323 0.027
3386.57950 17.361 0.013
3395.52729 17.300 0.031
3398.57501 16.942 0.013
3402.57225 17.339 0.015
3543.88591 16.910 0.013
3551.90940 17.339 0.023
3554.94062 17.338 0.017
3561.94786 17.362 0.017
3564.92553 16.936 0.009
3568.87116 17.325 0.014
3570.83216 17.104 0.017
3571.82311 16.908 0.016
3573.86881 17.401 0.024
3575.82459 17.314 0.016
3577.88097 17.123 0.014
3578.91699 16.975 0.010
3579.82205 17.325 0.013
3581.89113 17.371 0.017
3582.84743 17.339 0.017
3583.85766 17.225 0.013
3585.87875 16.969 0.009
3586.83092 17.225 0.011
3588.84922 17.398 0.014
3590.80526 17.203 0.012
3592.77001 16.876 0.009
3594.80950 17.332 0.013
3597.84945 17.231 0.015
3600.88561 16.926 0.016
3602.74651 17.333 0.022
3607.83761 16.913 0.010
3617.79363 17.325 0.012
3619.77173 17.151 0.011
3621.76422 17.044 0.010
3628.79109 16.902 0.013
3630.64295 17.354 0.020
3632.64031 17.215 0.019
3634.71321 16.936 0.011
3637.67204 17.349 0.015
3639.72195 17.251 0.011
3641.71873 16.987 0.012
3643.81714 17.264 0.017
3644.75780 17.430 0.012
3646.68884 17.218 0.013
3650.71007 17.325 0.013
3652.64523 17.323 0.013
3654.61568 17.098 0.013
3656.64723 17.144 0.014
3657.70494 17.330 0.014
3658.67986 17.378 0.016
3659.66256 17.397 0.020
3661.61124 17.091 0.015
3663.63418 17.114 0.017
3665.66652 17.390 0.015
3668.61568 17.125 0.014
3670.56638 17.229 0.019
3672.60581 17.403 0.016
3674.63507 17.282 0.013
3676.59289 16.958 0.012
3682.58183 17.122 0.013
3684.57469 17.063 0.012
3686.56458 17.406 0.017
3688.53766 17.241 0.014
3690.54357 16.955 0.015
3692.59612 17.323 0.017
3694.58270 17.327 0.014
3696.57883 17.154 0.012
3698.61253 16.902 0.014
3700.62258 17.369 0.016
3702.61350 17.280 0.015
3704.61402 17.064 0.012
3706.62888 17.259 0.013
3708.61028 17.360 0.017
3712.56681 16.882 0.011
3714.56948 17.390 0.017
3718.55296 17.052 0.013
3721.58516 17.390 0.020
3725.61403 17.120 0.011
3730.53829 17.306 0.013
3734.60896 16.993 0.012
3738.56103 17.206 0.015
3742.55821 17.309 0.021
3747.55798 16.912 0.014
3751.56677 17.298 0.021
3762.54475 16.977 0.017
3766.55000 17.294 0.013
3772.57675 17.374 0.016
3777.52409 17.365 0.024
3871.89614 16.937 0.016
3902.91644 17.376 0.021
3907.91130 17.104 0.014
3913.93685 17.010 0.010
3918.90664 17.263 0.012
3931.93820 17.375 0.019
3934.87617 17.005 0.011
3936.88445 17.328 0.016
3938.86851 17.364 0.016
3945.87547 17.373 0.014
3950.82042 17.349 0.013
3957.77596 17.267 0.023
3959.76543 17.364 0.017
3961.75956 17.093 0.016
3964.76779 17.338 0.012
3966.76004 17.353 0.013
3968.75372 17.155 0.012
3970.74541 16.985 0.010
3973.71474 17.332 0.017
3975.72698 17.140 0.013
3980.66221 17.339 0.017
3981.66195 17.227 0.014
3982.72633 17.182 0.017
3986.69968 17.418 0.020
3991.72887 16.918 0.012
3994.64129 17.359 0.020
3998.67166 16.970 0.012
4001.64248 17.340 0.013
4003.61392 17.118 0.014
4004.69372 17.034 0.012
4005.68785 16.900 0.010
4007.58110 17.378 0.015
4008.59000 17.313 0.012
4011.64048 16.986 0.011
4014.62292 17.410 0.023
4016.61971 17.269 0.014
4018.61612 17.002 0.013
4020.61956 17.329 0.019
4023.60541 17.281 0.016
4025.60578 16.986 0.012
4027.59390 17.319 0.015
4029.57620 17.379 0.016
4031.56328 17.140 0.013
4033.65756 16.911 0.010
4040.53300 16.975 0.014
4042.56089 17.424 0.017
4044.58389 17.331 0.023
4046.61698 17.078 0.014
4049.52892 17.391 0.014
4051.57850 17.283 0.015
4053.62593 17.120 0.011
4055.51857 17.365 0.023
4057.59394 17.397 0.020
4059.59237 17.231 0.013
4063.53741 17.412 0.016
4065.58704 17.331 0.014
4067.58031 17.106 0.012
4069.53318 17.303 0.016
4071.54400 17.385 0.016
4074.54011 17.104 0.014
4077.54182 17.332 0.013
4079.54200 17.345 0.015
4082.54336 16.926 0.010
4085.62069 17.384 0.017
4092.57619 17.387 0.013
4097.61878 16.907 0.012
4100.61020 17.414 0.017
4105.57419 17.344 0.016
4111.61065 16.914 0.010
4115.53011 17.314 0.019
4120.56100 17.367 0.014
4124.57249 17.110 0.013
4128.59647 17.407 0.016
4252.94414 17.348 0.021
4255.86414 16.950 0.014
4268.92311 17.182 0.016
4275.93802 17.223 0.017
4279.83488 17.428 0.027
4282.82628 17.164 0.016
4283.84533 17.006 0.016
4284.87573 16.885 0.014
4285.94115 17.149 0.016
4292.88361 17.273 0.014
4295.87707 17.326 0.016
4296.90756 17.242 0.014
4297.93949 17.132 0.013
4299.87436 17.251 0.013
4300.89610 17.344 0.014
4301.91467 17.396 0.014
4302.93655 17.366 0.017
4306.93326 16.916 0.012
4307.84785 17.383 0.015
4308.67605 17.346 0.017
4308.88395 17.389 0.017
4310.85613 17.237 0.016
4311.85598 17.121 0.021
4312.91815 17.012 0.012
4314.93723 17.361 0.023
4316.84512 17.370 0.022
4320.87243 16.999 0.013
4326.85465 16.999 0.014
4327.83061 17.055 0.019
4328.84636 17.340 0.017
4329.84769 17.413 0.019
4330.87702 17.364 0.016
4332.89323 17.178 0.015
4334.87019 16.911 0.014
4338.92266 17.323 0.017
4340.79350 16.940 0.013
4341.78636 17.089 0.015
4342.86055 17.324 0.019
4343.77992 17.371 0.017
4344.76199 17.308 0.017
4346.71830 17.083 0.015
4348.72407 17.246 0.015
4350.70071 17.377 0.015
4352.80288 17.276 0.017
4353.65885 17.042 0.016
4354.78018 17.006 0.014
4357.76390 17.381 0.020
4359.71785 17.271 0.019
4362.66551 17.276 0.023
4363.62481 17.372 0.020
4365.68317 17.325 0.021
4369.67713 17.169 0.017
4371.66608 17.374 0.021
4376.66957 17.113 0.014
4378.63617 17.409 0.019
4379.66748 17.345 0.022
4381.62663 17.102 0.017
4382.70518 17.003 0.012
4386.67945 17.354 0.016
4388.68017 17.143 0.014
4390.68899 16.920 0.011
4393.68355 17.355 0.017
4396.65811 16.996 0.013
4398.66309 17.336 0.019
4400.68761 17.363 0.017
4404.66459 16.914 0.014
4407.65248 17.363 0.016
4410.68241 17.065 0.013
4415.66874 17.312 0.014
4418.61426 16.912 0.011
4421.67204 17.386 0.019
4423.67651 17.236 0.017
4426.55272 17.324 0.021
4428.56942 17.384 0.023
4430.62964 17.198 0.014
4432.61551 16.891 0.012
4434.62079 17.386 0.017
4436.59710 17.301 0.015
4438.65976 17.124 0.016
4440.59287 17.328 0.020
4442.55437 17.350 0.023
4444.57918 17.200 0.021
4450.61160 17.309 0.022
4452.58914 17.072 0.015
4454.52620 17.368 0.035
4455.59830 17.336 0.017
4457.53381 17.314 0.024
4459.55392 17.094 0.016
4462.58536 17.364 0.020
4466.60949 17.117 0.014
4471.54414 17.308 0.019
4475.53680 17.148 0.017
4480.57922 17.148 0.015
4482.58618 16.890 0.015
4485.58926 17.345 0.023
4488.59149 17.033 0.016
4609.91387 17.290 0.017
4643.89803 17.379 0.021
4650.93691 17.400 0.016
4655.91632 16.905 0.011
4662.79470 17.257 0.013
4662.91153 16.917 0.011
4663.76632 17.389 0.023
4663.91414 17.323 0.016
4665.83940 17.330 0.019
4665.93323 17.374 0.020
4666.92850 17.321 0.020
4666.93239 17.304 0.020
4670.92150 17.278 0.016
4671.89140 17.382 0.019
4673.87344 17.295 0.014
4674.80185 17.136 0.016
4674.86205 17.180 0.016
4676.92169 16.922 0.015
4677.83729 17.349 0.014
4682.81176 17.005 0.013
4684.84962 17.288 0.015
4686.80960 17.366 0.013
4688.82556 17.178 0.013
4690.75115 17.043 0.012
4691.75417 17.309 0.017
4693.90918 17.428 0.023
4696.88282 17.130 0.020
4697.82134 16.913 0.015
4698.77094 17.323 0.013
4699.76504 17.368 0.016
4700.79978 17.391 0.017
4701.80767 17.297 0.017
4703.76688 17.029 0.013
4704.78564 16.883 0.010
4705.79312 17.303 0.017
4707.78554 17.361 0.013
4709.74133 17.171 0.013
4710.76990 17.034 0.011
4715.74991 17.293 0.015
4716.77560 17.176 0.012
4717.70037 16.983 0.013
4719.78965 17.267 0.017
4721.78330 17.414 0.023
4724.66589 16.964 0.014
4725.74535 16.876 0.011
4728.75092 17.384 0.016
4733.72748 17.278 0.014
4740.66908 17.320 0.015
4741.70446 17.368 0.013
4747.60865 17.317 0.017
4749.60833 17.385 0.023
4753.67932 16.916 0.014
4755.67131 17.379 0.016
4757.65583 17.304 0.015
4759.67052 17.078 0.012
4761.63889 17.295 0.012
4763.65132 17.376 0.020
4767.59707 16.929 0.013
4770.66561 17.339 0.017
4772.60337 17.167 0.013
4774.55792 16.912 0.011
4776.54951 17.382 0.019
4777.65146 17.406 0.022
4780.52014 17.002 0.015
4781.61430 16.937 0.015
4783.58323 17.379 0.019
4785.61859 17.342 0.024
4789.54971 17.331 0.015
4791.53126 17.380 0.019
4793.53867 17.223 0.016
4795.55134 16.896 0.011
4797.54359 17.367 0.017
4798.60694 17.395 0.020
4800.65432 17.315 0.016
4803.54545 17.214 0.014
4804.60055 17.300 0.021
4805.58740 17.412 0.017
4807.52518 17.234 0.027
4809.55453 16.963 0.013
4811.57643 17.330 0.016
4813.55337 17.341 0.022
4815.58928 17.136 0.017
4816.53637 16.961 0.013
4818.58665 17.353 0.019
4820.52814 17.321 0.026
4822.58489 17.167 0.014
4824.56971 16.912 0.015
4826.61935 17.353 0.016
4833.56875 17.394 0.016
4835.59200 17.324 0.021
4837.60295 17.115 0.020
4841.57929 17.359 0.020
4843.57354 17.200 0.017
4846.58263 17.239 0.015
4848.61887 17.386 0.015
4850.60635 17.257 0.016
4854.59759 17.329 0.016
4856.61483 17.352 0.015
4862.56274 17.390 0.014
4868.55309 17.325 0.017
