 621.84767 15.141 0.006
 626.93065 15.353 0.005
 627.89632 15.510 0.006
 631.91180 15.523 0.006
 632.90654 15.702 0.006
 635.88247 15.527 0.006
 643.85185 15.526 0.006
 645.87799 15.155 0.005
 649.84068 15.159 0.005
 656.89317 15.725 0.006
 657.89704 15.203 0.005
 658.90581 15.405 0.006
 665.87284 15.196 0.005
 666.87493 15.406 0.005
 667.89395 15.570 0.005
 668.86472 15.730 0.005
 670.83039 15.397 0.005
 671.85285 15.558 0.005
 672.85780 15.732 0.006
 673.77085 15.185 0.005
 684.78581 15.723 0.006
 685.78631 15.221 0.005
 686.74239 15.408 0.005
 687.90369 15.589 0.006
 688.87160 15.686 0.006
 689.73814 15.221 0.005
 697.70400 15.222 0.005
 698.71924 15.425 0.006
 699.73006 15.572 0.006
 700.71514 15.711 0.006
 701.68682 15.218 0.005
 704.68139 15.719 0.006
 706.67974 15.418 0.006
 706.77423 15.444 0.006
 707.71030 15.586 0.006
 708.70782 15.703 0.006
 712.70818 15.690 0.006
 713.72237 15.253 0.005
 714.73893 15.439 0.005
 715.77978 15.596 0.006
 716.76231 15.614 0.006
 720.66933 15.671 0.006
 726.72948 15.465 0.005
 728.72259 15.554 0.006
 729.66698 15.262 0.005
 730.61832 15.432 0.006
 733.67792 15.274 0.006
 739.70014 15.626 0.006
 741.66374 15.289 0.005
 742.65754 15.460 0.005
 744.62606 15.524 0.006
 745.66596 15.289 0.005
 746.61075 15.467 0.005
 748.56520 15.566 0.006
 749.57163 15.282 0.006
 750.54584 15.464 0.006
 751.57596 15.617 0.006
 752.77973 15.201 0.005
 753.71948 15.308 0.005
 754.75101 15.492 0.006
 755.57470 15.620 0.006
 759.57733 15.623 0.006
 760.58167 15.410 0.005
 761.57691 15.295 0.005
 762.57492 15.480 0.006
 762.70518 15.498 0.006
 762.78359 15.507 0.006
 763.59391 15.627 0.006
 763.73816 15.650 0.006
 764.67194 15.238 0.006
 765.55727 15.305 0.006
 766.59419 15.488 0.006
 766.66074 15.493 0.006
 767.56863 15.634 0.006
 767.72227 15.655 0.006
 769.55355 15.303 0.005
 770.64984 15.498 0.006
 771.62601 15.647 0.006
 772.55408 15.322 0.005
 773.57667 15.319 0.005
 774.64648 15.493 0.005
 775.59939 15.649 0.006
 776.68034 15.140 0.005
 777.59727 15.331 0.005
 778.57042 15.501 0.006
 778.66191 15.499 0.006
 779.62980 15.656 0.006
 780.62960 15.163 0.005
 780.72373 15.131 0.005
 781.60617 15.332 0.005
 782.60383 15.496 0.006
 783.58359 15.652 0.006
 784.62318 15.129 0.005
 785.59403 15.323 0.005
 786.59875 15.505 0.005
 787.67915 15.671 0.006
 788.61076 15.127 0.005
 790.56077 15.498 0.006
 795.57253 15.666 0.006
 796.62213 15.121 0.005
 797.69261 15.363 0.005
 798.61003 15.518 0.005
 800.60794 15.128 0.005
 802.58847 15.522 0.006
 805.59452 15.356 0.005
 806.60529 15.521 0.006
 817.63273 15.380 0.005
 819.67382 15.725 0.006
 820.67283 15.187 0.005
 822.59277 15.539 0.005
 823.67005 15.724 0.006
 824.61818 15.175 0.005
 824.68100 15.203 0.005
 825.69137 15.404 0.006
 828.65141 15.202 0.005
 829.61801 15.395 0.006
 832.62493 15.192 0.005
 833.64503 15.407 0.005
 834.65922 15.568 0.006
 836.59260 15.203 0.005
 838.56573 15.555 0.006
 840.58116 15.200 0.005
 845.58682 15.405 0.005
 850.55428 15.569 0.006
 855.56095 15.723 0.006
 856.54882 15.224 0.005
 859.54846 15.719 0.006
 860.58077 15.237 0.005
 866.56807 15.587 0.006
 876.53662 15.258 0.005
 962.91720 15.622 0.006
 986.88348 15.421 0.005
 987.89577 15.296 0.005
 991.90966 15.315 0.005
 996.87742 15.484 0.005
 998.88310 15.293 0.005
1003.81428 15.304 0.006
1005.83970 15.643 0.006
1008.87285 15.487 0.006
1020.83575 15.498 0.006
1025.81539 15.664 0.006
1035.79027 15.338 0.005
1037.81752 15.685 0.006
1038.91655 15.143 0.005
1041.88697 15.701 0.006
1045.78812 15.688 0.006
1049.80853 15.694 0.006
1052.81892 15.536 0.006
1055.68867 15.352 0.005
1058.84047 15.180 0.005
1059.81933 15.389 0.006
1064.76247 15.544 0.006
1068.75434 15.535 0.005
1071.78233 15.389 0.005
1075.79947 15.390 0.005
1078.72124 15.174 0.005
1080.66728 15.531 0.006
1083.75959 15.408 0.005
1086.61015 15.167 0.005
1090.69324 15.208 0.005
1092.69334 15.559 0.006
1094.68949 15.214 0.005
1102.65810 15.217 0.005
1107.62643 15.405 0.005
1112.73262 15.591 0.006
1117.60803 15.712 0.006
1122.61963 15.241 0.005
1128.56822 15.578 0.006
1132.59858 15.590 0.006
1135.66726 15.457 0.005
1138.62004 15.277 0.005
1140.65241 15.612 0.006
1144.65544 15.609 0.006
1151.58991 15.464 0.005
1154.60949 15.286 0.005
1157.65524 15.356 0.005
1160.64675 15.626 0.006
1163.72868 15.489 0.005
1166.69572 15.308 0.005
1170.62464 15.320 0.005
1175.68576 15.514 0.006
1179.68347 15.500 0.006
1183.69234 15.505 0.006
1186.68617 15.340 0.005
1189.57472 15.148 0.005
1192.61932 15.673 0.006
1202.56587 15.341 0.006
1206.56950 15.337 0.006
1212.56106 15.685 0.006
1216.56710 15.688 0.006
1220.56329 15.700 0.006
1227.55889 15.536 0.006
1233.54643 15.172 0.006
1329.80777 15.382 0.006
1330.91791 15.563 0.006
1335.86306 15.722 0.006
1341.92390 15.423 0.006
1347.92027 15.712 0.006
1355.90916 15.689 0.006
1365.91007 15.447 0.006
1367.88763 15.623 0.006
1369.87530 15.440 0.006
1374.87422 15.610 0.006
1395.83981 15.397 0.006
1397.86319 15.480 0.006
1401.87686 15.483 0.006
1407.88417 15.200 0.005
1412.78212 15.305 0.006
1418.82222 15.647 0.006
1430.71623 15.650 0.006
1432.78110 15.339 0.005
1438.73398 15.665 0.006
1441.84110 15.522 0.006
1447.69756 15.125 0.006
1451.66362 15.127 0.005
1454.63784 15.656 0.006
1459.68343 15.143 0.006
1461.65825 15.519 0.006
1462.71663 15.702 0.006
1470.60549 15.678 0.006
1475.62958 15.139 0.005
1478.57816 15.694 0.006
1479.59433 15.146 0.005
1484.59356 15.367 0.006
1487.62062 15.159 0.005
1490.65635 15.715 0.006
1492.55911 15.369 0.006
1495.60840 15.186 0.005
1499.57706 15.189 0.005
1502.59750 15.736 0.006
1505.66459 15.560 0.006
1509.57552 15.556 0.006
1512.67767 15.431 0.006
1516.57739 15.410 0.005
1518.64732 15.701 0.006
1520.67517 15.433 0.006
1523.59251 15.240 0.006
1526.57542 15.709 0.006
1531.68271 15.254 0.005
1546.59883 15.578 0.006
1551.56184 15.271 0.005
1556.60258 15.464 0.006
1567.59894 15.310 0.006
1571.59345 15.312 0.005
1576.58229 15.480 0.006
1580.58704 15.493 0.006
1583.58911 15.322 0.005
1587.57818 15.325 0.005
1592.57021 15.489 0.006
1599.54858 15.330 0.006
1602.53839 15.131 0.006
1607.53251 15.334 0.006
1716.91088 15.721 0.006
1728.90234 15.725 0.006
1731.88891 15.554 0.005
1740.87757 15.730 0.006
1742.90202 15.422 0.006
1743.87539 15.559 0.006
1744.89449 15.718 0.006
1749.84482 15.219 0.005
1750.87133 15.417 0.005
1751.82860 15.575 0.006
1752.84437 15.733 0.006
1753.84541 15.229 0.005
1754.81763 15.414 0.006
1755.83750 15.581 0.006
1756.86664 15.711 0.007
1757.81604 15.227 0.006
1758.82068 15.422 0.005
1759.81054 15.575 0.006
1761.84992 15.244 0.005
1762.83231 15.425 0.005
1763.83797 15.584 0.005
1764.82774 15.706 0.006
1765.82391 15.255 0.005
1766.77717 15.434 0.006
1768.78817 15.708 0.006
1769.69703 15.219 0.006
1771.79035 15.590 0.006
1772.81023 15.672 0.006
1773.77747 15.244 0.005
1775.86135 15.615 0.006
1784.84570 15.538 0.006
1788.74904 15.625 0.006
1803.80319 15.620 0.006
1808.81210 15.322 0.005
1811.79526 15.644 0.005
1814.84210 15.482 0.005
1817.80797 15.313 0.005
1821.60987 15.285 0.006
1823.76739 15.645 0.005
1828.85384 15.122 0.005
1829.77867 15.327 0.005
1847.80234 15.679 0.006
1854.78472 15.527 0.005
1859.74872 15.685 0.006
1863.73241 15.703 0.006
1871.79316 15.722 0.006
2086.91788 15.128 0.006
2104.84997 15.522 0.006
2106.90981 15.134 0.006
2115.90479 15.380 0.006
2116.89092 15.546 0.006
2117.89659 15.726 0.006
2123.83959 15.376 0.006
2128.84414 15.532 0.006
2129.87626 15.722 0.006
2130.82514 15.171 0.006
2131.81866 15.384 0.006
2132.82488 15.548 0.006
2133.91343 15.728 0.008
2134.82976 15.185 0.006
2135.86420 15.396 0.006
2136.86411 15.555 0.006
2137.90908 15.741 0.008
2140.83398 15.547 0.006
2142.88122 15.209 0.006
2143.83528 15.403 0.006
2144.80679 15.555 0.006
2155.89748 15.439 0.007
2156.84401 15.580 0.006
2160.77372 15.577 0.006
2162.78028 15.227 0.006
2166.77505 15.233 0.006
2167.74587 15.421 0.006
2168.73237 15.576 0.006
2171.75844 15.422 0.006
2172.76501 15.581 0.006
2173.72710 15.733 0.006
2177.65875 15.733 0.007
2184.72010 15.589 0.007
2185.68358 15.702 0.007
2187.66619 15.432 0.006
2190.71010 15.257 0.006
2191.65193 15.439 0.006
2192.68069 15.595 0.006
2193.70166 15.660 0.006
2194.67294 15.252 0.006
2201.73902 15.521 0.006
2206.62485 15.271 0.006
2211.66350 15.464 0.006
2212.66257 15.612 0.007
2213.67355 15.480 0.006
2214.65992 15.288 0.006
2215.67521 15.477 0.006
2217.65287 15.473 0.006
2219.69602 15.473 0.006
2222.74525 15.310 0.006
2223.68499 15.480 0.006
2225.61452 15.429 0.006
2226.66086 15.302 0.006
2228.57626 15.614 0.006
2230.51353 15.270 0.006
2232.52733 15.615 0.007
2234.56941 15.290 0.006
2236.55890 15.623 0.006
2238.56428 15.292 0.006
2241.55111 15.367 0.006
2243.58935 15.485 0.006
2248.63379 15.659 0.006
2250.59981 15.311 0.006
2253.58770 15.179 0.006
2256.56998 15.644 0.007
2258.61041 15.331 0.006
2263.60167 15.514 0.006
2265.62769 15.113 0.005
2270.58588 15.339 0.006
2272.58395 15.667 0.006
2274.56780 15.340 0.006
2276.53139 15.682 0.008
2280.54787 15.686 0.007
2285.58638 15.129 0.006
2289.58329 15.142 0.006
2291.58400 15.536 0.006
2293.58450 15.153 0.006
2295.58081 15.535 0.006
2297.58399 15.176 0.006
2299.58047 15.529 0.006
2301.57316 15.176 0.006
2448.90478 15.273 0.006
2460.90484 15.301 0.006
2463.93393 15.289 0.006
2466.85579 15.631 0.007
2467.91966 15.273 0.006
2469.91896 15.489 0.006
2471.90850 15.240 0.006
2472.89857 15.324 0.005
2473.92476 15.492 0.006
2481.88403 15.501 0.007
2483.90769 15.133 0.006
2486.90780 15.670 0.008
2488.90976 15.337 0.006
2492.92209 15.335 0.006
2496.92186 15.337 0.006
2498.79311 15.668 0.006
2499.87810 15.117 0.006
2500.88653 15.345 0.006
2501.87328 15.503 0.006
2502.85344 15.669 0.007
2508.76406 15.331 0.007
2516.79550 15.361 0.006
2517.84227 15.540 0.006
2518.81456 15.699 0.007
2519.81284 15.131 0.006
2520.81101 15.362 0.006
2521.79929 15.532 0.006
2524.80269 15.366 0.006
2526.79652 15.717 0.006
2529.79274 15.534 0.006
2534.85334 15.706 0.007
2535.79098 15.155 0.006
2537.72106 15.534 0.007
2538.82214 15.730 0.007
2539.71930 15.146 0.006
2540.76180 15.383 0.006
2541.73118 15.541 0.006
2542.70100 15.709 0.006
2544.68093 15.364 0.006
2545.69446 15.529 0.006
2547.71245 15.168 0.006
2548.73044 15.378 0.006
2550.72571 15.718 0.007
2551.71224 15.175 0.006
2552.72825 15.397 0.006
2554.72135 15.720 0.006
2555.72929 15.187 0.006
2556.70836 15.388 0.006
2557.72088 15.542 0.006
2558.67736 15.734 0.007
2559.63441 15.162 0.006
2560.66734 15.383 0.006
2561.71296 15.559 0.007
2562.68572 15.729 0.007
2563.69365 15.196 0.006
2564.71001 15.402 0.006
2565.70601 15.562 0.006
2566.68095 15.719 0.007
2568.75000 15.412 0.006
2571.66655 15.198 0.006
2572.74181 15.410 0.006
2573.67988 15.557 0.007
2574.65986 15.725 0.007
2576.69460 15.416 0.006
2577.65966 15.565 0.007
2578.64716 15.725 0.007
2579.65768 15.210 0.006
2580.66582 15.408 0.006
2583.63787 15.216 0.006
2584.64432 15.407 0.006
2586.64552 15.717 0.006
2587.62740 15.218 0.006
2589.61831 15.572 0.006
2590.63505 15.711 0.007
2591.66123 15.244 0.006
2593.62450 15.584 0.006
2594.63052 15.703 0.007
2596.60414 15.429 0.006
2597.59131 15.582 0.006
2598.67151 15.657 0.007
2599.62558 15.233 0.006
2607.64568 15.270 0.006
2610.56701 15.658 0.007
2613.56101 15.590 0.006
2615.59140 15.261 0.006
2619.57591 15.273 0.006
2621.58490 15.610 0.007
2625.56764 15.611 0.008
2627.53833 15.264 0.006
2630.55276 15.505 0.007
2635.56647 15.286 0.006
2637.56136 15.620 0.007
2640.53168 15.473 0.007
2642.57143 15.347 0.006
2646.58278 15.270 0.006
2651.55685 15.313 0.006
2654.57706 15.203 0.006
2657.53693 15.634 0.008
2661.53346 15.647 0.006
2664.57393 15.508 0.007
2672.55188 15.523 0.008
2676.54208 15.518 0.006
2679.55678 15.349 0.006
2683.53515 15.366 0.007
2777.92190 15.146 0.006
2804.85045 15.720 0.008
2805.86773 15.195 0.007
2811.92285 15.568 0.007
2815.89647 15.571 0.006
2817.94510 15.232 0.006
2830.83565 15.425 0.006
2831.80530 15.577 0.007
2832.76599 15.728 0.007
2832.94386 15.631 0.007
2833.88382 15.259 0.006
2834.93447 15.446 0.006
2838.83584 15.435 0.006
2840.84353 15.666 0.007
2843.84485 15.596 0.006
2844.89057 15.598 0.006
2845.93760 15.292 0.006
2849.87410 15.265 0.006
2850.90685 15.466 0.007
2852.83544 15.579 0.007
2854.84679 15.460 0.007
2857.85421 15.280 0.006
2858.92783 15.478 0.006
2860.89376 15.407 0.006
2861.76519 15.269 0.006
2862.88863 15.478 0.006
2865.81300 15.279 0.006
2866.89972 15.487 0.008
2867.80240 15.616 0.007
2868.80602 15.445 0.006
2869.79255 15.292 0.006
2870.83404 15.479 0.006
2871.87716 15.646 0.006
2872.83399 15.361 0.006
2875.82483 15.630 0.007
2876.79424 15.382 0.006
2879.72076 15.619 0.007
2883.84398 15.646 0.006
2885.77933 15.307 0.006
2890.71021 15.492 0.007
2893.76166 15.317 0.006
2895.81088 15.663 0.006
2897.71437 15.306 0.006
2899.75206 15.651 0.006
2903.76784 15.671 0.006
2906.72005 15.513 0.006
2908.69706 15.165 0.006
2910.69195 15.500 0.007
2912.69729 15.140 0.006
2916.71004 15.128 0.006
2918.68693 15.515 0.006
2922.68690 15.517 0.006
2924.62789 15.130 0.006
2926.62189 15.507 0.006
2929.68310 15.347 0.006
2931.65902 15.678 0.006
2933.66948 15.351 0.006
2935.63383 15.689 0.007
2937.65942 15.357 0.006
2939.67488 15.706 0.007
2940.65205 15.141 0.006
2941.62729 15.352 0.006
2942.65210 15.530 0.006
2943.62343 15.693 0.007
2944.60779 15.129 0.006
2946.56257 15.517 0.006
2946.60253 15.528 0.006
2947.63414 15.696 0.007
2949.61524 15.361 0.006
2950.56678 15.529 0.006
2951.64736 15.724 0.007
2953.59527 15.359 0.006
2955.58041 15.712 0.007
2957.59399 15.370 0.006
2960.60844 15.161 0.006
2962.64828 15.538 0.006
2965.65094 15.394 0.006
2968.61328 15.181 0.006
2970.63211 15.557 0.006
2972.63667 15.191 0.006
2975.54474 15.727 0.007
2977.64055 15.416 0.007
2979.58044 15.743 0.007
2983.56125 15.728 0.007
2986.57784 15.565 0.006
2988.54983 15.219 0.006
2991.57597 15.724 0.007
2994.56171 15.579 0.007
2997.57710 15.424 0.006
3000.56823 15.235 0.006
3003.55109 15.712 0.007
3006.53839 15.568 0.006
3009.53367 15.429 0.007
3013.53610 15.440 0.006
3015.57133 15.644 0.007
3018.54843 15.615 0.007
3020.58414 15.270 0.006
3022.53702 15.615 0.008
3024.53679 15.276 0.006
3025.59639 15.474 0.006
3027.62189 15.445 0.006
3029.59359 15.482 0.006
3031.59841 15.417 0.006
3034.52866 15.615 0.007
3037.54783 15.475 0.007
3183.92985 15.371 0.006
3193.89773 15.726 0.007
3196.86979 15.529 0.006
3197.93221 15.725 0.007
3202.85771 15.175 0.006
3203.89774 15.392 0.006
3206.83557 15.185 0.006
3210.91158 15.204 0.006
3211.86619 15.394 0.006
3215.80130 15.403 0.007
3217.79717 15.719 0.007
3223.85333 15.416 0.006
3228.77203 15.574 0.007
3229.85386 15.722 0.006
3231.83533 15.425 0.006
3238.77219 15.223 0.006
3239.81573 15.430 0.006
3240.80846 15.589 0.007
3241.79193 15.718 0.007
3242.73593 15.234 0.006
3243.86853 15.446 0.006
3244.84712 15.593 0.007
3245.79486 15.693 0.007
3246.78762 15.249 0.006
3247.79600 15.443 0.006
3249.74630 15.696 0.007
3251.75986 15.438 0.006
3254.74755 15.247 0.006
3259.68459 15.443 0.006
3261.72064 15.661 0.006
3263.71786 15.439 0.006
3265.73920 15.615 0.006
3267.72596 15.456 0.006
3269.82047 15.437 0.006
3270.67941 15.265 0.006
3271.68234 15.461 0.006
3273.64065 15.642 0.007
3275.62651 15.449 0.006
3276.72991 15.620 0.006
3277.76855 15.410 0.006
3279.70017 15.459 0.006
3281.65874 15.552 0.006
3283.66041 15.458 0.005
3287.62654 15.471 0.006
3289.64152 15.483 0.006
3293.61508 15.492 0.006
3295.63301 15.473 0.005
3298.57091 15.281 0.005
3300.57321 15.617 0.006
3302.55018 15.299 0.006
3305.65020 15.292 0.006
3307.56249 15.479 0.006
3309.58759 15.332 0.006
3311.53920 15.479 0.006
3314.58215 15.329 0.006
3320.61995 15.656 0.006
3323.56739 15.517 0.006
3327.57491 15.505 0.006
3330.57040 15.345 0.006
3335.61440 15.515 0.006
3338.56007 15.343 0.006
3350.53438 15.358 0.005
3353.59297 15.145 0.005
3359.57002 15.529 0.006
3363.57693 15.534 0.006
3367.63652 15.560 0.006
3372.56999 15.722 0.006
3376.54611 15.726 0.006
3380.53252 15.716 0.008
3386.57950 15.399 0.006
3395.52729 15.566 0.008
3398.57501 15.416 0.006
3402.57225 15.415 0.006
3543.88591 15.253 0.006
3551.90940 15.174 0.006
3554.94062 15.665 0.006
3561.94786 15.511 0.006
3564.92553 15.340 0.006
3568.87116 15.338 0.006
3570.83216 15.675 0.007
3571.82311 15.136 0.006
3573.86881 15.542 0.007
3575.82459 15.127 0.006
3577.88097 15.515 0.006
3578.91699 15.697 0.006
3579.82205 15.122 0.005
3581.89113 15.521 0.006
3582.84743 15.691 0.006
3583.85766 15.126 0.005
3585.87875 15.532 0.006
3586.83092 15.690 0.006
3588.84922 15.365 0.006
3590.80526 15.694 0.006
3592.77001 15.351 0.005
3594.80950 15.702 0.006
3597.84945 15.548 0.006
3600.88561 15.397 0.006
3602.74651 15.708 0.007
3607.83761 15.186 0.005
3617.79363 15.550 0.006
3619.77173 15.187 0.005
3621.76422 15.556 0.006
3628.79109 15.412 0.006
3630.64295 15.726 0.007
3632.64031 15.391 0.006
3634.71321 15.731 0.006
3637.67204 15.552 0.006
3639.72195 15.206 0.005
3641.71873 15.566 0.006
3643.81714 15.252 0.006
3644.75780 15.433 0.006
3646.68884 15.720 0.006
3650.71007 15.717 0.006
3652.64523 15.425 0.006
3654.61568 15.729 0.006
3656.64723 15.439 0.006
3657.70494 15.589 0.006
3658.67986 15.694 0.006
3659.66256 15.241 0.006
3661.61124 15.588 0.006
3663.63418 15.249 0.006
3665.66652 15.595 0.006
3668.61568 15.439 0.006
3670.56638 15.706 0.007
3672.60581 15.436 0.006
3674.63507 15.645 0.006
3676.59289 15.436 0.006
3682.58183 15.647 0.006
3684.57469 15.446 0.006
3686.56458 15.631 0.006
3688.53766 15.452 0.006
3690.54357 15.616 0.006
3692.59612 15.464 0.006
3694.58270 15.516 0.006
3696.57883 15.460 0.006
3698.61253 15.415 0.006
3700.62258 15.468 0.006
3702.61350 15.404 0.006
3704.61402 15.481 0.006
3706.62888 15.331 0.006
3708.61028 15.496 0.006
3712.56681 15.477 0.006
3714.56948 15.326 0.006
3718.55296 15.301 0.006
3721.58516 15.651 0.006
3725.61403 15.655 0.006
3730.53829 15.189 0.005
3734.60896 15.128 0.006
3738.56103 15.142 0.006
3742.55821 15.141 0.006
3747.55798 15.352 0.006
3751.56677 15.366 0.006
3762.54475 15.178 0.006
3766.55000 15.146 0.005
3772.57675 15.553 0.006
3777.52409 15.724 0.007
3871.89614 15.553 0.006
3902.91644 15.441 0.006
3907.91130 15.589 0.006
3913.93685 15.278 0.005
3918.90664 15.468 0.006
3931.93820 15.630 0.006
3934.87617 15.473 0.006
3936.88445 15.368 0.006
3938.86851 15.481 0.006
3945.87547 15.308 0.006
3950.82042 15.496 0.006
3957.77596 15.317 0.006
3959.76543 15.630 0.006
3961.75956 15.308 0.006
3964.76779 15.215 0.005
3966.76004 15.491 0.006
3968.75372 15.197 0.005
3970.74541 15.489 0.006
3973.71474 15.323 0.006
3975.72698 15.654 0.006
3980.66221 15.212 0.006
3981.66195 15.319 0.006
3982.72633 15.511 0.006
3986.69968 15.507 0.006
3991.72887 15.687 0.006
3994.64129 15.516 0.006
3998.67166 15.510 0.006
4001.64248 15.345 0.006
4003.61392 15.662 0.006
4004.69372 15.136 0.005
4005.68785 15.354 0.006
4007.58110 15.670 0.006
4008.59000 15.131 0.005
4011.64048 15.687 0.006
4014.62292 15.543 0.006
4016.61971 15.134 0.005
4018.61612 15.531 0.006
4020.61956 15.146 0.006
4023.60541 15.710 0.006
4025.60578 15.372 0.006
4027.59390 15.703 0.006
4029.57620 15.352 0.006
4031.56328 15.701 0.006
4033.65756 15.385 0.006
4040.53300 15.172 0.006
4042.56089 15.532 0.006
4044.58389 15.190 0.006
4046.61698 15.561 0.006
4049.52892 15.392 0.006
4051.57850 15.723 0.006
4053.62593 15.423 0.006
4055.51857 15.753 0.007
4057.59394 15.409 0.006
4059.59237 15.729 0.006
4063.53741 15.717 0.006
4065.58704 15.415 0.006
4067.58031 15.727 0.006
4069.53318 15.423 0.006
4071.54400 15.720 0.006
4074.54011 15.572 0.006
4077.54182 15.427 0.006
4079.54200 15.703 0.006
4082.54336 15.586 0.006
4085.62069 15.471 0.006
4092.57619 15.269 0.005
4097.61878 15.483 0.006
4100.61020 15.293 0.006
4105.57419 15.476 0.006
4111.61065 15.314 0.005
4115.53011 15.386 0.006
4120.56100 15.299 0.006
4124.57249 15.333 0.006
4128.59647 15.332 0.006
4252.94414 15.539 0.007
4255.86414 15.361 0.006
4268.92311 15.552 0.006
4275.93802 15.408 0.006
4279.83488 15.381 0.007
4282.82628 15.197 0.006
4283.84533 15.393 0.006
4284.87573 15.561 0.007
4285.94115 15.709 0.007
4292.88361 15.576 0.006
4295.87707 15.416 0.006
4296.90756 15.586 0.006
4297.93949 15.676 0.006
4299.87436 15.424 0.006
4300.89610 15.579 0.006
4301.91467 15.669 0.006
4302.93655 15.259 0.006
4306.93326 15.261 0.006
4307.84785 15.442 0.006
4308.67605 15.558 0.006
4308.88395 15.593 0.006
4310.85613 15.250 0.006
4311.85598 15.445 0.007
4312.91815 15.594 0.006
4314.93723 15.276 0.006
4316.84512 15.591 0.007
4320.87243 15.601 0.006
4326.85465 15.273 0.006
4327.83061 15.460 0.007
4328.84636 15.611 0.007
4329.84769 15.499 0.006
4330.87702 15.293 0.006
4332.89323 15.613 0.006
4334.87019 15.292 0.006
4338.92266 15.315 0.006
4340.79350 15.622 0.006
4341.78636 15.461 0.006
4342.86055 15.304 0.006
4343.77992 15.473 0.006
4344.76199 15.622 0.007
4346.71830 15.273 0.006
4348.72407 15.613 0.006
4350.70071 15.282 0.006
4352.80288 15.638 0.007
4353.65885 15.516 0.007
4354.78018 15.311 0.006
4357.76390 15.325 0.006
4359.71785 15.481 0.006
4362.66551 15.297 0.006
4363.62481 15.478 0.007
4365.68317 15.354 0.006
4369.67713 15.305 0.006
4371.66608 15.469 0.006
4376.66957 15.640 0.007
4378.63617 15.307 0.006
4379.66748 15.489 0.007
4381.62663 15.259 0.006
4382.70518 15.324 0.006
4386.67945 15.332 0.006
4388.68017 15.664 0.006
4390.68899 15.331 0.006
4393.68355 15.122 0.006
4396.65811 15.669 0.007
4398.66309 15.338 0.006
4400.68761 15.685 0.007
4404.66459 15.682 0.007
4407.65248 15.522 0.006
4410.68241 15.358 0.006
4415.66874 15.525 0.006
4418.61426 15.361 0.006
4421.67204 15.164 0.006
4423.67651 15.539 0.007
4426.55272 15.368 0.006
4428.56942 15.698 0.008
4430.62964 15.377 0.006
4432.61551 15.719 0.006
4434.62079 15.378 0.006
4436.59710 15.721 0.006
4438.65976 15.393 0.006
4440.59287 15.722 0.007
4442.55437 15.398 0.006
4444.57918 15.731 0.008
4450.61160 15.421 0.007
4452.58914 15.734 0.007
4454.52620 15.403 0.008
4455.59830 15.559 0.006
4457.53381 15.192 0.006
4459.55392 15.566 0.006
4462.58536 15.416 0.006
4466.60949 15.423 0.006
4471.54414 15.573 0.006
4475.53680 15.588 0.007
4480.57922 15.678 0.006
4482.58618 15.448 0.006
4485.58926 15.261 0.006
4488.59149 15.603 0.007
4609.91387 15.484 0.006
4643.89803 15.126 0.006
4650.93691 15.692 0.006
4655.91632 15.156 0.006
4662.79470 15.692 0.006
4662.91153 15.723 0.006
4663.76632 15.147 0.006
4663.91414 15.176 0.006
4665.83940 15.537 0.006
4665.93323 15.539 0.006
4666.92850 15.718 0.007
4666.93239 15.718 0.007
4670.92150 15.725 0.007
4671.89140 15.175 0.006
4673.87344 15.546 0.006
4674.80185 15.724 0.007
4674.86205 15.730 0.007
4676.92169 15.399 0.006
4677.83729 15.542 0.006
4682.81176 15.736 0.007
4684.84962 15.396 0.006
4686.80960 15.726 0.006
4688.82556 15.398 0.006
4690.75115 15.723 0.006
4691.75417 15.192 0.006
4693.90918 15.576 0.007
4696.88282 15.430 0.006
4697.82134 15.562 0.007
4698.77094 15.725 0.006
4699.76504 15.210 0.006
4700.79978 15.413 0.006
4701.80767 15.559 0.006
4703.76688 15.221 0.006
4704.78564 15.412 0.006
4705.79312 15.559 0.006
4707.78554 15.221 0.006
4709.74133 15.568 0.006
4710.76990 15.699 0.006
4715.74991 15.239 0.006
4716.77560 15.419 0.006
4717.70037 15.558 0.006
4719.78965 15.248 0.006
4721.78330 15.584 0.007
4724.66589 15.429 0.006
4725.74535 15.591 0.006
4728.75092 15.448 0.006
4733.72748 15.605 0.006
4740.66908 15.451 0.006
4741.70446 15.606 0.006
4747.60865 15.253 0.006
4749.60833 15.589 0.007
4753.67932 15.605 0.007
4755.67131 15.276 0.006
4757.65583 15.609 0.006
4759.67052 15.292 0.006
4761.63889 15.611 0.006
4763.65132 15.300 0.006
4767.59707 15.292 0.006
4770.66561 15.326 0.006
4772.60337 15.478 0.006
4774.55792 15.443 0.006
4776.54951 15.470 0.006
4777.65146 15.629 0.007
4780.52014 15.476 0.006
4781.61430 15.636 0.007
4783.58323 15.300 0.006
4785.61859 15.653 0.007
4789.54971 15.633 0.006
4791.53126 15.313 0.006
4793.53867 15.633 0.006
4795.55134 15.306 0.006
4797.54359 15.651 0.006
4798.60694 15.139 0.006
4800.65432 15.503 0.006
4803.54545 15.324 0.006
4804.60055 15.508 0.006
4805.58740 15.672 0.006
4807.52518 15.340 0.007
4809.55453 15.657 0.006
4811.57643 15.338 0.006
4813.55337 15.668 0.007
4815.58928 15.351 0.006
4816.53637 15.513 0.006
4818.58665 15.133 0.006
4820.52814 15.512 0.007
4822.58489 15.131 0.006
4824.56971 15.520 0.007
4826.61935 15.151 0.006
4833.56875 15.704 0.006
4835.59200 15.379 0.006
4837.60295 15.726 0.008
4841.57929 15.720 0.007
4843.57354 15.381 0.006
4846.58263 15.183 0.006
4848.61887 15.556 0.006
4850.60635 15.199 0.006
4854.59759 15.211 0.006
4856.61483 15.561 0.006
4862.56274 15.209 0.006
4868.55309 15.575 0.006
