2104.87278 17.408 0.018
2112.91310 17.388 0.019
2115.88914 17.377 0.021
2116.91702 17.339 0.020
2117.87540 17.206 0.017
2123.87100 17.289 0.018
2128.87091 17.404 0.028
2130.80969 17.325 0.018
2131.80271 17.289 0.021
2132.84744 17.288 0.023
2133.85849 17.147 0.021
2134.85306 17.404 0.027
2135.88740 17.499 0.019
2136.89375 17.397 0.027
2140.85651 17.248 0.026
2141.76669 17.356 0.026
2142.86349 17.381 0.020
2143.86408 17.422 0.019
2144.79191 17.369 0.017
2156.71706 17.467 0.025
2160.79627 17.317 0.020
2162.80662 17.211 0.017
2165.79408 17.498 0.024
2166.79744 17.429 0.018
2167.73069 17.349 0.020
2168.75525 17.317 0.021
2172.79356 17.381 0.019
2172.81303 17.399 0.018
2173.74958 17.393 0.019
2174.73333 17.362 0.015
2177.68143 17.123 0.016
2184.74276 17.258 0.024
2185.70619 17.123 0.021
2187.65102 17.471 0.032
2189.73264 17.403 0.031
2190.73273 17.351 0.022
2192.70142 17.122 0.012
2193.72234 17.206 0.014
2194.69344 17.390 0.019
2200.70785 17.121 0.016
2203.59609 17.409 0.023
2206.64580 17.222 0.021
2211.69781 17.365 0.019
2212.68442 17.354 0.019
2214.68442 17.214 0.026
2215.72044 17.136 0.019
2217.67959 17.401 0.021
2219.71656 17.360 0.021
2222.76587 17.277 0.026
2223.67096 17.259 0.021
2225.63517 17.407 0.018
2228.59688 17.271 0.018
2230.53499 17.381 0.022
2232.54798 17.405 0.019
2234.58999 17.322 0.017
2236.57925 17.215 0.017
2239.52677 17.431 0.026
2241.57156 17.350 0.021
2243.60994 17.273 0.018
2249.56609 17.336 0.016
2251.61618 17.239 0.016
2254.56495 17.524 0.028
2256.59116 17.434 0.025
2259.61205 17.228 0.016
2262.61853 17.512 0.028
2266.61040 17.230 0.020
2271.58533 17.402 0.022
2273.58457 17.301 0.024
2276.57923 17.414 0.024
2280.57316 17.325 0.022
2285.56912 17.415 0.017
2289.60500 17.210 0.017
2291.61024 17.377 0.019
2293.60656 17.433 0.020
2295.60327 17.321 0.020
2297.60784 17.206 0.017
2299.60249 17.382 0.021
2301.59402 17.436 0.029
2460.92727 17.514 0.037
2464.88465 17.275 0.017
2466.87816 17.191 0.022
2468.87241 17.432 0.020
2470.86334 17.361 0.018
2472.88343 17.256 0.015
2481.86891 17.211 0.025
2483.93030 17.406 0.018
2486.93111 17.388 0.027
2489.81187 17.395 0.018
2497.80833 17.414 0.020
2498.81563 17.446 0.022
2499.90067 17.431 0.019
2500.90908 17.381 0.021
2501.89560 17.323 0.018
2502.87587 17.265 0.019
2508.78646 17.345 0.034
2516.81882 17.275 0.020
2517.86582 17.275 0.020
2518.84009 17.153 0.019
2519.79137 17.411 0.017
2520.83355 17.423 0.024
2521.78414 17.440 0.021
2524.78705 17.289 0.024
2526.81901 17.153 0.014
2529.77755 17.406 0.016
2535.73716 17.460 0.022
2537.74363 17.391 0.027
2538.84413 17.385 0.023
2539.74006 17.268 0.018
2540.78432 17.187 0.020
2541.75210 17.279 0.017
2542.72173 17.435 0.020
2544.70339 17.380 0.019
2545.71523 17.347 0.017
2547.73337 17.223 0.017
2548.75299 17.171 0.018
2550.74811 17.438 0.024
2551.73528 17.464 0.022
2552.75066 17.367 0.018
2553.69144 17.343 0.026
2554.74379 17.254 0.017
2555.75177 17.167 0.018
2556.73099 17.286 0.017
2557.74333 17.420 0.018
2558.69987 17.417 0.019
2559.65678 17.412 0.020
2560.68991 17.333 0.017
2562.70812 17.189 0.017
2563.71614 17.144 0.016
2564.73253 17.452 0.025
2565.72798 17.422 0.023
2566.70696 17.398 0.020
2571.69468 17.343 0.020
2572.76270 17.424 0.025
2573.70082 17.439 0.025
2574.68056 17.396 0.017
2576.72503 17.297 0.018
2577.68326 17.194 0.019
2578.66833 17.189 0.019
2579.67847 17.433 0.023
2580.68676 17.441 0.019
2583.66298 17.315 0.022
2584.66529 17.239 0.018
2587.65004 17.466 0.024
2588.66191 17.410 0.020
2589.64091 17.387 0.019
2590.65788 17.362 0.019
2591.69067 17.314 0.019
2593.64746 17.253 0.020
2594.65399 17.441 0.025
2596.62665 17.395 0.024
2597.61549 17.323 0.023
2598.69423 17.344 0.022
2599.65474 17.267 0.023
2610.59208 17.434 0.024
2613.58361 17.352 0.028
2615.61918 17.189 0.018
2620.58958 17.331 0.022
2622.53734 17.171 0.017
2625.59074 17.400 0.031
2629.53101 17.235 0.021
2632.56907 17.463 0.018
2636.56551 17.332 0.022
2639.56478 17.463 0.020
2643.53775 17.300 0.022
2649.54282 17.383 0.019
2651.57940 17.339 0.026
2655.53632 17.536 0.035
2658.55271 17.345 0.027
2661.56527 17.394 0.017
2665.53227 17.377 0.026
2669.55840 17.465 0.024
2674.54252 17.293 0.022
2676.56335 17.348 0.017
2680.53305 17.414 0.029
2683.55759 17.210 0.026
2804.83551 17.242 0.025
2805.89192 17.207 0.028
2811.94494 17.312 0.025
2815.91877 17.413 0.020
2818.92663 17.380 0.018
2829.86539 17.312 0.023
2831.85794 17.389 0.022
2832.80890 17.374 0.020
2833.90749 17.370 0.026
2835.89624 17.212 0.018
2838.88017 17.419 0.026
2840.88536 17.366 0.019
2843.87133 17.153 0.015
2844.91266 17.160 0.019
2848.81933 17.359 0.031
2849.89738 17.318 0.019
2850.92892 17.250 0.020
2852.85755 17.480 0.034
2854.86890 17.470 0.025
2857.87620 17.273 0.020
2860.91585 17.408 0.017
2861.78757 17.428 0.018
2862.87367 17.396 0.021
2863.87556 17.348 0.028
2865.79800 17.162 0.021
2867.78749 17.394 0.019
2868.82811 17.437 0.019
2869.84910 17.404 0.021
2870.85619 17.351 0.018
2872.78030 17.229 0.015
2875.84742 17.399 0.021
2876.81638 17.400 0.019
2877.84585 17.421 0.019
2879.81061 17.272 0.015
2884.76068 17.398 0.018
2886.76644 17.321 0.023
2890.73240 17.453 0.032
2893.78394 17.356 0.019
2895.79479 17.184 0.015
2897.74236 17.354 0.024
2899.77466 17.377 0.016
2903.79339 17.159 0.014
2906.74215 17.429 0.017
2908.71917 17.310 0.017
2910.71401 17.192 0.018
2912.71929 17.405 0.017
2916.73261 17.307 0.015
2918.70967 17.145 0.017
2922.70921 17.378 0.023
2924.65004 17.238 0.015
2926.64415 17.367 0.021
2929.70557 17.427 0.022
2931.68145 17.274 0.016
2933.69364 17.103 0.012
2935.65654 17.417 0.024
2937.68167 17.388 0.024
2939.65987 17.234 0.019
2940.67415 17.159 0.014
2942.67742 17.445 0.025
2943.64617 17.414 0.020
2944.62992 17.393 0.026
2946.62850 17.259 0.019
2947.65651 17.187 0.018
2949.63736 17.399 0.019
2950.58885 17.416 0.019
2951.66977 17.403 0.021
2953.61756 17.301 0.018
2955.60257 17.177 0.023
2957.61621 17.427 0.017
2965.67312 17.436 0.020
2968.63567 17.343 0.021
2971.64343 17.242 0.018
2973.63196 17.437 0.021
2975.52874 17.290 0.019
2977.62439 17.257 0.024
2979.60467 17.438 0.027
2982.55927 17.308 0.021
2986.60059 17.341 0.019
2988.57306 17.418 0.019
2990.59186 17.326 0.020
2993.59390 17.159 0.016
2997.53768 17.354 0.021
3000.59788 17.155 0.017
3003.57340 17.436 0.023
3006.56301 17.260 0.016
3009.55637 17.351 0.024
3013.56299 17.304 0.018
3017.55747 17.462 0.024
3020.53257 17.354 0.022
3022.56005 17.317 0.024
3024.55923 17.384 0.022
3026.52929 17.394 0.027
3028.53017 17.341 0.035
3030.53328 17.107 0.017
3032.55128 17.474 0.028
3034.55079 17.416 0.017
3038.54163 17.168 0.024
3179.93291 17.418 0.017
3184.89677 17.198 0.020
3193.91979 17.426 0.019
3196.89180 17.307 0.016
3202.87973 17.407 0.019
3203.92421 17.422 0.011
3206.86711 17.163 0.016
3210.93357 17.396 0.016
3211.84970 17.330 0.019
3216.76937 17.398 0.027
3217.81927 17.412 0.028
3224.81619 17.375 0.016
3228.79409 17.172 0.019
3230.76760 17.419 0.018
3238.79866 17.438 0.022
3239.83779 17.402 0.020
3240.83493 17.376 0.026
3241.77686 17.316 0.017
3242.76756 17.270 0.021
3243.89071 17.334 0.024
3244.86939 17.142 0.020
3245.81688 17.408 0.020
3246.81371 17.409 0.019
3247.81794 17.392 0.020
3249.77143 17.315 0.022
3251.78400 17.127 0.013
3254.77009 17.380 0.016
3257.79715 17.238 0.013
3261.74310 17.365 0.016
3263.74001 17.333 0.013
3265.76541 17.224 0.017
3267.74811 17.344 0.014
3270.70182 17.378 0.021
3271.70449 17.341 0.020
3273.66301 17.213 0.023
3275.65777 17.419 0.027
3276.75182 17.425 0.029
3277.79073 17.406 0.019
3279.72224 17.297 0.017
3281.68804 17.156 0.014
3283.68244 17.415 0.013
3287.64873 17.228 0.015
3289.66354 17.376 0.015
3291.60191 17.410 0.018
3294.61846 17.229 0.016
3296.58483 17.520 0.025
3298.59269 17.443 0.015
3300.59530 17.330 0.021
3302.57629 17.199 0.017
3305.67230 17.388 0.019
3307.58885 17.418 0.026
3309.60959 17.253 0.016
3311.56513 17.386 0.020
3314.60417 17.437 0.024
3320.64208 17.385 0.016
3323.59447 17.408 0.020
3327.62256 17.405 0.021
3330.59381 17.296 0.018
3335.63846 17.395 0.026
3338.54531 17.288 0.020
3350.55663 17.391 0.017
3357.59373 17.427 0.018
3361.59313 17.325 0.018
3363.59944 17.187 0.022
3369.57641 17.250 0.014
3372.59240 17.429 0.016
3376.56842 17.321 0.019
3380.55479 17.413 0.021
3386.60162 17.102 0.012
3395.55362 17.468 0.027
3399.57748 17.362 0.026
3402.59437 17.387 0.018
3543.91056 17.335 0.019
3551.93133 17.363 0.020
3558.91508 17.391 0.017
3562.90585 17.132 0.012
3568.89740 17.249 0.015
3570.85525 17.376 0.025
3571.84551 17.410 0.028
3573.89089 17.467 0.030
3575.85071 17.265 0.016
3577.90728 17.166 0.016
3579.84815 17.446 0.016
3581.91708 17.356 0.016
3582.86949 17.292 0.015
3583.88856 17.281 0.018
3586.87885 17.422 0.013
3588.87699 17.399 0.021
3590.83561 17.236 0.013
3592.79589 17.325 0.012
3594.83667 17.461 0.017
3600.92574 17.166 0.016
3602.78455 17.457 0.029
3603.74877 17.381 0.018
3608.80538 17.454 0.016
3614.83722 17.175 0.014
3615.82293 17.383 0.019
3618.82163 17.389 0.016
3620.84809 17.251 0.013
3622.80213 17.238 0.019
3625.74806 17.402 0.016
3628.76964 17.208 0.019
3630.68510 17.363 0.023
3632.66225 17.417 0.029
3634.69275 17.296 0.016
3637.69802 17.398 0.020
3640.66314 17.351 0.016
3644.69886 17.195 0.012
3646.71636 17.412 0.020
3650.73213 17.228 0.015
3652.67357 17.380 0.015
3654.64937 17.397 0.017
3656.70259 17.357 0.018
3657.73073 17.296 0.016
3658.70427 17.224 0.020
3659.68862 17.161 0.020
3660.69431 17.439 0.020
3663.68506 17.363 0.021
3665.71333 17.277 0.019
3668.64193 17.437 0.020
3668.66445 17.403 0.016
3670.65307 17.381 0.021
3672.58577 17.239 0.020
3674.74507 17.149 0.014
3676.63138 17.423 0.017
3682.60803 17.453 0.021
3684.62532 17.443 0.016
3686.59103 17.313 0.017
3688.56401 17.150 0.015
3690.57769 17.419 0.021
3693.57483 17.326 0.019
3695.57043 17.151 0.014
3698.54603 17.475 0.025
3701.59457 17.349 0.018
3703.60518 17.208 0.013
3705.57742 17.364 0.014
3707.57783 17.438 0.021
3712.59284 17.450 0.019
3715.55106 17.364 0.018
3719.63001 17.175 0.017
3722.57698 17.435 0.022
3725.65703 17.267 0.020
3730.56022 17.359 0.014
3735.56288 17.422 0.017
3738.58403 17.416 0.023
3743.53825 17.504 0.022
3748.54216 17.234 0.023
3753.53982 17.373 0.025
3758.56175 17.432 0.024
3762.56833 17.331 0.023
3768.52831 17.443 0.029
3773.52516 17.589 0.041
3777.55111 17.274 0.019
3871.92152 17.203 0.021
3902.93837 17.145 0.020
3907.93335 17.349 0.023
3915.90919 17.312 0.015
3918.92845 17.365 0.016
3934.89808 17.426 0.017
3936.90631 17.394 0.016
3938.89051 17.272 0.017
3945.86027 17.283 0.014
3950.84208 17.408 0.015
3957.79771 17.523 0.031
3959.79616 17.343 0.019
3961.78236 17.204 0.018
3964.78950 17.432 0.015
3966.78173 17.372 0.015
3968.77528 17.261 0.015
3970.76690 17.414 0.013
3973.73625 17.388 0.019
3975.75118 17.244 0.015
3980.68371 17.442 0.025
3981.68356 17.299 0.015
3982.74788 17.321 0.022
3986.72505 17.359 0.018
3989.82210 17.406 0.022
3991.76331 17.221 0.018
3994.66429 17.475 0.024
4001.66398 17.408 0.014
4003.63573 17.320 0.014
4004.72425 17.333 0.015
4005.70952 17.270 0.014
4007.60275 17.457 0.019
4008.61176 17.414 0.014
4011.66218 17.350 0.018
4014.66012 17.165 0.019
4016.64139 17.426 0.018
4018.63771 17.383 0.018
4020.67043 17.223 0.015
4023.62713 17.398 0.020
4025.62746 17.392 0.018
4027.61560 17.266 0.016
4029.59787 17.288 0.016
4031.58484 17.415 0.017
4036.62023 17.125 0.013
4038.57454 17.442 0.019
4040.55452 17.392 0.023
4042.62387 17.279 0.016
4044.66650 17.210 0.025
4047.57481 17.398 0.018
4049.55058 17.289 0.014
4051.60010 17.146 0.016
4053.61107 17.411 0.014
4055.54030 17.439 0.027
4057.57941 17.269 0.020
4059.61393 17.128 0.014
4063.60532 17.363 0.015
4066.52022 17.181 0.018
4068.58757 17.423 0.016
4071.52869 17.339 0.023
4074.56395 17.276 0.018
4077.61667 17.505 0.027
4079.56374 17.326 0.017
4083.57125 17.485 0.025
4087.59314 17.278 0.017
4095.55705 17.283 0.016
4095.59407 17.238 0.015
4098.57612 17.408 0.020
4102.54824 17.340 0.020
4107.55242 17.457 0.021
4112.55283 17.359 0.019
4119.54241 17.181 0.017
4122.56869 17.492 0.026
4128.56885 17.462 0.020
4253.89212 17.416 0.032
4255.91072 17.280 0.023
4258.92789 17.389 0.029
4273.91420 17.335 0.027
4278.94066 17.306 0.024
4281.76511 17.426 0.023
4282.90497 17.394 0.020
4283.83167 17.402 0.024
4284.89613 17.355 0.022
4289.87056 17.398 0.024
4292.90383 17.327 0.015
4295.89775 17.117 0.015
4296.93199 17.377 0.016
4298.85103 17.399 0.020
4299.89453 17.361 0.015
4300.91636 17.286 0.015
4301.93521 17.245 0.016
4303.82590 17.409 0.024
4307.72291 17.295 0.019
4308.69670 17.198 0.020
4308.90456 17.297 0.017
4310.87664 17.086 0.017
4311.87811 17.422 0.031
4312.93839 17.374 0.018
4314.80706 17.365 0.024
4316.86676 17.228 0.017
4320.85045 17.374 0.018
4326.87482 17.371 0.023
4327.89789 17.379 0.027
4328.86795 17.425 0.023
4329.86776 17.380 0.020
4330.89858 17.317 0.021
4332.91480 17.207 0.017
4334.89174 17.418 0.031
4339.86279 17.242 0.019
4340.81506 17.164 0.018
4341.80789 17.348 0.021
4342.88217 17.408 0.020
4343.80148 17.382 0.021
4344.78365 17.311 0.017
4346.75987 17.198 0.018
4348.74561 17.395 0.021
4350.72237 17.404 0.019
4353.68052 17.187 0.021
4355.73907 17.341 0.023
4358.68245 17.362 0.022
4359.73968 17.307 0.018
4362.69004 17.239 0.025
4365.66400 17.400 0.029
4369.72079 17.082 0.020
4371.68775 17.419 0.026
4376.69113 17.208 0.020
4378.65780 17.407 0.022
4379.68909 17.459 0.031
4381.64828 17.355 0.025
4383.67678 17.215 0.015
4386.70138 17.437 0.022
4388.70170 17.427 0.022
4390.71063 17.273 0.017
4394.59821 17.412 0.020
4396.68161 17.341 0.020
4398.68474 17.220 0.021
4402.66979 17.431 0.021
4404.68626 17.384 0.029
4407.69476 17.142 0.017
4409.71034 17.405 0.021
4411.70548 17.421 0.020
4415.70933 17.275 0.027
4417.65933 17.429 0.019
4420.64577 17.272 0.020
4422.67778 17.071 0.018
4424.67484 17.392 0.021
4427.56061 17.255 0.019
4429.60371 17.153 0.024
4431.59083 17.397 0.026
4433.59674 17.372 0.022
4435.58507 17.213 0.016
4438.64516 17.442 0.022
4440.61464 17.450 0.023
4442.57612 17.373 0.028
4452.61103 17.166 0.017
4454.63125 17.381 0.022
4455.57332 17.393 0.022
4457.58224 17.336 0.027
4460.53664 17.411 0.024
4462.54299 17.410 0.027
4462.55188 17.492 0.031
4462.58085 17.451 0.025
4463.53161 17.343 0.028
4463.60018 17.366 0.022
4464.54673 17.373 0.024
4465.56494 17.237 0.018
4465.59827 17.277 0.018
4466.57068 17.173 0.020
4466.60503 17.217 0.020
4467.55904 17.269 0.023
4467.58298 17.207 0.022
4468.58457 17.392 0.019
4468.61945 17.400 0.020
4469.56751 17.463 0.023
4469.60469 17.462 0.021
4470.55149 17.411 0.024
4470.58241 17.431 0.023
4471.53990 17.400 0.022
4471.56751 17.343 0.021
4472.54427 17.270 0.019
4472.57332 17.279 0.015
4473.55546 17.276 0.022
4473.57804 17.267 0.025
4474.55712 17.173 0.022
4474.58438 17.173 0.024
4474.61956 17.158 0.020
4474.64329 17.131 0.018
4475.55319 17.397 0.021
4475.59625 17.307 0.019
4475.65981 17.143 0.022
4476.57049 17.395 0.021
4476.59802 17.372 0.019
4476.64499 17.361 0.018
4477.60317 17.413 0.025
4477.64902 17.385 0.025
4478.57335 17.395 0.023
4478.63692 17.463 0.030
4479.56648 17.389 0.025
4479.62302 17.381 0.027
4480.55113 17.237 0.019
4480.59811 17.308 0.020
4481.55542 17.202 0.020
4481.60650 17.235 0.020
4481.63189 17.234 0.021
4482.56351 17.199 0.021
4482.62793 17.085 0.021
4483.58917 17.418 0.026
4483.63367 17.423 0.024
4484.58793 17.428 0.026
4485.58466 17.455 0.028
4486.57294 17.397 0.028
4486.57701 17.398 0.029
4486.62667 17.418 0.030
4487.61434 17.368 0.031
4487.61830 17.348 0.029
4487.64162 17.337 0.030
4488.57799 17.231 0.027
4488.58216 17.283 0.027
4488.61576 17.186 0.024
4489.61478 17.352 0.031
4490.61543 17.292 0.023
4491.61392 17.356 0.026
4492.58016 17.462 0.027
4492.60596 17.382 0.023
4498.54290 17.362 0.027
4502.55681 17.336 0.021
4519.51844 17.109 0.021
4519.52433 17.116 0.020
4519.52808 17.161 0.023
4519.53169 17.171 0.021
4609.93554 17.388 0.028
4643.91962 17.247 0.020
4652.94373 17.412 0.023
4655.90180 17.365 0.017
4661.91561 17.412 0.020
4662.83919 17.321 0.015
4662.93706 17.354 0.015
4663.78790 17.317 0.026
4665.86106 17.136 0.019
4670.94296 17.317 0.021
4671.83944 17.227 0.018
4673.94149 17.099 0.023
4677.85883 17.340 0.016
4682.83322 17.436 0.022
4684.87125 17.381 0.018
4686.83118 17.255 0.014
4688.84741 17.236 0.015
4690.77276 17.427 0.018
4691.77606 17.381 0.021
4694.82237 17.202 0.024
4699.78772 17.351 0.018
4700.82161 17.315 0.018
4701.82929 17.251 0.020
4703.78851 17.358 0.021
4704.80720 17.392 0.018
4705.81480 17.426 0.026
4707.83221 17.342 0.016
4709.76302 17.152 0.015
4715.77158 17.387 0.025
4717.72617 17.143 0.016
4720.70507 17.396 0.021
4722.72029 17.326 0.017
4725.72547 17.254 0.018
4730.71605 17.274 0.014
4730.77879 17.289 0.014
4733.75099 17.392 0.019
4740.69352 17.286 0.017
4743.69026 17.385 0.019
4748.67901 17.408 0.018
4750.71187 17.405 0.023
4754.63743 17.120 0.019
4755.61317 17.439 0.020
4756.64702 17.428 0.021
4758.62723 17.372 0.016
4760.61389 17.255 0.018
4762.60368 17.265 0.020
4767.63932 17.312 0.019
4770.68757 17.243 0.022
4772.62495 17.407 0.020
4774.60045 17.295 0.019
4776.57224 17.158 0.019
4778.57359 17.364 0.018
4780.57085 17.414 0.023
4782.54374 17.256 0.019
4783.60535 17.219 0.019
4789.57147 17.343 0.017
4791.55302 17.163 0.017
4793.56040 17.424 0.023
4795.57328 17.400 0.017
4797.56545 17.304 0.024
4798.62869 17.233 0.018
4801.52992 17.411 0.017
4802.61738 17.390 0.021
4803.58930 17.364 0.017
4805.52429 17.280 0.027
4807.55105 17.316 0.023
4809.57623 17.403 0.019
4811.59810 17.372 0.023
4814.55597 17.119 0.017
4816.55810 17.453 0.019
4818.57208 17.436 0.021
4820.55011 17.290 0.021
4822.60684 17.128 0.016
4824.59168 17.429 0.021
4831.56332 17.407 0.021
4833.59116 17.414 0.019
4835.61391 17.293 0.020
4839.61694 17.464 0.026
4842.58359 17.325 0.027
4844.59410 17.196 0.019
4847.64829 17.337 0.032
4849.60826 17.283 0.018
4853.60555 17.418 0.023
4855.61876 17.467 0.028
4862.59258 17.465 0.022
4868.57477 17.357 0.021
4869.53688 17.459 0.028
