2086.92153 15.057 0.006
2104.85361 14.902 0.005
2106.91348 15.308 0.006
2113.83393 14.844 0.005
2114.84820 15.088 0.006
2115.90842 15.259 0.006
2116.89452 15.415 0.006
2117.90023 15.154 0.006
2123.84320 15.011 0.005
2128.84777 15.105 0.006
2129.87992 15.275 0.006
2130.82878 15.416 0.006
2131.82228 15.137 0.006
2132.82847 14.945 0.006
2133.91705 15.190 0.006
2134.83340 15.330 0.006
2135.86858 15.444 0.006
2136.86775 14.812 0.006
2137.91239 15.059 0.006
2140.83763 15.380 0.006
2142.88455 15.133 0.006
2143.83858 15.293 0.006
2144.81010 15.426 0.006
2155.90109 14.930 0.006
2156.84762 15.131 0.006
2162.78389 15.346 0.006
2166.77868 15.236 0.006
2167.74947 15.397 0.006
2168.73598 15.333 0.006
2171.76202 15.290 0.006
2172.76860 15.438 0.006
2173.73069 14.896 0.005
2177.66232 15.434 0.006
2184.72372 15.152 0.006
2185.68718 15.303 0.006
2187.66977 14.867 0.006
2190.71373 15.365 0.006
2191.65554 15.441 0.006
2192.68396 14.842 0.005
2193.70496 15.075 0.005
2194.67620 15.264 0.006
2201.74231 14.817 0.005
2206.62815 14.868 0.006
2211.66680 14.953 0.005
2212.66586 15.165 0.006
2213.67685 15.325 0.006
2214.66322 15.448 0.006
2215.67850 14.811 0.005
2217.65616 15.221 0.006
2219.69933 15.347 0.006
2222.74855 15.306 0.006
2223.68828 15.435 0.006
2225.61782 14.961 0.005
2226.66414 15.183 0.006
2228.57957 15.449 0.006
2230.51686 15.023 0.006
2232.53064 15.369 0.006
2234.57271 14.887 0.005
2236.56221 15.284 0.006
2238.56759 14.989 0.005
2241.55440 15.337 0.006
2243.59267 14.827 0.005
2248.63710 14.923 0.005
2250.61151 15.306 0.006
2253.59101 15.004 0.006
2256.57329 15.442 0.006
2258.61374 15.088 0.005
2263.60502 15.154 0.006
2265.63101 15.452 0.006
2270.58923 15.423 0.006
2272.58728 15.100 0.006
2274.57113 15.414 0.006
2276.53865 14.945 0.005
2280.55122 14.822 0.005
2285.58971 14.890 0.005
2289.58665 14.969 0.005
2291.58735 15.186 0.006
2293.58791 15.443 0.006
2295.58425 15.051 0.006
2297.58741 15.401 0.006
2299.58389 14.914 0.005
2301.57657 15.287 0.006
2460.90851 15.274 0.006
2463.93761 15.313 0.006
2466.85945 14.994 0.006
2467.92334 15.210 0.006
2469.92262 15.413 0.006
2471.91215 15.082 0.006
2472.90223 15.267 0.005
2473.92843 15.414 0.006
2481.88768 15.214 0.006
2483.91131 15.396 0.006
2486.91145 15.275 0.006
2488.91341 15.031 0.006
2492.92571 15.513 0.006
2496.92549 15.397 0.006
2498.79675 14.870 0.005
2499.88173 15.117 0.006
2500.89014 15.294 0.006
2501.87689 15.431 0.006
2502.85706 14.989 0.006
2508.76765 15.050 0.006
2516.79912 14.943 0.006
2517.84587 14.996 0.006
2518.81819 15.201 0.006
2519.81645 15.350 0.006
2520.81462 15.435 0.006
2521.80778 14.831 0.005
2524.80631 15.393 0.006
2526.80011 14.925 0.005
2529.79635 15.441 0.006
2534.85695 15.421 0.006
2535.79458 14.847 0.005
2537.72465 15.251 0.006
2538.82549 15.414 0.006
2539.72265 15.275 0.006
2540.76541 14.943 0.006
2541.73454 15.150 0.006
2542.70435 15.305 0.006
2544.68455 14.881 0.005
2545.69781 15.000 0.005
2547.71580 15.359 0.006
2548.73404 15.421 0.006
2550.72932 15.085 0.006
2551.71584 15.260 0.006
2552.73183 15.421 0.006
2553.67260 15.238 0.006
2554.72497 14.946 0.005
2555.73288 15.165 0.006
2556.71196 15.317 0.006
2557.72450 15.438 0.006
2558.68095 14.836 0.005
2559.63798 15.011 0.006
2560.67095 15.207 0.006
2561.71657 15.376 0.006
2562.68930 15.413 0.006
2563.69722 14.858 0.005
2564.71362 15.103 0.006
2565.70935 15.263 0.006
2566.68429 15.418 0.006
2568.75335 14.964 0.006
2571.67013 15.439 0.006
2572.77733 14.834 0.006
2573.68325 15.035 0.006
2574.66321 15.203 0.006
2576.69796 15.363 0.006
2577.66299 14.886 0.006
2578.65052 15.115 0.006
2579.66106 15.283 0.006
2580.66917 15.417 0.006
2583.64121 15.188 0.006
2584.64769 15.338 0.006
2586.66313 14.825 0.005
2587.63100 15.043 0.006
2589.62189 15.393 0.006
2590.63867 15.349 0.006
2591.66483 14.906 0.005
2593.62810 15.285 0.006
2594.63411 15.439 0.006
2596.60776 14.978 0.006
2597.59493 15.194 0.006
2598.67513 15.352 0.006
2599.62921 15.445 0.006
2607.64930 15.318 0.006
2610.57065 14.995 0.006
2613.56455 15.426 0.006
2615.59498 15.076 0.006
2619.57948 14.931 0.006
2621.58853 15.306 0.006
2625.57120 15.217 0.006
2627.54189 15.434 0.006
2630.55615 15.270 0.006
2635.56986 15.315 0.006
2640.53508 15.373 0.006
2642.57483 14.888 0.006
2646.58618 14.981 0.005
2651.56047 14.830 0.006
2654.58456 15.396 0.006
2657.54036 15.121 0.006
2661.53687 14.978 0.005
2664.57735 15.454 0.006
2667.53616 15.255 0.006
2672.55530 15.311 0.006
2676.54550 15.206 0.006
2679.56021 14.860 0.005
2683.53877 15.180 0.006
2777.92553 15.092 0.006
2804.85406 14.874 0.006
2805.87134 15.123 0.006
2811.92647 15.351 0.006
2815.90009 15.252 0.006
2817.94873 15.239 0.007
2825.93196 15.364 0.006
2830.83926 15.407 0.006
2831.80886 15.288 0.006
2832.76957 14.897 0.006
2832.94747 14.947 0.006
2833.88741 15.162 0.006
2834.93806 15.321 0.006
2838.83943 15.212 0.006
2840.84711 15.431 0.006
2843.84842 15.263 0.006
2844.89415 15.427 0.006
2845.94117 15.013 0.006
2849.87768 15.444 0.006
2850.91043 14.825 0.006
2852.83903 15.226 0.006
2854.85034 15.383 0.006
2857.85776 15.282 0.006
2858.93138 15.430 0.006
2860.89731 14.980 0.006
2861.76875 15.170 0.006
2862.89217 15.340 0.006
2863.85684 15.445 0.006
2865.81655 15.046 0.006
2867.80597 15.383 0.006
2868.80956 15.370 0.006
2869.79609 14.896 0.005
2870.83760 15.129 0.006
2871.88072 15.299 0.006
2872.83755 15.440 0.006
2875.82839 15.193 0.006
2876.79780 15.346 0.006
2879.72431 15.046 0.006
2883.84753 14.920 0.005
2885.78286 15.293 0.006
2890.71377 15.355 0.007
2893.76519 15.077 0.006
2895.81442 15.408 0.006
2897.71794 14.901 0.006
2899.75560 15.303 0.006
2903.77136 15.210 0.005
2906.72361 14.853 0.005
2908.70062 15.252 0.006
2910.69548 15.226 0.006
2912.70084 15.151 0.006
2916.71358 15.016 0.005
2918.69046 15.366 0.006
2922.69044 15.274 0.006
2924.63142 15.198 0.006
2926.62544 15.155 0.006
2929.68661 14.819 0.005
2931.66256 15.224 0.006
2933.67302 15.388 0.006
2935.63736 15.107 0.006
2937.66296 15.425 0.006
2939.67843 14.973 0.006
2940.65556 15.182 0.006
2941.63083 15.337 0.006
2942.65562 15.453 0.006
2943.62697 14.823 0.005
2944.61135 15.042 0.006
2946.60608 15.381 0.006
2947.63769 15.355 0.006
2949.61876 15.121 0.006
2950.57032 15.283 0.006
2951.65088 15.427 0.006
2953.59882 14.970 0.005
2955.58392 15.337 0.006
2957.59754 14.829 0.005
2960.61667 15.397 0.006
2962.65182 14.917 0.005
2965.65449 15.431 0.006
2968.61683 15.205 0.006
2970.63565 15.429 0.006
2972.64021 15.087 0.006
2975.54830 15.292 0.006
2977.64410 15.169 0.006
2979.58399 15.434 0.006
2981.63128 15.038 0.006
2983.56480 15.368 0.006
2986.58140 15.090 0.006
2988.55338 15.412 0.006
2991.57953 15.176 0.006
2994.56595 14.825 0.005
2997.58066 15.400 0.006
3000.57236 15.106 0.006
3003.55468 15.068 0.006
3006.54197 15.336 0.006
3009.53724 15.054 0.006
3013.53965 14.899 0.006
3015.57491 15.305 0.006
3018.55200 14.993 0.006
3020.58772 15.348 0.006
3024.54039 15.247 0.006
3025.60001 15.408 0.006
3027.62550 14.929 0.005
3029.59718 15.320 0.006
3031.60201 14.834 0.005
3034.53225 15.363 0.006
3037.55144 15.097 0.006
3183.93344 15.416 0.006
3193.90132 14.828 0.005
3196.87341 15.362 0.006
3197.93581 15.406 0.006
3199.93449 15.119 0.006
3202.86127 15.147 0.006
3203.90135 14.957 0.005
3204.94686 15.182 0.006
3206.83917 15.443 0.006
3210.91514 15.394 0.006
3211.86974 15.399 0.006
3215.80488 15.427 0.006
3216.75078 15.178 0.006
3217.80073 14.963 0.006
3223.85690 15.241 0.006
3228.77557 15.284 0.006
3229.85740 15.430 0.006
3231.83890 14.977 0.006
3238.77575 15.400 0.006
3239.81930 15.303 0.006
3240.81200 14.924 0.006
3241.79549 15.146 0.006
3242.73945 15.283 0.006
3243.87206 15.443 0.006
3244.85067 14.865 0.006
3245.79842 15.001 0.006
3246.79117 15.210 0.006
3247.79953 15.360 0.006
3249.74984 14.834 0.005
3251.76341 15.252 0.006
3254.75108 14.918 0.005
3257.77540 15.435 0.006
3259.68813 14.996 0.005
3261.72417 15.357 0.006
3263.72140 14.843 0.005
3265.74273 15.257 0.006
3267.72949 15.211 0.005
3270.68294 15.312 0.006
3271.68586 15.440 0.006
3273.64418 15.002 0.006
3275.63007 15.358 0.006
3276.73343 15.408 0.006
3277.77208 14.876 0.005
3279.70370 15.267 0.006
3281.66225 15.177 0.005
3283.66393 15.161 0.005
3287.63009 15.023 0.005
3289.64504 15.372 0.005
3291.57800 14.866 0.005
3295.63653 15.089 0.005
3298.57442 15.314 0.005
3300.57673 14.824 0.005
3302.55371 15.222 0.006
3305.65373 14.886 0.005
3307.56602 15.273 0.006
3309.59110 15.026 0.005
3311.54272 15.173 0.006
3314.58567 14.848 0.006
3320.62349 15.140 0.005
3323.57092 14.945 0.005
3327.57844 15.441 0.006
3330.57393 15.257 0.006
3335.61794 15.314 0.006
3338.56361 15.006 0.005
3350.53794 15.451 0.006
3353.59651 15.225 0.006
3359.57838 15.417 0.006
3363.58049 15.336 0.006
3367.64009 15.240 0.006
3372.57356 15.292 0.006
3376.54970 15.189 0.005
3380.53613 15.065 0.006
3386.58308 15.308 0.005
3395.53091 15.252 0.006
3398.57862 14.948 0.005
3402.57585 14.827 0.005
3543.88948 15.264 0.006
3551.91296 15.019 0.005
3554.94420 15.416 0.006
3561.95140 15.192 0.006
3564.92910 14.828 0.005
3568.87470 15.405 0.006
3570.83573 15.117 0.006
3571.82667 15.285 0.006
3573.87237 15.039 0.006
3575.82813 15.188 0.005
3577.88450 15.446 0.006
3578.92054 14.837 0.005
3579.82559 15.047 0.005
3581.89467 15.409 0.006
3582.85097 15.368 0.006
3583.86119 14.903 0.005
3585.88230 15.296 0.005
3586.83446 15.428 0.005
3588.85274 14.986 0.005
3590.80879 15.344 0.005
3592.77354 14.822 0.005
3594.81303 15.239 0.005
3597.85295 14.927 0.005
3600.88915 15.450 0.006
3602.75000 14.990 0.006
3607.84113 15.079 0.005
3614.81334 15.446 0.006
3617.79714 15.222 0.005
3619.77522 15.428 0.006
3621.76772 15.090 0.005
3628.79458 15.445 0.006
3630.64647 14.994 0.005
3632.64381 15.362 0.006
3634.71671 14.858 0.005
3637.67552 15.413 0.006
3639.72545 14.963 0.005
3641.72221 15.323 0.006
3643.82063 14.848 0.005
3644.76131 15.054 0.005
3646.69235 15.372 0.006
3650.71358 15.276 0.006
3652.64871 15.095 0.005
3654.62702 15.169 0.005
3656.65072 15.442 0.006
3657.70841 14.826 0.005
3658.68572 15.049 0.006
3659.66604 15.238 0.006
3661.61473 15.379 0.006
3663.63769 15.124 0.006
3665.67000 15.422 0.006
3668.61917 15.186 0.006
3670.56986 15.446 0.006
3672.60931 15.055 0.005
3674.66816 15.413 0.006
3676.60857 14.908 0.005
3682.58531 15.198 0.006
3684.57820 15.436 0.006
3686.56809 15.069 0.005
3688.54115 15.411 0.006
3690.54705 14.923 0.005
3692.59962 15.318 0.006
3694.58619 14.860 0.005
3696.58233 15.210 0.005
3698.61606 15.428 0.006
3700.62609 15.101 0.005
3702.61702 15.430 0.006
3704.61753 14.959 0.005
3706.63241 15.331 0.005
3708.61381 14.830 0.005
3712.57033 15.412 0.006
3714.57303 15.106 0.006
3718.55650 14.959 0.005
3721.58868 15.443 0.006
3725.61758 15.395 0.006
3730.54182 15.431 0.006
3734.61251 15.360 0.006
3738.56458 15.245 0.006
3742.56175 15.149 0.006
3747.56253 15.216 0.006
3751.57033 15.090 0.006
3762.54834 15.377 0.006
3766.55357 15.270 0.005
3772.58033 15.450 0.006
3777.52767 15.386 0.006
3871.89974 15.045 0.006
3902.92003 15.222 0.006
3907.91487 14.839 0.005
3913.94042 15.114 0.005
3918.91019 15.162 0.005
3931.94175 14.995 0.005
3934.87970 15.449 0.006
3936.88802 15.058 0.005
3938.87205 15.385 0.006
3945.87897 14.983 0.005
3950.82390 15.054 0.005
3957.77944 15.430 0.006
3959.76889 14.981 0.005
3961.76302 15.343 0.006
3964.77127 15.065 0.005
3966.76352 15.401 0.006
3968.75719 14.916 0.005
3970.74888 15.302 0.005
3973.71818 14.998 0.005
3975.73044 15.358 0.006
3980.66569 15.396 0.006
3981.66545 15.294 0.006
3982.72979 14.939 0.005
3986.70312 14.848 0.005
3991.73234 14.884 0.005
3994.64474 15.406 0.006
3998.67513 15.331 0.006
4001.64593 15.013 0.005
4003.61736 15.381 0.006
4004.69715 15.400 0.006
4005.69130 14.882 0.005
4007.58456 15.260 0.005
4008.59344 15.411 0.005
4011.64394 15.176 0.005
4014.62637 14.842 0.005
4016.62315 15.238 0.006
4018.61955 15.390 0.006
4020.62300 15.124 0.006
4023.60886 15.037 0.005
4025.60923 15.186 0.005
4027.59736 15.454 0.006
4029.57966 15.053 0.005
4031.56675 15.390 0.006
4033.66099 14.912 0.005
4038.55618 14.992 0.005
4042.56434 14.845 0.005
4044.58735 15.260 0.006
4046.62044 15.268 0.006
4049.53237 15.302 0.005
4051.58195 14.875 0.005
4053.62938 15.223 0.005
4055.52203 15.449 0.006
4057.59738 15.101 0.006
4059.59585 15.410 0.006
4063.54088 15.318 0.006
4065.59293 14.836 0.005
4067.58378 15.220 0.005
4069.53666 15.421 0.006
4071.54748 15.102 0.005
4074.54357 15.137 0.005
4077.54530 15.334 0.005
4079.54548 14.836 0.005
4082.54683 15.393 0.006
4085.62418 15.145 0.006
4092.57966 15.456 0.005
4097.62224 15.265 0.006
4100.61370 15.324 0.006
4105.57770 15.357 0.006
4111.61414 15.153 0.005
4115.53361 15.443 0.006
4120.56452 15.416 0.006
4124.58160 15.422 0.006
4128.59999 15.345 0.006
4252.94769 15.211 0.006
4255.86769 14.838 0.006
4268.92644 15.412 0.006
4275.94137 15.177 0.006
4279.83820 15.019 0.006
4282.82960 15.419 0.006
4283.84865 14.876 0.006
4284.87907 15.104 0.006
4285.94449 15.276 0.006
4292.88693 14.820 0.005
4295.88040 15.389 0.006
4296.91088 15.328 0.006
4297.94282 14.919 0.005
4299.87768 15.292 0.006
4300.89942 15.425 0.006
4301.91797 14.887 0.005
4302.93987 14.996 0.006
4306.93658 14.844 0.005
4307.85114 15.062 0.006
4308.67933 15.222 0.006
4308.88727 15.251 0.006
4310.85942 15.294 0.006
4311.85928 14.922 0.006
4312.92146 15.147 0.006
4314.94054 15.432 0.007
4316.84842 15.010 0.006
4320.87573 14.854 0.005
4326.85794 15.160 0.006
4327.83410 15.320 0.007
4328.84984 15.452 0.006
4329.85096 14.834 0.005
4330.88048 15.037 0.006
4332.89669 15.383 0.006
4334.87368 14.882 0.006
4338.92611 14.981 0.006
4340.79695 15.170 0.006
4341.78983 15.328 0.006
4342.86400 15.448 0.006
4343.78338 14.824 0.005
4344.76546 15.016 0.006
4346.72175 15.370 0.006
4348.72754 14.862 0.005
4350.70420 15.264 0.006
4352.80632 15.027 0.006
4353.66233 14.937 0.006
4354.78367 15.184 0.006
4357.76735 14.828 0.006
4359.72131 15.226 0.006
4362.66896 14.879 0.006
4363.62824 15.103 0.006
4365.68662 15.422 0.006
4369.68060 15.328 0.006
4371.66955 14.815 0.005
4376.67301 14.902 0.006
4378.63963 15.278 0.006
4379.67093 15.433 0.006
4381.63008 14.973 0.006
4382.70864 15.193 0.006
4386.68289 15.068 0.006
4388.68361 15.404 0.006
4390.69245 14.923 0.005
4393.68700 15.444 0.006
4396.66156 15.209 0.006
4398.66655 15.437 0.006
4400.69106 15.091 0.006
4404.66806 14.947 0.006
4407.65595 15.448 0.006
4410.68586 15.223 0.006
4415.67219 15.277 0.006
4418.61771 14.948 0.005
4421.67552 15.448 0.006
4423.67997 15.052 0.006
4426.55618 15.421 0.006
4428.57287 15.113 0.006
4430.63309 15.427 0.006
4432.61899 14.971 0.005
4434.62426 15.340 0.006
4436.60056 14.823 0.005
4438.66322 15.256 0.006
4440.59635 15.361 0.006
4442.55787 15.131 0.006
4444.58267 15.427 0.006
4450.61510 14.837 0.006
4452.59264 15.256 0.006
4454.52968 15.353 0.006
4455.60178 14.923 0.005
4457.53731 15.302 0.006
4459.55740 14.885 0.006
4462.58885 15.358 0.006
4466.61300 15.261 0.006
4471.54766 15.322 0.006
4475.54173 15.218 0.006
4480.58275 15.275 0.006
4482.58971 15.080 0.006
4485.59278 15.325 0.006
4488.59503 15.050 0.006
4609.91743 15.207 0.006
4643.90154 15.437 0.006
4650.94042 15.057 0.005
4655.91983 15.136 0.006
4662.79821 15.448 0.006
4662.91503 15.441 0.006
4663.76980 14.821 0.005
4663.91765 14.836 0.005
4665.84291 15.244 0.006
4665.93674 15.267 0.006
4666.93588 15.415 0.006
4670.92500 15.321 0.006
4671.89492 15.443 0.006
4676.92519 15.429 0.006
4677.84080 14.846 0.005
4682.81523 14.928 0.005
4684.85309 15.314 0.006
4686.81308 14.850 0.005
4688.82904 15.220 0.006
4690.75464 15.440 0.006
4691.75767 14.856 0.005
4693.91264 15.284 0.006
4696.88632 14.978 0.006
4697.82483 15.173 0.006
4698.77439 15.307 0.006
4699.76852 15.441 0.006
4700.80323 14.825 0.005
4701.81114 15.031 0.006
4703.77036 15.374 0.006
4704.78910 15.405 0.006
4705.79660 14.881 0.005
4707.78899 15.265 0.006
4709.74481 15.130 0.006
4710.77338 14.968 0.005
4715.75334 15.046 0.006
4716.77905 15.236 0.005
4717.70510 15.394 0.006
4719.79393 14.920 0.005
4721.78677 15.302 0.006
4724.66933 14.956 0.005
4725.74880 15.190 0.006
4728.75439 14.828 0.005
4733.73096 14.908 0.005
4740.67253 15.351 0.006
4741.70791 15.434 0.006
4743.75648 15.075 0.005
4747.61211 14.905 0.005
4749.61179 15.290 0.006
4753.68276 15.213 0.006
4755.67478 15.438 0.006
4757.65927 15.081 0.005
4759.67397 15.411 0.006
4761.64235 14.928 0.005
4763.65960 15.312 0.006
4767.60052 15.210 0.006
4770.66906 14.870 0.005
4772.60680 15.260 0.006
4774.56136 15.250 0.006
4776.55297 15.158 0.006
4777.65491 15.322 0.006
4780.52361 15.012 0.006
4781.63756 15.221 0.006
4783.58669 15.426 0.006
4785.62207 15.110 0.006
4789.55318 14.954 0.005
4791.53470 15.323 0.006
4793.54212 14.833 0.005
4795.55482 15.228 0.006
4797.54708 15.398 0.006
4798.61042 14.897 0.005
4800.65780 15.289 0.006
4803.54891 14.969 0.005
4804.60400 15.190 0.006
4805.59086 15.342 0.006
4807.52867 14.837 0.006
4809.55802 15.239 0.006
4811.57992 15.326 0.006
4813.55685 15.137 0.006
4815.59277 15.424 0.006
4816.53985 14.935 0.005
4818.59012 15.201 0.006
4820.53162 15.441 0.006
4822.58838 15.079 0.005
4824.57320 15.409 0.006
4826.63284 14.947 0.005
4833.57228 15.370 0.006
4835.59549 14.866 0.005
4836.63561 15.118 0.006
4837.56251 15.270 0.006
4837.60646 15.277 0.006
4838.60656 15.416 0.006
4839.58508 15.111 0.006
4841.55724 15.170 0.006
4841.58281 15.170 0.006
4842.53474 15.329 0.006
4842.60683 15.332 0.006
4843.52893 15.465 0.007
4843.57704 15.448 0.006
4844.52683 14.844 0.006
4844.61721 14.821 0.005
4846.58616 15.240 0.006
4847.62249 15.392 0.006
4848.62240 15.350 0.006
4850.60987 15.128 0.006
4854.60110 14.969 0.005
4856.61834 15.346 0.006
4862.56626 15.330 0.006
4868.55663 14.988 0.005
4935.91263 15.433 0.006
4937.91334 14.952 0.005
4940.91475 15.455 0.006
4954.91770 15.458 0.006
