 466.55895 16.682 0.008
 466.57418 16.642 0.007
 466.60480 16.676 0.008
 466.63433 16.709 0.008
 467.55221 17.345 0.012
 467.58165 17.357 0.012
 467.61112 17.340 0.011
 467.64063 17.346 0.011
 469.56159 17.059 0.011
 469.60019 17.081 0.010
 469.63182 17.080 0.011
 471.61412 17.350 0.013
 471.62933 17.336 0.013
 472.54629 17.269 0.013
 472.56102 17.259 0.016
 472.57570 17.315 0.012
 472.59034 17.261 0.012
 622.89286 16.828 0.011
 624.91942 17.281 0.013
 625.90687 17.027 0.011
 626.87838 16.652 0.009
 627.86462 17.350 0.014
 628.90569 17.246 0.012
 629.90347 17.064 0.011
 631.93443 17.345 0.015
 632.87496 17.285 0.015
 633.91040 17.146 0.011
 635.90523 17.277 0.012
 643.87426 17.266 0.012
 645.84597 17.216 0.013
 647.80370 17.340 0.019
 649.80108 17.214 0.016
 656.86145 17.340 0.012
 657.83373 17.274 0.016
 658.87402 17.160 0.014
 663.78030 16.800 0.012
 664.88523 17.299 0.013
 665.83249 17.311 0.011
 666.84304 17.192 0.011
 667.86229 16.962 0.009
 668.83308 17.298 0.010
 670.79864 17.185 0.012
 671.82071 16.986 0.008
 672.82626 16.790 0.008
 673.79362 17.330 0.011
 684.75403 16.732 0.008
 685.80888 17.364 0.014
 686.71017 17.271 0.012
 687.79151 17.137 0.011
 688.73352 16.786 0.008
 689.76069 17.344 0.011
 697.72684 17.350 0.012
 698.79794 17.353 0.013
 699.69697 17.200 0.011
 700.73774 16.993 0.010
 701.70995 17.059 0.011
 704.73799 17.046 0.012
 706.70364 17.359 0.022
 707.74120 17.260 0.015
 708.76535 17.097 0.012
 712.76591 17.144 0.011
 713.74727 16.856 0.008
 714.76224 17.384 0.011
 715.72781 17.314 0.011
 716.69588 17.133 0.011
 726.69607 16.796 0.008
 728.68920 17.216 0.011
 729.69136 17.052 0.011
 730.67575 16.642 0.008
 733.64219 17.069 0.012
 739.66218 17.322 0.014
 741.62798 17.124 0.010
 742.60424 16.803 0.009
 744.65133 17.324 0.012
 745.60227 17.133 0.011
 746.79304 17.048 0.011
 747.66358 17.302 0.012
 748.62529 17.338 0.013
 749.63069 17.195 0.013
 750.62451 16.954 0.011
 751.63298 17.139 0.012
 752.74736 17.346 0.015
 753.68299 17.242 0.012
 759.64087 16.719 0.009
 760.66651 17.352 0.011
 761.64258 17.245 0.011
 761.74782 17.323 0.014
 762.63394 17.077 0.012
 762.66349 17.145 0.015
 763.65015 16.825 0.010
 763.76091 16.970 0.014
 765.58221 17.320 0.017
 766.61969 17.131 0.015
 766.72256 17.211 0.017
 767.62719 16.880 0.012
 767.68884 16.966 0.016
 767.76510 16.993 0.013
 769.61002 17.297 0.014
 769.68375 17.335 0.015
 770.61617 17.172 0.012
 771.64923 16.959 0.011
 772.61108 17.349 0.014
 773.61621 17.307 0.014
 773.76840 17.372 0.017
 774.60919 17.204 0.012
 775.56708 16.942 0.010
 776.64801 16.665 0.008
 777.62226 17.358 0.013
 778.62563 17.223 0.014
 779.65259 17.055 0.011
 779.76287 17.095 0.013
 780.65240 16.725 0.010
 781.56675 17.331 0.013
 781.74721 17.314 0.015
 782.63228 17.266 0.017
 783.54924 17.019 0.009
 784.59124 16.693 0.008
 785.61807 17.347 0.012
 785.76365 17.338 0.013
 786.62174 17.294 0.011
 787.70219 17.169 0.012
 788.63504 16.866 0.010
 788.66059 16.872 0.010
 790.58373 17.295 0.014
 792.56168 16.846 0.011
 795.62636 17.185 0.013
 796.55528 16.919 0.012
 796.74060 17.074 0.021
 797.71541 16.674 0.010
 798.57809 17.338 0.013
 799.71603 17.283 0.012
 800.63106 17.017 0.011
 802.69107 17.376 0.019
 805.61838 16.737 0.011
 806.62856 17.349 0.014
 808.56000 17.075 0.015
 816.69099 17.215 0.011
 817.60106 16.930 0.010
 819.56383 17.271 0.013
 820.64016 17.216 0.011
 822.56070 17.266 0.014
 824.58652 17.242 0.015
 825.65966 17.062 0.013
 828.61982 17.267 0.011
 829.58642 17.058 0.011
 832.59330 17.278 0.015
 833.61318 17.145 0.011
 834.58277 16.807 0.010
 836.56089 17.300 0.017
 838.59388 16.903 0.011
 840.60363 17.327 0.015
 845.55504 17.198 0.013
 850.57852 17.009 0.011
 855.58351 16.767 0.011
 859.57131 16.861 0.011
 866.53584 17.195 0.013
 962.93965 17.364 0.017
 966.93912 17.339 0.015
 970.91554 17.328 0.013
 976.89616 17.168 0.014
 986.85058 16.787 0.011
 987.86415 17.344 0.015
 991.93245 17.322 0.013
 996.93615 17.337 0.013
 998.90720 16.925 0.010
1004.80583 17.294 0.015
1006.83440 16.954 0.011
1020.90390 17.363 0.016
1035.75662 16.974 0.011
1037.78582 17.358 0.014
1041.79398 17.376 0.013
1045.75571 17.323 0.012
1052.77981 16.913 0.010
1055.65300 17.115 0.011
1058.86500 17.353 0.018
1059.78299 17.219 0.013
1061.73573 16.873 0.011
1064.81966 17.094 0.016
1072.70121 17.073 0.011
1076.67897 17.118 0.011
1078.68955 17.366 0.013
1081.70209 16.939 0.009
1084.64028 17.178 0.011
1087.66017 17.337 0.013
1090.71657 16.675 0.009
1092.74867 17.304 0.015
1094.65534 16.666 0.008
1102.62549 16.971 0.011
1106.72038 16.986 0.008
1110.63950 16.959 0.013
1116.59798 17.355 0.012
1120.58658 17.362 0.014
1126.66190 17.161 0.011
1129.56033 17.281 0.014
1132.54341 17.344 0.014
1135.59350 16.965 0.010
1138.64316 17.256 0.011
1140.62055 16.638 0.008
1144.67814 16.868 0.011
1151.55775 17.117 0.012
1155.55935 17.139 0.011
1159.55479 17.182 0.011
1162.58720 17.353 0.011
1164.70077 17.108 0.012
1170.55917 17.351 0.012
1178.66926 16.947 0.011
1182.68113 16.646 0.008
1183.71949 17.380 0.015
1185.70267 17.089 0.011
1188.70196 17.289 0.013
1191.58573 17.347 0.017
1202.60083 16.968 0.013
1205.55225 17.189 0.012
1211.57271 16.646 0.011
1217.58334 17.285 0.013
1220.58585 17.375 0.014
1229.53858 17.329 0.017
1238.53482 17.198 0.025
1327.91899 17.252 0.021
1330.83568 17.356 0.017
1335.88744 17.306 0.016
1340.90697 17.200 0.012
1348.94305 17.268 0.013
1354.91659 16.830 0.011
1360.93632 17.314 0.015
1365.93254 17.257 0.015
1367.85603 17.112 0.015
1374.92814 17.097 0.014
1394.86429 17.252 0.017
1395.89577 17.072 0.011
1397.81744 17.341 0.017
1401.84447 17.366 0.015
1402.92942 17.291 0.013
1407.85248 17.159 0.011
1412.74780 16.897 0.010
1417.90616 16.717 0.009
1430.73876 17.372 0.017
1432.74947 17.131 0.011
1435.70587 17.287 0.016
1439.67235 17.281 0.013
1442.67603 17.380 0.014
1447.75123 17.352 0.019
1451.68746 17.345 0.014
1455.70717 17.335 0.017
1460.74789 17.317 0.013
1462.65352 16.838 0.011
1470.65978 16.953 0.011
1471.77891 16.718 0.009
1472.64700 17.330 0.015
1475.65268 16.676 0.010
1477.58176 17.250 0.015
1481.59951 17.241 0.015
1484.64847 17.331 0.013
1487.64355 16.865 0.010
1490.68234 17.151 0.011
1492.58198 17.378 0.016
1495.53878 16.898 0.011
1499.56741 16.963 0.014
1502.56551 17.226 0.014
1505.63210 17.349 0.017
1508.56748 16.704 0.009
1509.54377 17.341 0.014
1512.64563 16.910 0.012
1515.62033 17.189 0.013
1517.62382 17.261 0.013
1520.61097 16.979 0.011
1524.55869 16.975 0.012
1526.59879 17.368 0.017
1531.65039 17.270 0.015
1543.60787 17.321 0.013
1546.62270 16.643 0.008
1551.58449 17.370 0.013
1555.61797 17.344 0.014
1562.59658 16.959 0.011
1569.57574 17.220 0.012
1575.60156 16.775 0.009
1580.57654 17.351 0.013
1583.57920 16.877 0.010
1587.55900 16.932 0.011
1597.54446 17.341 0.017
1603.55257 17.116 0.013
1608.52828 16.877 0.012
1703.91315 17.337 0.016
1705.91869 17.036 0.013
1716.87905 17.272 0.015
1717.88945 17.128 0.012
1729.92513 17.249 0.011
1732.89493 17.359 0.013
1740.84595 17.336 0.016
1742.89372 17.163 0.013
1744.86288 17.399 0.015
1745.88708 17.334 0.016
1749.86754 17.338 0.011
1750.83945 17.179 0.014
1751.85131 16.988 0.010
1752.81263 17.286 0.013
1753.81370 17.349 0.014
1754.84036 17.233 0.013
1755.80570 17.009 0.013
1756.83518 16.663 0.012
1757.78438 17.355 0.018
1758.78888 17.239 0.013
1759.83324 17.039 0.011
1761.81429 17.361 0.013
1762.80067 17.297 0.014
1763.80367 17.087 0.011
1764.79617 16.757 0.008
1765.79063 17.342 0.016
1766.73167 17.248 0.015
1768.81079 16.855 0.011
1769.72017 17.325 0.015
1771.83622 17.177 0.017
1772.77860 16.886 0.010
1773.74593 17.374 0.014
1776.76873 16.910 0.010
1784.74537 17.029 0.011
1788.81089 17.119 0.011
1803.77123 17.362 0.013
1806.76534 16.648 0.009
1808.83498 17.279 0.016
1811.76337 17.345 0.011
1814.81021 16.869 0.009
1817.77586 17.174 0.010
1822.65332 16.830 0.009
1826.80443 17.050 0.011
1829.74671 17.237 0.013
1846.79471 17.211 0.013
1850.75144 17.227 0.015
1854.80752 17.275 0.011
1858.73139 17.284 0.016
1862.73028 17.310 0.012
1867.75475 17.181 0.012
1871.76133 17.247 0.012
2085.90914 17.201 0.019
2086.88843 16.971 0.014
2103.89525 16.896 0.010
2105.92315 17.357 0.016
2106.89098 17.175 0.015
2112.84336 17.107 0.011
2116.87111 16.654 0.010
2123.81803 17.086 0.013
2128.82553 16.843 0.012
2129.85750 17.374 0.017
2130.84387 17.322 0.017
2131.83748 17.158 0.014
2132.80627 16.899 0.013
2133.89460 16.797 0.014
2134.81000 17.346 0.019
2135.84408 17.200 0.016
2137.89208 16.636 0.011
2140.81134 17.025 0.013
2142.75205 17.341 0.016
2143.81755 17.269 0.015
2144.82425 17.048 0.011
2155.87863 17.333 0.021
2156.82521 17.207 0.016
2160.75460 17.186 0.016
2162.76139 17.224 0.013
2166.75600 16.686 0.010
2167.76446 17.355 0.014
2168.71363 17.244 0.014
2171.73955 17.380 0.013
2172.74617 17.280 0.014
2177.63966 17.060 0.013
2184.70130 17.312 0.018
2185.66480 17.150 0.015
2186.68965 16.945 0.016
2187.68483 17.349 0.019
2188.73199 17.319 0.017
2190.69136 16.985 0.012
2191.66474 17.234 0.014
2192.66325 17.364 0.013
2193.68432 17.219 0.011
2194.65442 16.982 0.011
2203.55089 16.678 0.011
2206.60721 17.081 0.017
2211.64130 16.906 0.012
2212.64513 17.388 0.017
2213.65095 17.340 0.017
2214.64214 17.188 0.017
2215.64912 16.971 0.012
2217.63582 17.338 0.018
2219.67868 17.038 0.012
2224.71356 16.802 0.011
2226.63643 17.268 0.019
2228.55833 16.658 0.011
2229.61659 17.323 0.017
2231.64326 17.149 0.015
2232.50999 16.660 0.012
2233.61341 17.401 0.017
2235.66353 17.177 0.012
2238.54707 17.298 0.016
2240.65138 17.004 0.013
2242.61889 17.325 0.018
2248.60354 17.049 0.011
2250.57686 17.340 0.014
2253.57050 16.731 0.009
2255.60716 17.290 0.016
2258.57346 17.342 0.013
2263.58419 17.349 0.015
2266.55498 17.222 0.016
2271.56456 17.366 0.016
2273.56390 17.007 0.017
2275.59883 17.326 0.017
2276.55838 17.254 0.019
2278.59096 16.845 0.012
2280.58682 17.305 0.017
2284.58970 17.334 0.017
2290.60368 17.015 0.013
2293.56596 17.217 0.015
2295.55870 16.638 0.010
2297.56199 17.229 0.018
2299.56109 16.736 0.012
2301.55335 17.250 0.018
2445.91192 17.212 0.017
2460.87884 17.325 0.022
2463.91518 16.901 0.011
2465.92794 17.348 0.015
2467.90093 16.950 0.011
2469.90031 17.329 0.014
2471.88975 16.991 0.011
2472.91922 16.637 0.008
2473.89113 17.365 0.014
2481.90282 17.340 0.020
2483.88864 17.121 0.012
2486.88565 17.329 0.017
2488.87656 16.901 0.015
2489.92299 17.246 0.016
2492.90335 16.958 0.011
2496.90310 17.013 0.012
2497.92651 16.670 0.010
2498.77378 17.334 0.017
2499.85936 17.256 0.013
2500.86493 17.033 0.012
2501.85389 16.651 0.009
2502.83412 17.368 0.017
2508.74536 17.039 0.018
2516.77666 17.151 0.017
2517.82340 16.955 0.012
2518.79484 17.358 0.017
2519.83174 17.385 0.015
2520.79113 17.199 0.014
2521.82327 16.991 0.011
2524.82152 17.225 0.019
2526.77770 16.659 0.009
2534.83408 16.863 0.012
2535.81429 17.390 0.016
2537.70207 17.082 0.017
2538.79803 16.891 0.012
2539.70185 17.343 0.017
2540.74273 17.294 0.021
2541.71375 17.120 0.012
2542.68354 16.812 0.011
2544.66208 17.291 0.014
2545.67711 17.155 0.012
2547.69512 17.352 0.016
2548.71156 17.341 0.013
2550.70669 16.986 0.012
2551.69333 17.084 0.012
2553.64905 17.202 0.017
2554.70257 17.028 0.012
2555.71050 16.651 0.010
2556.68952 17.351 0.015
2557.70206 17.238 0.012
2558.65854 17.024 0.013
2559.61544 16.701 0.011
2560.64850 17.343 0.015
2561.67405 17.283 0.023
2562.66694 17.098 0.014
2563.67487 16.773 0.011
2564.69026 17.339 0.016
2565.68116 17.287 0.016
2566.66144 17.102 0.013
2568.69242 17.348 0.021
2571.64511 16.919 0.016
2573.65854 17.325 0.020
2574.64237 17.177 0.015
2577.62924 17.324 0.019
2578.62931 17.214 0.015
2579.63596 16.986 0.013
2580.64808 16.636 0.010
2583.61939 17.037 0.015
2584.62675 16.648 0.011
2586.62397 17.262 0.014
2587.60838 17.066 0.013
2588.71680 16.867 0.012
2589.59832 17.357 0.017
2590.61345 17.265 0.017
2591.63659 17.130 0.014
2593.60559 17.334 0.015
2594.60936 17.305 0.020
2596.58489 16.856 0.014
2597.57206 17.356 0.017
2598.64593 17.342 0.017
2599.60541 17.179 0.017
2607.62660 17.268 0.018
2610.54642 17.332 0.018
2613.54032 16.675 0.011
2615.56917 17.277 0.016
2619.55687 17.304 0.017
2621.56577 16.880 0.011
2625.54841 16.933 0.015
2628.54178 17.221 0.022
2632.54820 17.249 0.016
2636.54337 17.259 0.018
2639.54386 17.336 0.017
2642.55261 16.843 0.014
2646.56543 16.959 0.012
2651.53746 17.230 0.020
2654.55527 17.012 0.015
2657.55813 17.250 0.016
2660.55391 17.341 0.017
2671.55158 16.940 0.013
2673.56338 17.319 0.020
2676.52475 16.968 0.016
2679.53811 17.032 0.012
2682.54043 17.272 0.018
2777.90295 16.853 0.015
2804.86989 17.299 0.021
2811.90436 16.645 0.014
2814.94001 17.081 0.013
2817.92658 17.278 0.017
2831.78143 16.881 0.014
2832.74739 17.360 0.019
2832.92536 16.636 0.010
2833.86530 17.345 0.021
2835.87395 17.007 0.014
2837.87502 17.334 0.024
2838.93218 17.297 0.019
2840.82492 16.641 0.012
2843.82636 17.079 0.012
2844.87219 16.803 0.011
2845.91818 17.369 0.019
2849.85561 17.352 0.017
2850.88837 17.320 0.017
2851.93194 17.214 0.017
2852.80262 16.857 0.012
2853.94203 16.631 0.011
2856.81529 16.937 0.014
2858.90934 17.355 0.014
2860.87534 17.034 0.012
2861.74651 17.323 0.014
2862.92552 17.344 0.018
2863.83472 17.272 0.021
2865.83162 16.693 0.010
2866.88126 17.345 0.018
2867.82127 17.276 0.013
2868.76894 17.043 0.013
2869.90194 16.892 0.012
2870.81554 17.335 0.014
2871.85846 17.336 0.015
2875.79802 17.310 0.018
2876.77573 17.149 0.013
2877.79763 16.907 0.011
2879.73926 17.319 0.013
2883.82540 17.339 0.013
2885.76020 16.970 0.012
2888.80852 17.263 0.015
2892.79988 17.262 0.018
2894.72904 16.681 0.011
2896.72614 17.279 0.014
2898.74712 16.806 0.011
2900.74596 17.311 0.012
2902.74548 16.900 0.011
2905.75268 17.176 0.013
2907.75408 17.174 0.012
2909.74319 17.205 0.011
2911.73455 16.712 0.009
2915.70602 16.643 0.010
2917.73213 17.262 0.013
2921.72988 17.293 0.017
2923.75183 16.868 0.012
2925.71480 17.300 0.014
2927.71233 16.888 0.012
2930.73038 17.207 0.015
2932.73689 16.957 0.012
2934.71672 17.217 0.013
2937.64073 17.314 0.016
2939.69337 17.021 0.012
2940.63350 16.795 0.010
2941.68332 17.364 0.013
2942.63345 17.236 0.015
2943.60468 17.016 0.014
2944.58927 16.686 0.011
2945.60604 17.359 0.022
2947.61554 17.065 0.014
2949.59685 17.357 0.016
2950.64160 17.280 0.014
2951.62878 17.119 0.015
2952.65771 16.864 0.013
2954.68263 17.344 0.018
2956.62862 16.892 0.010
2958.62303 17.312 0.017
2961.59410 17.334 0.023
2968.59386 17.021 0.013
2970.61311 17.364 0.015
2972.59760 17.067 0.013
2974.59835 17.324 0.015
2976.54805 17.092 0.014
2978.57415 17.366 0.021
2980.59102 17.137 0.017
2982.53624 17.335 0.017
2984.62711 17.199 0.017
2986.63724 16.693 0.011
2988.52960 17.188 0.022
2991.60267 17.353 0.015
2994.58439 16.682 0.010
2997.55718 17.068 0.012
3001.57363 17.109 0.014
3005.53170 17.143 0.020
3008.55336 17.317 0.020
3008.55802 17.335 0.020
3011.56139 17.090 0.016
3016.58805 17.353 0.017
3018.57452 17.092 0.013
3020.60257 17.361 0.015
3021.61538 17.303 0.012
3023.57128 16.736 0.010
3025.56979 17.274 0.016
3027.60330 16.939 0.011
3029.57520 17.298 0.015
3031.57974 16.972 0.012
3033.58211 17.341 0.015
3037.52913 17.348 0.019
3164.92956 17.326 0.016
3183.91153 16.877 0.011
3193.87929 17.329 0.017
3195.93849 17.052 0.011
3197.91395 17.359 0.016
3201.87137 17.327 0.016
3203.87932 17.108 0.011
3206.81719 17.285 0.016
3210.89322 17.332 0.015
3211.88465 17.201 0.013
3215.66076 17.062 0.017
3216.72877 16.855 0.015
3217.92930 16.643 0.011
3218.91393 17.347 0.024
3223.83478 17.255 0.016
3226.82503 17.400 0.017
3229.83216 16.778 0.010
3231.81430 17.325 0.021
3239.79267 17.317 0.015
3240.78993 17.192 0.016
3241.81429 16.958 0.011
3242.71361 17.348 0.017
3243.85006 17.347 0.017
3244.82725 17.252 0.017
3245.77639 17.003 0.014
3246.76884 16.874 0.015
3247.76260 17.322 0.016
3249.72731 16.983 0.013
3251.74083 17.350 0.013
3254.72795 16.658 0.009
3257.74436 17.098 0.011
3259.66354 17.337 0.015
3261.70164 17.101 0.011
3263.68434 17.367 0.012
3265.71873 17.168 0.011
3267.70757 17.379 0.012
3269.78399 17.228 0.017
3270.74081 16.984 0.012
3271.66364 17.390 0.016
3272.72083 17.322 0.014
3274.70670 17.002 0.012
3276.71113 17.343 0.018
3277.74427 17.274 0.015
3279.67659 16.636 0.009
3281.64027 17.253 0.013
3283.64171 16.688 0.008
3287.60793 16.708 0.009
3289.61900 17.276 0.013
3293.59579 17.288 0.011
3295.61458 16.894 0.008
3297.59633 17.315 0.011
3299.65270 16.972 0.009
3301.62694 17.345 0.017
3303.68919 17.087 0.013
3306.62174 17.234 0.011
3308.60946 16.686 0.011
3310.60859 17.270 0.015
3312.65261 16.829 0.011
3314.56347 17.291 0.017
3320.60130 16.911 0.011
3327.55626 17.223 0.013
3330.55049 17.374 0.017
3335.59532 17.284 0.017
3338.59893 17.352 0.014
3349.59526 16.980 0.011
3353.57435 17.045 0.012
3359.55088 17.355 0.016
3363.55822 17.340 0.017
3367.61754 17.230 0.014
3372.54829 17.311 0.013
3376.52760 17.344 0.022
3378.59455 17.065 0.013
3386.56098 17.124 0.011
3390.57456 17.222 0.017
3398.55632 17.241 0.014
3402.54472 17.297 0.012
3528.93692 17.345 0.017
3541.92972 17.304 0.013
3547.91431 16.918 0.011
3554.92252 17.248 0.014
3560.94464 16.787 0.010
3564.90680 16.818 0.009
3568.83766 16.822 0.009
3570.77838 17.275 0.018
3571.80071 17.129 0.017
3573.83820 17.396 0.019
3574.87719 17.312 0.015
3577.83586 17.284 0.014
3578.89443 17.371 0.013
3579.79927 17.200 0.011
3581.84420 16.665 0.010
3581.86691 16.629 0.009
3582.82909 17.338 0.017
3583.83350 17.259 0.014
3586.80784 17.372 0.011
3588.82573 17.082 0.011
3589.81854 16.761 0.009
3591.87334 17.305 0.011
3593.81090 16.797 0.010
3596.89136 17.208 0.012
3601.80899 16.974 0.011
3607.81440 17.344 0.012
3614.78579 16.734 0.008
3617.76529 17.117 0.011
3619.69821 17.376 0.014
3621.71667 17.111 0.011
3624.86497 17.345 0.017
3626.71435 16.893 0.011
3629.66796 17.177 0.016
3631.73033 17.069 0.014
3633.69564 17.211 0.016
3637.64955 17.229 0.014
3639.69963 16.648 0.008
3641.69619 17.271 0.012
3643.72056 16.802 0.009
3646.65552 17.090 0.012
3650.65877 17.155 0.013
3650.68281 17.164 0.012
3651.73275 16.958 0.010
3653.72891 17.352 0.013
3655.69509 16.960 0.010
3657.64587 17.350 0.015
3658.65030 17.230 0.014
3659.63835 16.940 0.012
3660.66847 16.719 0.011
3663.55998 16.988 0.015
3665.63356 17.374 0.014
3668.57198 16.626 0.009
3669.67074 17.356 0.017
3671.62890 17.143 0.014
3673.67376 17.356 0.017
3675.65834 17.144 0.012
3683.64765 17.251 0.013
3685.65278 16.631 0.009
3687.65145 17.275 0.014
3689.59984 16.635 0.009
3692.57568 17.024 0.012
3694.55966 17.350 0.017
3696.56018 17.069 0.011
3698.59387 17.334 0.017
3700.57480 17.119 0.013
3702.58409 17.379 0.015
3704.59036 17.180 0.013
3706.61079 17.181 0.011
3708.58367 17.204 0.014
3711.59026 17.340 0.017
3714.52401 16.866 0.017
3718.60452 16.761 0.011
3721.55342 17.089 0.014
3724.56310 17.290 0.014
3726.58366 16.904 0.011
3728.55677 17.309 0.014
3734.56022 17.005 0.012
3737.57590 17.260 0.013
3742.53452 17.057 0.017
3746.55980 17.114 0.016
3751.53618 16.921 0.017
3756.55244 17.033 0.012
3761.60271 17.378 0.016
3766.52751 17.251 0.017
3772.55033 16.885 0.011
3776.55040 16.962 0.012
3871.87630 17.347 0.021
3901.93882 17.267 0.016
3906.93909 17.184 0.012
3913.91603 17.346 0.012
3918.87954 17.259 0.013
3931.91488 17.175 0.014
3934.85790 17.323 0.012
3936.86610 16.959 0.011
3938.85009 17.336 0.016
3944.89748 17.105 0.011
3946.86561 17.368 0.015
3951.88502 17.316 0.015
3955.85015 17.348 0.019
3958.82667 17.379 0.019
3960.82682 17.187 0.012
3963.82353 17.321 0.018
3965.81541 17.007 0.009
3967.83526 17.366 0.012
3969.80090 17.037 0.011
3971.77709 17.382 0.012
3974.77883 16.712 0.010
3979.73419 17.354 0.013
3980.61754 17.230 0.017
3981.64383 17.043 0.011
3983.83415 17.285 0.016
3986.69571 16.844 0.011
3987.66675 17.351 0.013
3990.79002 17.016 0.011
3993.73482 17.213 0.013
3995.74009 16.625 0.008
3999.74936 16.723 0.008
4002.72150 17.091 0.010
4004.67329 17.364 0.013
4006.69950 17.122 0.010
4007.56288 16.632 0.009
4008.57181 17.402 0.014
4009.73327 17.301 0.014
4013.69838 17.336 0.015
4015.68067 16.949 0.014
4015.69690 16.942 0.014
4018.69606 17.216 0.013
4019.68463 17.039 0.012
4021.67712 17.387 0.013
4024.65059 16.642 0.008
4026.62947 17.246 0.012
4028.62543 16.669 0.008
4030.63799 17.266 0.013
4032.69009 16.878 0.011
4037.66628 17.388 0.012
4039.60422 17.168 0.011
4041.60374 17.382 0.019
4043.58944 17.193 0.015
4046.59877 17.352 0.015
4048.56467 16.982 0.012
4050.60679 17.378 0.014
4052.55889 17.040 0.011
4054.61307 17.322 0.014
4056.58516 17.056 0.012
4058.61871 17.367 0.014
4060.51755 17.071 0.013
4064.51518 17.123 0.013
4066.55665 17.384 0.015
4069.51502 16.899 0.016
4073.59859 17.054 0.013
4077.52194 17.034 0.014
4079.52388 17.326 0.021
4082.52384 16.705 0.012
4085.56155 17.149 0.012
4092.55760 17.332 0.012
4096.58355 17.360 0.014
4100.58634 17.350 0.017
4105.55417 17.287 0.016
4108.53042 17.344 0.017
4113.60831 17.361 0.014
4120.57914 16.655 0.008
4126.57697 17.310 0.018
4252.92626 17.341 0.020
4255.84555 16.962 0.015
4268.89906 17.378 0.017
4275.92119 17.003 0.014
4279.79887 16.941 0.017
4282.80943 17.245 0.017
4283.86237 17.070 0.016
4285.91669 17.351 0.017
4291.93747 17.194 0.016
4292.85599 16.876 0.011
4295.86004 17.186 0.012
4296.88980 16.996 0.011
4297.92266 16.672 0.010
4299.85747 17.221 0.012
4300.87896 17.020 0.011
4301.89697 16.640 0.009
4302.91858 17.368 0.016
4306.86321 17.373 0.019
4307.89749 17.298 0.012
4308.65864 16.916 0.012
4308.86662 17.077 0.012
4310.83897 17.360 0.017
4311.82652 17.254 0.021
4312.90040 17.141 0.011
4314.91987 17.329 0.017
4316.82641 17.138 0.014
4319.86359 17.324 0.017
4320.89045 17.221 0.016
4326.83432 16.658 0.010
4327.81259 17.349 0.019
4328.82822 17.243 0.015
4329.83076 17.047 0.013
4330.85900 16.715 0.010
4333.86030 17.114 0.013
4338.90068 16.935 0.013
4340.77316 17.335 0.015
4341.76831 17.102 0.015
4342.82417 16.930 0.013
4343.76181 17.390 0.016
4344.74396 17.283 0.014
4345.78995 17.183 0.012
4347.77884 17.312 0.014
4349.79203 17.223 0.013
4351.72913 17.251 0.017
4353.75235 17.218 0.017
4357.70122 17.244 0.016
4359.69915 16.649 0.009
4361.70171 17.274 0.017
4362.72443 17.086 0.014
4364.58347 17.381 0.020
4367.68098 16.779 0.012
4370.67263 17.129 0.014
4372.73610 17.331 0.013
4376.65149 17.371 0.017
4378.61807 17.176 0.015
4379.64603 16.966 0.013
4380.75888 16.668 0.010
4382.68633 17.249 0.014
4386.66139 17.275 0.013
4388.66187 16.710 0.011
4390.67086 17.279 0.013
4393.64464 17.354 0.016
4395.67952 17.175 0.014
4398.64496 17.307 0.016
4400.66784 16.968 0.013
4403.69363 17.252 0.015
4407.63372 17.224 0.016
4408.67990 17.037 0.014
4410.70284 17.374 0.016
4415.68697 17.292 0.015
4418.59364 17.351 0.015
4422.65487 17.359 0.016
4424.65193 17.195 0.014
4427.53863 17.294 0.017
4429.56456 16.934 0.017
4431.56900 17.350 0.017
4433.57486 17.001 0.012
4435.56321 17.349 0.015
4437.65225 17.127 0.017
4439.56412 17.322 0.017
4441.59995 17.127 0.014
4443.59068 17.354 0.017
4449.64470 17.220 0.014
4451.59983 17.177 0.013
4453.58181 17.228 0.017
4456.58324 17.358 0.019
4459.53574 16.664 0.012
4464.57543 17.350 0.015
4465.54136 17.278 0.016
4470.56029 17.160 0.017
4474.59679 17.201 0.017
4476.57493 17.041 0.012
4479.59974 17.045 0.016
4481.58441 17.372 0.016
4484.60109 16.779 0.015
4487.62265 17.151 0.019
4609.89594 17.152 0.017
4643.88061 17.092 0.014
4649.93082 17.373 0.017
4661.89396 16.626 0.009
4662.77668 17.323 0.014
4662.89360 17.376 0.015
4663.74837 17.189 0.015
4663.93227 17.286 0.016
4665.82132 16.641 0.011
4665.91527 16.743 0.012
4666.90913 17.360 0.018
4670.90358 17.339 0.016
4671.81782 17.303 0.016
4672.87754 17.121 0.012
4675.89515 17.333 0.015
4681.87488 16.982 0.010
4683.87013 17.336 0.014
4685.85625 17.037 0.012
4688.80759 17.242 0.013
4690.73315 17.149 0.011
4691.73602 17.351 0.017
4693.89111 17.094 0.015
4696.84103 17.293 0.021
4698.75286 16.709 0.009
4699.74687 17.357 0.015
4700.78438 17.299 0.013
4701.78958 17.128 0.013
4702.84972 16.941 0.012
4703.74876 17.335 0.016
4704.76761 17.317 0.013
4705.77485 17.168 0.015
4707.76752 17.354 0.012
4708.83578 17.337 0.012
4710.75175 16.978 0.011
4716.75326 17.358 0.015
4719.74543 16.681 0.011
4721.73439 17.253 0.016
4724.76409 17.363 0.016
4726.65976 17.080 0.014
4729.67074 17.268 0.017
4731.76099 16.951 0.011
4734.74331 17.188 0.011
4736.70809 17.239 0.015
4739.64937 16.984 0.013
4741.72395 17.365 0.012
4747.59056 16.998 0.011
4749.59013 17.385 0.018
4753.65929 17.305 0.018
4755.65321 17.130 0.012
4757.63765 17.357 0.014
4759.65027 17.160 0.013
4761.62054 17.378 0.011
4763.63318 17.188 0.016
4766.60140 17.355 0.017
4769.63947 16.659 0.011
4771.55054 17.203 0.016
4773.67535 16.788 0.010
4775.66219 17.296 0.017
4777.59594 16.745 0.011
4779.63153 17.304 0.016
4781.58145 16.831 0.011
4783.56507 17.341 0.017
4785.59617 16.916 0.012
4789.53158 16.923 0.013
4790.61380 16.867 0.009
4791.61210 17.354 0.014
4793.51623 16.960 0.014
4795.53328 17.372 0.014
4797.52548 16.990 0.012
4798.58878 16.703 0.011
4800.63607 17.281 0.014
4803.52739 17.374 0.017
4804.57757 17.310 0.018
4806.58659 16.867 0.011
4808.54482 17.333 0.017
4808.61232 17.315 0.016
4810.55526 16.895 0.012
4813.59461 17.214 0.015
4815.57074 16.931 0.012
4817.58728 17.237 0.013
4819.58688 16.630 0.010
4821.62878 17.275 0.012
4823.58957 16.753 0.010
4825.61801 17.301 0.015
4832.59113 17.329 0.015
4835.57295 16.943 0.014
4839.59446 17.031 0.014
4842.56152 17.267 0.017
4844.57001 16.682 0.010
4847.62632 17.137 0.020
4849.58618 17.349 0.015
4853.58361 17.397 0.017
4856.57754 16.947 0.011
4865.55067 16.630 0.010
4936.91655 17.093 0.016
4940.89923 17.135 0.015
4940.90309 17.121 0.014
4953.89694 17.005 0.013
4954.88836 16.634 0.009
