2086.89212 15.666 0.007
2103.89894 15.675 0.006
2105.92907 15.663 0.006
2106.89468 15.594 0.006
2112.84706 15.416 0.006
2116.87482 15.555 0.006
2123.82175 15.590 0.006
2128.82925 15.904 0.007
2129.86123 15.371 0.006
2130.84761 15.650 0.006
2131.84169 15.834 0.007
2132.81000 15.997 0.008
2133.89832 15.576 0.007
2135.84783 15.961 0.007
2137.89546 15.722 0.007
2140.81508 15.612 0.006
2142.75544 15.988 0.007
2143.82093 15.508 0.006
2144.82762 15.740 0.006
2155.88236 15.891 0.008
2156.82895 15.518 0.006
2162.76516 15.904 0.007
2166.75976 15.924 0.006
2167.76821 15.562 0.006
2168.71739 15.773 0.007
2171.74329 15.695 0.006
2172.74992 15.884 0.007
2177.64342 15.494 0.006
2184.70505 15.575 0.006
2185.66858 15.778 0.007
2186.69341 15.975 0.009
2187.68858 15.458 0.006
2190.69514 15.532 0.006
2192.66667 15.809 0.006
2193.68773 15.998 0.006
2194.65785 15.510 0.006
2203.55431 15.940 0.007
2206.61061 15.875 0.008
2211.64470 15.532 0.006
2212.64853 15.755 0.006
2213.65435 15.931 0.007
2214.64555 15.400 0.006
2215.65251 15.670 0.006
2217.63922 15.837 0.007
2219.68209 15.798 0.007
2222.73065 15.735 0.007
2224.71696 15.373 0.006
2228.56173 15.534 0.006
2231.64666 15.421 0.006
2232.51339 15.655 0.007
2233.61680 15.853 0.006
2235.66692 15.615 0.006
2238.55046 15.472 0.006
2240.65476 15.910 0.007
2242.62229 15.659 0.007
2248.61159 15.426 0.006
2250.58026 15.859 0.006
2253.57389 15.799 0.006
2255.61054 15.507 0.006
2258.57683 15.370 0.005
2263.58757 15.774 0.006
2266.56354 15.698 0.006
2271.56792 15.995 0.007
2273.56725 15.739 0.007
2275.60218 15.388 0.006
2276.56174 15.656 0.007
2278.59433 15.876 0.007
2280.59016 15.795 0.007
2284.59304 15.892 0.007
2290.60701 15.771 0.006
2293.56930 15.668 0.006
2295.56208 15.844 0.007
2297.56538 15.798 0.007
2299.56448 15.486 0.006
2301.55676 15.888 0.008
2445.91531 15.642 0.007
2460.88253 15.906 0.009
2463.91886 15.837 0.007
2465.93162 15.577 0.006
2467.90462 15.967 0.007
2469.90399 15.706 0.006
2471.89345 15.521 0.006
2472.92292 15.636 0.006
2473.89484 15.819 0.006
2481.90712 15.800 0.007
2483.89236 15.791 0.006
2486.88935 15.720 0.007
2488.88159 15.446 0.006
2489.92672 15.662 0.006
2492.90709 15.541 0.006
2496.90682 15.679 0.006
2497.93022 15.877 0.007
2498.77750 15.920 0.007
2499.86311 15.601 0.006
2500.86864 15.800 0.006
2501.85763 15.989 0.007
2502.83783 15.484 0.006
2508.74912 15.997 0.009
2516.78041 15.591 0.006
2517.82715 15.812 0.007
2518.79856 15.998 0.008
2519.83550 15.501 0.006
2520.79487 15.724 0.006
2521.82700 15.907 0.007
2524.82526 15.846 0.008
2526.78146 15.556 0.006
2534.83784 15.799 0.007
2535.81805 15.993 0.007
2537.70582 15.722 0.007
2538.80180 15.929 0.008
2539.70530 15.415 0.006
2541.71721 15.826 0.006
2542.68700 15.994 0.007
2544.66584 15.746 0.006
2545.68057 15.929 0.007
2547.69857 15.673 0.006
2548.71532 15.863 0.006
2550.71045 15.612 0.006
2552.71316 16.011 0.006
2554.70631 15.729 0.006
2555.71424 15.901 0.007
2556.69327 15.385 0.006
2557.70580 15.649 0.006
2558.66229 15.826 0.007
2559.61920 15.998 0.007
2560.65225 15.549 0.006
2562.67069 15.942 0.007
2563.67865 15.425 0.006
2564.69400 15.688 0.006
2565.68463 15.864 0.007
2566.66490 15.682 0.006
2568.69589 15.807 0.007
2571.64887 15.726 0.007
2573.66199 15.381 0.006
2574.64581 15.650 0.006
2576.65896 15.960 0.008
2577.63269 15.557 0.007
2578.63276 15.775 0.006
2579.63942 15.953 0.008
2580.65155 15.440 0.006
2583.62286 15.642 0.007
2584.63021 15.611 0.006
2586.62811 15.998 0.007
2587.61212 15.509 0.006
2588.72054 15.757 0.006
2589.60208 15.904 0.007
2591.64032 15.658 0.006
2593.60935 15.941 0.007
2594.61311 15.581 0.007
2596.58865 15.970 0.008
2597.57581 15.446 0.006
2598.64966 15.712 0.007
2599.60914 15.878 0.008
2607.63035 15.406 0.006
2610.55013 15.942 0.008
2613.54399 15.959 0.007
2615.57285 15.713 0.007
2619.56051 15.813 0.007
2621.56947 15.531 0.006
2625.55207 15.672 0.007
2628.54520 15.609 0.008
2632.55162 15.705 0.006
2636.54702 15.821 0.008
2639.54727 15.744 0.006
2642.55626 15.682 0.007
2646.56883 15.784 0.007
2651.54112 15.396 0.006
2654.55866 15.966 0.008
2657.56154 15.957 0.008
2660.55731 15.870 0.007
2671.55497 15.920 0.007
2673.56676 15.792 0.007
2676.52813 15.710 0.007
2679.54150 15.631 0.006
2777.90653 15.634 0.007
2804.87353 15.614 0.007
2811.90798 15.676 0.007
2814.94365 15.608 0.006
2817.93020 15.493 0.006
2831.78504 15.570 0.007
2832.75103 15.776 0.007
2832.92898 15.811 0.007
2833.86895 15.984 0.009
2835.87758 15.720 0.007
2837.87866 15.395 0.007
2838.93584 15.666 0.007
2840.82858 15.994 0.008
2843.83003 15.952 0.007
2844.87583 15.431 0.006
2845.92182 15.703 0.007
2849.85927 15.811 0.007
2850.89202 15.997 0.008
2851.93559 15.539 0.006
2852.80626 15.719 0.007
2853.94568 15.924 0.009
2854.83200 15.388 0.006
2856.81895 15.833 0.008
2858.91300 15.578 0.006
2860.87899 15.970 0.007
2861.75017 15.411 0.006
2862.92917 15.717 0.007
2863.83841 15.870 0.008
2865.83527 15.621 0.006
2866.88493 15.822 0.007
2867.82496 16.004 0.007
2868.77261 15.492 0.006
2869.90560 15.760 0.007
2870.81920 15.919 0.007
2871.86213 15.390 0.006
2875.80850 15.574 0.006
2876.77940 15.775 0.007
2879.74292 15.696 0.006
2883.82909 15.826 0.006
2885.76388 15.520 0.006
2888.81219 15.395 0.006
2892.80358 15.588 0.007
2894.73275 15.969 0.008
2896.72983 15.703 0.006
2898.75079 15.547 0.006
2900.74966 15.816 0.006
2902.74918 15.532 0.006
2905.75637 15.409 0.006
2907.75776 15.850 0.006
2909.74687 15.600 0.005
2911.73824 15.981 0.006
2915.70971 15.495 0.006
2917.73582 15.823 0.006
2921.73358 15.943 0.007
2923.75551 15.678 0.007
2925.71850 15.804 0.006
2927.71599 15.804 0.007
2930.73409 15.718 0.007
2932.74060 15.385 0.006
2934.72040 15.826 0.006
2937.64443 15.762 0.007
2939.69708 15.429 0.006
2940.63717 15.670 0.006
2941.68702 15.856 0.006
2942.63717 15.835 0.007
2943.60836 15.594 0.006
2944.59297 15.786 0.007
2945.60974 15.956 0.010
2947.61923 15.712 0.006
2949.60053 15.483 0.006
2950.64530 15.637 0.006
2951.63247 15.830 0.007
2952.66138 15.983 0.008
2954.68631 15.774 0.007
2956.63229 15.412 0.006
2958.62669 15.861 0.007
2961.59780 15.815 0.008
2965.63620 15.906 0.007
2968.59754 15.832 0.007
2970.61679 15.566 0.006
2972.60128 15.946 0.007
2974.60201 15.694 0.006
2976.55172 15.761 0.007
2978.57781 15.799 0.007
2980.59466 15.518 0.007
2982.53987 15.888 0.007
2984.63077 15.670 0.007
2986.64088 15.893 0.007
2988.53325 15.770 0.007
2991.60632 15.693 0.006
2994.58863 15.622 0.006
2997.56080 15.517 0.006
3001.57728 15.667 0.006
3005.53533 15.769 0.007
3008.56164 15.712 0.008
3011.56503 15.630 0.007
3016.59169 15.947 0.008
3018.57813 15.697 0.006
3020.60619 15.727 0.007
3021.61901 15.599 0.006
3023.57491 15.987 0.007
3025.57339 15.716 0.006
3027.60691 15.376 0.006
3029.57880 15.829 0.007
3031.58336 15.549 0.006
3033.58571 15.945 0.007
3037.53274 15.760 0.007
3164.93313 15.807 0.007
3183.91512 15.525 0.006
3193.88290 15.455 0.006
3195.94210 15.895 0.006
3197.91757 15.637 0.006
3201.87501 15.735 0.006
3203.88297 15.397 0.006
3206.82083 15.935 0.007
3210.89688 15.479 0.006
3211.88828 15.721 0.006
3215.66442 15.787 0.008
3216.73243 16.013 0.008
3217.93293 15.559 0.006
3218.91758 15.785 0.008
3223.83842 15.824 0.007
3226.82868 15.991 0.007
3229.83583 15.898 0.006
3231.81795 15.643 0.007
3239.79634 15.861 0.007
3240.79359 15.784 0.007
3241.81795 15.607 0.006
3242.71728 15.797 0.007
3243.85373 16.002 0.008
3244.83092 15.506 0.006
3245.78006 15.737 0.006
3246.77250 15.904 0.008
3247.76629 15.417 0.006
3249.73097 15.822 0.007
3251.74449 15.547 0.006
3254.73162 15.391 0.006
3257.74804 15.741 0.006
3259.66723 15.798 0.007
3261.70531 15.485 0.006
3263.68801 15.889 0.006
3265.72242 15.649 0.006
3267.71125 15.989 0.006
3269.78767 15.788 0.007
3270.74450 15.941 0.007
3271.66732 15.400 0.006
3272.72452 15.684 0.006
3274.71039 15.692 0.006
3276.71483 15.815 0.007
3277.75362 15.990 0.007
3279.68517 15.732 0.006
3281.64393 15.430 0.006
3283.64540 15.829 0.006
3287.61161 15.944 0.006
3289.62268 15.679 0.006
3293.59946 15.798 0.006
3295.61825 15.500 0.005
3297.60003 15.884 0.006
3299.65638 15.648 0.005
3301.63060 15.973 0.007
3303.69287 15.787 0.006
3306.62541 15.703 0.006
3308.61315 15.660 0.006
3310.61228 15.806 0.006
3312.65632 15.525 0.006
3314.56711 15.894 0.008
3320.60497 15.775 0.006
3323.54845 15.687 0.006
3327.55993 15.809 0.006
3330.55418 15.736 0.006
3335.59899 15.868 0.007
3338.60260 15.976 0.006
3349.59890 15.403 0.006
3353.57801 15.597 0.006
3359.55452 15.435 0.006
3363.56188 15.551 0.006
3367.62118 15.692 0.006
3372.55193 15.981 0.007
3376.53124 15.385 0.006
3378.59816 15.841 0.006
3386.56462 15.594 0.006
3390.57818 15.530 0.006
3398.55995 15.790 0.006
3402.54833 15.899 0.006
3528.94050 15.444 0.006
3541.93329 15.985 0.006
3547.91789 15.823 0.006
3554.92610 15.861 0.006
3560.94825 15.745 0.006
3564.91042 15.827 0.006
3568.84127 15.953 0.006
3570.78198 15.676 0.007
3571.80432 15.859 0.008
3573.84180 15.612 0.006
3574.88082 15.813 0.006
3577.83947 15.724 0.006
3578.89804 15.918 0.006
3579.80287 15.405 0.006
3581.84782 15.840 0.006
3581.87054 15.836 0.006
3582.83269 15.958 0.007
3583.83713 15.572 0.006
3586.81146 15.433 0.005
3588.82936 15.874 0.006
3589.82217 15.621 0.006
3591.87696 15.814 0.006
3593.81453 15.502 0.006
3596.89498 15.401 0.006
3601.81260 15.783 0.006
3607.81804 15.627 0.006
3614.78944 15.666 0.006
3617.76894 15.580 0.006
3619.70186 15.959 0.006
3621.72033 15.697 0.006
3624.86862 15.654 0.006
3626.71801 16.011 0.007
3629.67159 15.909 0.007
3631.73398 15.669 0.006
3633.71023 15.910 0.007
3637.65323 15.452 0.006
3639.70330 15.890 0.006
3641.69985 15.641 0.006
3643.72422 16.005 0.006
3646.65916 15.931 0.006
3650.66243 15.896 0.007
3650.68648 15.843 0.006
3651.73641 15.602 0.006
3653.73257 16.001 0.006
3655.69874 15.725 0.006
3657.64953 15.494 0.006
3658.65396 15.639 0.006
3659.64199 15.820 0.007
3660.67214 16.005 0.007
3663.56363 15.924 0.008
3665.63720 15.675 0.006
3668.57565 15.580 0.006
3669.70650 15.810 0.007
3671.63255 15.486 0.006
3673.67741 15.908 0.007
3675.66199 15.650 0.006
3683.65130 15.873 0.006
3685.65646 15.626 0.006
3687.65509 16.007 0.007
3689.60351 15.734 0.006
3692.57931 15.656 0.006
3694.56330 15.993 0.007
3696.56381 15.758 0.006
3698.59749 15.439 0.006
3700.57842 15.851 0.007
3702.58773 15.612 0.006
3704.59399 15.997 0.006
3706.61444 15.742 0.006
3708.58731 15.392 0.006
3711.59390 15.936 0.007
3714.52763 15.936 0.008
3718.60816 15.521 0.006
3721.56174 16.004 0.007
3724.56673 15.923 0.006
3726.58727 15.668 0.006
3728.56038 15.919 0.007
3734.56384 15.890 0.006
3737.57951 15.824 0.006
3742.53814 15.413 0.006
3746.56340 15.607 0.006
3751.54328 15.904 0.008
3756.55603 15.578 0.006
3761.60627 15.874 0.006
3766.53109 15.503 0.006
3772.55392 15.975 0.007
3776.55397 15.452 0.006
3871.87986 15.588 0.007
3901.94239 15.468 0.006
3906.94269 15.826 0.006
3913.91962 15.846 0.006
3918.88313 15.461 0.006
3931.91846 15.761 0.006
3934.86150 15.965 0.006
3936.86968 15.726 0.006
3938.85371 15.467 0.006
3944.90109 15.944 0.006
3946.86923 15.683 0.006
3951.88858 16.008 0.006
3955.85373 15.414 0.006
3958.83324 15.991 0.008
3960.83041 15.762 0.006
3963.82712 15.688 0.006
3965.81899 15.716 0.006
3967.83884 15.812 0.006
3969.80449 15.508 0.006
3971.78068 15.903 0.006
3974.78243 15.822 0.006
3979.73780 15.419 0.006
3980.62114 15.667 0.006
3981.64740 15.841 0.006
3983.83774 15.622 0.006
3987.78626 15.752 0.006
3990.79361 15.660 0.006
3993.73842 15.566 0.006
3995.74370 15.962 0.006
3999.75300 15.616 0.006
4002.72511 16.002 0.006
4004.67688 15.734 0.006
4006.70313 15.385 0.005
4007.56650 15.629 0.006
4008.57543 15.822 0.006
4009.74377 15.922 0.007
4013.70198 15.449 0.006
4015.68427 15.866 0.010
4015.70052 15.867 0.007
4018.69968 15.820 0.006
4019.68825 16.005 0.007
4021.68072 15.745 0.006
4024.65421 15.658 0.006
4026.63309 15.982 0.006
4028.62905 15.785 0.006
4030.64160 15.460 0.006
4032.69370 15.874 0.007
4037.66988 15.532 0.006
4039.60781 15.909 0.006
4041.60735 15.667 0.006
4043.59306 15.975 0.007
4046.60238 15.988 0.006
4048.56830 15.697 0.006
4050.61040 15.537 0.006
4052.56249 15.817 0.006
4054.61667 15.529 0.006
4058.62231 15.665 0.006
4060.52114 15.969 0.007
4064.51877 15.451 0.006
4066.56024 15.885 0.006
4069.51861 15.819 0.007
4073.60218 15.932 0.007
4077.52552 15.895 0.006
4079.52747 15.792 0.007
4082.52740 15.724 0.006
4085.56513 15.637 0.006
4092.56117 15.684 0.006
4096.58713 15.815 0.006
4100.58992 15.905 0.007
4105.55771 15.569 0.006
4108.53396 15.443 0.006
4113.61185 15.827 0.006
4120.58269 15.845 0.006
4126.58051 15.715 0.006
4252.92975 15.886 0.008
4255.84907 15.812 0.008
4268.90236 15.716 0.007
4275.92451 15.778 0.007
4279.80223 15.849 0.010
4282.81273 15.787 0.007
4283.86567 16.005 0.008
4285.92000 15.742 0.007
4291.94079 15.581 0.006
4292.85932 15.762 0.006
4295.86335 15.693 0.006
4296.89311 15.873 0.007
4297.92597 15.523 0.006
4299.86081 15.802 0.006
4300.88229 15.990 0.007
4301.90029 15.524 0.006
4302.92192 15.746 0.007
4307.90082 15.871 0.006
4308.66197 15.511 0.006
4308.86997 15.572 0.006
4310.84231 15.953 0.007
4311.82986 15.453 0.007
4312.90373 15.705 0.006
4314.92320 15.429 0.006
4316.82974 15.805 0.007
4319.86692 15.758 0.007
4320.89381 15.932 0.008
4326.83769 15.782 0.006
4327.81618 15.977 0.008
4328.83182 15.466 0.006
4329.83410 15.713 0.006
4330.86261 15.886 0.007
4333.86389 15.816 0.007
4338.90427 15.431 0.006
4340.77674 15.841 0.007
4341.77191 15.885 0.007
4342.82779 15.599 0.006
4343.76542 15.781 0.007
4344.74756 15.971 0.007
4345.79352 15.479 0.006
4347.78245 15.888 0.007
4349.79565 15.640 0.006
4351.82288 15.996 0.008
4353.75595 15.754 0.007
4357.70482 15.838 0.007
4359.70276 15.578 0.006
4361.70532 15.977 0.008
4362.72805 15.475 0.006
4364.58709 15.854 0.008
4367.68460 15.812 0.007
4370.67626 15.744 0.007
4372.73970 15.418 0.006
4376.65508 15.586 0.006
4378.62167 15.973 0.007
4379.64964 15.481 0.006
4380.76248 15.733 0.006
4382.68995 15.410 0.006
4386.66500 15.540 0.006
4388.66549 15.936 0.007
4390.67447 15.676 0.006
4393.64827 15.586 0.006
4395.68313 15.989 0.008
4398.64858 15.900 0.007
4400.67145 15.648 0.006
4403.69725 15.574 0.006
4407.63733 15.687 0.006
4408.68352 15.864 0.007
4410.70644 15.624 0.006
4415.69059 15.919 0.007
4418.59725 15.819 0.006
4422.65845 15.965 0.007
4424.65553 15.696 0.006
4427.54220 15.609 0.006
4429.56815 16.000 0.010
4431.57262 15.730 0.007
4433.57845 15.380 0.006
4435.56679 15.832 0.007
4437.65585 15.595 0.007
4439.56769 15.958 0.008
4441.60354 15.700 0.006
4443.59425 15.549 0.006
4449.64828 15.937 0.007
4451.60341 15.668 0.006
4453.58538 15.873 0.007
4456.58680 15.979 0.008
4459.53933 15.872 0.007
4464.54257 15.543 0.006
4464.57900 15.543 0.006
4464.59443 15.561 0.006
4465.54495 15.752 0.007
4465.59436 15.766 0.006
4466.56666 15.934 0.007
4466.59627 15.936 0.007
4467.56304 15.408 0.006
4468.58828 15.680 0.006
4468.62316 15.685 0.006
4469.58202 15.862 0.007
4469.60822 15.861 0.007
4470.54760 15.835 0.007
4470.56385 15.808 0.007
4471.53571 15.596 0.006
4472.54790 15.799 0.006
4472.56954 15.802 0.006
4476.57848 15.903 0.007
4479.60329 15.837 0.007
4481.58796 15.555 0.006
4484.60464 15.463 0.006
4487.62618 15.567 0.007
4609.89945 15.431 0.006
4643.88417 15.463 0.006
4649.93437 15.985 0.007
4655.94586 15.861 0.006
4661.89753 15.713 0.006
4662.78023 15.870 0.006
4662.89717 15.902 0.006
4663.75193 15.641 0.006
4663.93583 15.387 0.006
4665.82490 15.817 0.007
4665.91883 15.833 0.007
4666.91270 15.982 0.008
4670.90713 15.429 0.006
4671.82138 15.673 0.006
4672.88111 15.870 0.006
4675.89873 15.799 0.006
4681.87847 15.641 0.006
4683.87371 15.961 0.006
4685.85982 15.778 0.006
4688.81121 15.684 0.006
4690.73673 15.870 0.006
4691.73963 15.581 0.006
4693.89470 15.993 0.008
4696.84464 15.914 0.008
4698.75645 15.640 0.006
4699.75045 15.838 0.007
4700.78795 15.984 0.007
4701.79316 15.569 0.006
4702.85331 15.793 0.006
4703.75236 15.952 0.007
4704.77121 15.436 0.006
4705.77846 15.705 0.006
4707.77113 15.669 0.006
4708.83935 15.623 0.006
4710.75536 16.014 0.006
4716.75687 15.838 0.006
4719.74902 15.777 0.006
4721.73799 15.450 0.006
4724.76768 15.567 0.006
4726.66336 15.804 0.008
4729.67438 15.730 0.007
4730.70298 15.908 0.006
4731.72747 15.387 0.006
4731.76460 15.388 0.006
4733.70945 15.846 0.006
4733.80495 15.869 0.006
4734.66637 15.984 0.007
4734.74691 15.911 0.006
4736.67069 15.778 0.007
4736.71168 15.780 0.007
4738.75240 15.479 0.006
4739.65299 15.690 0.006
4741.72755 15.526 0.006
4747.59416 15.899 0.007
4749.59377 15.666 0.006
4753.66287 15.790 0.007
4755.65682 15.450 0.006
4757.64128 15.879 0.006
4759.65387 15.621 0.006
4761.62416 15.999 0.006
4763.63679 15.749 0.007
4766.60499 15.659 0.006
4769.64307 15.603 0.007
4771.55412 15.954 0.007
4772.59926 15.450 0.006
4772.67595 15.485 0.006
4773.56342 15.688 0.006
4773.67897 15.730 0.006
4774.53234 15.873 0.007
4774.65539 15.890 0.006
4775.53198 15.666 0.006
4775.66582 15.439 0.006
4776.54130 15.608 0.006
4777.50938 15.801 0.008
4777.59955 15.811 0.006
4779.63515 15.537 0.006
4781.58504 15.921 0.007
4783.56867 15.664 0.006
4785.59977 15.873 0.007
4789.53519 15.466 0.006
4790.61740 15.717 0.006
4791.61568 15.892 0.006
4793.51981 15.619 0.006
4795.53687 16.000 0.007
4797.52907 15.750 0.006
4798.59236 15.955 0.008
4800.63966 15.682 0.006
4803.53098 15.587 0.006
4804.58117 15.799 0.007
4805.54289 15.969 0.007
4806.59018 15.498 0.006
4806.62668 15.502 0.006
4807.54336 15.739 0.007
4807.60545 15.741 0.007
4808.54841 15.896 0.007
4808.61620 15.909 0.007
4809.55051 15.424 0.006
4809.63039 15.386 0.006
4810.55883 15.638 0.006
4811.56374 15.828 0.007
4812.63156 15.946 0.009
4813.59818 15.568 0.006
4815.57433 15.963 0.008
4817.59084 15.688 0.006
4819.59045 15.644 0.006
4821.63235 15.803 0.006
4822.57254 15.989 0.007
4823.53713 15.500 0.006
4823.59314 15.516 0.006
4824.54550 15.727 0.006
4824.62841 15.748 0.007
4825.56977 15.912 0.007
4825.62160 15.928 0.007
4826.58470 15.393 0.006
4832.59470 15.961 0.007
4835.57652 15.878 0.008
4839.59804 15.988 0.008
4842.56509 15.921 0.007
4844.57356 15.648 0.006
4847.62986 15.612 0.007
4849.58972 15.972 0.007
4853.58713 15.435 0.006
4856.58110 15.994 0.007
4865.55420 15.789 0.006
4935.92066 15.631 0.006
4937.92098 15.983 0.008
4940.92254 15.946 0.007
4952.92202 15.657 0.006
