 466.54311 16.050 0.006
 466.55221 16.058 0.006
 466.56745 16.065 0.006
 466.59804 16.074 0.006
 466.62758 16.100 0.006
 467.54543 16.328 0.006
 467.57490 16.345 0.006
 467.60438 16.355 0.006
 467.63387 16.350 0.006
 469.55479 16.382 0.007
 469.59342 16.389 0.006
 469.62507 16.403 0.006
 471.60734 16.431 0.007
 471.62258 16.413 0.007
 472.53950 16.162 0.007
 472.55428 16.197 0.006
 472.56894 16.188 0.006
 472.58357 16.195 0.006
 622.88577 16.193 0.007
 624.91235 16.214 0.007
 625.89979 16.254 0.006
 626.87130 16.248 0.006
 627.85754 16.094 0.007
 628.89862 16.278 0.007
 629.89642 15.864 0.006
 631.92738 15.951 0.006
 632.86789 16.321 0.007
 633.90333 15.998 0.006
 635.89817 16.061 0.006
 643.86718 16.196 0.007
 645.83889 16.228 0.007
 647.79663 16.211 0.008
 649.79402 16.268 0.008
 652.84121 15.935 0.006
 656.85437 16.064 0.006
 657.82664 16.338 0.008
 658.86694 16.113 0.007
 663.77322 16.381 0.008
 664.87815 16.236 0.007
 665.82541 16.337 0.006
 666.83596 16.249 0.006
 667.85519 15.930 0.006
 668.82602 16.279 0.006
 670.79158 16.295 0.007
 671.81363 15.897 0.006
 672.81916 16.306 0.006
 673.78654 15.946 0.006
 684.74693 16.401 0.007
 685.80179 16.229 0.006
 686.70307 16.413 0.007
 687.78442 16.248 0.006
 688.72644 16.176 0.006
 689.75359 16.278 0.006
 697.71975 16.333 0.007
 698.79086 16.081 0.006
 699.68986 16.340 0.006
 700.73065 16.109 0.006
 701.70288 16.372 0.007
 704.73087 16.187 0.007
 706.69653 16.209 0.008
 707.73409 16.228 0.007
 708.75825 16.269 0.007
 712.75880 16.288 0.007
 713.74017 15.935 0.006
 714.75514 16.318 0.006
 715.72070 15.991 0.006
 716.68878 16.329 0.006
 726.67138 16.379 0.007
 728.68210 16.198 0.006
 729.68426 16.281 0.006
 730.66862 15.887 0.006
 733.63510 16.293 0.007
 739.65505 16.327 0.007
 741.62086 16.341 0.006
 742.59711 16.110 0.006
 744.64423 16.176 0.006
 745.59515 16.409 0.007
 746.78594 16.249 0.007
 747.65646 16.335 0.007
 748.61823 16.230 0.007
 749.62358 16.156 0.007
 750.61742 16.248 0.007
 751.62584 15.861 0.006
 752.74024 16.305 0.007
 753.67588 15.915 0.006
 759.63375 16.075 0.006
 760.65941 16.358 0.006
 761.63544 16.120 0.006
 761.74069 16.154 0.007
 762.62681 16.395 0.007
 762.65637 16.391 0.008
 763.64304 16.160 0.006
 763.75379 16.197 0.007
 765.57510 16.179 0.007
 766.61258 16.415 0.008
 766.71545 16.255 0.008
 767.62007 16.209 0.008
 767.68173 16.215 0.008
 769.60291 16.246 0.007
 769.67664 16.274 0.007
 770.60905 15.963 0.006
 771.64212 16.285 0.007
 772.60394 15.856 0.006
 773.60907 16.296 0.007
 773.76128 16.325 0.008
 774.60205 15.919 0.006
 775.55998 16.303 0.007
 776.64089 16.010 0.006
 777.61515 16.206 0.006
 778.61851 16.035 0.006
 779.64547 16.322 0.008
 779.75575 16.379 0.008
 780.64527 16.088 0.006
 781.55959 16.349 0.007
 781.74008 16.382 0.008
 782.62510 16.126 0.007
 782.74897 16.187 0.007
 783.54214 16.366 0.006
 784.58414 16.164 0.006
 784.67611 16.200 0.006
 785.61095 16.411 0.007
 785.75655 16.221 0.006
 786.63152 16.201 0.006
 787.69509 16.112 0.006
 788.62790 16.239 0.006
 788.65346 16.249 0.007
 790.57660 16.259 0.007
 792.55456 16.288 0.007
 795.61924 15.975 0.006
 796.54816 16.314 0.008
 796.73351 16.352 0.008
 797.70831 16.084 0.006
 798.57095 16.338 0.007
 799.70891 16.118 0.006
 800.62394 16.355 0.007
 802.68392 16.386 0.009
 805.61126 16.206 0.007
 806.62146 16.392 0.008
 808.55287 16.308 0.007
 816.68386 16.051 0.006
 817.59395 16.316 0.006
 819.55672 16.340 0.007
 820.63302 16.132 0.006
 822.55360 16.129 0.006
 824.57943 16.184 0.007
 825.65254 16.359 0.008
 828.61267 16.248 0.006
 829.57930 16.023 0.006
 832.58619 16.295 0.007
 833.60609 15.914 0.006
 834.57566 16.299 0.007
 836.55380 16.314 0.008
 838.58678 16.327 0.007
 840.59653 16.391 0.008
 845.54810 16.191 0.007
 850.57137 15.855 0.006
 855.57639 16.328 0.008
 859.56420 16.338 0.007
 866.52875 16.196 0.007
 962.93258 15.875 0.006
 966.93207 16.008 0.006
 970.90845 16.090 0.006
 976.88911 16.208 0.008
 986.84348 16.306 0.007
 987.85708 15.990 0.006
 991.92511 16.129 0.006
 996.92906 16.364 0.007
 998.90014 16.191 0.007
1004.79873 15.858 0.006
1006.82731 15.960 0.006
1020.89680 16.293 0.007
1025.93458 16.016 0.006
1035.74954 16.158 0.006
1037.77874 16.192 0.006
1041.78689 16.276 0.006
1045.74859 16.297 0.006
1048.72978 15.999 0.006
1052.77268 16.101 0.006
1055.64593 16.369 0.006
1058.85788 16.261 0.007
1059.77590 16.242 0.007
1061.72865 16.081 0.006
1064.81256 16.349 0.008
1068.71397 16.316 0.007
1072.69412 16.349 0.006
1076.67189 16.398 0.007
1078.68244 16.404 0.006
1081.69498 16.253 0.006
1084.63315 15.863 0.006
1087.65306 16.307 0.006
1090.70943 16.046 0.006
1092.74155 16.110 0.006
1094.64822 16.135 0.006
1102.61841 16.263 0.006
1106.71326 16.304 0.006
1110.63239 16.319 0.007
1116.59086 16.394 0.007
1120.57945 16.394 0.007
1126.65478 15.921 0.006
1129.55322 16.314 0.007
1132.53631 16.031 0.006
1135.58637 16.371 0.007
1138.63605 16.212 0.006
1140.61346 16.232 0.006
1144.67104 16.310 0.007
1151.55062 16.034 0.006
1155.55224 16.126 0.006
1159.54768 16.205 0.006
1162.58008 16.096 0.006
1164.69364 15.909 0.006
1170.55208 16.001 0.006
1178.66213 16.226 0.006
1182.67403 16.288 0.006
1183.71238 15.895 0.006
1185.69554 15.983 0.006
1188.69485 16.342 0.007
1191.57860 16.079 0.006
1202.59371 15.891 0.006
1205.54513 16.294 0.007
1211.56562 16.337 0.008
1217.57624 16.422 0.007
1220.57874 16.255 0.007
1229.53145 16.012 0.007
1238.52774 16.417 0.009
1327.91193 16.404 0.008
1330.82863 16.204 0.008
1335.88039 15.856 0.006
1340.89989 16.325 0.007
1348.93597 16.396 0.007
1354.90953 15.853 0.006
1360.92925 16.060 0.007
1365.92547 16.403 0.008
1367.84897 16.416 0.008
1374.92104 16.290 0.008
1394.85724 15.857 0.006
1395.88868 16.313 0.007
1397.81038 16.284 0.008
1401.83741 16.332 0.007
1402.92233 16.118 0.006
1407.84540 16.416 0.008
1412.74071 16.262 0.007
1417.89904 15.993 0.006
1430.73165 16.401 0.008
1432.74233 16.256 0.007
1435.69878 16.263 0.007
1439.66523 16.282 0.007
1442.66892 16.022 0.006
1447.74412 16.398 0.008
1451.68031 16.409 0.007
1455.70004 15.874 0.006
1460.74077 16.310 0.007
1462.64640 16.314 0.007
1470.65267 16.423 0.007
1472.63986 16.384 0.008
1475.64559 16.270 0.007
1477.57466 16.263 0.008
1481.59241 16.319 0.007
1484.64133 16.068 0.006
1487.63646 16.375 0.007
1490.67522 16.201 0.006
1492.57487 16.210 0.007
1495.53165 16.260 0.007
1499.56030 15.871 0.006
1502.55839 16.308 0.007
1505.62498 16.085 0.007
1508.56036 16.380 0.007
1509.53662 16.138 0.007
1512.63850 16.325 0.008
1515.61319 16.260 0.007
1517.61669 16.306 0.007
1520.60386 15.964 0.006
1524.55156 16.043 0.007
1526.59169 16.111 0.006
1531.64328 16.363 0.008
1543.60076 16.061 0.006
1546.61558 16.370 0.007
1551.57736 16.203 0.006
1555.61089 16.276 0.007
1562.58946 16.028 0.006
1569.56861 16.404 0.007
1575.59444 15.843 0.006
1580.56944 16.315 0.007
1583.57211 16.050 0.006
1587.55190 16.130 0.006
1597.53737 16.293 0.007
1603.54545 16.327 0.008
1608.52118 16.160 0.007
1703.90610 16.236 0.008
1705.91159 16.276 0.007
1716.87202 16.111 0.007
1717.88237 16.378 0.007
1729.91806 15.954 0.006
1732.88783 16.328 0.007
1740.83887 16.426 0.007
1742.88666 16.347 0.007
1744.85578 16.175 0.007
1745.88003 16.274 0.007
1749.86046 16.310 0.006
1750.83237 15.940 0.006
1751.84421 16.322 0.006
1752.80553 15.995 0.006
1753.80660 16.320 0.007
1754.83327 16.064 0.006
1755.79863 16.335 0.008
1756.82812 16.088 0.008
1757.77731 16.356 0.008
1758.78180 16.127 0.006
1759.82616 16.401 0.007
1761.80720 16.428 0.007
1762.79359 16.203 0.007
1763.79659 16.361 0.007
1764.78910 16.232 0.006
1765.78357 16.177 0.006
1766.72460 16.243 0.007
1768.80371 16.289 0.007
1769.71309 15.848 0.006
1771.82916 15.980 0.008
1772.77154 16.323 0.007
1773.73884 15.994 0.006
1776.76164 16.331 0.006
1784.73829 16.363 0.007
1788.80380 15.863 0.006
1803.76412 16.356 0.007
1806.75825 16.281 0.007
1808.82786 16.305 0.007
1811.75629 15.965 0.006
1814.80311 16.337 0.006
1817.76877 16.113 0.006
1822.64620 16.395 0.007
1826.79730 15.845 0.006
1829.73955 16.293 0.007
1846.78759 16.279 0.007
1850.74434 16.335 0.007
1854.80039 16.344 0.006
1858.72425 16.383 0.008
1862.72316 16.405 0.007
1867.74759 16.288 0.007
1871.75418 16.321 0.007
2085.90914 16.045 0.009
2086.88843 16.341 0.010
2103.89525 16.310 0.008
2105.92315 16.334 0.009
2106.89098 16.065 0.008
2112.84336 16.144 0.008
2116.87111 16.238 0.008
2123.81803 15.941 0.008
2128.82553 16.349 0.010
2129.85750 16.109 0.008
2130.84387 16.380 0.010
2131.83748 16.145 0.008
2132.80627 16.412 0.011
2133.89460 16.227 0.010
2134.81000 16.428 0.011
2135.84408 16.232 0.009
2137.89208 16.267 0.010
2140.81134 15.851 0.008
2142.75205 15.881 0.008
2143.81755 16.326 0.009
2144.82425 16.003 0.007
2155.87863 16.189 0.010
2156.82521 16.237 0.009
2160.75460 16.281 0.010
2162.76139 16.312 0.009
2166.75600 16.337 0.008
2167.76446 16.057 0.008
2168.71363 16.342 0.009
2171.73955 16.126 0.007
2172.74617 16.398 0.009
2177.63966 16.226 0.009
2184.70130 15.936 0.008
2185.66480 16.309 0.010
2186.68965 15.994 0.009
2187.68483 16.309 0.010
2188.73199 16.082 0.008
2190.69136 16.087 0.008
2191.66474 16.358 0.009
2192.66325 16.114 0.008
2193.68432 16.407 0.008
2194.65442 16.152 0.008
2203.55089 15.858 0.008
2206.60721 16.331 0.011
2211.64130 16.099 0.008
2212.64513 16.357 0.009
2213.65095 16.144 0.009
2214.64214 16.382 0.011
2215.64912 16.176 0.008
2217.63582 16.198 0.009
2219.67868 16.241 0.008
2224.71356 15.969 0.008
2226.63643 15.996 0.009
2228.55833 16.000 0.008
2229.61659 16.316 0.009
2231.64326 16.368 0.010
2232.50999 16.066 0.009
2233.61341 16.374 0.009
2235.66353 16.415 0.009
2238.54707 16.191 0.009
2240.65138 16.276 0.009
2242.61889 16.278 0.010
2248.60354 16.322 0.008
2250.57686 16.338 0.008
2253.57050 16.124 0.008
2255.60716 16.180 0.008
2258.57346 16.346 0.008
2263.58419 16.293 0.008
2266.55498 15.941 0.008
2271.56456 16.349 0.009
2273.56390 16.387 0.011
2275.59883 16.417 0.010
2276.55838 16.191 0.010
2278.59096 16.229 0.009
2280.58682 16.271 0.009
2284.58970 16.326 0.009
2290.60368 16.369 0.010
2293.56596 16.125 0.008
2295.55870 16.163 0.008
2297.56199 16.220 0.010
2299.56109 16.242 0.010
2301.55335 16.301 0.011
2445.91192 16.194 0.010
2460.87884 16.092 0.010
2463.91518 16.395 0.010
2465.92794 16.407 0.009
2467.90093 16.339 0.009
2469.90031 16.046 0.008
2471.88975 15.840 0.007
2472.91922 16.294 0.008
2473.89113 15.882 0.007
2481.90282 16.105 0.009
2483.88864 16.146 0.008
2486.88565 16.402 0.011
2488.87656 16.237 0.011
2489.92299 16.256 0.009
2492.90335 15.880 0.008
2496.90310 15.998 0.008
2497.92651 16.327 0.009
2498.77378 16.016 0.008
2499.85936 16.339 0.009
2500.86493 16.101 0.008
2501.85389 16.355 0.009
2502.83412 16.118 0.008
2508.74536 16.219 0.011
2516.77666 16.299 0.011
2517.82340 16.000 0.008
2518.79484 16.319 0.010
2519.83174 16.045 0.008
2520.79113 16.338 0.009
2521.82327 16.103 0.008
2524.82152 16.414 0.011
2526.77770 16.427 0.009
2534.83408 15.962 0.008
2535.81429 16.317 0.009
2537.70207 16.300 0.011
2538.79803 16.015 0.008
2539.70185 16.314 0.010
2540.74273 16.046 0.010
2541.71375 16.341 0.009
2542.68354 16.073 0.008
2544.66208 16.092 0.008
2545.67711 16.373 0.009
2547.69512 16.419 0.010
2548.71156 16.187 0.008
2550.70669 16.234 0.009
2551.69333 16.179 0.008
2553.64905 15.981 0.009
2554.70257 16.295 0.009
2555.71050 15.894 0.008
2556.68952 16.299 0.009
2557.70206 15.954 0.007
2558.65854 16.310 0.009
2559.61544 15.968 0.008
2560.64850 16.330 0.009
2561.67405 16.061 0.010
2562.66694 16.330 0.009
2563.67487 16.094 0.008
2564.69026 16.376 0.010
2565.68116 16.137 0.008
2566.66144 16.403 0.009
2568.69242 16.423 0.011
2571.64511 16.245 0.011
2573.65854 16.283 0.010
2574.64237 15.850 0.008
2577.62924 16.308 0.011
2578.62931 15.945 0.008
2579.63596 16.312 0.010
2580.64808 16.006 0.008
2583.61939 16.358 0.010
2584.62675 16.102 0.008
2586.62397 16.164 0.008
2587.60838 16.399 0.010
2588.71680 16.238 0.009
2589.59832 16.426 0.010
2590.61345 16.226 0.009
2591.63659 16.232 0.009
2593.60559 15.997 0.008
2594.60936 16.293 0.011
2596.58489 16.318 0.011
2597.57206 15.895 0.008
2598.64593 16.319 0.010
2599.60541 15.989 0.009
2607.62660 16.175 0.010
2610.54642 16.426 0.011
2613.54032 16.246 0.010
2615.56917 16.296 0.010
2619.55687 16.317 0.011
2621.56577 16.340 0.009
2625.54841 16.369 0.011
2628.54178 16.183 0.011
2632.54820 16.251 0.009
2636.54337 16.307 0.011
2639.54386 15.975 0.008
2642.55261 16.346 0.011
2646.56543 16.408 0.009
2651.53746 16.236 0.011
2654.55527 15.858 0.008
2657.55813 16.313 0.010
2660.55391 16.018 0.008
2671.55158 16.270 0.010
2673.56338 15.907 0.008
2676.52475 16.296 0.011
2679.53811 15.999 0.008
2682.54043 16.361 0.011
2777.90295 16.398 0.011
2804.86989 15.863 0.008
2811.90436 16.334 0.012
2814.94001 16.143 0.008
2817.92658 16.427 0.011
2831.78143 15.994 0.008
2832.74739 16.336 0.011
2832.92536 16.340 0.009
2833.86530 16.089 0.009
2835.87395 16.142 0.009
2837.87502 16.168 0.011
2838.93218 16.395 0.011
2840.82492 16.414 0.011
2843.82636 16.260 0.008
2844.87219 15.843 0.008
2845.91818 16.311 0.011
2849.85561 16.323 0.010
2850.88837 16.047 0.008
2851.93194 16.351 0.011
2852.80262 16.047 0.008
2853.94203 16.368 0.010
2856.81529 16.141 0.009
2858.90934 16.200 0.008
2860.87534 16.238 0.009
2861.74651 16.416 0.009
2862.92552 16.280 0.010
2863.83472 15.949 0.009
2865.83162 15.846 0.008
2866.88126 16.316 0.011
2867.82127 15.910 0.008
2868.76894 16.302 0.009
2869.90194 16.026 0.008
2870.81554 16.339 0.009
2871.85846 16.048 0.008
2875.79802 16.129 0.009
2876.77573 16.389 0.009
2877.79763 16.163 0.008
2879.73926 16.173 0.008
2883.82540 16.275 0.008
2885.76020 16.289 0.009
2888.80852 15.956 0.008
2892.79988 16.067 0.009
2894.72904 16.079 0.008
2896.72614 16.124 0.008
2898.74712 16.161 0.008
2900.74596 16.212 0.008
2902.74548 16.244 0.008
2905.75268 15.835 0.008
2907.75408 15.893 0.007
2909.74319 15.956 0.006
2911.73455 16.012 0.007
2915.70602 16.097 0.008
2917.73213 16.148 0.008
2921.72988 16.214 0.009
2923.75183 16.267 0.009
2925.71480 16.273 0.008
2927.71233 16.299 0.009
2930.73038 15.996 0.008
2932.73689 16.054 0.008
2934.71672 16.080 0.008
2937.64073 16.391 0.010
2939.69337 16.414 0.009
2940.63350 16.164 0.008
2941.68332 16.405 0.008
2942.63345 16.214 0.009
2943.60468 16.396 0.010
2944.58927 16.219 0.008
2945.60604 16.160 0.010
2947.61554 15.852 0.008
2949.59685 15.868 0.008
2950.64160 16.334 0.009
2951.62878 15.969 0.008
2952.65771 16.327 0.010
2954.68263 16.344 0.010
2956.62862 16.358 0.008
2958.62303 16.404 0.010
2961.59410 16.178 0.011
2968.59386 15.859 0.008
2970.61311 15.929 0.008
2972.59760 15.994 0.008
2974.59835 16.040 0.008
2976.54805 16.073 0.008
2978.57415 16.138 0.010
2980.59102 16.169 0.010
2982.53624 16.194 0.009
2984.62711 16.252 0.010
2986.63724 16.291 0.010
2988.52960 16.286 0.012
2991.60267 15.986 0.008
2994.58439 16.343 0.009
2997.55718 16.119 0.008
3001.57363 16.189 0.009
3005.53170 16.233 0.011
3008.55336 15.856 0.008
3008.55802 15.864 0.008
3011.56139 16.321 0.011
3016.58805 16.116 0.009
3018.57452 16.146 0.008
3020.60257 16.208 0.008
3021.61538 16.401 0.008
3023.57128 16.335 0.009
3025.56979 16.015 0.008
3027.60330 15.877 0.008
3029.57520 15.928 0.008
3031.57974 15.996 0.008
3033.58211 16.047 0.008
3037.52913 16.126 0.009
3164.92956 16.072 0.008
3183.91153 16.062 0.008
3193.87929 16.253 0.009
3195.93849 16.259 0.008
3197.91395 16.301 0.009
3201.87137 16.337 0.008
3203.87932 16.330 0.008
3206.81719 16.077 0.008
3210.89322 16.202 0.008
3211.88465 16.408 0.009
3215.66076 16.407 0.011
3216.72877 16.237 0.010
3217.92930 15.887 0.008
3218.91393 16.308 0.011
3223.83478 16.052 0.008
3226.82503 16.352 0.009
3229.83216 16.151 0.008
3231.81430 16.183 0.010
3239.79267 16.301 0.009
3240.78993 15.932 0.008
3241.81429 16.328 0.008
3242.71361 15.928 0.008
3243.85006 16.350 0.009
3244.82725 16.062 0.008
3245.77639 16.350 0.010
3246.76884 16.101 0.010
3247.76260 16.371 0.009
3249.72731 16.370 0.010
3251.74083 16.433 0.008
3254.72795 16.227 0.008
3257.74436 15.940 0.007
3259.66354 15.920 0.008
3261.70164 15.917 0.007
3263.68434 15.962 0.007
3265.71873 16.038 0.007
3267.70757 16.090 0.006
3269.78399 16.172 0.010
3270.74081 16.412 0.010
3271.66364 16.157 0.008
3272.72083 16.448 0.009
3274.70670 16.410 0.009
3276.71113 16.188 0.009
3277.74427 16.282 0.008
3279.67659 16.295 0.008
3281.64027 16.304 0.008
3283.64171 16.323 0.008
3287.60793 16.358 0.008
3289.61900 16.365 0.008
3293.59579 16.423 0.008
3295.61458 16.432 0.008
3297.59633 16.319 0.007
3299.65270 15.860 0.006
3301.62694 15.875 0.008
3303.68919 15.990 0.008
3306.62174 16.354 0.008
3308.60946 16.351 0.010
3310.60859 16.368 0.009
3312.65261 16.433 0.009
3314.56347 16.444 0.011
3320.60130 15.866 0.007
3327.55626 16.346 0.009
3330.55049 16.114 0.008
3335.59532 16.415 0.010
3338.59893 16.260 0.008
3349.59526 16.118 0.008
3353.57435 16.190 0.008
3359.55088 16.279 0.008
3363.55822 16.332 0.009
3367.61754 16.368 0.009
3372.54829 16.163 0.008
3376.52760 16.212 0.010
3378.59455 16.278 0.009
3386.56098 16.346 0.008
3390.57456 16.401 0.010
3398.55632 15.948 0.008
3402.54472 15.931 0.006
3528.93692 16.281 0.009
3541.92972 16.170 0.008
3547.91431 16.251 0.008
3554.92252 16.039 0.008
3560.94464 16.141 0.008
3564.90680 16.206 0.008
3568.83766 16.254 0.008
3570.77838 16.267 0.010
3571.80071 15.854 0.008
3573.83820 15.950 0.008
3574.87719 16.298 0.008
3577.83586 16.074 0.008
3578.89443 16.344 0.008
3579.79927 16.080 0.007
3581.84420 16.134 0.008
3581.86691 16.149 0.008
3582.82909 16.368 0.009
3583.83350 16.183 0.008
3586.80784 16.361 0.008
3588.82573 16.043 0.007
3589.81854 16.276 0.008
3591.87334 16.296 0.007
3593.81090 16.308 0.008
3596.89136 16.067 0.008
3601.80899 16.386 0.009
3607.81440 16.170 0.008
3614.78579 16.326 0.008
3617.76529 16.030 0.007
3619.69821 16.056 0.007
3621.71667 16.099 0.007
3624.86497 16.390 0.010
3626.71435 16.414 0.008
3629.66796 16.252 0.009
3631.73033 16.267 0.009
3633.69564 16.309 0.009
3637.64955 16.329 0.008
3639.69963 16.342 0.007
3641.69619 16.359 0.008
3643.72056 16.403 0.008
3646.65552 16.197 0.008
3650.65877 16.259 0.008
3650.68281 16.265 0.008
3651.73275 15.834 0.006
3653.72891 15.915 0.007
3655.69509 15.956 0.007
3657.64587 15.979 0.007
3658.65030 16.321 0.008
3659.63835 16.052 0.008
3660.66847 16.319 0.009
3663.55998 16.102 0.009
3665.63356 16.140 0.008
3668.57198 16.399 0.008
3669.67074 16.245 0.009
3671.62890 16.268 0.008
3673.67376 16.298 0.009
3675.65834 16.299 0.008
3683.64765 16.399 0.008
3685.65278 16.423 0.008
3687.65145 16.367 0.008
3689.59984 16.289 0.008
3692.57568 16.258 0.008
3694.55966 16.276 0.009
3696.56018 16.302 0.008
3698.59387 16.333 0.009
3700.57480 16.338 0.009
3702.58409 16.361 0.008
3704.59036 16.399 0.009
3706.61079 16.427 0.008
3708.58367 16.366 0.009
3711.59026 16.281 0.009
3714.52401 15.864 0.009
3718.60452 16.024 0.008
3721.55342 16.347 0.009
3724.56310 16.152 0.008
3726.58366 16.197 0.008
3728.55677 16.212 0.008
3734.56022 16.324 0.009
3737.57590 15.987 0.008
3742.53452 16.376 0.011
3746.55980 16.431 0.011
3751.53618 16.286 0.011
3756.55244 15.985 0.008
3761.60271 16.355 0.009
3766.52751 16.188 0.009
3772.55033 16.293 0.008
3776.55040 16.297 0.009
3871.87630 16.358 0.011
3901.93882 16.293 0.009
3906.93909 15.996 0.007
3913.91603 16.391 0.008
3918.87954 16.226 0.008
3931.91488 16.100 0.008
3934.85790 16.405 0.008
3936.86610 16.420 0.008
3938.85009 16.354 0.009
3944.89748 15.924 0.007
3946.86561 15.973 0.008
3951.88502 16.358 0.009
3955.85015 16.411 0.011
3958.82667 16.207 0.009
3960.82682 16.243 0.008
3963.82353 15.862 0.008
3965.81541 15.912 0.006
3967.83526 15.992 0.007
3969.80090 16.033 0.007
3971.77709 16.057 0.007
3974.77883 16.385 0.009
3979.73419 16.216 0.008
3980.61754 16.404 0.010
3981.64383 16.201 0.008
3983.83415 16.303 0.009
3986.69571 15.881 0.008
3987.66675 16.302 0.008
3990.79002 16.046 0.007
3993.73482 16.333 0.008
3995.74009 16.387 0.008
3999.74936 16.359 0.008
4002.72150 16.252 0.007
4004.67329 16.272 0.008
4006.69950 16.315 0.008
4007.56288 15.848 0.006
4008.57181 16.314 0.008
4009.73327 16.031 0.008
4013.69838 16.069 0.008
4015.68067 16.115 0.008
4015.69690 16.131 0.008
4018.69606 16.410 0.008
4019.68463 16.205 0.008
4021.67712 16.210 0.008
4024.65059 15.861 0.007
4026.62947 15.853 0.006
4028.62543 15.919 0.006
4030.63799 16.002 0.007
4032.69009 16.063 0.008
4037.66628 16.413 0.008
4039.60422 16.410 0.008
4041.60374 16.346 0.010
4043.58944 16.156 0.008
4046.59877 16.271 0.008
4048.56467 16.292 0.009
4050.60679 16.302 0.008
4052.55889 16.330 0.008
4054.61307 16.338 0.008
4056.58516 16.365 0.009
4058.61871 16.428 0.008
4060.51755 16.431 0.009
4064.51518 16.175 0.008
4066.55665 15.838 0.007
4069.51502 16.297 0.011
4073.59859 16.337 0.009
4077.52194 16.359 0.010
4079.52388 16.399 0.011
4082.52384 16.204 0.009
4085.56155 15.842 0.007
4092.55760 16.325 0.008
4096.58355 16.395 0.008
4100.58634 16.390 0.009
4105.55417 16.298 0.009
4108.53042 15.902 0.008
4113.60831 16.366 0.008
4120.57914 16.231 0.008
4126.57697 16.324 0.010
4252.92626 16.084 0.009
4255.84555 16.261 0.010
4268.89906 16.177 0.009
4275.92119 15.857 0.008
4279.79887 15.928 0.009
4282.80943 16.326 0.010
4283.86237 16.065 0.009
4285.91669 16.134 0.009
4291.93747 16.262 0.010
4292.85599 16.196 0.008
4295.86004 16.277 0.008
4296.88980 15.892 0.008
4297.92266 16.312 0.009
4299.85747 16.310 0.008
4300.87896 16.007 0.008
4301.89697 16.339 0.008
4302.91858 16.070 0.008
4306.86321 16.152 0.009
4307.89749 16.409 0.008
4308.65864 16.101 0.008
4308.86662 16.177 0.008
4310.83897 16.199 0.009
4311.82652 16.337 0.011
4312.90040 16.253 0.008
4314.91987 16.277 0.010
4316.82641 16.278 0.009
4319.86359 15.989 0.008
4320.89045 16.326 0.010
4326.83432 16.368 0.009
4327.81259 16.140 0.010
4328.82822 16.417 0.010
4329.83076 16.180 0.009
4330.85900 16.354 0.009
4333.86030 16.257 0.009
4338.90068 16.005 0.008
4340.77316 15.967 0.008
4341.76831 16.316 0.010
4342.82417 16.053 0.008
4343.76181 16.335 0.009
4344.74396 16.055 0.008
4345.78995 16.361 0.009
4347.77884 16.387 0.009
4349.79203 16.420 0.009
4351.72913 16.408 0.011
4353.75235 16.213 0.010
4357.70122 15.849 0.008
4359.69915 15.894 0.007
4361.70171 15.978 0.008
4362.72443 16.323 0.010
4364.58347 16.334 0.011
4367.68098 16.096 0.009
4370.67263 16.406 0.010
4372.73610 16.323 0.008
4376.65149 15.972 0.008
4378.61807 15.854 0.008
4379.64603 16.287 0.009
4380.75888 15.985 0.008
4382.68633 16.002 0.008
4386.66139 16.104 0.008
4388.66187 16.123 0.008
4390.67086 16.161 0.008
4393.64464 16.378 0.010
4395.67952 15.970 0.008
4398.64496 16.292 0.009
4400.66784 16.302 0.010
4403.69363 16.036 0.008
4407.63372 16.119 0.009
4408.67990 16.398 0.010
4410.70284 16.400 0.010
4415.68697 16.265 0.009
4418.59364 15.832 0.007
4422.65487 16.004 0.008
4424.65193 16.038 0.008
4427.53863 16.329 0.010
4429.56456 16.362 0.012
4431.56900 16.413 0.011
4433.57486 16.408 0.009
4435.56321 16.240 0.008
4437.65225 15.847 0.008
4439.56412 15.856 0.008
4441.59995 15.958 0.008
4443.59068 16.002 0.008
4449.64470 16.153 0.008
4451.59983 16.173 0.008
4453.58181 16.204 0.009
4456.58324 15.924 0.008
4459.53574 16.290 0.011
4464.57543 16.033 0.008
4465.54136 16.323 0.010
4470.56029 16.169 0.009
4474.59679 16.235 0.010
4476.57493 16.273 0.009
4479.59974 15.918 0.008
4481.58441 15.968 0.008
4484.60109 16.330 0.012
4487.62265 16.131 0.010
4609.89594 16.276 0.010
4643.88061 16.221 0.009
4649.93082 16.292 0.009
4661.89396 16.406 0.009
4662.77668 16.157 0.008
4662.89360 16.214 0.008
4663.74837 16.412 0.010
4663.93227 16.187 0.008
4665.82132 16.237 0.010
4665.91527 15.888 0.008
4666.90913 16.252 0.010
4670.90358 16.307 0.009
4671.81782 15.907 0.008
4672.87754 16.332 0.008
4675.89515 16.065 0.008
4681.87488 16.185 0.008
4683.87013 16.222 0.008
4685.85625 16.251 0.009
4688.80759 15.838 0.007
4690.73315 15.863 0.007
4691.73602 16.285 0.010
4693.89111 16.326 0.010
4696.84103 16.085 0.010
4698.75286 16.087 0.008
4699.74687 16.352 0.009
4700.78438 16.147 0.008
4701.78958 16.418 0.010
4702.84972 16.219 0.009
4703.74876 16.402 0.009
4704.76761 16.218 0.008
4705.77485 16.261 0.009
4707.76752 15.936 0.007
4708.83578 16.292 0.008
4710.75175 16.284 0.008
4716.75326 16.353 0.009
4719.74543 16.118 0.008
4721.73439 16.140 0.008
4724.76409 16.328 0.009
4726.65976 16.338 0.010
4729.67074 16.265 0.010
4731.76099 16.298 0.008
4734.74331 16.004 0.007
4736.70809 16.046 0.008
4739.64937 16.358 0.010
4741.72395 16.402 0.008
4747.59056 16.343 0.009
4749.59013 16.101 0.009
4753.65929 15.936 0.008
4755.65321 15.998 0.008
4757.63765 16.026 0.008
4759.65027 16.087 0.008
4761.62054 16.109 0.007
4763.63318 16.174 0.009
4766.60140 16.368 0.010
4769.63947 16.279 0.009
4771.55054 16.255 0.009
4773.67535 16.299 0.008
4775.66219 16.325 0.010
4777.59594 16.315 0.009
4779.63153 16.350 0.009
4781.58145 16.360 0.009
4783.56507 16.410 0.010
4785.59617 16.408 0.010
4789.53158 16.172 0.009
4790.61380 16.283 0.008
4791.61210 15.864 0.007
4793.51623 15.866 0.008
4795.53328 15.950 0.007
4797.52548 16.011 0.008
4798.58878 16.339 0.010
4800.63607 16.375 0.009
4803.52739 16.135 0.008
4804.57757 16.402 0.011
4806.58659 16.341 0.009
4808.54482 16.203 0.009
4808.61232 15.968 0.008
4810.55526 15.858 0.008
4813.59461 16.299 0.009
4815.57074 16.310 0.009
4817.58728 16.330 0.008
4819.58688 16.363 0.009
4821.62878 16.398 0.008
4823.58957 16.405 0.009
4825.61801 16.345 0.009
4832.59113 16.291 0.009
4835.57295 15.996 0.008
4839.59446 16.098 0.008
4842.56152 16.400 0.010
4844.57001 16.403 0.009
4847.62632 16.239 0.011
4849.58618 16.264 0.008
4853.58361 16.313 0.009
4856.57754 16.028 0.008
4865.55067 16.382 0.009
4936.91655 16.211 0.009
4940.89923 16.269 0.009
4940.90309 16.275 0.009
4953.89694 16.142 0.008
4954.88836 16.410 0.009
