 626.93298 14.105 0.006
 631.91412 14.262 0.006
 632.90887 14.023 0.006
 635.88480 14.332 0.006
 643.85418 14.479 0.006
 645.88032 14.122 0.006
 649.84300 14.376 0.006
 656.89550 14.405 0.006
 657.89937 14.524 0.006
 658.90814 14.441 0.006
 665.87516 14.386 0.006
 666.87725 14.019 0.006
 667.89628 14.123 0.006
 668.86704 14.206 0.006
 670.83272 14.431 0.006
 671.85518 14.539 0.006
 672.86012 14.312 0.006
 673.77317 14.014 0.006
 684.78813 14.461 0.006
 688.87392 14.149 0.006
 697.70632 14.374 0.006
 699.73238 14.515 0.006
 700.71747 14.083 0.006
 701.68914 14.051 0.006
 704.68372 14.394 0.006
 706.68207 14.484 0.006
 706.77656 14.464 0.006
 707.71263 14.045 0.006
 708.71015 14.063 0.006
 714.74125 14.021 0.006
 715.78211 14.095 0.006
 716.76463 14.205 0.006
 720.67165 14.371 0.006
 726.73181 14.540 0.006
 728.72492 14.024 0.006
 729.66930 14.117 0.006
 733.68025 14.526 0.006
 739.70246 14.482 0.006
 741.66606 14.137 0.006
 742.65986 14.041 0.006
 744.62838 14.244 0.006
 745.66828 14.375 0.006
 746.61308 14.491 0.006
 748.56752 14.113 0.006
 749.57395 14.052 0.006
 750.54817 14.163 0.006
 751.57829 14.251 0.006
 752.78205 14.416 0.006
 755.57703 14.046 0.006
 759.57966 14.407 0.006
 760.58399 14.521 0.006
 761.57924 14.434 0.006
 762.57724 14.024 0.006
 763.59624 14.079 0.006
 764.67427 14.203 0.006
 765.55959 14.282 0.006
 766.59651 14.426 0.006
 767.57095 14.539 0.006
 769.55587 14.012 0.006
 770.65217 14.111 0.006
 771.62833 14.210 0.006
 772.55641 14.299 0.006
 773.57899 14.438 0.006
 774.64881 14.539 0.006
 775.60171 14.279 0.006
 777.59959 14.121 0.006
 778.57275 14.223 0.006
 779.63213 14.339 0.006
 780.63193 14.461 0.006
 781.60850 14.535 0.006
 782.60616 14.200 0.006
 783.58591 14.029 0.006
 784.62550 14.142 0.006
 785.59636 14.235 0.006
 786.60107 14.358 0.006
 790.56310 14.039 0.006
 795.57486 14.495 0.006
 796.62445 14.058 0.006
 797.69494 14.064 0.006
 798.61235 14.177 0.006
 800.61026 14.400 0.006
 802.59079 14.458 0.006
 805.59684 14.193 0.006
 806.60761 14.280 0.006
 822.59510 14.538 0.006
 823.67237 14.211 0.006
 824.62051 14.047 0.006
 840.58348 14.255 0.006
 845.58914 14.067 0.006
 850.55660 14.431 0.006
 855.56327 14.421 0.006
 856.55115 14.537 0.006
 859.55078 14.101 0.006
 860.58309 14.219 0.006
 962.91952 14.185 0.006
 986.88580 14.543 0.006
 987.89810 14.227 0.006
 991.91199 14.361 0.006
 996.87974 14.151 0.006
 998.88542 14.369 0.006
1003.81660 14.164 0.006
1005.84202 14.391 0.006
1008.87517 14.040 0.006
1020.83807 14.537 0.006
1025.81771 14.315 0.006
1035.79259 14.231 0.006
1037.81985 14.131 0.006
1038.91887 14.243 0.006
1041.88930 14.514 0.006
1045.79044 14.242 0.006
1049.81085 14.079 0.006
1052.82125 14.253 0.006
1055.69099 14.504 0.006
1058.84280 14.191 0.006
1059.82165 14.279 0.006
1064.76480 14.074 0.006
1068.75667 14.531 0.006
1071.78465 14.101 0.006
1075.80179 14.537 0.006
1078.72357 14.112 0.006
1080.66961 14.322 0.006
1083.76191 14.206 0.006
1086.61248 14.227 0.006
1090.69556 14.160 0.006
1092.69566 14.151 0.006
1094.69181 14.371 0.006
1102.66042 14.502 0.006
1107.62875 14.266 0.006
1112.73494 14.088 0.006
1117.61036 14.383 0.006
1122.62195 14.436 0.006
1128.57054 14.314 0.006
1132.60090 14.029 0.006
1135.66958 14.361 0.006
1138.62237 14.154 0.006
1140.65474 14.150 0.006
1144.65776 14.497 0.006
1151.59223 14.472 0.006
1154.61182 14.180 0.006
1157.65757 14.528 0.006
1160.64907 14.084 0.006
1163.73100 14.441 0.006
1166.69805 14.012 0.006
1170.62696 14.445 0.006
1175.68809 14.221 0.006
1179.68579 14.157 0.006
1183.69467 14.374 0.006
1186.68850 14.085 0.006
1189.57705 14.246 0.006
1192.62164 14.491 0.006
1202.56820 14.180 0.006
1206.57182 14.394 0.006
1212.56339 14.533 0.006
1216.56943 14.214 0.006
1220.56562 14.239 0.006
1329.81009 14.376 0.006
1330.92024 14.012 0.006
1335.86538 14.536 0.006
1341.92622 14.465 0.006
1347.92259 14.374 0.006
1355.91148 14.509 0.006
1365.91239 14.085 0.006
1367.88995 14.280 0.006
1369.87763 14.525 0.006
1374.87655 14.301 0.006
1395.84214 14.372 0.006
1397.86552 14.513 0.006
1401.87918 14.261 0.006
1407.88649 14.190 0.006
1412.78445 14.026 0.006
1418.82455 14.369 0.006
1430.71855 14.453 0.006
1432.78342 14.232 0.006
1438.73631 14.529 0.006
1441.84343 14.159 0.006
1447.69988 14.047 0.006
1451.66594 14.491 0.006
1454.64017 14.060 0.006
1459.68576 14.453 0.006
1461.66058 14.073 0.006
1462.71895 14.191 0.006
1470.60781 14.301 0.006
1475.63190 14.110 0.006
1478.58048 14.451 0.006
1479.59665 14.539 0.006
1484.59589 14.339 0.006
1487.62295 14.185 0.006
1490.65867 14.244 0.006
1492.56144 14.473 0.006
1495.61072 14.047 0.006
1499.57938 14.493 0.006
1502.59983 14.059 0.006
1505.66691 14.411 0.006
1509.57784 14.079 0.006
1512.67999 14.426 0.006
1516.57972 14.091 0.006
1518.64964 14.306 0.006
1520.67750 14.540 0.006
1523.59484 14.115 0.006
1526.57774 14.456 0.006
1531.68504 14.237 0.006
1546.60115 14.392 0.006
1551.56417 14.181 0.006
1556.60490 14.027 0.006
1716.91321 14.280 0.006
1728.90466 14.110 0.006
1731.89124 14.456 0.006
1740.87989 14.189 0.006
1742.90435 14.150 0.006
1743.87772 14.245 0.006
1744.89681 14.367 0.006
1749.84715 14.169 0.006
1750.87366 14.250 0.006
1751.83092 14.384 0.006
1752.84669 14.504 0.006
1753.84774 14.495 0.006
1754.81995 14.068 0.006
1755.83983 14.058 0.006
1756.86896 14.181 0.006
1757.81836 14.263 0.006
1758.82301 14.398 0.006
1759.81287 14.515 0.006
1761.85224 14.030 0.006
1762.83464 14.074 0.006
1763.84029 14.187 0.006
1764.83006 14.277 0.006
1765.82624 14.414 0.006
1766.77950 14.521 0.006
1768.79049 14.014 0.006
1769.69935 14.084 0.006
1772.81256 14.430 0.006
1775.86367 14.022 0.006
1784.84803 14.233 0.006
1788.75136 14.213 0.006
1803.80551 14.064 0.006
1811.79758 14.201 0.006
1814.84443 14.529 0.006
1823.76971 14.013 0.006
1847.80467 14.396 0.006
1854.78704 14.412 0.006
1859.75104 14.193 0.006
1863.73473 14.353 0.006
2104.86099 14.060 0.006
2113.84132 14.263 0.006
2114.85557 14.413 0.006
2115.91948 14.540 0.006
2116.90195 14.395 0.006
2117.90764 14.016 0.006
2123.85186 14.338 0.006
2128.85517 14.446 0.006
2129.88733 14.541 0.006
2130.83621 14.269 0.006
2131.82971 14.021 0.006
2132.83589 14.119 0.006
2133.92450 14.235 0.006
2134.84083 14.331 0.006
2135.87602 14.471 0.006
2136.87654 14.541 0.006
2137.91916 14.157 0.006
2140.84509 14.235 0.006
2142.89135 14.483 0.006
2143.85211 14.513 0.006
2144.81687 14.131 0.006
2156.85506 14.514 0.006
2160.78480 14.198 0.006
2162.79136 14.419 0.006
2165.77517 14.032 0.006
2166.78614 14.086 0.006
2167.75693 14.200 0.006
2168.74346 14.286 0.006
2171.76949 14.334 0.006
2172.77606 14.039 0.006
2173.73818 14.096 0.006
2177.66980 14.534 0.006
2185.69466 14.227 0.006
2187.67723 14.134 0.006
2190.72123 14.473 0.006
2192.69079 14.148 0.006
2193.71178 14.036 0.006
2194.68300 14.149 0.006
2200.69548 14.056 0.006
2201.74914 14.177 0.006
2211.67361 14.521 0.006
2213.68366 14.019 0.006
2215.68533 14.202 0.006
2217.66297 14.429 0.006
2222.75538 14.218 0.006
2225.62463 14.535 0.006
2226.67098 14.273 0.006
2228.58638 14.115 0.006
2230.52369 14.312 0.006
2232.53742 14.518 0.006
2234.57950 14.033 0.006
2236.56900 14.231 0.006
2241.56118 14.038 0.006
2243.59947 14.239 0.006
2248.64388 14.056 0.006
2250.62205 14.254 0.006
2253.60092 14.469 0.006
2256.58005 14.181 0.006
2258.62050 14.424 0.006
2265.63776 14.428 0.006
2270.59595 14.221 0.006
2272.59401 14.448 0.006
2274.57785 14.277 0.006
2276.54537 14.120 0.006
2280.55795 14.537 0.006
2285.59640 14.365 0.006
2289.59333 14.044 0.006
2291.59403 14.244 0.006
2293.59472 14.491 0.006
2295.59103 14.053 0.006
2297.59420 14.175 0.006
2299.59068 14.397 0.006
2301.58335 14.447 0.006
2466.86683 14.025 0.006
2467.93072 14.092 0.006
2471.91956 14.538 0.006
2472.90961 14.360 0.006
2473.93580 14.013 0.006
2481.89505 14.120 0.006
2483.91870 14.308 0.006
2486.91885 14.204 0.006
2488.93421 14.146 0.006
2490.79641 14.347 0.006
2492.93310 14.521 0.006
2496.93290 14.244 0.006
2498.80420 14.482 0.006
2499.88914 14.503 0.006
2501.88433 14.054 0.006
2502.86450 14.170 0.006
2508.77508 14.071 0.006
2516.80655 14.194 0.006
2517.85331 14.293 0.006
2519.82390 14.532 0.006
2520.82208 14.357 0.006
2521.81525 14.014 0.006
2524.81379 14.310 0.006
2526.80757 14.537 0.006
2529.80381 14.119 0.006
2534.86444 14.186 0.006
2535.80207 14.030 0.006
2537.73215 14.233 0.006
2538.83240 14.361 0.006
2539.72960 14.460 0.006
2540.77289 14.531 0.006
2541.74148 14.166 0.006
2542.71127 14.030 0.006
2544.69203 14.236 0.006
2545.70475 14.359 0.006
2547.72272 14.518 0.006
2548.74151 14.095 0.006
2550.73679 14.165 0.006
2551.72333 14.257 0.006
2552.73930 14.392 0.006
2553.68009 14.502 0.006
2554.73244 14.481 0.006
2555.74034 14.042 0.006
2556.71945 14.063 0.006
2557.73198 14.183 0.006
2558.68842 14.257 0.006
2559.64543 14.399 0.006
2560.67844 14.509 0.006
2561.72406 14.437 0.006
2562.69674 14.026 0.006
2563.70472 14.072 0.006
2564.72111 14.192 0.006
2565.71626 14.283 0.006
2566.69121 14.416 0.006
2568.76763 14.339 0.006
2571.67761 14.208 0.006
2572.75211 14.323 0.006
2573.69019 14.440 0.006
2574.67015 14.531 0.006
2576.70488 14.029 0.006
2577.66993 14.113 0.006
2578.65746 14.212 0.006
2579.66798 14.317 0.006
2580.67609 14.459 0.006
2583.64815 14.029 0.006
2584.65460 14.117 0.006
2586.65580 14.354 0.006
2587.63846 14.472 0.006
2589.62933 14.181 0.006
2590.64610 14.047 0.006
2593.63553 14.372 0.006
2594.64157 14.487 0.006
2597.60238 14.078 0.006
2598.68256 14.180 0.006
2599.63663 14.258 0.006
2607.64568 14.401 0.006
2607.65672 14.414 0.006
2610.57807 14.029 0.006
2613.57185 14.282 0.006
2615.60230 14.536 0.006
2619.58677 14.214 0.006
2621.59592 14.438 0.006
2625.57850 14.116 0.006
2627.54918 14.320 0.006
2630.56300 14.253 0.006
2635.57671 14.473 0.006
2637.57157 14.165 0.006
2640.54192 14.250 0.006
2642.58165 14.499 0.006
2646.59303 14.171 0.006
2651.56770 14.043 0.006
2654.59519 14.276 0.006
2657.54718 14.437 0.006
2661.55321 14.287 0.006
2664.58415 14.344 0.006
2667.54294 14.215 0.006
2668.57008 14.316 0.006
2672.56209 14.020 0.006
2676.55227 14.461 0.006
2679.56698 14.034 0.006
2683.54595 14.490 0.006
2777.93270 14.288 0.006
2804.86124 14.240 0.006
2805.87853 14.382 0.006
2811.93365 14.270 0.006
2815.90734 14.032 0.006
2825.93921 14.300 0.006
2830.84647 14.100 0.006
2831.81612 14.204 0.006
2832.78917 14.301 0.006
2833.89466 14.459 0.006
2834.94529 14.537 0.006
2836.90362 14.028 0.006
2838.84669 14.220 0.006
2840.85436 14.456 0.006
2843.85571 14.034 0.006
2844.90142 14.152 0.006
2845.94844 14.254 0.006
2849.88495 14.106 0.006
2850.91770 14.069 0.006
2852.84632 14.256 0.006
2854.85766 14.507 0.006
2857.86504 14.064 0.006
2858.93865 14.184 0.006
2860.90462 14.401 0.006
2861.77610 14.513 0.006
2862.89947 14.414 0.006
2863.86415 14.029 0.006
2865.82384 14.194 0.006
2867.81326 14.410 0.006
2868.81686 14.523 0.006
2869.80338 14.406 0.006
2870.84495 14.017 0.006
2871.88802 14.092 0.006
2872.84482 14.206 0.006
2875.83572 14.533 0.006
2876.80514 14.319 0.006
2879.73164 14.211 0.006
2883.85489 14.222 0.006
2885.79021 14.125 0.006
2890.72108 14.215 0.006
2893.77254 14.234 0.006
2895.82175 14.479 0.006
2897.72529 14.140 0.006
2899.76292 14.170 0.006
2903.78198 14.487 0.006
2906.73098 14.171 0.006
2908.70798 14.398 0.006
2910.70286 14.464 0.006
2912.70819 14.069 0.006
2916.72094 14.512 0.006
2918.69783 14.012 0.006
2922.69781 14.435 0.006
2924.63875 14.361 0.006
2926.63279 14.102 0.006
2929.69399 14.448 0.006
2931.66993 14.274 0.006
2933.68036 14.119 0.006
2935.64470 14.328 0.006
2937.67029 14.534 0.006
2939.68575 14.035 0.006
2940.66292 14.138 0.006
2941.63818 14.231 0.006
2942.66298 14.366 0.006
2943.63433 14.491 0.006
2944.61869 14.513 0.006
2946.61344 14.056 0.006
2947.64506 14.158 0.006
2949.62608 14.367 0.006
2950.57761 14.494 0.006
2951.65822 14.503 0.006
2953.60616 14.055 0.006
2955.59124 14.259 0.006
2957.60486 14.496 0.006
2962.65913 14.279 0.006
2965.66180 14.387 0.006
2968.62413 14.206 0.006
2970.64294 14.425 0.006
2972.64756 14.317 0.006
2975.55560 14.214 0.006
2977.65141 14.452 0.006
2979.59130 14.274 0.006
2981.63858 14.140 0.006
2983.57209 14.335 0.006
2986.58867 14.192 0.006
2988.56065 14.133 0.006
2991.59046 14.488 0.006
2994.57533 14.055 0.006
2997.58793 14.385 0.006
3000.57995 14.063 0.006
3003.56193 14.264 0.006
3006.54920 14.455 0.006
3009.54449 14.198 0.006
3013.54686 14.395 0.006
3015.58212 14.095 0.006
3018.55923 14.436 0.006
3020.59494 14.291 0.006
3022.54859 14.118 0.006
3024.54762 14.315 0.006
3025.60720 14.450 0.006
3027.63269 14.204 0.006
3029.60438 14.130 0.006
3031.60918 14.356 0.006
3034.53942 14.177 0.006
3037.55858 14.239 0.006
3179.92091 14.100 0.006
3183.94060 14.552 0.006
3193.90852 14.140 0.006
3196.88062 14.475 0.006
3197.94302 14.520 0.006
3202.86851 14.372 0.006
3203.90859 14.497 0.006
3206.84640 14.058 0.006
3210.92241 14.518 0.006
3211.87698 14.469 0.006
3215.81219 14.281 0.006
3216.75805 14.400 0.006
3217.80803 14.519 0.006
3223.86416 14.432 0.006
3228.78286 14.212 0.006
3229.86467 14.316 0.006
3231.84617 14.540 0.006
3238.78305 14.534 0.006
3239.82662 14.201 0.006
3240.81932 14.031 0.006
3241.80280 14.150 0.006
3242.74678 14.242 0.006
3243.87940 14.377 0.006
3244.85797 14.486 0.006
3245.80573 14.528 0.006
3246.79849 14.146 0.006
3247.80684 14.050 0.006
3249.75715 14.242 0.006
3251.77075 14.489 0.006
3254.75846 14.059 0.006
3257.78272 14.387 0.006
3259.69544 14.486 0.006
3261.73149 14.067 0.006
3263.72872 14.266 0.006
3265.75008 14.519 0.006
3267.73686 14.017 0.006
3270.69029 14.283 0.006
3271.69317 14.425 0.006
3273.65150 14.403 0.006
3275.64635 14.103 0.006
3276.74078 14.215 0.006
3277.77942 14.322 0.006
3279.71102 14.541 0.006
3281.66962 14.013 0.006
3283.67130 14.220 0.006
3287.63743 14.253 0.006
3289.65237 14.137 0.006
3291.59046 14.337 0.006
3293.62596 14.538 0.006
3295.64387 14.040 0.006
3298.58178 14.368 0.006
3300.58406 14.518 0.006
3302.56103 14.041 0.006
3305.66111 14.388 0.006
3307.57337 14.495 0.006
3309.59841 14.058 0.006
3311.55003 14.253 0.006
3314.59300 14.452 0.006
3320.63081 14.532 0.006
3323.57823 14.093 0.006
3327.58576 14.540 0.006
3330.58126 14.113 0.006
3335.62523 14.213 0.006
3338.57091 14.224 0.006
3350.54522 14.053 0.006
3353.60382 14.396 0.006
3359.58568 14.271 0.006
3363.58771 14.023 0.006
3367.64734 14.436 0.006
3372.58082 14.207 0.006
3376.55696 14.265 0.006
3380.54334 14.329 0.006
3386.59028 14.232 0.006
3395.53809 14.488 0.006
3398.58578 14.065 0.006
3402.58303 14.503 0.006
3543.89658 14.225 0.006
3551.92011 14.368 0.006
3554.94062 14.082 0.006
3558.90365 14.393 0.006
3561.94786 14.041 0.006
3562.89076 14.062 0.006
3564.92553 14.273 0.006
3568.87116 14.016 0.006
3568.88187 14.022 0.006
3570.83216 14.194 0.006
3570.84292 14.197 0.006
3571.82311 14.283 0.006
3571.83383 14.279 0.006
3573.87955 14.519 0.006
3575.83531 14.019 0.006
3577.88097 14.205 0.006
3577.89168 14.208 0.006
3578.91699 14.310 0.006
3578.92775 14.313 0.006
3579.82205 14.437 0.006
3579.83277 14.431 0.006
3581.89113 14.273 0.006
3581.90186 14.272 0.006
3582.84743 14.019 0.006
3582.85814 14.013 0.006
3583.85766 14.121 0.006
3583.86838 14.113 0.006
3585.87875 14.331 0.006
3585.88952 14.331 0.006
3586.83092 14.450 0.006
3586.84166 14.453 0.006
3588.84922 14.233 0.006
3588.85993 14.220 0.006
3590.80526 14.134 0.006
3590.81599 14.118 0.006
3592.77001 14.343 0.006
3592.78075 14.340 0.006
3594.80950 14.540 0.006
3594.82024 14.507 0.006
3597.84945 14.157 0.006
3600.88561 14.504 0.006
3600.90602 14.519 0.006
3602.76459 14.115 0.006
3607.83761 14.510 0.006
3607.84838 14.509 0.006
3614.82059 14.524 0.006
3617.79363 14.077 0.006
3617.80437 14.078 0.006
3619.78250 14.286 0.006
3621.76422 14.526 0.006
3621.77498 14.528 0.006
3628.79109 14.538 0.006
3630.64295 14.013 0.006
3630.65377 14.023 0.006
3632.65108 14.214 0.006
3634.71321 14.450 0.006
3634.72398 14.452 0.006
3637.67204 14.024 0.006
3637.68279 14.024 0.006
3639.73273 14.218 0.006
3641.71873 14.474 0.006
3641.72950 14.473 0.006
3643.81714 14.130 0.006
3643.82794 14.119 0.006
3644.76859 14.040 0.006
3646.68884 14.238 0.006
3646.69964 14.236 0.006
3650.71007 14.110 0.006
3650.72085 14.108 0.006
3652.65597 14.163 0.006
3654.63430 14.384 0.006
3656.64723 14.510 0.006
3656.65798 14.498 0.006
3657.70494 14.052 0.006
3657.71569 14.048 0.006
3658.67986 14.062 0.006
3658.69298 14.075 0.006
3659.66256 14.176 0.006
3659.67331 14.186 0.006
3661.61124 14.401 0.006
3661.62201 14.405 0.006
3663.63418 14.470 0.006
3663.64496 14.454 0.006
3665.66652 14.085 0.006
3665.67727 14.088 0.006
3668.61568 14.411 0.006
3668.62641 14.417 0.006
3670.56638 14.424 0.006
3670.57713 14.432 0.006
3672.60581 14.095 0.006
3672.61658 14.092 0.006
3674.63507 14.302 0.006
3674.67542 14.310 0.006
3676.59289 14.534 0.006
3676.61585 14.524 0.006
3682.58183 14.430 0.006
3682.59255 14.447 0.006
3684.57469 14.270 0.006
3684.58548 14.271 0.006
3686.56458 14.129 0.006
3686.57536 14.139 0.006
3688.53766 14.336 0.006
3688.54843 14.334 0.006
3690.55431 14.536 0.006
3692.59612 14.042 0.006
3692.60689 14.040 0.006
3694.58270 14.250 0.006
3694.59344 14.245 0.006
3696.57883 14.479 0.006
3696.58957 14.472 0.006
3698.61253 14.112 0.006
3698.62818 14.107 0.006
3700.63333 14.165 0.006
3702.61350 14.389 0.006
3702.62424 14.393 0.006
3704.61402 14.475 0.006
3704.62477 14.482 0.006
3706.62888 14.076 0.006
3706.63964 14.076 0.006
3708.61028 14.274 0.006
3708.62106 14.279 0.006
3712.56681 14.026 0.006
3712.57756 14.025 0.006
3714.58024 14.192 0.006
3718.55296 14.383 0.006
3718.56370 14.377 0.006
3721.59590 14.197 0.006
3725.62476 14.285 0.006
3730.53829 14.443 0.006
3730.54901 14.442 0.006
3734.60896 14.140 0.006
3734.61972 14.138 0.006
3738.56103 14.520 0.006
3742.56894 14.242 0.006
3747.56968 14.079 0.006
3751.57748 14.509 0.006
3762.55545 14.207 0.006
3766.56068 14.336 0.006
3772.58746 14.544 0.006
3777.53478 14.328 0.006
3871.89614 14.182 0.006
3871.90682 14.180 0.006
3902.92716 14.521 0.006
3907.91130 14.366 0.006
3907.92195 14.378 0.006
3913.93685 14.267 0.006
3913.94752 14.257 0.006
3918.90664 14.089 0.006
3918.91736 14.077 0.006
3931.93820 14.024 0.006
3932.86852 14.107 0.006
3934.87617 14.315 0.006
3934.88688 14.315 0.006
3936.88445 14.547 0.006
3936.89519 14.534 0.006
3938.86851 14.023 0.006
3938.87926 14.023 0.006
3945.87547 14.038 0.006
3945.88616 14.031 0.006
3950.83105 14.520 0.006
3957.78658 14.499 0.006
3959.77600 14.058 0.006
3961.75956 14.254 0.006
3961.77017 14.259 0.006
3964.77840 14.466 0.006
3966.77066 14.076 0.006
3968.76436 14.274 0.006
3970.75601 14.519 0.006
3973.72534 14.091 0.006
3975.73760 14.285 0.006
3980.67286 14.088 0.006
3981.66195 14.196 0.006
3981.67260 14.198 0.006
3982.73693 14.313 0.006
3986.71028 14.027 0.006
3991.72887 14.531 0.006
3991.73950 14.550 0.006
3994.65190 14.135 0.006
3998.68230 14.530 0.006
4001.64248 14.142 0.006
4001.65311 14.141 0.006
4003.61392 14.362 0.006
4003.62454 14.355 0.006
4004.69372 14.493 0.006
4004.70432 14.492 0.006
4005.68785 14.502 0.006
4005.69850 14.501 0.006
4007.59176 14.048 0.006
4008.59000 14.156 0.006
4008.60065 14.160 0.006
4011.64048 14.496 0.006
4011.65112 14.507 0.006
4014.62292 14.070 0.006
4014.63354 14.073 0.006
4016.61971 14.267 0.006
4016.63035 14.263 0.006
4018.61612 14.532 0.006
4018.62675 14.509 0.006
4020.61956 14.038 0.006
4020.63020 14.029 0.006
4023.60541 14.277 0.006
4023.61607 14.279 0.006
4025.60578 14.520 0.006
4025.61641 14.520 0.006
4027.59390 14.006 0.006
4027.60452 14.015 0.006
4029.57620 14.203 0.006
4029.58684 14.208 0.006
4031.56328 14.430 0.006
4031.57393 14.426 0.006
4033.65756 14.266 0.006
4033.66816 14.262 0.006
4038.56335 14.449 0.006
4040.53300 14.248 0.006
4040.54361 14.253 0.006
4042.56089 14.134 0.006
4042.57152 14.133 0.006
4044.58389 14.362 0.006
4046.61698 14.531 0.006
4046.62763 14.531 0.006
4049.52892 14.135 0.006
4049.53950 14.137 0.006
4051.57850 14.376 0.006
4051.58914 14.376 0.006
4053.62593 14.500 0.006
4053.63652 14.492 0.006
4055.51857 14.071 0.006
4055.52920 14.058 0.006
4057.59394 14.262 0.006
4057.60456 14.261 0.006
4059.60298 14.502 0.006
4063.53741 14.181 0.006
4063.54979 14.174 0.006
4065.58704 14.405 0.006
4065.60009 14.410 0.006
4067.58031 14.414 0.006
4067.59093 14.410 0.006
4069.54378 14.089 0.006
4071.54400 14.286 0.006
4071.55461 14.285 0.006
4074.55072 14.355 0.006
4077.54182 14.210 0.006
4077.55245 14.208 0.006
4079.55264 14.428 0.006
4082.54336 14.020 0.006
4082.55395 14.015 0.006
4085.63130 14.344 0.006
4092.57619 14.355 0.006
4092.58677 14.369 0.006
4097.62930 14.173 0.006
4100.62076 14.500 0.006
4105.58477 14.267 0.006
4111.62120 14.192 0.006
4115.53011 14.393 0.006
4115.54066 14.397 0.006
4120.56100 14.432 0.006
4120.57159 14.432 0.006
4124.58863 14.113 0.006
4128.60700 14.536 0.006
4253.87645 14.050 0.006
4255.87472 14.237 0.006
4268.93305 14.179 0.006
4275.94799 14.200 0.006
4279.84483 14.381 0.006
4282.83623 14.206 0.006
4283.85527 14.303 0.006
4284.88571 14.437 0.006
4285.94115 14.541 0.006
4289.86032 14.223 0.006
4292.88361 14.529 0.006
4292.89358 14.566 0.006
4295.88706 14.139 0.006
4296.90756 14.239 0.006
4296.91754 14.234 0.006
4297.93949 14.365 0.006
4297.94949 14.366 0.006
4299.88435 14.516 0.006
4300.89610 14.132 0.006
4300.90609 14.117 0.006
4301.91467 14.049 0.006
4301.92463 14.048 0.006
4302.93655 14.170 0.006
4302.94653 14.168 0.006
4306.93326 14.494 0.006
4306.94324 14.494 0.006
4307.84785 14.076 0.006
4307.85783 14.086 0.006
4308.68603 14.037 0.006
4308.89396 14.057 0.006
4310.85613 14.253 0.006
4310.86610 14.255 0.006
4311.86598 14.402 0.006
4312.91815 14.516 0.006
4312.92813 14.508 0.006
4314.93723 14.026 0.006
4316.84512 14.188 0.006
4316.85511 14.183 0.006
4320.87243 14.402 0.006
4320.88244 14.394 0.006
4326.85465 14.542 0.006
4326.86466 14.540 0.006
4327.83061 14.344 0.006
4327.88694 14.310 0.006
4328.84636 14.021 0.006
4328.85696 14.017 0.006
4329.84769 14.098 0.006
4330.87702 14.221 0.006
4330.88763 14.214 0.006
4332.90380 14.461 0.006
4334.88084 14.248 0.006
4338.92266 14.352 0.006
4339.87743 14.471 0.006
4340.79350 14.532 0.006
4340.80413 14.534 0.006
4341.78636 14.223 0.006
4341.79696 14.207 0.006
4342.86055 14.040 0.006
4342.87120 14.027 0.006
4343.77992 14.135 0.006
4343.79056 14.131 0.006
4344.76199 14.237 0.006
4344.77263 14.226 0.006
4346.71830 14.472 0.006
4346.72889 14.470 0.006
4348.72407 14.174 0.006
4348.73472 14.158 0.006
4350.70071 14.132 0.006
4350.71139 14.136 0.006
4352.80288 14.381 0.006
4353.65885 14.474 0.006
4353.66950 14.477 0.006
4354.78018 14.506 0.006
4354.79087 14.490 0.006
4357.76390 14.178 0.006
4359.71785 14.389 0.006
4359.72850 14.382 0.006
4362.66551 14.066 0.006
4362.67613 14.067 0.006
4363.63544 14.056 0.006
4365.68317 14.268 0.006
4365.69381 14.272 0.006
4369.67713 14.024 0.006
4369.68775 14.020 0.006
4371.66608 14.195 0.006
4371.67675 14.189 0.006
4376.66957 14.011 0.006
4376.68020 14.019 0.006
4378.63617 14.212 0.006
4378.64686 14.199 0.006
4379.66748 14.307 0.006
4379.67813 14.306 0.006
4381.62663 14.534 0.006
4381.63727 14.526 0.006
4382.70518 14.286 0.006
4382.71584 14.278 0.006
4386.67945 14.326 0.006
4386.69009 14.325 0.006
4388.68017 14.539 0.006
4388.69084 14.532 0.006
4390.68899 14.035 0.006
4390.69965 14.034 0.006
4393.68355 14.351 0.006
4393.69415 14.356 0.006
4396.65811 14.169 0.006
4396.66875 14.149 0.006
4398.66309 14.147 0.006
4398.67374 14.146 0.006
4400.68761 14.377 0.006
4400.69824 14.369 0.006
4404.67526 14.067 0.006
4407.65248 14.387 0.006
4407.66312 14.384 0.006
4410.68241 14.035 0.006
4410.69303 14.041 0.006
4415.66874 14.512 0.006
4415.67937 14.523 0.006
4418.61426 14.064 0.006
4421.67204 14.431 0.006
4421.68272 14.428 0.006
4423.67651 14.335 0.006
4423.68716 14.325 0.006
4426.55272 14.193 0.006
4426.56336 14.202 0.006
4428.56942 14.438 0.006
4428.58005 14.433 0.006
4430.62964 14.264 0.006
4430.64021 14.276 0.006
4432.61551 14.099 0.006
4434.62079 14.331 0.006
4434.63138 14.325 0.006
4436.59710 14.536 0.006
4438.65976 14.034 0.006
4438.67037 14.038 0.006
4440.59287 14.239 0.006
4444.57918 14.156 0.006
4444.58976 14.166 0.006
4450.61160 14.502 0.006
4450.62223 14.511 0.006
4452.58914 14.048 0.006
4452.59974 14.055 0.006
4454.53681 14.248 0.006
4455.60889 14.399 0.006
4457.53381 14.482 0.006
4457.54444 14.479 0.006
4459.56451 14.078 0.006
4462.58536 14.418 0.006
4462.59595 14.410 0.006
4466.60949 14.087 0.006
4466.62009 14.087 0.006
4471.54414 14.359 0.006
4471.55474 14.354 0.006
4475.53680 14.310 0.006
4475.54881 14.305 0.006
4480.58984 14.127 0.006
4482.59678 14.347 0.006
4485.60664 14.180 0.006
4609.92442 14.043 0.006
4643.90859 14.030 0.006
4650.94747 14.046 0.006
4655.92692 14.503 0.006
4662.80529 14.492 0.006
4662.92211 14.465 0.006
4663.77690 14.077 0.006
4663.91414 14.027 0.006
4663.92474 14.047 0.006
4665.83940 14.173 0.006
4665.85001 14.177 0.006
4665.93323 14.189 0.006
4665.94382 14.190 0.006
4666.92850 14.275 0.006
4666.93239 14.274 0.006
4666.94299 14.276 0.006
4670.92150 14.015 0.006
4670.93211 14.013 0.006
4671.89140 14.084 0.006
4671.90202 14.087 0.006
4674.86205 14.435 0.006
4676.92169 14.341 0.006
4676.93232 14.340 0.006
4677.84795 14.015 0.006
4682.82234 14.539 0.006
4684.86024 14.023 0.006
4686.82021 14.218 0.006
4688.82556 14.432 0.006
4688.83616 14.451 0.006
4690.75115 14.265 0.006
4690.76180 14.262 0.006
4691.75417 14.020 0.006
4691.76483 14.026 0.006
4693.90918 14.184 0.006
4693.91978 14.241 0.006
4696.88282 14.523 0.006
4696.91654 14.531 0.006
4697.83195 14.160 0.006
4698.77094 14.033 0.006
4698.78154 14.034 0.006
4699.76504 14.143 0.006
4699.77568 14.147 0.006
4700.79978 14.253 0.006
4700.81039 14.248 0.006
4701.80767 14.376 0.006
4701.81829 14.369 0.006
4703.76688 14.524 0.006
4703.77751 14.514 0.006
4704.78564 14.107 0.006
4705.79312 14.062 0.006
4705.80375 14.064 0.006
4707.78554 14.245 0.006
4707.79617 14.250 0.006
4709.74133 14.504 0.006
4709.75197 14.497 0.006
4710.76990 14.488 0.006
4710.78053 14.479 0.006
4715.76054 14.404 0.006
4716.77560 14.524 0.006
4716.84376 14.525 0.006
4717.70037 14.456 0.006
4717.71370 14.458 0.006
4719.78965 14.088 0.006
4719.80110 14.089 0.006
4721.78330 14.289 0.006
4721.79398 14.290 0.006
4724.66589 14.417 0.006
4724.67650 14.415 0.006
4725.74535 14.024 0.006
4725.75601 14.016 0.006
4728.75092 14.304 0.006
4728.76153 14.307 0.006
4733.72748 14.122 0.006
4733.73816 14.114 0.006
4740.66908 14.125 0.006
4740.67973 14.132 0.006
4741.70446 14.227 0.006
4741.71508 14.228 0.006
4747.60865 14.142 0.006
4747.61931 14.137 0.006
4749.60833 14.359 0.006
4749.61897 14.357 0.006
4753.67932 14.051 0.006
4753.68996 14.068 0.006
4755.67131 14.254 0.006
4755.68198 14.251 0.006
4757.65583 14.496 0.006
4757.66644 14.496 0.006
4759.67052 14.058 0.006
4759.68115 14.049 0.006
4761.63889 14.175 0.006
4763.65132 14.401 0.006
4763.66680 14.401 0.006
4767.60768 14.070 0.006
4770.66561 14.419 0.006
4770.67628 14.422 0.006
4774.55792 14.084 0.006
4774.56856 14.089 0.006
4776.54951 14.283 0.006
4776.56013 14.281 0.006
4777.65146 14.433 0.006
4780.52014 14.017 0.006
4780.53078 14.015 0.006
4781.61430 14.109 0.006
4781.64473 14.109 0.006
4783.58323 14.307 0.006
4783.59386 14.319 0.006
4785.61859 14.537 0.006
4785.62927 14.537 0.006
4789.54971 14.212 0.006
4789.56033 14.222 0.006
4791.54190 14.452 0.006
4793.53867 14.222 0.006
4793.54926 14.221 0.006
4795.55134 14.137 0.006
4795.56197 14.144 0.006
4797.54359 14.362 0.006
4797.55423 14.357 0.006
4798.60694 14.477 0.006
4798.61755 14.492 0.006
4800.65432 14.084 0.006
4800.66494 14.079 0.006
4802.57402 14.157 0.006
4803.54545 14.250 0.006
4803.55605 14.253 0.006
4804.60055 14.387 0.006
4804.61115 14.394 0.006
4805.53878 14.497 0.006
4805.58740 14.503 0.006
4805.59798 14.506 0.006
4806.58287 14.489 0.006
4807.52518 14.091 0.006
4807.53582 14.087 0.006
4807.60948 14.053 0.006
4808.57861 14.070 0.006
4808.62014 14.074 0.006
4809.56515 14.186 0.006
4809.63423 14.184 0.006
4810.54278 14.263 0.006
4811.57643 14.396 0.006
4811.58703 14.398 0.006
4812.62761 14.523 0.006
4813.55337 14.452 0.006
4813.56398 14.453 0.006
4815.58928 14.084 0.006
4815.59989 14.087 0.006
4816.53637 14.187 0.006
4816.54697 14.194 0.006
4818.58665 14.420 0.006
4818.59723 14.426 0.006
4820.52814 14.401 0.006
4820.53874 14.408 0.006
4822.58489 14.099 0.006
4822.59545 14.105 0.006
4824.56971 14.292 0.006
4824.58028 14.309 0.006
4826.61935 14.543 0.006
4826.63995 14.539 0.006
4833.57937 14.538 0.006
4835.59200 14.025 0.006
4835.60259 14.030 0.006
4837.60295 14.232 0.006
4837.61352 14.237 0.006
4841.57929 14.141 0.006
4841.58992 14.143 0.006
4843.57354 14.148 0.006
4844.53978 14.244 0.006
4846.58263 14.487 0.006
4846.59322 14.491 0.006
4847.54394 14.510 0.006
4848.61887 14.063 0.006
4848.62944 14.069 0.006
4849.54099 14.065 0.006
4849.64449 14.071 0.006
4850.58423 14.189 0.006
4850.60635 14.169 0.006
4850.61693 14.177 0.006
4850.64737 14.181 0.006
4854.59759 14.455 0.006
4854.60822 14.453 0.006
4856.61483 14.071 0.006
4856.62540 14.081 0.006
4862.57329 14.016 0.006
4868.55309 14.350 0.006
4868.56364 14.345 0.006
4948.92118 14.449 0.006
4954.92531 14.358 0.006
