 466.55764 16.121 0.006
 466.57287 16.090 0.006
 466.60349 16.073 0.006
 466.63302 16.019 0.006
 467.55090 15.919 0.006
 467.58034 15.904 0.006
 467.60981 15.913 0.006
 467.63932 15.913 0.006
 469.56028 16.215 0.007
 469.59888 16.196 0.006
 469.63051 16.189 0.006
 471.61281 16.046 0.006
 471.62802 16.061 0.006
 472.54498 16.187 0.007
 472.55971 16.213 0.008
 472.57439 16.190 0.006
 472.58903 16.191 0.007
 622.89155 15.878 0.007
 624.91811 16.207 0.007
 625.90556 15.848 0.006
 626.87707 16.012 0.006
 627.86331 16.184 0.008
 628.90438 15.806 0.006
 629.90216 15.995 0.007
 631.93312 15.783 0.006
 632.87365 15.955 0.007
 633.90909 16.121 0.007
 635.90392 15.933 0.006
 643.87295 16.205 0.007
 645.84466 16.021 0.006
 647.80239 15.789 0.007
 649.79977 16.126 0.008
 656.86014 16.083 0.006
 657.83242 15.899 0.007
 658.87271 16.060 0.008
 663.77899 15.803 0.007
 664.88392 16.016 0.007
 665.83118 16.165 0.006
 666.84173 15.781 0.006
 667.86098 15.987 0.006
 668.83177 16.134 0.006
 670.79733 15.938 0.006
 671.81940 16.096 0.006
 672.82495 15.970 0.006
 673.79231 15.918 0.006
 684.75272 16.139 0.006
 685.80757 15.785 0.006
 686.70886 15.952 0.006
 687.79021 16.135 0.006
 688.73221 15.917 0.006
 689.75938 15.935 0.006
 697.72553 16.205 0.007
 698.79663 15.855 0.006
 699.69566 15.996 0.006
 700.73643 16.164 0.007
 701.70864 15.789 0.006
 704.73668 15.807 0.006
 706.70233 16.111 0.008
 707.73989 15.946 0.007
 708.76404 15.924 0.006
 712.76460 16.060 0.006
 713.74596 16.214 0.006
 714.76093 15.879 0.006
 715.72650 16.028 0.006
 716.69457 16.190 0.007
 726.69476 16.011 0.006
 728.68789 16.071 0.006
 729.69005 16.184 0.007
 730.67444 15.877 0.006
 733.64088 15.830 0.006
 739.66087 15.780 0.006
 741.62667 16.093 0.006
 742.60293 15.967 0.006
 744.65002 16.089 0.006
 745.60096 16.148 0.006
 746.79173 15.922 0.006
 747.66227 16.062 0.006
 748.62398 16.194 0.007
 749.62938 15.870 0.006
 750.62320 16.025 0.007
 751.63167 16.184 0.008
 752.74605 15.851 0.006
 753.68168 16.016 0.007
 759.63956 15.938 0.006
 760.66520 16.100 0.006
 761.64127 15.945 0.006
 761.74651 15.850 0.006
 762.63263 15.920 0.007
 762.66218 15.930 0.007
 763.64884 16.081 0.007
 763.75960 16.102 0.007
 765.58090 15.874 0.007
 766.61838 16.047 0.008
 766.72125 16.074 0.008
 767.62588 16.208 0.008
 767.68753 16.233 0.010
 767.76379 16.185 0.008
 769.60871 16.011 0.007
 769.68244 16.044 0.007
 770.61486 16.185 0.007
 771.64792 15.825 0.006
 772.60977 15.996 0.006
 773.61490 16.148 0.007
 773.76709 16.190 0.008
 774.60788 15.786 0.006
 775.56577 15.967 0.006
 776.64670 16.144 0.007
 777.62095 15.829 0.006
 778.62432 15.960 0.007
 779.65128 16.093 0.007
 779.76156 16.122 0.007
 780.65109 15.961 0.006
 781.56544 15.907 0.006
 781.74590 15.945 0.007
 782.63097 16.079 0.008
 782.76030 16.102 0.007
 783.54793 16.204 0.006
 784.58993 15.884 0.006
 785.61676 16.056 0.006
 785.76234 16.070 0.006
 786.62043 16.213 0.006
 787.70088 15.860 0.006
 788.63373 16.029 0.006
 788.65928 16.018 0.006
 790.58242 15.802 0.006
 792.56037 16.151 0.008
 795.62505 16.107 0.007
 796.55397 15.918 0.007
 796.73929 15.786 0.008
 797.71410 15.950 0.006
 798.57678 16.089 0.007
 799.71472 15.924 0.006
 800.62975 15.906 0.006
 802.68976 16.157 0.008
 805.61707 16.217 0.008
 806.62725 15.835 0.006
 808.55869 16.186 0.008
 816.68968 15.951 0.006
 817.59975 16.081 0.006
 819.56252 15.896 0.006
 820.63885 16.060 0.006
 822.55939 15.856 0.006
 824.58521 16.195 0.008
 825.65835 15.849 0.007
 828.61851 15.793 0.006
 829.58511 15.977 0.006
 832.59199 15.964 0.007
 833.61187 16.090 0.007
 834.58146 15.949 0.006
 836.55958 16.078 0.008
 838.59257 15.894 0.006
 840.60232 16.186 0.008
 845.55373 16.005 0.006
 850.57721 15.827 0.006
 855.58220 16.062 0.008
 859.57000 16.210 0.007
 866.53453 15.778 0.006
 962.93834 15.998 0.007
 966.93781 16.126 0.007
 970.91423 15.989 0.007
 976.89485 16.225 0.008
 986.84927 15.925 0.006
 987.86284 15.940 0.006
 991.93114 16.079 0.006
 996.93484 15.849 0.006
 998.90589 16.179 0.007
1004.80452 16.094 0.007
1006.83309 15.921 0.006
1020.90259 16.161 0.007
1035.75531 15.985 0.006
1037.78451 15.766 0.006
1041.79267 15.928 0.006
1045.75440 16.049 0.006
1052.77850 16.167 0.007
1055.65169 16.119 0.007
1058.86369 16.113 0.008
1059.78168 15.923 0.006
1061.73442 16.068 0.007
1064.81835 16.067 0.008
1068.71976 16.185 0.007
1072.69990 15.781 0.006
1076.67766 15.941 0.006
1078.68824 16.040 0.006
1081.70078 16.196 0.007
1084.63897 16.196 0.006
1087.65886 16.167 0.006
1090.71526 16.149 0.007
1092.74736 15.974 0.007
1094.65403 15.934 0.006
1106.71907 16.178 0.006
1110.63819 15.828 0.007
1116.59667 16.169 0.007
1120.58527 15.846 0.006
1126.66059 15.781 0.006
1129.55902 15.923 0.006
1132.54210 16.130 0.007
1135.59219 16.200 0.007
1138.64185 16.202 0.006
1140.61924 16.012 0.006
1144.67683 16.158 0.007
1151.55644 16.137 0.007
1155.55804 15.870 0.006
1159.55348 16.003 0.006
1162.58589 15.969 0.006
1164.69946 15.780 0.006
1170.55786 16.154 0.006
1178.66796 16.012 0.006
1182.67982 16.135 0.006
1183.71818 15.778 0.006
1185.70136 16.114 0.006
1188.70065 16.093 0.006
1191.58442 16.051 0.007
1202.59952 15.826 0.007
1205.55094 16.037 0.007
1211.57140 16.189 0.008
1217.58203 16.143 0.007
1220.58454 16.127 0.007
1229.53727 16.035 0.008
1238.53351 15.959 0.011
1327.91768 16.053 0.008
1330.83437 16.006 0.007
1335.88613 15.792 0.006
1340.90566 16.097 0.007
1348.94174 15.843 0.006
1354.91528 15.776 0.006
1360.93501 16.067 0.007
1365.93123 16.050 0.007
1367.85472 15.823 0.007
1374.92683 15.959 0.008
1394.86298 16.103 0.008
1395.89446 15.986 0.007
1397.81613 16.064 0.008
1401.84316 16.211 0.008
1402.92811 15.863 0.006
1407.85117 16.145 0.007
1412.74649 15.926 0.006
1417.90485 16.168 0.007
1430.73745 16.035 0.008
1432.74816 16.072 0.006
1435.70456 16.046 0.007
1439.67104 16.163 0.007
1442.67472 16.126 0.007
1447.74992 15.937 0.008
1451.68615 16.055 0.007
1455.70586 16.210 0.008
1460.74658 15.966 0.006
1462.65221 15.825 0.007
1470.65847 16.050 0.006
1471.77760 16.194 0.007
1472.64569 15.846 0.006
1475.65137 15.814 0.006
1477.58045 16.132 0.008
1481.59820 15.908 0.007
1484.64716 16.027 0.007
1487.64224 16.183 0.007
1490.68103 16.222 0.008
1492.58067 16.007 0.007
1495.53747 15.968 0.007
1499.56610 16.093 0.008
1502.56420 16.072 0.007
1505.63079 16.065 0.007
1508.56617 16.024 0.007
1509.54246 16.192 0.008
1512.64432 16.174 0.008
1515.61902 16.124 0.008
1517.62251 15.957 0.006
1520.60966 15.915 0.006
1524.55738 16.061 0.007
1526.59748 15.860 0.006
1531.64908 16.154 0.008
1543.60656 16.055 0.007
1546.62139 16.028 0.006
1551.58318 15.783 0.006
1555.61666 15.937 0.006
1562.59527 16.052 0.007
1569.57443 16.155 0.007
1575.60025 16.089 0.006
1580.57523 15.870 0.006
1583.57789 15.837 0.006
1587.55769 15.983 0.007
1597.54315 16.058 0.008
1603.55126 16.014 0.007
1608.52698 15.849 0.007
1703.91184 15.795 0.006
1705.91738 16.138 0.008
1716.87774 15.857 0.006
1717.88814 16.018 0.007
1729.92382 15.927 0.006
1732.89362 15.882 0.006
1740.84464 16.134 0.007
1742.89241 15.969 0.007
1744.86157 15.887 0.006
1745.88577 15.947 0.007
1749.86623 16.074 0.006
1750.83814 16.203 0.007
1751.85000 15.874 0.006
1752.81132 16.028 0.007
1753.81239 16.187 0.007
1754.83905 15.842 0.006
1755.80439 15.987 0.008
1756.83387 16.155 0.009
1757.78307 15.788 0.007
1758.78757 15.975 0.006
1759.83193 16.131 0.007
1761.81298 15.953 0.006
1762.79936 16.107 0.007
1763.80236 15.963 0.006
1764.79486 15.922 0.006
1765.78932 16.079 0.008
1766.73036 16.191 0.008
1768.80948 16.040 0.007
1769.71886 16.206 0.007
1771.83491 16.038 0.008
1772.77729 16.187 0.007
1773.74462 15.796 0.006
1776.76742 15.769 0.006
1784.74406 16.068 0.006
1788.80958 16.205 0.007
1803.76992 16.063 0.007
1806.76403 16.035 0.006
1808.83367 15.873 0.007
1811.76206 15.802 0.006
1814.80890 15.782 0.006
1817.77455 15.907 0.006
1822.65201 16.034 0.006
1826.80312 16.209 0.007
1829.74540 16.170 0.007
1846.79340 15.832 0.006
1850.75013 15.969 0.008
1854.80621 16.110 0.006
1858.73008 16.168 0.008
1862.72897 15.861 0.006
1867.75344 16.152 0.007
1871.76002 15.840 0.006
2085.90914 16.048 0.009
2086.88843 16.204 0.009
2103.89525 15.866 0.006
2105.92315 16.205 0.008
2106.89098 15.849 0.008
2112.84336 15.809 0.007
2116.87111 15.920 0.007
2123.81803 16.017 0.008
2128.82553 15.772 0.007
2129.85750 15.977 0.008
2130.84387 16.123 0.008
2131.83748 15.806 0.007
2132.80627 15.931 0.008
2133.89460 16.106 0.009
2134.81000 16.013 0.008
2135.84408 15.914 0.008
2137.89208 16.119 0.009
2140.81134 16.216 0.008
2142.75205 16.018 0.008
2143.81755 16.166 0.008
2144.82425 15.801 0.006
2155.87863 16.072 0.009
2156.82521 16.181 0.008
2160.75460 15.838 0.008
2162.76139 16.162 0.008
2166.75600 15.795 0.007
2167.76446 15.952 0.007
2168.71363 16.097 0.008
2171.73955 16.082 0.007
2172.74617 16.143 0.008
2177.63966 16.019 0.008
2184.70130 16.122 0.009
2185.66480 15.903 0.008
2186.68965 15.942 0.008
2187.68483 16.076 0.008
2188.73199 15.997 0.008
2190.69136 16.065 0.008
2191.66474 16.196 0.008
2192.66325 15.868 0.007
2193.68432 16.041 0.007
2194.65442 16.190 0.008
2203.55089 16.082 0.008
2206.60721 16.062 0.009
2211.64130 15.853 0.007
2212.64513 16.036 0.008
2213.65095 16.184 0.009
2214.64214 15.813 0.008
2215.64912 15.999 0.008
2217.63582 15.788 0.008
2219.67868 16.126 0.008
2224.71356 15.930 0.007
2226.63643 16.166 0.010
2228.55833 16.029 0.008
2229.61659 16.208 0.008
2231.64326 16.017 0.008
2232.50999 16.156 0.010
2233.61341 15.798 0.007
2235.66353 16.150 0.008
2238.54707 16.101 0.008
2240.65138 15.941 0.008
2242.61889 16.015 0.008
2248.60354 16.200 0.008
2250.57686 16.018 0.008
2253.57050 15.971 0.007
2255.60716 15.789 0.007
2258.57346 15.924 0.006
2263.58419 16.057 0.008
2266.55498 16.031 0.008
2271.56456 15.781 0.007
2273.56390 16.117 0.010
2275.59883 15.962 0.008
2276.55838 16.099 0.009
2278.59096 15.929 0.008
2280.58682 16.141 0.008
2284.58970 15.857 0.007
2290.60368 15.787 0.007
2293.56596 15.828 0.007
2295.55870 16.084 0.008
2297.56199 16.010 0.008
2299.56109 16.222 0.009
2301.55335 16.105 0.009
2445.91192 15.786 0.008
2460.87884 16.153 0.010
2463.91518 16.142 0.008
2465.92794 15.954 0.008
2467.90093 15.915 0.008
2469.90031 16.088 0.008
2471.88975 15.896 0.007
2472.91922 16.062 0.007
2473.89113 16.202 0.008
2481.90282 15.988 0.008
2483.88864 15.807 0.007
2486.88565 15.958 0.008
2488.87656 16.082 0.009
2489.92299 16.113 0.008
2492.90335 16.201 0.008
2496.90310 15.824 0.007
2497.92651 16.011 0.008
2498.77378 16.148 0.008
2499.85936 15.781 0.007
2500.86493 15.961 0.008
2501.85389 16.117 0.008
2502.83412 15.874 0.008
2508.74536 16.209 0.011
2516.77666 15.981 0.008
2517.82340 16.123 0.008
2518.79484 15.787 0.007
2519.83174 15.960 0.008
2520.79113 16.106 0.008
2521.82327 15.916 0.007
2524.82152 16.081 0.009
2526.77770 16.060 0.008
2534.83408 15.794 0.008
2535.81429 15.964 0.008
2537.70207 15.893 0.008
2538.79803 15.946 0.008
2539.70185 16.086 0.008
2540.74273 16.024 0.009
2541.71375 15.901 0.007
2542.68354 16.067 0.008
2544.66208 15.858 0.007
2545.67711 16.036 0.008
2547.69512 15.825 0.007
2548.71156 16.012 0.008
2550.70669 15.795 0.007
2551.69333 15.971 0.008
2553.64905 15.815 0.008
2554.70257 15.945 0.008
2555.71050 16.105 0.008
2556.68952 15.922 0.008
2557.70206 15.918 0.007
2558.65854 16.077 0.008
2559.61544 16.170 0.008
2560.64850 15.886 0.007
2561.67405 16.059 0.010
2562.66694 16.204 0.008
2563.67487 15.863 0.008
2564.69026 16.037 0.008
2565.68116 16.193 0.008
2566.66144 15.820 0.007
2568.69242 16.164 0.010
2571.64511 16.132 0.010
2573.65854 15.939 0.008
2574.64237 16.106 0.008
2577.62924 16.060 0.009
2578.62931 16.188 0.008
2579.63596 15.882 0.008
2580.64808 16.049 0.008
2583.61939 16.017 0.008
2584.62675 16.184 0.008
2586.62397 16.004 0.008
2587.60838 16.150 0.008
2588.71680 15.792 0.007
2589.59832 15.967 0.008
2590.61345 16.123 0.008
2591.63659 15.884 0.008
2593.60559 16.092 0.008
2594.60936 16.077 0.009
2596.58489 16.068 0.009
2597.57206 16.208 0.008
2598.64593 15.878 0.008
2599.60541 16.052 0.009
2607.62660 15.809 0.008
2610.54642 15.977 0.008
2613.54032 16.148 0.009
2615.56917 16.055 0.008
2619.55687 16.179 0.009
2621.56577 16.001 0.008
2625.54841 16.121 0.009
2628.54178 16.111 0.011
2632.54820 16.186 0.008
2636.54337 15.865 0.008
2639.54386 15.824 0.008
2642.55261 15.789 0.008
2646.56543 15.949 0.008
2651.53746 16.196 0.011
2654.55527 16.220 0.010
2657.55813 16.185 0.009
2660.55391 16.158 0.009
2671.55158 15.880 0.008
2673.56338 16.199 0.010
2676.52475 16.162 0.010
2679.53811 16.138 0.008
2682.54043 16.108 0.009
2777.90295 16.139 0.010
2804.86989 15.902 0.008
2811.90436 16.022 0.010
2814.94001 15.984 0.008
2817.92658 15.951 0.008
2831.78143 16.144 0.009
2832.74739 15.804 0.008
2832.92536 15.787 0.007
2833.86530 15.974 0.008
2835.87395 15.825 0.008
2837.87502 16.098 0.011
2838.93218 15.940 0.008
2840.82492 16.071 0.009
2843.82636 16.054 0.008
2844.87219 16.220 0.008
2845.91818 15.868 0.008
2849.85561 15.988 0.008
2850.88837 16.159 0.009
2851.93194 15.792 0.008
2852.80262 15.957 0.008
2853.94203 16.126 0.008
2856.81529 16.101 0.009
2858.90934 15.918 0.007
2860.87534 16.187 0.008
2861.74651 15.864 0.007
2862.92552 16.059 0.008
2863.83472 16.201 0.010
2865.83162 16.020 0.008
2866.88126 16.185 0.009
2867.82127 15.794 0.007
2868.76894 15.981 0.008
2869.90194 16.162 0.008
2870.81554 15.795 0.007
2871.85846 15.958 0.008
2875.79802 16.093 0.009
2876.77573 16.168 0.008
2877.79763 15.891 0.008
2879.73926 16.209 0.008
2883.82540 15.829 0.007
2885.76020 16.154 0.008
2888.80852 16.133 0.008
2892.79988 16.000 0.009
2894.72904 16.060 0.008
2896.72614 15.888 0.007
2898.74712 16.214 0.008
2900.74596 16.019 0.007
2902.74548 15.807 0.007
2905.75268 15.786 0.007
2907.75408 16.125 0.008
2909.74319 15.960 0.006
2911.73455 16.106 0.008
2915.70602 15.873 0.007
2917.73213 16.212 0.008
2921.72988 15.803 0.008
2923.75183 16.148 0.008
2925.71480 15.953 0.008
2927.71233 15.964 0.008
2930.73038 16.134 0.008
2932.73689 16.071 0.008
2934.71672 15.868 0.007
2937.64073 15.798 0.008
2939.69337 16.158 0.008
2940.63350 15.778 0.007
2941.68332 15.966 0.007
2942.63345 16.122 0.008
2943.60468 15.936 0.008
2944.58927 15.925 0.008
2945.60604 16.088 0.010
2947.61554 15.902 0.008
2949.59685 16.214 0.008
2950.64160 15.879 0.007
2951.62878 16.030 0.008
2952.65771 16.209 0.009
2954.68263 16.028 0.008
2956.62862 15.795 0.007
2958.62303 16.142 0.008
2961.59410 16.094 0.010
2968.59386 16.209 0.009
2970.61311 16.038 0.008
2972.59760 15.815 0.007
2974.59835 16.165 0.008
2976.54805 15.975 0.008
2978.57415 15.852 0.008
2980.59102 16.100 0.009
2982.53624 15.914 0.008
2984.62711 16.154 0.009
2986.63724 16.061 0.008
2988.52960 15.863 0.009
2991.60267 15.821 0.007
2994.58439 15.788 0.007
2997.55718 15.900 0.008
3001.57363 15.916 0.008
3005.53170 16.034 0.010
3008.55336 16.015 0.009
3008.55802 16.015 0.009
3011.56139 15.995 0.008
3016.58805 15.898 0.008
3018.57452 16.090 0.008
3020.60257 15.921 0.007
3021.61538 16.077 0.007
3023.57128 15.873 0.007
3025.56979 16.209 0.009
3027.60330 16.025 0.008
3029.57520 15.806 0.007
3031.57974 16.135 0.008
3033.58211 15.970 0.008
3037.52913 16.087 0.009
3164.92956 16.171 0.008
3183.91153 16.165 0.008
3193.87929 16.189 0.008
3195.93849 16.060 0.008
3197.91395 15.859 0.007
3201.87137 16.000 0.007
3203.87932 15.775 0.006
3206.81719 15.945 0.008
3210.89322 15.908 0.007
3211.88465 16.070 0.008
3215.66076 16.151 0.010
3216.72877 15.817 0.008
3217.92930 16.030 0.008
3218.91393 16.170 0.011
3223.83478 15.957 0.008
3226.82503 15.918 0.008
3229.83216 15.884 0.007
3231.81430 16.190 0.010
3239.79267 15.967 0.008
3240.78993 16.133 0.008
3241.81429 15.834 0.007
3242.71361 15.926 0.008
3243.85006 16.110 0.008
3244.82725 15.991 0.008
3245.77639 15.932 0.008
3246.76884 16.073 0.009
3247.76260 16.199 0.008
3249.72731 16.043 0.008
3251.74083 15.828 0.006
3254.72795 15.796 0.007
3257.74436 15.791 0.006
3259.66354 16.098 0.008
3261.70164 15.919 0.007
3263.68434 16.162 0.007
3265.71873 16.055 0.007
3267.70757 15.864 0.006
3269.78399 16.219 0.010
3270.74081 15.834 0.007
3271.66364 16.004 0.008
3272.72083 16.168 0.008
3274.70670 15.986 0.008
3276.71113 15.831 0.008
3277.74427 15.958 0.008
3279.67659 16.031 0.008
3281.64027 16.059 0.007
3283.64171 15.882 0.006
3287.60793 16.020 0.007
3289.61900 15.807 0.006
3293.59579 15.957 0.006
3295.61458 15.952 0.006
3297.59633 16.104 0.006
3299.65270 15.920 0.006
3301.62694 16.211 0.008
3303.68919 16.053 0.008
3306.62174 15.997 0.006
3308.60946 15.792 0.008
3310.60859 16.125 0.008
3312.65261 15.955 0.007
3314.56347 16.041 0.008
3320.60130 16.208 0.008
3327.55626 15.789 0.007
3330.55049 15.887 0.008
3335.59532 16.086 0.008
3338.59893 16.048 0.007
3349.59526 15.891 0.007
3353.57435 15.897 0.007
3359.55088 15.841 0.007
3363.55822 15.995 0.008
3367.61754 16.122 0.008
3372.54829 15.898 0.007
3376.52760 16.014 0.009
3378.59455 15.847 0.007
3386.56098 16.107 0.007
3390.57456 16.159 0.008
3398.55632 16.015 0.008
3402.54472 16.129 0.007
3528.93692 16.052 0.008
3541.92972 16.104 0.007
3547.91431 16.042 0.007
3554.92252 16.135 0.008
3560.94464 16.086 0.008
3564.90680 16.196 0.007
3568.83766 15.825 0.006
3570.77838 16.142 0.009
3571.80071 15.796 0.008
3573.83820 16.131 0.008
3574.87719 15.785 0.007
3577.83586 15.972 0.007
3578.89443 15.922 0.006
3579.79927 16.062 0.007
3581.84420 15.882 0.007
3581.86691 15.893 0.007
3582.82909 16.039 0.008
3583.83350 16.229 0.008
3586.80784 16.190 0.007
3588.82573 16.000 0.006
3589.81854 16.135 0.007
3591.87334 15.979 0.006
3593.81090 15.856 0.007
3596.89136 15.952 0.007
3601.80899 16.045 0.008
3607.81440 15.988 0.007
3614.78579 16.072 0.007
3617.76529 16.060 0.007
3619.69821 15.846 0.006
3621.71667 16.178 0.008
3624.86497 16.186 0.008
3626.71435 15.960 0.007
3629.66796 15.949 0.008
3631.73033 15.987 0.008
3633.69564 16.048 0.008
3637.64955 16.212 0.008
3639.69963 16.005 0.006
3641.69619 15.803 0.006
3643.72056 16.145 0.007
3646.65552 16.124 0.008
3650.65877 16.112 0.008
3650.68281 16.077 0.007
3651.73275 15.917 0.007
3653.72891 16.190 0.008
3655.69509 16.040 0.007
3657.64587 15.842 0.007
3658.65030 16.013 0.008
3659.63835 16.150 0.008
3660.66847 15.783 0.007
3663.55998 15.888 0.008
3665.63356 16.095 0.008
3668.57198 16.060 0.008
3669.67074 16.124 0.008
3671.62890 16.066 0.008
3673.67376 15.852 0.008
3675.65834 16.188 0.008
3683.64765 15.949 0.007
3685.65278 15.980 0.007
3687.65145 16.073 0.008
3689.59984 15.881 0.007
3692.57568 15.838 0.007
3694.55966 16.165 0.008
3696.56018 15.968 0.007
3698.59387 15.793 0.007
3700.57480 16.102 0.008
3702.58409 15.926 0.007
3704.59036 16.102 0.008
3706.61079 16.060 0.007
3708.58367 15.865 0.007
3711.59026 15.836 0.008
3714.52401 15.778 0.008
3718.60452 15.953 0.008
3721.55342 15.919 0.008
3724.56310 15.892 0.007
3726.58366 16.209 0.008
3728.55677 16.023 0.008
3734.56022 15.909 0.007
3737.57590 15.945 0.007
3742.53452 16.188 0.010
3746.55980 15.850 0.008
3751.53618 16.147 0.010
3756.55244 15.945 0.007
3761.60271 16.162 0.008
3766.52751 16.008 0.008
3772.55033 15.958 0.007
3776.55040 16.085 0.008
3871.87630 16.102 0.009
3901.93882 15.855 0.007
3906.93909 16.138 0.007
3913.91603 16.072 0.007
3918.87954 16.035 0.007
3931.91488 16.082 0.008
3934.85790 16.051 0.007
3936.86610 15.860 0.007
3938.85009 16.177 0.008
3944.89748 16.127 0.007
3946.86561 15.939 0.007
3951.88502 16.154 0.008
3955.85015 15.853 0.008
3958.82667 15.789 0.008
3960.82682 16.147 0.007
3963.82353 16.103 0.008
3965.81541 15.927 0.006
3967.83526 16.073 0.007
3969.80090 16.068 0.007
3971.77709 15.862 0.006
3974.77883 15.820 0.007
3979.73419 16.120 0.007
3980.61754 15.953 0.008
3981.64383 15.904 0.006
3983.83415 15.913 0.008
3986.69571 16.217 0.008
3987.66675 15.861 0.006
3990.79002 15.842 0.006
3993.73482 15.797 0.007
3995.74009 16.130 0.007
3999.74936 15.858 0.006
4002.72150 16.058 0.006
4004.67329 16.052 0.007
4006.69950 15.861 0.006
4007.56288 16.025 0.007
4008.57181 16.174 0.007
4009.73327 15.849 0.007
4013.69838 15.983 0.007
4015.68067 15.799 0.008
4015.69690 15.782 0.007
4018.69606 15.946 0.007
4019.68463 15.916 0.007
4021.67712 16.142 0.007
4024.65059 16.197 0.008
4026.62947 16.019 0.007
4028.62543 15.795 0.006
4030.63799 16.143 0.008
4032.69009 15.982 0.007
4037.66628 15.993 0.007
4039.60422 16.065 0.007
4041.60374 15.871 0.008
4043.58944 16.214 0.008
4046.59877 16.169 0.008
4048.56467 15.973 0.008
4050.60679 15.789 0.006
4052.55889 16.099 0.007
4054.61307 15.936 0.007
4056.58516 16.105 0.008
4058.61871 16.072 0.007
4060.51755 15.853 0.007
4064.51518 15.991 0.007
4066.55665 15.776 0.006
4069.51502 15.878 0.008
4073.59859 15.914 0.008
4077.52194 16.045 0.008
4079.52388 15.842 0.008
4082.52384 15.797 0.008
4085.56155 15.778 0.006
4092.55760 15.898 0.006
4096.58355 16.051 0.007
4100.58634 16.180 0.008
4105.55417 15.960 0.008
4108.53042 15.921 0.008
4113.60831 16.191 0.008
4120.57914 15.807 0.006
4126.57697 15.899 0.008
4252.92626 16.208 0.010
4255.84555 16.156 0.009
4268.89906 16.220 0.009
4275.92119 15.793 0.008
4279.79887 15.946 0.009
4282.80943 15.903 0.008
4283.86237 16.086 0.009
4285.91669 15.893 0.008
4291.93747 15.830 0.008
4292.85599 16.004 0.008
4295.86004 15.969 0.008
4296.88980 16.131 0.008
4297.92266 15.823 0.007
4299.85747 16.091 0.008
4300.87896 16.024 0.008
4301.89697 15.911 0.007
4302.91858 16.086 0.008
4306.86321 16.209 0.009
4307.89749 15.846 0.007
4308.65864 15.982 0.008
4308.86662 16.018 0.008
4310.83897 15.785 0.008
4311.82652 15.988 0.009
4312.90040 16.143 0.008
4314.91987 15.974 0.008
4316.82641 15.929 0.008
4319.86359 16.077 0.008
4320.89045 15.913 0.008
4326.83432 15.834 0.007
4327.81259 16.000 0.008
4328.82822 16.160 0.008
4329.83076 15.791 0.007
4330.85900 15.982 0.008
4333.86030 15.958 0.008
4338.90068 16.054 0.008
4340.77316 16.042 0.008
4341.76831 16.202 0.009
4342.82417 15.847 0.008
4343.76181 16.023 0.008
4344.74396 16.160 0.008
4345.78995 15.807 0.007
4347.77884 16.150 0.008
4349.79203 15.955 0.008
4351.72913 15.924 0.008
4353.75235 16.081 0.009
4357.70122 16.197 0.009
4359.69915 16.022 0.007
4361.70171 15.830 0.008
4362.72443 16.004 0.008
4364.58347 15.795 0.008
4367.68098 15.816 0.008
4370.67263 15.986 0.008
4372.73610 16.076 0.008
4376.65149 16.205 0.009
4378.61807 16.014 0.008
4379.64603 16.174 0.008
4380.75888 15.836 0.007
4382.68633 16.148 0.008
4386.66139 15.868 0.007
4388.66187 16.085 0.008
4390.67086 15.909 0.007
4393.64464 15.869 0.008
4395.67952 16.198 0.008
4398.64496 16.175 0.008
4400.66784 15.985 0.008
4403.69363 15.968 0.008
4407.63372 16.103 0.008
4408.67990 16.052 0.008
4410.70284 16.073 0.008
4415.68697 15.839 0.007
4418.59364 15.781 0.007
4422.65487 15.953 0.008
4424.65193 15.920 0.008
4427.53863 16.168 0.009
4429.56456 16.043 0.010
4431.56900 15.852 0.008
4433.57486 16.177 0.008
4435.56321 15.989 0.008
4437.65225 15.791 0.008
4439.56412 16.107 0.008
4441.59995 15.935 0.008
4443.59068 16.021 0.008
4449.64470 16.202 0.008
4451.59983 16.019 0.008
4453.58181 15.795 0.008
4456.58324 15.781 0.008
4459.53574 15.921 0.008
4464.57543 16.069 0.008
4465.54136 16.201 0.008
4470.56029 16.012 0.008
4474.59679 16.166 0.009
4476.57493 15.955 0.008
4479.59974 15.925 0.008
4481.58441 16.102 0.008
4484.60109 16.195 0.011
4487.62265 16.195 0.011
4609.89594 15.983 0.008
4643.88061 15.802 0.007
4649.93082 15.834 0.007
4661.89396 16.176 0.008
4662.77668 15.775 0.006
4662.89360 15.802 0.007
4663.74837 15.964 0.008
4663.93227 15.978 0.008
4665.82132 15.814 0.008
4665.91527 15.783 0.008
4666.90913 15.959 0.008
4670.90358 16.089 0.008
4671.81782 16.146 0.008
4672.87754 15.906 0.007
4675.89515 15.890 0.007
4681.87488 15.788 0.006
4683.87013 16.139 0.008
4685.85625 15.939 0.008
4688.80759 15.908 0.007
4690.73315 16.197 0.008
4691.73602 15.869 0.008
4693.89111 16.201 0.009
4696.84103 16.179 0.010
4698.75286 15.982 0.007
4699.74687 16.125 0.008
4700.78438 15.775 0.007
4701.78958 15.951 0.008
4702.84972 16.124 0.008
4703.74876 15.909 0.008
4704.76761 15.936 0.007
4705.77485 16.078 0.008
4707.76752 15.887 0.007
4708.83578 16.075 0.007
4710.75175 15.865 0.007
4716.75326 15.780 0.007
4719.74543 15.794 0.007
4721.73439 16.091 0.008
4724.76409 16.091 0.008
4726.65976 15.886 0.008
4729.67074 15.850 0.008
4731.76099 16.195 0.008
4734.74331 16.151 0.007
4736.70809 15.972 0.008
4739.64937 15.935 0.008
4741.72395 16.000 0.007
4747.59056 16.189 0.008
4749.59013 16.011 0.008
4753.65929 16.127 0.009
4755.65321 15.966 0.007
4757.63765 15.933 0.007
4759.65027 16.094 0.008
4761.62054 15.892 0.006
4763.63318 16.200 0.009
4766.60140 16.174 0.008
4769.63947 16.174 0.008
4771.55054 15.972 0.008
4773.67535 15.785 0.006
4775.66219 16.102 0.008
4777.59594 15.910 0.007
4779.63153 16.163 0.008
4781.58145 16.040 0.008
4783.56507 15.841 0.008
4785.59617 16.182 0.008
4789.53158 15.799 0.008
4790.61380 15.957 0.007
4791.61210 16.132 0.008
4793.51623 15.907 0.008
4795.53328 16.120 0.008
4797.52548 16.059 0.008
4798.58878 16.196 0.009
4800.63607 16.045 0.008
4803.52739 16.009 0.008
4804.57757 16.178 0.009
4806.58659 15.984 0.008
4808.54482 15.804 0.007
4808.61232 15.776 0.007
4810.55526 16.101 0.008
4813.59461 16.082 0.008
4815.57074 15.901 0.008
4817.58728 16.204 0.008
4819.58688 16.035 0.008
4821.62878 15.849 0.007
4823.58957 16.164 0.008
4825.61801 15.995 0.008
4832.59113 16.083 0.008
4835.57295 16.051 0.008
4839.59446 16.167 0.009
4842.56152 16.156 0.009
4844.57001 15.972 0.007
4847.62632 15.956 0.009
4849.58618 15.953 0.007
4853.58361 15.884 0.007
4856.57754 15.865 0.007
4865.55067 15.860 0.007
4936.91655 16.047 0.008
4940.89923 16.170 0.008
4940.90309 16.168 0.008
4953.89694 16.226 0.009
4954.88836 15.871 0.007
