 627.84733 14.432 0.005
 628.88842 14.441 0.005
 629.88622 14.567 0.005
 631.91717 14.802 0.005
 632.85768 14.831 0.005
 633.89310 14.514 0.005
 635.88797 14.430 0.005
 643.85698 14.453 0.005
 645.82870 14.534 0.005
 647.78641 14.777 0.005
 649.78382 14.597 0.005
 652.83102 14.450 0.005
 656.84417 14.856 0.005
 657.81643 14.603 0.005
 658.85673 14.335 0.005
 663.76299 14.755 0.005
 664.86791 14.849 0.005
 665.81520 14.628 0.005
 666.82575 14.315 0.005
 667.84497 14.411 0.005
 668.81579 14.450 0.005
 670.78137 14.661 0.005
 671.80342 14.755 0.005
 672.80897 14.845 0.005
 673.77634 14.644 0.005
 684.73673 14.454 0.005
 685.79158 14.484 0.005
 686.69284 14.649 0.005
 687.77420 14.751 0.005
 688.71625 14.849 0.005
 689.74339 14.692 0.005
 697.70952 14.715 0.005
 698.78063 14.307 0.005
 699.67967 14.370 0.005
 700.72044 14.453 0.005
 701.69267 14.463 0.005
 704.72065 14.826 0.005
 706.68631 14.329 0.005
 707.72387 14.385 0.005
 708.74802 14.452 0.005
 712.74857 14.833 0.005
 713.72994 14.743 0.005
 714.74492 14.327 0.005
 715.71048 14.379 0.005
 716.67856 14.455 0.005
 726.66117 14.623 0.005
 728.67188 14.836 0.005
 729.67402 14.781 0.005
 730.65839 14.360 0.005
 733.62488 14.462 0.005
 739.64484 14.345 0.005
 741.61064 14.445 0.005
 742.58688 14.596 0.005
 744.63401 14.812 0.005
 745.58494 14.826 0.005
 746.77575 14.357 0.005
 747.64622 14.348 0.005
 748.60795 14.453 0.005
 749.61333 14.446 0.005
 750.60718 14.595 0.005
 751.61558 14.695 0.005
 752.73000 14.819 0.005
 753.66563 14.814 0.005
 759.62348 14.689 0.005
 760.64915 14.813 0.005
 761.62520 14.828 0.005
 761.73046 14.795 0.005
 762.61658 14.480 0.005
 762.64614 14.459 0.005
 763.63280 14.334 0.005
 763.74354 14.344 0.005
 764.71950 14.476 0.005
 765.56486 14.453 0.005
 766.60231 14.586 0.005
 766.70520 14.611 0.005
 767.60985 14.687 0.005
 767.67147 14.740 0.005
 767.77209 14.697 0.005
 769.59268 14.839 0.005
 769.66639 14.826 0.005
 770.59881 14.505 0.005
 771.63188 14.336 0.005
 772.59372 14.442 0.005
 773.59882 14.450 0.005
 773.75104 14.456 0.005
 774.59182 14.576 0.005
 775.54972 14.682 0.005
 776.63063 14.797 0.005
 777.60490 14.840 0.005
 778.60829 14.526 0.005
 779.63517 14.335 0.005
 779.74549 14.348 0.005
 780.63504 14.459 0.005
 781.54937 14.458 0.005
 781.72771 14.455 0.005
 782.61275 14.565 0.005
 782.73873 14.587 0.005
 783.53192 14.679 0.005
 784.57385 14.796 0.005
 785.60072 14.842 0.005
 785.74629 14.817 0.005
 786.60438 14.540 0.005
 787.68483 14.321 0.005
 788.61767 14.435 0.005
 788.64321 14.430 0.005
 790.56636 14.539 0.005
 792.54432 14.776 0.005
 795.60901 14.317 0.005
 796.53790 14.416 0.005
 796.72328 14.430 0.005
 797.69806 14.435 0.005
 798.56071 14.521 0.005
 799.69866 14.677 0.005
 800.61364 14.774 0.005
 802.67369 14.547 0.005
 805.60102 14.450 0.005
 806.61121 14.540 0.005
 808.54262 14.768 0.005
 816.67361 14.772 0.005
 817.58369 14.853 0.005
 819.54649 14.310 0.005
 820.62279 14.416 0.005
 822.54336 14.505 0.005
 824.56915 14.761 0.005
 825.64228 14.840 0.005
 828.60245 14.399 0.005
 829.56904 14.451 0.005
 832.57594 14.758 0.005
 833.59582 14.844 0.005
 834.56542 14.648 0.005
 836.54355 14.390 0.005
 838.57651 14.483 0.005
 840.58627 14.742 0.005
 845.53800 14.463 0.005
 850.56114 14.683 0.005
 855.56615 14.638 0.005
 859.55395 14.317 0.005
 866.51852 14.724 0.005
 962.92237 14.758 0.005
 966.92186 14.463 0.005
 970.89825 14.787 0.005
 976.87890 14.708 0.005
 986.83325 14.831 0.005
 987.84689 14.433 0.005
 991.91491 14.608 0.005
 996.91883 14.347 0.005
 998.88994 14.457 0.005
1004.78852 14.339 0.005
1006.81713 14.444 0.005
1020.88659 14.345 0.005
1025.92438 14.800 0.005
1035.73930 14.569 0.005
1037.76850 14.423 0.005
1041.77668 14.802 0.005
1045.73838 14.416 0.005
1048.71957 14.665 0.005
1052.76244 14.339 0.005
1055.63573 14.493 0.005
1058.84769 14.849 0.005
1059.76567 14.619 0.005
1061.71845 14.403 0.005
1064.80234 14.658 0.005
1068.70374 14.322 0.005
1072.68387 14.656 0.005
1076.66167 14.322 0.005
1078.67222 14.469 0.005
1081.68477 14.741 0.005
1084.62294 14.325 0.005
1087.64283 14.468 0.005
1090.69923 14.853 0.005
1092.73133 14.319 0.005
1094.63802 14.472 0.005
1102.60819 14.463 0.005
1106.70304 14.847 0.005
1110.62215 14.482 0.005
1116.58063 14.370 0.005
1120.56921 14.624 0.005
1126.64455 14.454 0.005
1129.54301 14.698 0.005
1132.52606 14.456 0.005
1135.57613 14.455 0.005
1138.62582 14.812 0.005
1140.60325 14.421 0.005
1144.66080 14.620 0.005
1151.54039 14.465 0.005
1155.54200 14.845 0.005
1159.53746 14.454 0.005
1162.56985 14.802 0.005
1164.68342 14.442 0.005
1170.54184 14.794 0.005
1178.65188 14.804 0.005
1182.66379 14.440 0.005
1183.70213 14.438 0.005
1185.68528 14.680 0.005
1188.68463 14.500 0.005
1191.56837 14.462 0.005
1202.58345 14.769 0.005
1205.53490 14.299 0.005
1211.55535 14.830 0.005
1217.56600 14.643 0.005
1220.56847 14.583 0.005
1229.52120 14.316 0.005
1238.51749 14.388 0.005
1327.90174 14.464 0.005
1330.81843 14.707 0.005
1335.87018 14.452 0.005
1340.88968 14.731 0.005
1348.92573 14.731 0.005
1354.89933 14.709 0.005
1360.91906 14.436 0.005
1365.91526 14.333 0.005
1367.83877 14.445 0.005
1374.91081 14.344 0.005
1394.84699 14.698 0.005
1395.87848 14.800 0.005
1397.80018 14.463 0.005
1401.82722 14.576 0.005
1402.91210 14.690 0.005
1407.83519 14.435 0.005
1412.73049 14.827 0.005
1417.88883 14.574 0.005
1430.72145 14.327 0.005
1432.73214 14.436 0.005
1435.68859 14.752 0.005
1439.65500 14.404 0.005
1442.65868 14.655 0.005
1447.73390 14.427 0.005
1451.67011 14.745 0.005
1455.68983 14.409 0.005
1460.73056 14.842 0.005
1462.63618 14.303 0.005
1470.64240 14.302 0.005
1471.76921 14.389 0.005
1472.62962 14.450 0.005
1475.63536 14.711 0.005
1477.56442 14.718 0.005
1481.58220 14.451 0.005
1484.63109 14.835 0.005
1487.62622 14.360 0.005
1490.66496 14.631 0.005
1492.56462 14.826 0.005
1495.52140 14.350 0.005
1499.55005 14.706 0.005
1502.54818 14.362 0.005
1505.61473 14.459 0.005
1508.55009 14.815 0.005
1509.52638 14.781 0.005
1512.62826 14.455 0.005
1515.60290 14.700 0.005
1517.60637 14.771 0.005
1520.59362 14.444 0.005
1524.54133 14.799 0.005
1526.58147 14.379 0.005
1531.63303 14.694 0.005
1543.59051 14.331 0.005
1546.60535 14.585 0.005
1551.56712 14.324 0.005
1555.60065 14.678 0.005
1562.57922 14.566 0.005
1569.55835 14.424 0.005
1575.58417 14.314 0.005
1580.55919 14.764 0.005
1583.56186 14.304 0.005
1587.54164 14.657 0.005
1597.52713 14.823 0.005
1603.53524 14.640 0.005
1608.51096 14.403 0.005
1701.89276 14.855 0.005
1703.89590 14.314 0.005
1705.90138 14.449 0.005
1716.86180 14.737 0.005
1717.87216 14.829 0.005
1718.85817 14.697 0.005
1729.90783 14.453 0.005
1732.87761 14.728 0.005
1740.82868 14.715 0.005
1742.87645 14.723 0.005
1744.84555 14.368 0.005
1745.86980 14.445 0.005
1749.85023 14.816 0.005
1750.82218 14.765 0.005
1751.83399 14.323 0.005
1752.79535 14.344 0.005
1753.79638 14.446 0.005
1754.82308 14.445 0.005
1755.78844 14.621 0.005
1756.81791 14.712 0.005
1757.76709 14.810 0.005
1758.77160 14.778 0.005
1759.81595 14.355 0.005
1761.79697 14.455 0.005
1762.78338 14.454 0.005
1763.78639 14.618 0.005
1764.77887 14.684 0.005
1765.77338 14.803 0.005
1766.71441 14.807 0.005
1768.79349 14.340 0.005
1769.70287 14.457 0.005
1771.81895 14.608 0.005
1772.76133 14.681 0.005
1773.72863 14.811 0.005
1776.75143 14.334 0.005
1784.72809 14.331 0.005
1788.79358 14.678 0.005
1803.75389 14.566 0.005
1806.74803 14.830 0.005
1808.81764 14.327 0.005
1811.74603 14.562 0.005
1814.79287 14.822 0.005
1817.75853 14.429 0.005
1822.63598 14.839 0.005
1826.78707 14.450 0.005
1829.72932 14.769 0.005
1846.77732 14.849 0.005
1850.73411 14.432 0.005
1854.79014 14.846 0.005
1858.71403 14.444 0.005
1862.71291 14.837 0.005
1867.73734 14.494 0.005
1871.74390 14.635 0.005
2086.89971 14.769 0.005
2090.90645 14.415 0.005
2103.90643 14.845 0.005
2105.90431 14.318 0.005
2105.93657 14.311 0.005
2106.86900 14.393 0.005
2106.90218 14.397 0.005
2112.85456 14.682 0.004
2113.84931 14.310 0.005
2116.85251 14.482 0.005
2116.88230 14.478 0.005
2123.79926 14.452 0.005
2123.82923 14.450 0.005
2127.81422 14.848 0.006
2128.80717 14.729 0.005
2128.83670 14.724 0.005
2129.83914 14.308 0.005
2129.86869 14.315 0.005
2130.85510 14.375 0.005
2130.86372 14.376 0.005
2131.84916 14.458 0.005
2131.85700 14.464 0.005
2132.81695 14.461 0.005
2133.87603 14.639 0.005
2133.90577 14.634 0.005
2134.79108 14.732 0.005
2134.82124 14.726 0.005
2135.82375 14.833 0.005
2135.85527 14.837 0.005
2136.84410 14.731 0.005
2137.79775 14.335 0.005
2137.90211 14.313 0.005
2140.79271 14.458 0.005
2140.82253 14.453 0.005
2141.82752 14.626 0.005
2142.76206 14.709 0.005
2142.76949 14.714 0.005
2143.80029 14.832 0.005
2143.82757 14.822 0.005
2144.83426 14.738 0.004
2144.84635 14.745 0.005
2155.86014 14.462 0.005
2155.88975 14.471 0.005
2156.80676 14.450 0.005
2156.83639 14.452 0.005
2160.73173 14.795 0.005
2160.76576 14.792 0.005
2162.74263 14.352 0.005
2162.77260 14.354 0.005
2166.73725 14.707 0.005
2166.76716 14.697 0.004
2167.77563 14.819 0.005
2167.78340 14.813 0.005
2168.72483 14.800 0.005
2171.72201 14.451 0.005
2172.72763 14.442 0.005
2172.75738 14.435 0.005
2173.70817 14.598 0.005
2177.59917 14.502 0.005
2177.65084 14.463 0.005
2184.68234 14.830 0.006
2184.71246 14.814 0.005
2185.64629 14.502 0.005
2185.67596 14.470 0.005
2186.70081 14.321 0.005
2187.69597 14.433 0.005
2187.70370 14.453 0.005
2188.66169 14.453 0.005
2190.67272 14.682 0.005
2190.70257 14.669 0.005
2191.67311 14.794 0.005
2191.68098 14.796 0.005
2192.64577 14.843 0.005
2192.67324 14.825 0.005
2193.66687 14.513 0.005
2193.69431 14.484 0.005
2194.63500 14.330 0.005
2194.66445 14.324 0.005
2195.70179 14.444 0.005
2200.61254 14.837 0.005
2201.64961 14.532 0.005
2203.56091 14.433 0.005
2203.70608 14.429 0.005
2206.61720 14.679 0.005
2211.62361 14.425 0.005
2211.65131 14.418 0.005
2212.62461 14.440 0.005
2212.65515 14.452 0.005
2213.63301 14.533 0.005
2213.66095 14.539 0.005
2214.61722 14.665 0.005
2214.65214 14.673 0.005
2215.63166 14.769 0.005
2215.65913 14.745 0.006
2217.61865 14.574 0.005
2217.64583 14.572 0.005
2219.66111 14.420 0.005
2219.68870 14.430 0.005
2222.62968 14.662 0.005
2222.73726 14.682 0.005
2224.69634 14.833 0.005
2224.72356 14.855 0.005
2226.61688 14.315 0.005
2226.64645 14.322 0.005
2228.54117 14.459 0.005
2228.56834 14.453 0.005
2229.59938 14.504 0.005
2229.62662 14.516 0.005
2231.55103 14.744 0.005
2231.65327 14.771 0.005
2232.52003 14.859 0.006
2233.59528 14.609 0.005
2233.62342 14.612 0.004
2235.64129 14.415 0.005
2235.67352 14.420 0.005
2238.52990 14.642 0.005
2238.55709 14.641 0.005
2240.63375 14.831 0.005
2240.66138 14.855 0.005
2242.60155 14.310 0.005
2242.62891 14.332 0.005
2244.61975 14.446 0.005
2248.58257 14.837 0.005
2248.61823 14.848 0.005
2250.54997 14.309 0.005
2250.58688 14.313 0.005
2252.60744 14.452 0.005
2253.58057 14.490 0.005
2255.58555 14.726 0.005
2255.61721 14.767 0.005
2257.60724 14.656 0.005
2258.58349 14.309 0.005
2262.59787 14.645 0.005
2263.59425 14.741 0.005
2266.58010 14.310 0.005
2266.58731 14.310 0.005
2271.57463 14.732 0.005
2272.56490 14.827 0.005
2273.57395 14.723 0.005
2274.55052 14.321 0.005
2275.60888 14.387 0.005
2276.56847 14.461 0.005
2277.58557 14.457 0.005
2278.60108 14.652 0.005
2280.59687 14.852 0.005
2283.58242 14.364 0.005
2284.59975 14.461 0.005
2290.57714 14.321 0.005
2290.61373 14.320 0.005
2292.58769 14.445 0.005
2293.57603 14.457 0.005
2294.59085 14.631 0.005
2295.56892 14.724 0.005
2297.57225 14.763 0.005
2298.56767 14.326 0.005
2299.57134 14.380 0.005
2300.56644 14.458 0.005
2303.54996 14.699 0.005
2445.89193 14.451 0.005
2445.92217 14.445 0.005
2458.93304 14.534 0.005
2460.89006 14.430 0.005
2463.89667 14.671 0.005
2463.92636 14.681 0.005
2465.90934 14.838 0.005
2467.88219 14.328 0.005
2467.91215 14.335 0.005
2469.88184 14.447 0.005
2469.91151 14.447 0.005
2470.91616 14.535 0.005
2471.90098 14.682 0.005
2471.92738 14.662 0.005
2472.93041 14.776 0.004
2473.86735 14.846 0.005
2473.91727 14.844 0.004
2483.83976 14.317 0.005
2483.89985 14.326 0.005
2486.85724 14.506 0.005
2486.89686 14.529 0.005
2488.89076 14.788 0.006
2488.89511 14.793 0.006
2489.90382 14.844 0.005
2489.93422 14.845 0.005
2492.88488 14.410 0.005
2492.91459 14.411 0.005
2496.88449 14.750 0.005
2496.91424 14.749 0.005
2497.90793 14.836 0.005
2497.93768 14.830 0.006
2498.78493 14.694 0.005
2498.91078 14.611 0.005
2499.84089 14.304 0.005
2499.87059 14.311 0.005
2500.84534 14.402 0.005
2500.87612 14.415 0.005
2501.83527 14.451 0.005
2501.86509 14.458 0.005
2502.81508 14.486 0.005
2502.84526 14.505 0.005
2503.83059 14.637 0.005
2508.75658 14.396 0.005
2516.75779 14.374 0.005
2516.78783 14.398 0.005
2517.80457 14.455 0.005
2517.83458 14.466 0.005
2518.77555 14.464 0.005
2518.80600 14.478 0.005
2519.85437 14.645 0.005
2520.77256 14.727 0.005
2520.80231 14.727 0.005
2521.83440 14.834 0.005
2521.84378 14.835 0.005
2524.83271 14.376 0.005
2524.84155 14.382 0.005
2526.75915 14.461 0.005
2526.78890 14.459 0.005
2534.81620 14.463 0.005
2534.84525 14.474 0.005
2535.82544 14.640 0.005
2535.83613 14.636 0.005
2537.68350 14.825 0.006
2537.71322 14.840 0.006
2538.77710 14.744 0.005
2538.80922 14.740 0.005
2539.68434 14.356 0.005
2539.71202 14.364 0.005
2541.69625 14.448 0.005
2541.72390 14.467 0.005
2542.66605 14.447 0.005
2542.69369 14.466 0.005
2544.64357 14.695 0.005
2544.67323 14.723 0.005
2545.65977 14.819 0.005
2545.68728 14.837 0.005
2547.67763 14.383 0.005
2547.70527 14.390 0.005
2548.69307 14.350 0.005
2548.72273 14.370 0.005
2550.68799 14.452 0.005
2550.71787 14.463 0.005
2551.67470 14.616 0.005
2551.70447 14.633 0.005
2552.69084 14.702 0.005
2552.72052 14.704 0.004
2554.68402 14.797 0.005
2554.71370 14.791 0.005
2555.69196 14.392 0.005
2555.72165 14.387 0.005
2556.67087 14.334 0.005
2556.70066 14.347 0.005
2557.68345 14.447 0.005
2557.71319 14.464 0.005
2558.63995 14.444 0.005
2558.66968 14.467 0.005
2559.59667 14.597 0.005
2559.62658 14.612 0.004
2560.62987 14.688 0.005
2560.65965 14.699 0.005
2561.65550 14.796 0.006
2562.64833 14.808 0.005
2562.67807 14.816 0.005
2563.65612 14.425 0.005
2563.68603 14.422 0.005
2564.67174 14.337 0.005
2564.70141 14.353 0.005
2565.65870 14.437 0.005
2565.69133 14.456 0.005
2566.64369 14.447 0.005
2566.67163 14.450 0.005
2568.67503 14.687 0.005
2568.70262 14.699 0.005
2571.62651 14.475 0.005
2571.65626 14.464 0.005
2572.72400 14.347 0.005
2573.64103 14.436 0.005
2573.66869 14.447 0.005
2574.62492 14.440 0.005
2574.65253 14.435 0.005
2576.62455 14.684 0.006
2577.61057 14.791 0.006
2577.63939 14.800 0.006
2578.60887 14.819 0.006
2578.63949 14.828 0.005
2579.61826 14.497 0.005
2579.64613 14.486 0.005
2580.63034 14.326 0.005
2583.60170 14.564 0.005
2583.62956 14.574 0.005
2584.60921 14.667 0.005
2584.63694 14.680 0.005
2586.63580 14.834 0.005
2587.58964 14.526 0.005
2587.61956 14.536 0.005
2588.61850 14.329 0.005
2588.72994 14.347 0.005
2589.57961 14.427 0.005
2589.61041 14.430 0.005
2590.59439 14.446 0.005
2590.62464 14.459 0.005
2591.59555 14.548 0.005
2591.64775 14.562 0.005
2593.58615 14.767 0.005
2593.61677 14.792 0.005
2594.58990 14.831 0.006
2594.62053 14.850 0.006
2596.56607 14.323 0.005
2596.59606 14.314 0.005
2597.55341 14.418 0.005
2597.58324 14.416 0.005
2598.60633 14.460 0.005
2598.66376 14.443 0.005
2599.58547 14.540 0.005
2599.61655 14.541 0.005
2607.60638 14.539 0.005
2607.63779 14.554 0.005
2610.52671 14.852 0.006
2610.55754 14.841 0.006
2613.51888 14.411 0.005
2613.55130 14.408 0.005
2615.55069 14.517 0.005
2615.58018 14.518 0.005
2619.53015 14.611 0.005
2619.56783 14.600 0.005
2621.54678 14.416 0.005
2621.57693 14.417 0.005
2623.59473 14.518 0.005
2625.55945 14.765 0.006
2626.53830 14.850 0.005
2629.54488 14.424 0.005
2632.55842 14.650 0.005
2635.54596 14.638 0.005
2636.55439 14.312 0.005
2639.52641 14.481 0.005
2639.55408 14.490 0.005
2641.57196 14.747 0.005
2642.56364 14.855 0.006
2646.55782 14.453 0.005
2646.57566 14.452 0.005
2650.57034 14.848 0.005
2651.54854 14.666 0.005
2654.53775 14.456 0.005
2654.56959 14.461 0.005
2656.58581 14.639 0.005
2657.56839 14.753 0.005
2660.53155 14.316 0.005
2660.57192 14.317 0.005
2664.55642 14.633 0.005
2669.52911 14.382 0.005
2671.56183 14.472 0.005
2673.54609 14.728 0.006
2673.57362 14.732 0.006
2675.56197 14.726 0.005
2676.53501 14.323 0.005
2678.56229 14.457 0.005
2679.54942 14.464 0.005
2682.52203 14.819 0.006
2682.55155 14.839 0.006
2777.88447 14.713 0.006
2777.91402 14.711 0.005
2804.88096 14.397 0.005
2804.89045 14.414 0.005
2810.92282 14.807 0.005
2811.91542 14.805 0.006
2814.92038 14.449 0.005
2814.95109 14.451 0.005
2817.90833 14.687 0.005
2817.93759 14.695 0.005
2825.88407 14.682 0.006
2830.91470 14.453 0.005
2830.92254 14.448 0.005
2831.76280 14.441 0.005
2831.79244 14.428 0.005
2832.72829 14.536 0.005
2832.75842 14.542 0.005
2832.93634 14.582 0.005
2833.84637 14.677 0.006
2833.87633 14.681 0.005
2834.85412 14.789 0.006
2835.88499 14.828 0.005
2837.85229 14.330 0.005
2837.88602 14.328 0.005
2838.94323 14.444 0.005
2839.88805 14.445 0.005
2840.83597 14.551 0.005
2841.86874 14.672 0.005
2843.83739 14.834 0.005
2844.85400 14.529 0.005
2844.88320 14.510 0.005
2845.89996 14.337 0.005
2845.92923 14.324 0.005
2848.93697 14.563 0.006
2849.86663 14.669 0.005
2850.87007 14.774 0.006
2850.89940 14.788 0.006
2851.91336 14.828 0.005
2851.94296 14.834 0.006
2852.78400 14.565 0.005
2852.81361 14.561 0.005
2853.92389 14.325 0.005
2854.83935 14.426 0.005
2856.79707 14.520 0.005
2856.82630 14.531 0.005
2858.89110 14.775 0.005
2858.92033 14.785 0.005
2860.85718 14.565 0.005
2860.88635 14.546 0.005
2861.72813 14.312 0.005
2862.90715 14.419 0.005
2862.93654 14.421 0.005
2863.81623 14.448 0.005
2863.84572 14.438 0.005
2865.85017 14.662 0.005
2866.86289 14.759 0.006
2866.89225 14.765 0.006
2867.84384 14.848 0.006
2868.78757 14.597 0.005
2869.91754 14.312 0.005
2870.79725 14.410 0.005
2870.82654 14.413 0.005
2871.86945 14.443 0.005
2872.75467 14.499 0.005
2875.81580 14.837 0.006
2876.75744 14.632 0.005
2876.78671 14.620 0.005
2877.77929 14.333 0.005
2879.75021 14.437 0.005
2879.78805 14.454 0.005
2883.80643 14.846 0.005
2883.83637 14.837 0.005
2885.74162 14.318 0.005
2885.77120 14.304 0.005
2888.78984 14.490 0.005
2888.81948 14.478 0.005
2892.78146 14.666 0.005
2892.81087 14.638 0.005
2894.74001 14.386 0.005
2894.74773 14.391 0.005
2896.73709 14.481 0.005
2896.74486 14.486 0.005
2898.75809 14.741 0.005
2898.76577 14.744 0.005
2900.72775 14.704 0.005
2900.75694 14.679 0.005
2902.72728 14.381 0.005
2902.75647 14.378 0.005
2905.73445 14.648 0.005
2905.76363 14.636 0.005
2907.73571 14.843 0.005
2907.76504 14.845 0.005
2909.72470 14.324 0.005
2909.75414 14.307 0.005
2911.71617 14.468 0.005
2911.74551 14.458 0.005
2915.68756 14.829 0.005
2915.71700 14.843 0.005
2917.71355 14.333 0.005
2917.74309 14.330 0.005
2921.71145 14.638 0.005
2921.74621 14.637 0.005
2923.73276 14.831 0.005
2923.76279 14.852 0.006
2925.69630 14.341 0.005
2925.72578 14.342 0.005
2927.69373 14.461 0.005
2927.72329 14.464 0.005
2930.71161 14.723 0.005
2930.74137 14.738 0.005
2932.71797 14.762 0.005
2932.74790 14.756 0.005
2934.69806 14.367 0.005
2934.72770 14.380 0.005
2937.61857 14.619 0.005
2937.65170 14.614 0.005
2939.70436 14.837 0.005
2939.71219 14.827 0.005
2940.61519 14.792 0.005
2940.64447 14.781 0.005
2941.60882 14.395 0.005
2941.69431 14.364 0.005
2942.61500 14.346 0.005
2942.64444 14.348 0.005
2943.56739 14.443 0.005
2943.61566 14.448 0.005
2944.57082 14.443 0.005
2944.60026 14.437 0.005
2945.58759 14.601 0.005
2945.61706 14.601 0.005
2947.58440 14.812 0.006
2947.62654 14.811 0.006
2949.57856 14.432 0.005
2949.60779 14.408 0.005
2950.65258 14.349 0.005
2951.61031 14.451 0.005
2951.63977 14.457 0.005
2952.63771 14.450 0.005
2952.66871 14.460 0.005
2954.66427 14.698 0.005
2954.69358 14.706 0.005
2956.61034 14.810 0.005
2956.63957 14.812 0.005
2958.59501 14.343 0.005
2958.63396 14.349 0.005
2961.57582 14.585 0.005
2961.60509 14.594 0.005
2965.60421 14.460 0.005
2965.64347 14.445 0.005
2968.57532 14.442 0.005
2968.60485 14.449 0.005
2970.59466 14.678 0.005
2970.62410 14.689 0.005
2972.60856 14.826 0.005
2974.57313 14.334 0.005
2974.63014 14.343 0.005
2976.52905 14.450 0.005
2976.55899 14.451 0.005
2977.59605 14.572 0.005
2978.58514 14.689 0.005
2979.56036 14.790 0.006
2980.60200 14.828 0.006
2981.60539 14.494 0.005
2982.54719 14.322 0.005
2984.63816 14.451 0.005
2986.64821 14.681 0.005
2987.62911 14.788 0.005
2988.54212 14.846 0.006
2989.55140 14.540 0.005
2991.61365 14.436 0.005
2992.55319 14.452 0.005
2994.59640 14.674 0.005
2995.59605 14.788 0.005
2997.56944 14.555 0.005
2998.55403 14.319 0.005
3001.55533 14.531 0.005
3001.58463 14.535 0.005
3004.54730 14.837 0.006
3005.54270 14.569 0.005
3007.55342 14.415 0.005
3008.56901 14.451 0.005
3010.55256 14.656 0.005
3011.57240 14.774 0.006
3016.56968 14.453 0.005
3016.59908 14.460 0.005
3018.58551 14.656 0.004
3019.58313 14.774 0.005
3020.61359 14.851 0.005
3021.59706 14.583 0.005
3021.62639 14.583 0.004
3023.55240 14.415 0.005
3023.58232 14.413 0.005
3025.54974 14.508 0.005
3025.58873 14.517 0.005
3027.58503 14.770 0.005
3027.61431 14.787 0.005
3029.55695 14.603 0.005
3029.58619 14.613 0.005
3031.56130 14.415 0.005
3031.59078 14.418 0.005
3033.56379 14.497 0.005
3033.59310 14.509 0.005
3036.58099 14.850 0.006
3037.54015 14.642 0.005
3040.54401 14.460 0.005
3160.84150 14.453 0.005
3164.94055 14.833 0.006
3183.89340 14.362 0.005
3183.92251 14.363 0.005
3193.86117 14.451 0.005
3193.89029 14.456 0.005
3195.92015 14.700 0.005
3196.86243 14.815 0.005
3197.89573 14.803 0.005
3197.92494 14.789 0.005
3199.92919 14.348 0.005
3201.85317 14.451 0.005
3201.88237 14.439 0.005
3203.86033 14.700 0.005
3203.89033 14.689 0.004
3204.92393 14.816 0.005
3206.82816 14.459 0.005
3210.87494 14.598 0.005
3210.90422 14.601 0.004
3211.89561 14.698 0.005
3211.90321 14.701 0.005
3215.67175 14.308 0.005
3215.68167 14.330 0.005
3216.70294 14.437 0.005
3216.73978 14.425 0.005
3217.77892 14.458 0.005
3217.94025 14.437 0.005
3218.88896 14.589 0.005
3218.93031 14.597 0.005
3222.87237 14.465 0.005
3223.81647 14.344 0.005
3223.84574 14.332 0.005
3226.80497 14.566 0.005
3226.83599 14.581 0.004
3229.81405 14.843 0.005
3229.84314 14.815 0.005
3231.76471 14.348 0.005
3231.82525 14.320 0.005
3239.77426 14.325 0.005
3239.80365 14.320 0.005
3240.76361 14.436 0.005
3240.80089 14.421 0.005
3241.82523 14.444 0.005
3241.83281 14.446 0.005
3242.69530 14.515 0.005
3242.72460 14.519 0.005
3243.82793 14.673 0.005
3243.86102 14.686 0.005
3244.80901 14.772 0.005
3244.83825 14.795 0.005
3245.75445 14.835 0.005
3245.78735 14.840 0.005
3246.75073 14.571 0.005
3247.74207 14.319 0.005
3247.77356 14.321 0.005
3249.70918 14.458 0.005
3249.73825 14.453 0.005
3251.72192 14.661 0.005
3251.75176 14.659 0.004
3254.70926 14.604 0.005
3254.73889 14.593 0.004
3256.77512 14.423 0.005
3257.75534 14.447 0.005
3259.67449 14.656 0.005
3260.68530 14.752 0.005
3261.71257 14.844 0.005
3262.72124 14.609 0.005
3263.69528 14.309 0.005
3264.67293 14.406 0.005
3265.72968 14.451 0.005
3266.74393 14.510 0.005
3267.71849 14.660 0.004
3268.67724 14.754 0.005
3269.81242 14.843 0.006
3270.65758 14.669 0.005
3270.75177 14.619 0.004
3271.64504 14.324 0.005
3271.67459 14.307 0.005
3272.70187 14.403 0.005
3272.73182 14.391 0.005
3274.68403 14.489 0.005
3274.71765 14.481 0.005
3276.69288 14.752 0.005
3276.72210 14.732 0.005
3277.72570 14.851 0.005
3277.76086 14.841 0.005
3279.65830 14.319 0.005
3279.69246 14.298 0.005
3281.61774 14.460 0.005
3281.65118 14.448 0.005
3283.62356 14.645 0.005
3283.65268 14.631 0.004
3287.58963 14.328 0.005
3287.61884 14.308 0.005
3289.60060 14.455 0.005
3289.62995 14.448 0.005
3293.57761 14.835 0.005
3293.60668 14.835 0.004
3295.59635 14.335 0.005
3295.62551 14.314 0.005
3297.57764 14.466 0.005
3297.60732 14.450 0.005
3299.63453 14.642 0.005
3299.66366 14.627 0.004
3301.60864 14.835 0.005
3301.63787 14.853 0.006
3303.67078 14.322 0.005
3303.70014 14.323 0.005
3306.60342 14.465 0.005
3306.63267 14.451 0.005
3308.59130 14.708 0.005
3308.62043 14.718 0.005
3310.59043 14.757 0.005
3310.61952 14.737 0.005
3312.59271 14.368 0.005
3314.54508 14.452 0.005
3314.57437 14.461 0.005
3320.58283 14.364 0.005
3320.61225 14.359 0.005
3321.57855 14.455 0.005
3323.55573 14.620 0.004
3327.53764 14.395 0.005
3327.56722 14.356 0.005
3330.53156 14.457 0.005
3330.56146 14.437 0.005
3335.57260 14.395 0.005
3335.60630 14.379 0.005
3338.57963 14.455 0.005
3349.57673 14.811 0.005
3349.60620 14.815 0.004
3353.55408 14.450 0.005
3353.58535 14.452 0.005
3359.56187 14.475 0.005
3360.56269 14.341 0.005
3363.53457 14.582 0.005
3363.56922 14.571 0.004
3367.59776 14.476 0.005
3367.62855 14.446 0.005
3372.55929 14.689 0.004
3375.53075 14.522 0.005
3376.53862 14.332 0.005
3378.57631 14.453 0.005
3378.60554 14.437 0.005
3386.54267 14.457 0.005
3386.57203 14.451 0.005
3390.55112 14.833 0.005
3390.58558 14.855 0.005
3398.53811 14.840 0.005
3398.56735 14.843 0.005
3402.52621 14.461 0.005
3402.55577 14.463 0.005
3538.93504 14.458 0.005
3541.94064 14.728 0.004
3547.89635 14.455 0.005
3554.90454 14.457 0.005
3561.85763 14.356 0.005
3561.87072 14.368 0.005
3561.92372 14.386 0.005
3564.88706 14.629 0.005
3568.84856 14.321 0.005
3569.90914 14.365 0.005
3570.72262 14.456 0.005
3571.77940 14.456 0.005
3571.81161 14.433 0.005
3573.81609 14.705 0.005
3574.86256 14.826 0.005
3577.82114 14.365 0.005
3577.84674 14.342 0.005
3578.87931 14.461 0.005
3581.82567 14.693 0.005
3582.81005 14.818 0.005
3583.81890 14.796 0.005
3584.79054 14.404 0.005
3586.78900 14.450 0.005
3588.79298 14.601 0.005
3591.85446 14.786 0.005
3593.82864 14.335 0.005
3596.80232 14.593 0.005
3596.90222 14.595 0.004
3601.79071 14.338 0.005
3607.76809 14.826 0.005
3614.76595 14.795 0.005
3617.74292 14.326 0.005
3619.67427 14.454 0.005
3621.70129 14.676 0.005
3621.72752 14.653 0.004
3624.80284 14.510 0.005
3624.87581 14.456 0.005
3626.69822 14.430 0.005
3629.67882 14.644 0.005
3633.67595 14.330 0.005
3636.75898 14.542 0.005
3637.66044 14.652 0.004
3638.65246 14.761 0.005
3639.71050 14.828 0.004
3641.68150 14.323 0.005
3643.70219 14.454 0.005
3646.63543 14.759 0.005
3650.64026 14.406 0.005
3651.71426 14.456 0.005
3653.68544 14.657 0.005
3655.67665 14.842 0.005
3657.60506 14.310 0.005
3658.63180 14.400 0.005
3658.67176 14.392 0.005
3659.62102 14.453 0.005
3661.59212 14.647 0.005
3663.57084 14.859 0.005
3663.57883 14.838 0.005
3665.59549 14.308 0.005
3668.55345 14.469 0.005
3669.65591 14.642 0.005
3671.60873 14.835 0.005
3671.64250 14.841 0.005
3673.65726 14.316 0.005
3675.63963 14.452 0.005
3683.62901 14.459 0.005
3685.63043 14.636 0.005
3687.62874 14.839 0.005
3687.66396 14.832 0.005
3689.57971 14.320 0.005
3692.55166 14.459 0.005
3694.54504 14.705 0.005
3696.53684 14.747 0.005
3698.57890 14.369 0.005
3700.55810 14.452 0.005
3700.61472 14.452 0.005
3702.56523 14.711 0.005
3704.56638 14.741 0.005
3704.60125 14.736 0.004
3706.57590 14.360 0.005
3706.62171 14.372 0.005
3708.56488 14.466 0.005
3708.59864 14.438 0.005
3711.57153 14.829 0.005
3713.59401 14.343 0.005
3714.53488 14.356 0.005
3717.56195 14.619 0.005
3721.52618 14.386 0.005
3721.56903 14.377 0.005
3724.53127 14.448 0.005
3726.52768 14.701 0.005
3728.53419 14.792 0.005
3734.54534 14.693 0.005
3740.55873 14.436 0.005
3746.53946 14.352 0.005
3756.56336 14.456 0.005
3761.58737 14.453 0.005
3761.61359 14.452 0.005
3765.55348 14.591 0.005
3766.53846 14.692 0.004
3771.56542 14.446 0.005
3772.56129 14.461 0.005
3776.52483 14.825 0.005
3776.56136 14.843 0.005
3780.54912 14.444 0.005
3871.86172 14.763 0.005
3871.88727 14.792 0.005
3900.94809 14.454 0.005
3905.94263 14.590 0.005
3913.90154 14.641 0.005
3917.93852 14.489 0.005
3918.89047 14.653 0.004
3931.88474 14.386 0.005
3933.92955 14.488 0.005
3936.85132 14.840 0.005
3938.83532 14.326 0.005
3938.86100 14.295 0.005
3944.88302 14.838 0.005
3946.84757 14.327 0.005
3951.87013 14.723 0.005
3955.83091 14.366 0.005
3958.81232 14.622 0.005
3960.81241 14.830 0.005
3963.80913 14.367 0.005
3965.80103 14.460 0.005
3967.82072 14.715 0.005
3967.86849 14.727 0.004
3969.78656 14.792 0.005
3969.81167 14.779 0.005
3971.76223 14.359 0.005
3974.76441 14.611 0.005
3974.78955 14.605 0.004
3979.71982 14.343 0.005
3979.75079 14.314 0.005
3980.60247 14.436 0.005
3980.62828 14.432 0.005
3981.62950 14.447 0.005
3983.84488 14.706 0.005
3983.89915 14.724 0.005
3987.76770 14.347 0.005
3990.77559 14.600 0.005
3990.80071 14.589 0.004
3993.71850 14.818 0.005
3995.72422 14.343 0.005
3999.73442 14.682 0.005
4002.70713 14.494 0.005
4004.65882 14.436 0.005
4006.68514 14.565 0.005
4007.54651 14.665 0.005
4007.57361 14.672 0.004
4008.55737 14.778 0.005
4008.58259 14.784 0.004
4009.68088 14.841 0.005
4013.68176 14.441 0.005
4015.66616 14.665 0.005
4017.68047 14.824 0.005
4018.71980 14.532 0.005
4019.66929 14.328 0.005
4019.70107 14.324 0.005
4021.66269 14.454 0.005
4024.63610 14.768 0.005
4026.61506 14.566 0.005
4028.61087 14.415 0.005
4030.62001 14.519 0.005
4032.67515 14.780 0.005
4037.63539 14.456 0.005
4039.58967 14.658 0.005
4041.58195 14.841 0.005
4043.57488 14.319 0.005
4046.56770 14.492 0.005
4048.55010 14.732 0.005
4050.59238 14.633 0.005
4052.54423 14.400 0.005
4054.59858 14.487 0.005
4056.57055 14.755 0.005
4058.57207 14.659 0.005
4060.52825 14.379 0.005
4061.56759 14.449 0.005
4064.52592 14.731 0.004
4065.51713 14.845 0.005
4068.51724 14.386 0.005
4070.53581 14.473 0.005
4073.56171 14.846 0.005
4076.62889 14.398 0.005
4078.58888 14.488 0.005
4080.59951 14.743 0.005
4085.54704 14.455 0.005
4085.57228 14.447 0.005
4092.54199 14.375 0.005
4092.56836 14.362 0.005
4096.55352 14.716 0.005
4096.59432 14.722 0.004
4099.59664 14.336 0.005
4104.58751 14.722 0.005
4105.56495 14.828 0.005
4108.54116 14.345 0.005
4111.57548 14.629 0.005
4120.53254 14.716 0.005
4120.58992 14.694 0.004
4126.55741 14.454 0.005
4132.57311 14.346 0.005
4252.91154 14.326 0.005
4255.82730 14.536 0.005
4255.85634 14.540 0.005
4268.94014 14.326 0.005
4275.90759 14.557 0.005
4279.78530 14.496 0.005
4282.79591 14.842 0.006
4283.87929 14.584 0.005
4283.93413 14.560 0.005
4285.90307 14.420 0.005
4291.92358 14.579 0.005
4293.89165 14.404 0.005
4296.87616 14.651 0.005
4297.90876 14.771 0.005
4299.84378 14.627 0.005
4300.86516 14.306 0.005
4301.88320 14.405 0.005
4302.89920 14.448 0.005
4306.84685 14.847 0.006
4307.88311 14.629 0.005
4308.64468 14.326 0.005
4308.66857 14.307 0.005
4308.85110 14.323 0.005
4310.82475 14.457 0.005
4311.81211 14.477 0.005
4312.88598 14.637 0.005
4314.90531 14.838 0.006
4316.81231 14.305 0.005
4319.84426 14.482 0.005
4320.90807 14.648 0.005
4326.82031 14.460 0.005
4327.79820 14.467 0.005
4328.81384 14.637 0.005
4329.81731 14.737 0.005
4330.91317 14.851 0.006
4333.87875 14.391 0.005
4338.88277 14.842 0.006
4338.91140 14.844 0.006
4340.75448 14.325 0.005
4341.75059 14.368 0.005
4341.77904 14.345 0.005
4342.77491 14.449 0.005
4342.83495 14.431 0.005
4343.74392 14.450 0.005
4343.77254 14.427 0.005
4344.72612 14.619 0.005
4345.77211 14.707 0.005
4347.76101 14.745 0.005
4349.77421 14.360 0.005
4354.74141 14.818 0.006
4356.74449 14.369 0.005
4357.68196 14.357 0.005
4359.67990 14.449 0.005
4359.70987 14.432 0.005
4361.71244 14.693 0.005
4362.64743 14.815 0.006
4365.71965 14.357 0.005
4369.63419 14.695 0.006
4370.68337 14.817 0.006
4372.65763 14.436 0.005
4375.62008 14.446 0.005
4377.73666 14.698 0.005
4378.62876 14.798 0.005
4379.62814 14.815 0.006
4380.72397 14.421 0.005
4380.76961 14.385 0.005
4382.66829 14.446 0.005
4386.64329 14.802 0.005
4388.64411 14.480 0.005
4390.65312 14.443 0.005
4392.67756 14.577 0.005
4395.65876 14.821 0.006
4397.69953 14.336 0.005
4400.64995 14.558 0.005
4403.63856 14.827 0.006
4407.61578 14.446 0.005
4408.64102 14.546 0.005
4410.72455 14.795 0.005
4412.68556 14.527 0.005
4416.67068 14.549 0.005
4418.67958 14.784 0.005
4421.61319 14.325 0.005
4423.69485 14.444 0.005
4425.62571 14.663 0.006
4427.63758 14.845 0.005
4429.54647 14.319 0.005
4431.55102 14.448 0.005
4433.55699 14.648 0.005
4435.54096 14.845 0.005
4437.61311 14.329 0.005
4439.54615 14.458 0.005
4441.58189 14.644 0.005
4443.60898 14.845 0.006
4449.62587 14.653 0.005
4451.58151 14.843 0.005
4453.56385 14.312 0.005
4456.56538 14.479 0.005
4458.56629 14.738 0.005
4459.54653 14.845 0.006
4464.55748 14.483 0.005
4472.55162 14.463 0.005
4474.60758 14.742 0.005
4475.57107 14.830 0.005
4478.57770 14.388 0.005
4479.61051 14.456 0.005
4481.55933 14.628 0.005
4481.59520 14.640 0.004
4484.55987 14.704 0.006
4484.61189 14.710 0.005
4486.60823 14.374 0.005
4487.63339 14.458 0.005
4502.56048 14.367 0.005
4609.87294 14.606 0.005
4638.93787 14.337 0.005
4643.86269 14.791 0.005
4648.92879 14.435 0.005
4652.92199 14.831 0.005
4656.90275 14.450 0.005
4662.75900 14.314 0.005
4663.73061 14.412 0.005
4663.75915 14.411 0.005
4665.80358 14.516 0.005
4666.89136 14.667 0.005
4670.88564 14.326 0.005
4671.87193 14.424 0.005
4672.85988 14.452 0.005
4675.86622 14.779 0.005
4681.85720 14.522 0.005
4683.83138 14.762 0.005
4685.83852 14.601 0.005
4687.87412 14.420 0.005
4688.78974 14.458 0.005
4689.74749 14.490 0.005
4690.71516 14.647 0.005
4691.71819 14.748 0.005
4693.87325 14.599 0.005
4693.90187 14.593 0.005
4696.79487 14.461 0.005
4696.87544 14.446 0.005
4698.73499 14.645 0.005
4699.75759 14.739 0.005
4700.76642 14.846 0.005
4701.72060 14.687 0.005
4701.77162 14.666 0.005
4702.83173 14.313 0.005
4702.86044 14.314 0.005
4703.73096 14.394 0.005
4704.74984 14.463 0.005
4705.75701 14.481 0.005
4707.74914 14.741 0.005
4708.81790 14.845 0.005
4708.84649 14.842 0.005
4710.73153 14.311 0.005
4716.73546 14.844 0.005
4719.72758 14.370 0.005
4721.71627 14.478 0.005
4725.70371 14.735 0.005
4728.73182 14.457 0.005
4729.68150 14.476 0.005
4731.73296 14.726 0.005
4731.77170 14.728 0.005
4734.72004 14.328 0.005
4741.68620 14.771 0.005
4747.56355 14.694 0.005
4749.57211 14.801 0.006
4753.64142 14.448 0.005
4755.63017 14.690 0.005
4757.61966 14.801 0.005
4759.63232 14.344 0.005
4761.59751 14.441 0.005
4763.61510 14.698 0.005
4766.58304 14.453 0.005
4769.62141 14.447 0.005
4771.66635 14.686 0.005
4773.65753 14.808 0.005
4773.68608 14.811 0.005
4775.64415 14.346 0.005
4775.67294 14.353 0.005
4777.57607 14.446 0.005
4779.59661 14.682 0.005
4781.56352 14.822 0.005
4783.54541 14.330 0.005
4785.57802 14.443 0.005
4786.63527 14.584 0.005
4788.59339 14.783 0.005
4789.54231 14.835 0.005
4790.59566 14.507 0.005
4790.62453 14.502 0.005
4791.62280 14.331 0.005
4792.57381 14.432 0.005
4794.55427 14.550 0.005
4796.62422 14.788 0.005
4798.57097 14.542 0.005
4800.61815 14.430 0.005
4802.59561 14.549 0.005
4804.61874 14.773 0.005
4806.59732 14.541 0.005
4806.60465 14.535 0.005
4808.52613 14.421 0.005
4810.59144 14.539 0.005
4813.57669 14.842 0.005
4815.54900 14.317 0.005
4817.56942 14.449 0.005
4819.56336 14.658 0.005
4821.64699 14.849 0.005
4824.55142 14.414 0.005
4826.60118 14.522 0.005
4832.56861 14.412 0.005
4833.56113 14.453 0.005
4834.59359 14.508 0.005
4835.58373 14.659 0.005
4837.58485 14.835 0.006
4839.60526 14.316 0.005
4841.56102 14.450 0.005
4843.55532 14.649 0.005
4844.58286 14.752 0.005
4845.55283 14.835 0.005
4846.56011 14.624 0.005
4847.63711 14.337 0.005
4848.60068 14.411 0.005
4849.59694 14.448 0.005
4850.58797 14.496 0.005
4853.59442 14.845 0.005
4854.56907 14.647 0.005
4856.58836 14.398 0.005
4862.55120 14.673 0.005
4866.55206 14.473 0.005
