 621.84543 16.776 0.013
 626.92841 16.460 0.007
 627.89408 16.790 0.010
 631.90956 16.730 0.010
 632.90430 16.532 0.008
 635.88023 16.544 0.008
 643.84961 16.767 0.009
 645.87575 16.461 0.008
 649.83844 16.784 0.011
 656.89093 16.713 0.008
 657.89480 16.512 0.009
 658.90357 16.846 0.012
 665.87060 16.765 0.008
 666.87269 16.573 0.007
 667.89171 16.739 0.007
 668.86248 16.760 0.007
 670.82815 16.705 0.009
 671.85061 16.790 0.007
 672.85556 16.631 0.007
 673.76861 16.708 0.008
 684.78357 16.692 0.008
 685.78407 16.474 0.008
 686.74015 16.792 0.009
 687.90145 16.742 0.008
 688.86936 16.552 0.007
 689.73590 16.819 0.008
 697.70176 16.541 0.008
 698.71700 16.839 0.010
 699.72782 16.763 0.009
 700.71290 16.539 0.007
 701.68458 16.824 0.009
 704.67915 16.688 0.010
 706.67750 16.567 0.011
 706.77199 16.630 0.010
 707.70806 16.470 0.009
 708.70558 16.792 0.012
 712.70594 16.622 0.010
 713.72013 16.421 0.007
 714.73668 16.785 0.008
 715.77754 16.706 0.008
 716.76007 16.488 0.007
 720.66709 16.811 0.010
 726.72724 16.779 0.008
 728.72035 16.565 0.008
 729.66474 16.821 0.009
 730.61608 16.744 0.010
 733.67568 16.750 0.011
 739.69790 16.785 0.009
 741.66150 16.403 0.008
 742.65530 16.781 0.009
 744.62382 16.408 0.007
 745.66372 16.812 0.009
 746.60851 16.669 0.008
 748.56296 16.792 0.011
 749.56939 16.694 0.013
 750.54360 16.409 0.010
 751.57372 16.812 0.012
 752.77749 16.752 0.009
 753.71724 16.573 0.008
 754.74877 16.634 0.010
 755.57246 16.735 0.009
 759.57509 16.551 0.008
 760.57943 16.852 0.009
 761.57467 16.794 0.009
 762.57268 16.579 0.010
 762.70294 16.644 0.010
 762.78135 16.693 0.012
 763.59167 16.633 0.010
 763.73592 16.412 0.008
 764.66970 16.719 0.013
 765.55503 16.601 0.010
 766.59195 16.476 0.009
 766.65850 16.404 0.009
 767.56639 16.763 0.013
 767.72003 16.852 0.013
 769.55131 16.450 0.008
 770.64760 16.797 0.010
 771.62377 16.690 0.008
 772.55184 16.410 0.008
 773.57443 16.800 0.009
 774.64424 16.726 0.009
 775.59715 16.439 0.007
 776.67810 16.854 0.010
 777.59503 16.699 0.009
 778.56818 16.482 0.010
 778.65967 16.544 0.009
 779.62756 16.852 0.011
 780.62736 16.712 0.010
 780.72149 16.783 0.012
 781.60393 16.518 0.008
 782.60159 16.859 0.011
 783.58135 16.744 0.008
 784.62094 16.556 0.008
 785.59179 16.819 0.009
 786.59651 16.782 0.008
 787.67691 16.643 0.008
 788.60852 16.656 0.008
 790.55853 16.582 0.009
 795.57029 16.778 0.010
 796.61989 16.653 0.010
 797.69037 16.476 0.008
 798.60779 16.799 0.009
 800.60570 16.448 0.007
 802.58623 16.701 0.009
 805.59228 16.760 0.010
 806.60305 16.516 0.010
 817.63049 16.791 0.010
 819.67158 16.412 0.007
 820.67059 16.803 0.009
 822.59053 16.396 0.007
 823.66781 16.795 0.009
 824.61594 16.680 0.010
 824.67876 16.706 0.011
 825.68913 16.524 0.010
 828.64917 16.498 0.008
 829.61577 16.820 0.011
 832.62269 16.811 0.009
 833.64279 16.734 0.008
 834.65697 16.581 0.011
 836.59036 16.744 0.010
 838.56349 16.810 0.011
 840.57892 16.587 0.009
 845.58458 16.760 0.009
 850.55204 16.418 0.010
 855.55871 16.688 0.011
 856.54658 16.460 0.009
 859.54622 16.478 0.008
 860.57853 16.844 0.011
 866.56583 16.830 0.009
 876.53438 16.786 0.009
 962.91496 16.634 0.009
 986.88124 16.744 0.010
 987.89353 16.631 0.009
 991.90742 16.394 0.007
 996.87518 16.666 0.006
 998.88086 16.818 0.010
1003.81204 16.475 0.009
1005.83746 16.717 0.011
1008.87061 16.740 0.011
1020.83351 16.822 0.009
1025.81315 16.428 0.009
1035.78803 16.871 0.009
1037.81528 16.558 0.008
1038.91430 16.490 0.010
1041.88473 16.436 0.007
1045.78588 16.773 0.008
1049.80629 16.651 0.008
1052.81668 16.669 0.009
1055.68643 16.662 0.008
1058.83823 16.732 0.010
1059.81709 16.506 0.009
1064.76023 16.732 0.010
1068.75210 16.568 0.007
1071.78009 16.614 0.008
1075.79723 16.387 0.007
1078.71900 16.390 0.007
1080.66504 16.644 0.009
1083.75735 16.705 0.007
1086.60791 16.667 0.008
1090.69099 16.509 0.009
1092.69109 16.741 0.009
1094.68725 16.837 0.008
1102.65586 16.601 0.008
1107.62419 16.776 0.008
1112.73038 16.465 0.008
1117.60579 16.677 0.008
1122.61739 16.830 0.010
1128.56598 16.812 0.010
1132.59634 16.781 0.009
1135.66502 16.793 0.008
1138.61780 16.801 0.009
1140.65017 16.435 0.008
1144.65320 16.783 0.009
1151.58767 16.729 0.009
1154.60725 16.728 0.009
1157.65300 16.747 0.009
1160.64451 16.755 0.010
1163.72644 16.779 0.009
1166.69348 16.827 0.008
1170.62240 16.710 0.008
1175.68352 16.827 0.011
1179.68123 16.781 0.010
1183.69010 16.615 0.009
1186.68393 16.632 0.007
1189.57248 16.624 0.007
1192.61708 16.662 0.008
1202.56363 16.455 0.009
1206.56726 16.833 0.011
1212.55882 16.687 0.011
1216.56486 16.695 0.011
1220.56105 16.623 0.009
1227.55665 16.457 0.009
1233.54419 16.528 0.010
1329.80553 16.732 0.011
1330.91567 16.614 0.009
1335.86082 16.764 0.011
1341.92166 16.830 0.010
1347.91803 16.828 0.011
1355.90692 16.641 0.010
1365.90783 16.461 0.008
1367.88539 16.683 0.012
1369.87306 16.819 0.010
1374.87198 16.518 0.009
1395.83757 16.693 0.009
1397.86095 16.812 0.011
1401.87462 16.733 0.009
1407.88193 16.755 0.010
1412.77988 16.634 0.010
1418.81998 16.390 0.007
1430.71399 16.485 0.008
1432.77886 16.742 0.008
1438.73174 16.764 0.008
1441.83886 16.784 0.009
1447.69532 16.794 0.012
1451.66138 16.639 0.009
1454.63560 16.660 0.009
1459.68119 16.806 0.011
1461.65601 16.521 0.009
1462.71439 16.831 0.010
1470.60325 16.559 0.010
1475.62734 16.764 0.011
1478.57592 16.758 0.010
1479.59209 16.628 0.010
1484.59132 16.802 0.010
1487.61838 16.802 0.009
1490.65411 16.774 0.010
1492.55687 16.494 0.009
1495.60616 16.528 0.008
1499.57482 16.811 0.011
1502.59526 16.596 0.009
1505.66235 16.393 0.009
1509.57328 16.799 0.009
1512.67543 16.785 0.011
1516.57515 16.697 0.009
1518.64508 16.855 0.011
1520.67293 16.579 0.009
1523.59027 16.525 0.012
1526.57318 16.576 0.008
1531.68047 16.799 0.010
1546.59659 16.819 0.009
1551.55960 16.533 0.008
1556.60034 16.859 0.013
1567.59670 16.422 0.012
1571.59121 16.784 0.009
1576.58005 16.543 0.009
1580.58480 16.696 0.009
1583.58687 16.534 0.008
1587.57594 16.759 0.009
1592.56797 16.422 0.009
1599.54634 16.808 0.012
1602.53615 16.788 0.013
1607.53027 16.579 0.010
1716.90864 16.735 0.010
1728.90010 16.784 0.010
1731.88667 16.785 0.008
1740.87533 16.806 0.011
1742.89978 16.554 0.009
1743.87315 16.806 0.011
1744.89225 16.714 0.010
1749.84258 16.785 0.008
1750.86909 16.782 0.010
1751.82636 16.598 0.008
1752.84213 16.643 0.009
1753.84317 16.765 0.009
1754.81539 16.587 0.009
1755.83526 16.532 0.011
1756.86440 16.773 0.014
1757.81380 16.619 0.010
1758.81844 16.395 0.008
1759.80830 16.785 0.009
1761.84768 16.422 0.008
1762.83007 16.812 0.009
1763.83573 16.681 0.008
1764.82550 16.430 0.007
1765.82167 16.796 0.009
1766.77493 16.675 0.012
1768.78593 16.794 0.011
1769.69479 16.650 0.011
1771.78811 16.806 0.012
1772.80799 16.754 0.008
1773.77523 16.547 0.009
1775.85911 16.778 0.009
1784.84346 16.792 0.011
1788.74680 16.613 0.009
1803.80095 16.729 0.009
1808.80986 16.563 0.008
1811.79302 16.464 0.007
1814.83986 16.403 0.007
1817.80573 16.425 0.007
1821.60763 16.788 0.012
1823.76515 16.470 0.007
1828.85160 16.749 0.009
1829.77643 16.567 0.009
1847.80010 16.683 0.008
1854.78248 16.563 0.008
1859.74648 16.743 0.009
1863.73017 16.583 0.010
1871.79092 16.801 0.009
2104.85361 16.410 0.009
2115.90842 16.769 0.013
2116.89452 16.589 0.012
2117.90023 16.699 0.012
2123.84320 16.506 0.010
2129.87992 16.410 0.011
2132.82847 16.423 0.011
2137.91239 16.723 0.015
2140.83763 16.740 0.013
2143.83858 16.733 0.012
2144.81010 16.545 0.010
2155.90109 16.724 0.018
2171.76202 16.732 0.011
2193.70496 16.704 0.010
2219.69933 16.450 0.011
2223.68828 16.798 0.014
2226.66414 16.876 0.016
2248.63710 16.813 0.012
2253.59101 16.460 0.011
2256.57329 16.473 0.013
2258.61374 16.738 0.011
2265.63101 16.596 0.011
2270.58923 16.785 0.012
2272.58728 16.399 0.011
2274.57113 16.628 0.013
2280.55122 16.660 0.015
2285.58971 16.839 0.013
2289.58665 16.719 0.012
2291.58735 16.772 0.012
2293.58791 16.576 0.012
2295.58425 16.754 0.013
2299.58389 16.621 0.013
2301.57657 16.704 0.014
2521.80778 16.626 0.010
2534.85695 16.510 0.013
2538.82549 16.854 0.015
2540.76541 16.531 0.013
2544.68455 16.845 0.013
2551.71584 16.778 0.012
2553.67260 16.616 0.013
2556.71196 16.414 0.009
2557.72450 16.799 0.011
2558.68095 16.625 0.012
2559.63798 16.429 0.010
2560.67095 16.792 0.012
2561.71657 16.689 0.012
2565.70935 16.471 0.012
2568.75335 16.536 0.015
2571.67013 16.523 0.011
2574.66321 16.540 0.010
2576.69796 16.782 0.013
2577.66299 16.556 0.012
2578.65052 16.757 0.015
2579.66106 16.790 0.013
2580.66917 16.590 0.011
2583.64121 16.590 0.012
2598.67513 16.734 0.015
2607.64930 16.763 0.014
2637.56475 16.640 0.012
2657.54036 16.732 0.016
2661.53687 16.548 0.011
2805.87134 16.590 0.016
2830.83926 16.548 0.011
2845.94117 16.685 0.017
2850.91043 16.821 0.016
2858.93138 16.628 0.011
2861.76875 16.572 0.011
2862.89217 16.396 0.012
2863.85684 16.798 0.016
2865.81655 16.460 0.011
2867.80597 16.638 0.011
2868.80956 16.380 0.010
2869.79609 16.816 0.013
2870.83760 16.667 0.012
2871.88072 16.438 0.011
2872.83755 16.820 0.012
2875.82839 16.803 0.013
2876.79780 16.706 0.012
2879.72431 16.681 0.012
2883.84753 16.566 0.011
2895.81442 16.639 0.011
2897.71794 16.802 0.014
2903.77136 16.790 0.009
2906.72361 16.818 0.012
2910.69548 16.722 0.013
2912.70084 16.839 0.012
2918.69046 16.808 0.013
2922.69044 16.774 0.014
2924.63142 16.646 0.012
2926.62544 16.604 0.013
2929.68661 16.643 0.012
2931.66256 16.787 0.011
2933.67302 16.449 0.010
2935.63736 16.680 0.014
2942.65562 16.536 0.011
2962.65182 16.828 0.013
2965.65449 16.827 0.013
2968.61683 16.828 0.016
2970.63565 16.537 0.011
2972.64021 16.730 0.014
2977.64410 16.571 0.014
2981.63128 16.754 0.019
2986.58140 16.399 0.011
2991.57953 16.662 0.013
2997.58066 16.726 0.012
3006.54197 16.780 0.013
3009.53724 16.777 0.016
3015.57491 16.785 0.013
3018.55200 16.738 0.014
3020.58772 16.495 0.011
3025.60001 16.754 0.013
3027.62550 16.784 0.012
3031.60201 16.781 0.014
3037.55144 16.740 0.015
3199.93449 16.616 0.015
3210.91514 16.678 0.012
3215.80488 16.797 0.016
3216.75078 16.677 0.014
3223.85690 16.532 0.013
3243.87206 16.832 0.016
3245.79842 16.488 0.013
3277.77208 16.827 0.013
3335.61794 16.490 0.011
3350.53794 16.586 0.010
3353.59651 16.646 0.010
3367.64009 16.845 0.013
3372.57356 16.579 0.010
3554.94420 16.456 0.010
3561.95140 16.827 0.015
3564.92910 16.851 0.009
3568.87470 16.770 0.011
3570.83573 16.829 0.015
3571.82667 16.785 0.015
3573.87237 16.508 0.012
3577.88450 16.822 0.012
3578.92054 16.671 0.009
3579.82559 16.395 0.008
3581.89467 16.652 0.011
3582.85097 16.407 0.010
3583.86119 16.811 0.010
3585.88230 16.492 0.007
3586.83446 16.800 0.009
3588.85274 16.509 0.009
3590.80879 16.719 0.009
3592.77354 16.832 0.009
3594.81303 16.552 0.009
3597.85295 16.591 0.010
3600.88915 16.660 0.015
3602.75000 16.787 0.014
3607.84113 16.413 0.008
3614.81334 16.795 0.009
3617.79714 16.816 0.010
3619.77522 16.511 0.008
3621.76772 16.752 0.010
3628.79458 16.608 0.013
3630.64647 16.774 0.014
3634.71671 16.631 0.009
3637.67552 16.606 0.010
3641.72221 16.430 0.009
3643.82063 16.694 0.012
3646.69235 16.704 0.011
3650.71358 16.522 0.009
3652.64871 16.730 0.009
3656.65072 16.540 0.009
3657.70841 16.727 0.010
3658.68572 16.740 0.012
3659.66604 16.596 0.011
3661.61473 16.765 0.013
3663.63769 16.627 0.012
3665.67000 16.627 0.009
3668.61917 16.622 0.011
3670.56986 16.776 0.013
3672.60931 16.425 0.010
3674.66816 16.680 0.009
3676.60857 16.798 0.011
3682.58531 16.806 0.012
3684.57820 16.527 0.009
3686.56809 16.748 0.011
3688.54115 16.847 0.011
3690.54705 16.586 0.012
3692.59962 16.771 0.012
3694.58619 16.537 0.009
3696.58233 16.630 0.009
3698.61606 16.817 0.013
3702.61702 16.667 0.010
3714.57303 16.757 0.012
3718.55650 16.592 0.011
3738.56458 16.839 0.012
3742.56175 16.694 0.016
3747.56253 16.560 0.011
3762.54834 16.495 0.012
3766.55357 16.846 0.011
3871.89974 16.680 0.013
3902.92003 16.741 0.012
3907.91487 16.813 0.012
3913.94042 16.496 0.008
3918.91019 16.632 0.009
3931.94175 16.535 0.011
3934.87970 16.535 0.009
3936.88802 16.749 0.011
3938.87205 16.751 0.011
3945.87897 16.796 0.010
3961.76302 16.725 0.013
3981.66545 16.491 0.009
3991.73234 16.855 0.013
4001.64593 16.761 0.010
4003.61736 16.820 0.012
4004.69715 16.781 0.010
4005.69130 16.622 0.009
4008.59344 16.577 0.008
4011.64394 16.631 0.009
4014.62637 16.647 0.013
4016.62315 16.790 0.011
4018.61955 16.445 0.009
4020.62300 16.700 0.012
4023.60886 16.734 0.011
4025.60923 16.819 0.012
4027.59736 16.519 0.010
4029.57966 16.744 0.010
4031.56675 16.816 0.010
4033.66099 16.604 0.009
4038.55618 16.719 0.012
4042.56434 16.621 0.010
4044.58735 16.838 0.016
4046.62044 16.454 0.009
4049.53237 16.433 0.008
4051.58195 16.686 0.010
4053.62938 16.831 0.010
4055.52203 16.498 0.012
4057.59738 16.765 0.014
4063.54088 16.784 0.011
4067.58378 16.643 0.010
4069.53666 16.788 0.014
4071.54748 16.376 0.008
4077.54530 16.450 0.008
4082.54683 16.725 0.012
4120.56452 16.643 0.009
4285.94449 16.787 0.013
4292.88693 16.657 0.010
4295.88040 16.673 0.011
4296.91088 16.483 0.009
4297.94282 16.833 0.012
4299.87768 16.502 0.009
4300.89942 16.825 0.011
4301.91797 16.736 0.010
4302.93987 16.572 0.011
4306.93658 16.655 0.012
4307.85114 16.752 0.011
4308.88727 16.564 0.011
4310.85942 16.775 0.012
4311.85928 16.592 0.014
4312.92146 16.420 0.009
4314.94054 16.647 0.014
4316.84842 16.799 0.014
4320.87573 16.693 0.012
4326.85794 16.727 0.013
4327.83410 16.469 0.014
4328.84984 16.830 0.012
4329.85096 16.737 0.012
4330.88048 16.550 0.010
4332.89669 16.732 0.013
4338.92611 16.795 0.014
4340.79695 16.619 0.011
4341.78983 16.767 0.013
4342.86400 16.625 0.012
4343.78338 16.528 0.010
4344.76546 16.756 0.012
4346.72175 16.569 0.012
4348.72754 16.627 0.011
4350.70420 16.790 0.011
4352.80632 16.461 0.011
4353.66233 16.793 0.013
4354.78367 16.689 0.011
4357.76735 16.713 0.013
4359.72131 16.835 0.012
4362.66896 16.798 0.016
4365.68662 16.808 0.015
4369.68060 16.751 0.015
4371.66955 16.761 0.013
4376.67301 16.639 0.012
4378.63963 16.785 0.013
4379.67093 16.655 0.014
4381.63008 16.783 0.015
4382.70864 16.688 0.011
4386.68289 16.471 0.010
4388.68361 16.705 0.011
4390.69245 16.830 0.011
4393.68700 16.836 0.013
4396.66156 16.837 0.014
4398.66655 16.548 0.011
4400.69106 16.774 0.013
4404.66806 16.621 0.012
4407.65595 16.650 0.011
4410.68586 16.662 0.011
4415.67219 16.808 0.011
4418.61771 16.827 0.011
4421.67552 16.822 0.012
4423.67997 16.574 0.011
4426.55618 16.549 0.012
4428.57287 16.742 0.015
4430.63309 16.528 0.010
4432.61899 16.620 0.010
4434.62426 16.780 0.012
4436.60056 16.406 0.009
4438.66322 16.683 0.013
4440.59635 16.781 0.013
4442.55787 16.427 0.012
4444.58267 16.693 0.014
4450.61510 16.674 0.014
4452.59264 16.844 0.013
4454.52968 16.532 0.014
4457.53731 16.565 0.013
4459.55740 16.770 0.013
4462.58885 16.817 0.013
4466.61300 16.673 0.012
4471.54766 16.798 0.013
4475.54173 16.676 0.012
4482.58971 16.559 0.013
4485.59278 16.567 0.012
4488.59503 16.609 0.013
4609.91743 16.811 0.014
4643.90154 16.856 0.013
4663.91765 16.697 0.012
4665.84291 16.802 0.014
4665.93674 16.794 0.013
4666.93588 16.720 0.013
4670.92500 16.537 0.010
4671.89492 16.841 0.013
4676.92519 16.586 0.012
4677.84080 16.808 0.010
4688.82904 16.652 0.010
4690.75464 16.799 0.011
4691.75767 16.646 0.013
4693.91264 16.824 0.014
4696.88632 16.835 0.016
4697.82483 16.714 0.014
4698.77439 16.463 0.008
4699.76852 16.795 0.011
4700.80323 16.723 0.011
4701.81114 16.541 0.010
4703.77036 16.739 0.011
4704.78910 16.531 0.009
4705.79660 16.819 0.013
4707.78899 16.571 0.009
4709.74481 16.740 0.011
4710.77338 16.585 0.008
4716.77905 16.640 0.007
4717.70510 16.503 0.009
4719.79393 16.669 0.013
4721.78677 16.829 0.015
4724.66933 16.775 0.013
4725.74880 16.690 0.011
4728.75439 16.723 0.011
4733.73096 16.831 0.011
4740.67253 16.758 0.012
4741.70791 16.592 0.009
4743.75648 16.793 0.010
4747.61211 16.598 0.011
4749.61179 16.785 0.014
4753.68276 16.666 0.013
4755.67478 16.789 0.012
4757.65927 16.460 0.009
4759.67397 16.711 0.010
4761.64235 16.808 0.010
4763.65960 16.542 0.011
4767.60052 16.838 0.012
4770.66906 16.581 0.011
4772.60680 16.590 0.009
4774.56136 16.782 0.011
4776.55297 16.594 0.010
4777.65491 16.812 0.013
4780.52361 16.781 0.013
4781.63756 16.668 0.011
4783.58669 16.802 0.013
4785.62207 16.455 0.011
4789.55318 16.793 0.011
4793.54212 16.704 0.012
4795.55482 16.839 0.011
4797.54708 16.553 0.011
4798.61042 16.683 0.012
4800.65780 16.608 0.010
4803.54891 16.573 0.010
4804.60400 16.414 0.011
4805.59086 16.800 0.012
4807.52867 16.451 0.012
4809.55802 16.639 0.011
4811.57992 16.795 0.012
4813.55685 16.448 0.011
4815.59277 16.727 0.013
4816.53985 16.491 0.010
4818.59012 16.698 0.012
4820.53162 16.829 0.014
4822.58838 16.557 0.010
4824.57320 16.748 0.013
4826.63284 16.537 0.009
4835.59549 16.408 0.010
4836.63561 16.744 0.013
4837.60646 16.663 0.013
4838.60656 16.463 0.010
4841.55724 16.483 0.011
4841.58281 16.464 0.011
4842.53474 16.820 0.016
4842.60683 16.766 0.015
4843.52893 16.711 0.016
4843.57704 16.711 0.013
4844.52683 16.484 0.016
4844.61721 16.543 0.010
4846.58616 16.742 0.012
4847.62249 16.522 0.012
4848.62240 16.749 0.011
4850.60987 16.566 0.011
4854.60110 16.519 0.010
4856.61834 16.630 0.010
4862.56626 16.643 0.011
4868.55663 16.690 0.012
4935.91263 16.553 0.012
4937.91334 16.775 0.012
4940.91475 16.751 0.012
