2104.90266 15.929 0.006
2112.89633 16.097 0.006
2117.86387 16.119 0.007
2125.78780 16.181 0.011
2128.90086 16.128 0.008
2129.92937 16.039 0.007
2130.90582 16.251 0.007
2131.79478 15.840 0.007
2132.87967 16.165 0.008
2133.85060 16.066 0.007
2134.88803 16.062 0.008
2137.88088 16.172 0.010
2140.88655 16.294 0.008
2141.79682 15.901 0.007
2142.85359 16.168 0.008
2143.90460 15.718 0.006
2144.78465 16.059 0.007
2156.74712 15.940 0.007
2160.82674 16.318 0.010
2161.70553 15.951 0.007
2162.84396 16.213 0.007
2166.66695 15.969 0.007
2167.72305 16.204 0.008
2168.78540 15.852 0.007
2171.79389 16.024 0.007
2172.83622 16.274 0.007
2173.77964 15.874 0.006
2174.70605 16.155 0.007
2177.71156 16.236 0.007
2184.77282 16.184 0.008
2187.64348 16.259 0.008
2189.76272 16.182 0.008
2190.76291 15.727 0.006
2191.63548 16.063 0.007
2192.72893 16.320 0.007
2193.75619 15.963 0.006
2194.72085 16.176 0.007
2200.73588 15.786 0.006
2203.62383 15.966 0.007
2208.72029 16.014 0.007
2211.72682 16.146 0.007
2212.71265 16.140 0.007
2214.73345 16.250 0.008
2217.70724 15.962 0.007
2221.59587 16.169 0.007
2225.66359 15.913 0.006
2227.55683 15.998 0.008
2228.62482 16.050 0.007
2232.63217 15.716 0.006
2234.61755 16.323 0.008
2236.60665 16.196 0.008
2239.55552 16.317 0.008
2241.59910 16.195 0.007
2243.63734 16.122 0.007
2249.60472 16.290 0.007
2251.60366 16.215 0.007
2254.60116 16.171 0.007
2256.61937 16.243 0.008
2263.55783 16.162 0.007
2265.59775 16.065 0.007
2270.61759 16.087 0.007
2274.60271 15.728 0.007
2276.60911 16.333 0.010
2278.58580 16.204 0.008
2283.61586 16.207 0.008
2290.56910 16.152 0.007
2292.62883 16.046 0.008
2294.63363 15.904 0.007
2296.59389 15.987 0.008
2298.60243 16.275 0.008
2300.60157 16.170 0.008
2303.58145 16.287 0.008
2453.91126 16.284 0.010
2462.91500 16.115 0.008
2464.91563 15.955 0.007
2466.90806 15.744 0.007
2468.90399 16.339 0.008
2470.89327 16.206 0.007
2472.87566 16.119 0.006
2488.78096 16.236 0.008
2489.84327 16.049 0.007
2492.82496 16.160 0.008
2496.82341 15.900 0.007
2497.84666 16.174 0.008
2498.84602 15.739 0.006
2499.93374 16.105 0.007
2501.93011 15.961 0.007
2502.90598 16.192 0.008
2511.77036 15.959 0.008
2516.89573 16.009 0.008
2517.89629 16.219 0.007
2518.87215 15.849 0.007
2519.78355 16.133 0.007
2520.86383 16.150 0.008
2521.75372 15.988 0.007
2524.77936 16.156 0.008
2529.76927 16.159 0.007
2535.76749 15.844 0.007
2537.77398 16.297 0.010
2537.79298 16.303 0.010
2538.87733 15.964 0.008
2539.76792 16.176 0.008
2540.81622 15.736 0.007
2541.78327 16.095 0.007
2542.74968 16.303 0.008
2544.73362 16.175 0.007
2545.74709 15.731 0.006
2547.76110 16.338 0.008
2548.78316 15.974 0.007
2550.77817 15.771 0.006
2551.76563 16.125 0.007
2552.78078 16.328 0.008
2553.72153 15.983 0.008
2554.77403 16.215 0.008
2555.78198 15.825 0.007
2556.76190 16.136 0.008
2557.77617 16.269 0.008
2558.72997 15.995 0.007
2559.69209 16.214 0.007
2560.72431 15.820 0.006
2561.76559 16.156 0.008
2562.73906 16.221 0.007
2563.74629 16.010 0.007
2565.76244 15.866 0.007
2566.73731 16.156 0.008
2571.72518 16.153 0.008
2573.72891 16.057 0.008
2574.71641 16.276 0.008
2576.75559 16.180 0.008
2577.71401 15.769 0.007
2578.69600 16.082 0.008
2579.70660 16.301 0.008
2580.72271 15.932 0.007
2583.71107 16.097 0.008
2584.69767 16.321 0.008
2587.68053 15.735 0.006
2588.69316 16.105 0.008
2589.68620 16.329 0.008
2590.69908 15.984 0.007
2591.72100 16.211 0.008
2593.67806 16.122 0.008
2594.68504 16.336 0.010
2596.65906 16.230 0.010
2597.64671 15.794 0.007
2598.72441 16.142 0.008
2599.68801 16.283 0.010
2609.54833 16.270 0.008
2611.59733 16.248 0.010
2614.56223 16.104 0.007
2618.59861 16.168 0.008
2622.57052 15.905 0.007
2626.53440 16.284 0.008
2629.57906 15.721 0.007
2637.53969 15.981 0.008
2640.56287 16.124 0.007
2643.56546 16.204 0.008
2649.57282 15.867 0.007
2652.55735 16.050 0.008
2655.56864 16.180 0.010
2658.54554 16.279 0.008
2662.55263 16.088 0.010
2665.57427 16.201 0.008
2670.55888 16.223 0.010
2674.57066 15.993 0.007
2677.55425 16.135 0.008
2680.56134 16.225 0.008
2684.54497 16.023 0.008
2804.82757 15.849 0.010
2805.92296 16.166 0.011
2812.93960 16.079 0.008
2815.94839 16.189 0.010
2819.93731 15.966 0.007
2829.89507 15.986 0.007
2831.89593 15.814 0.007
2832.85993 16.131 0.007
2833.93703 16.189 0.010
2836.92618 15.870 0.008
2837.94044 16.168 0.010
2838.92807 16.077 0.010
2840.87680 16.250 0.008
2843.90605 15.916 0.006
2844.94223 16.057 0.008
2848.87767 15.809 0.008
2849.92690 16.078 0.007
2851.85388 15.922 0.007
2852.88704 16.187 0.008
2854.89841 16.094 0.007
2857.93392 16.201 0.008
2859.89306 16.106 0.007
2861.81778 15.957 0.007
2862.86604 16.205 0.008
2863.90510 15.796 0.007
2865.79033 16.335 0.010
2867.87692 16.209 0.008
2869.84199 16.144 0.008
2870.88594 16.232 0.008
2872.80990 16.214 0.007
2877.81884 16.233 0.008
2879.84144 16.145 0.007
2884.79031 16.164 0.007
2886.80321 16.043 0.007
2888.74791 15.896 0.007
2890.78486 15.813 0.008
2893.81611 15.936 0.007
2895.78732 15.703 0.006
2897.77190 16.289 0.008
2899.80420 16.183 0.007
2903.82318 15.979 0.007
2906.77162 16.121 0.007
2908.74937 15.974 0.007
2910.74364 15.796 0.007
2916.76228 16.145 0.007
2918.74499 16.017 0.007
2922.74229 16.061 0.008
2924.73850 16.259 0.008
2926.67393 16.142 0.008
2929.73526 16.288 0.008
2931.71277 16.173 0.007
2933.72335 16.062 0.007
2935.68745 15.926 0.007
2937.71800 15.718 0.007
2939.65229 16.293 0.008
2941.67945 16.181 0.007
2943.67561 16.097 0.007
2944.67815 16.327 0.008
2947.68600 15.777 0.007
2949.66685 16.328 0.008
2950.61837 15.959 0.007
2951.69942 16.204 0.008
2953.65268 16.130 0.008
2955.63199 16.000 0.008
2957.64823 15.821 0.007
2964.69200 15.964 0.008
2966.62230 16.254 0.008
2969.64756 15.874 0.007
2971.67440 16.290 0.008
2974.54911 15.976 0.007
2976.58221 16.279 0.008
2978.57010 16.186 0.010
2980.62491 16.086 0.008
2982.59407 15.943 0.007
2984.62270 15.744 0.007
2986.63300 16.338 0.008
2989.58449 15.761 0.007
2992.60067 15.978 0.007
2996.60796 16.267 0.007
2999.60279 15.860 0.007
3003.54700 16.222 0.008
3006.59389 15.970 0.007
3009.58597 15.915 0.007
3013.59843 16.290 0.008
3017.58710 16.092 0.008
3020.56183 16.197 0.007
3022.58952 16.121 0.007
3024.58853 15.978 0.007
3026.55881 15.781 0.007
3028.55959 16.332 0.008
3030.56333 16.223 0.008
3032.58044 16.155 0.008
3034.57999 16.010 0.007
3038.57099 16.175 0.008
3180.93398 16.225 0.007
3184.92582 15.992 0.007
3196.92105 15.910 0.007
3202.91353 16.186 0.007
3204.88357 16.083 0.007
3206.89643 15.932 0.007
3211.80790 15.934 0.007
3216.79870 15.948 0.007
3217.90287 16.205 0.008
3224.84542 16.134 0.007
3228.82340 15.840 0.007
3230.80092 16.266 0.007
3238.82799 15.890 0.007
3239.86731 16.175 0.007
3241.76948 16.047 0.007
3242.80541 16.283 0.008
3244.74247 16.163 0.007
3245.84621 15.703 0.006
3246.84325 16.069 0.007
3248.74803 15.914 0.007
3250.80902 15.716 0.006
3253.76263 15.947 0.007
3256.74568 16.087 0.007
3258.74491 15.957 0.006
3260.71842 15.726 0.006
3262.75978 16.325 0.007
3264.70609 16.201 0.007
3266.77694 16.136 0.007
3268.71047 15.984 0.006
3270.77426 15.853 0.006
3271.73806 16.144 0.007
3273.69691 16.004 0.007
3275.68731 15.840 0.007
3276.78138 16.154 0.008
3278.66159 16.016 0.007
3280.69349 15.876 0.006
3282.68858 16.017 0.006
3286.64722 16.172 0.007
3288.66094 16.058 0.006
3291.63610 16.186 0.008
3294.64789 16.300 0.007
3296.61526 16.175 0.006
3298.62412 16.096 0.006
3300.62469 15.943 0.007
3302.60584 15.727 0.007
3305.70169 15.987 0.007
3307.61834 15.796 0.007
3309.63903 16.310 0.007
3311.59463 16.200 0.007
3315.62810 16.010 0.007
3320.67154 16.056 0.007
3323.62826 16.167 0.007
3324.63804 15.906 0.006
3329.57149 15.912 0.006
3334.58767 15.765 0.007
3336.58356 16.315 0.008
3341.63052 16.318 0.008
3350.58621 16.136 0.006
3354.61822 15.862 0.007
3360.59806 16.169 0.007
3366.63767 15.725 0.006
3372.62210 16.092 0.007
3376.59786 15.746 0.006
3379.61529 15.978 0.007
3387.57461 16.133 0.008
3395.58306 16.245 0.008
3399.56992 16.054 0.008
3403.56094 15.829 0.007
3543.93947 16.180 0.008
3552.89285 16.164 0.008
3558.94413 15.712 0.006
3562.93861 16.196 0.006
3568.93014 15.778 0.006
3570.88994 16.321 0.008
3571.87854 15.981 0.007
3573.92436 15.806 0.007
3575.88358 16.309 0.007
3579.88132 16.131 0.006
3582.77856 16.202 0.007
3589.86105 16.166 0.007
3590.89132 15.900 0.006
3592.83297 16.254 0.006
3594.89330 16.192 0.007
3603.78187 15.923 0.006
3607.87457 16.311 0.007
3617.83087 16.307 0.007
3619.80677 16.214 0.006
3621.80386 16.146 0.006
3621.84931 16.146 0.006
3625.80224 15.864 0.006
3628.75241 16.039 0.007
3630.71900 15.872 0.007
3632.75273 16.036 0.007
3634.66146 16.259 0.008
3637.73569 15.891 0.006
3640.70112 15.915 0.006
3642.69903 15.804 0.007
3644.73191 16.303 0.007
3646.74561 16.192 0.007
3650.76130 15.965 0.006
3652.70974 15.743 0.006
3654.68300 16.338 0.007
3656.75659 16.219 0.008
3657.76000 15.825 0.006
3659.72179 16.302 0.008
3661.64840 16.212 0.008
3664.71843 16.237 0.007
3666.71747 16.237 0.007
3668.70175 16.154 0.007
3670.68312 16.033 0.007
3672.64254 15.854 0.006
3674.77448 15.759 0.006
3676.66778 16.270 0.007
3682.64386 15.898 0.006
3684.66794 15.715 0.006
3686.62446 16.295 0.008
3688.59726 16.193 0.007
3693.60904 16.196 0.007
3695.60505 16.106 0.007
3697.59556 15.972 0.007
3699.59533 15.783 0.006
3701.62940 16.311 0.007
3703.63438 16.206 0.007
3705.64476 16.145 0.006
3707.61132 16.023 0.006
3712.67191 16.047 0.007
3715.61281 16.176 0.007
3717.59146 16.054 0.007
3720.62723 16.185 0.007
3724.59649 15.927 0.007
3726.61687 15.717 0.006
3731.55666 15.729 0.006
3735.59567 16.186 0.007
3739.55821 15.981 0.006
3743.57225 16.264 0.007
3748.57585 16.162 0.010
3753.57284 15.990 0.007
3759.57764 16.081 0.007
3763.56255 15.724 0.006
3769.54032 16.116 0.007
3773.56621 15.785 0.006
3778.54091 15.815 0.007
3903.92467 16.052 0.007
3908.94792 15.810 0.006
3915.93804 16.299 0.007
3920.90890 16.330 0.007
3933.84915 15.805 0.006
3935.84560 16.288 0.007
3937.88351 16.238 0.008
3945.85288 16.007 0.006
3950.87076 15.762 0.006
3957.82868 16.301 0.008
3959.83253 16.193 0.007
3961.81112 16.114 0.008
3964.81819 16.196 0.006
3966.81073 16.119 0.006
3968.80399 15.979 0.006
3970.79555 15.781 0.006
3973.76655 15.990 0.006
3975.77987 15.814 0.006
3980.71238 15.808 0.006
3981.71222 16.144 0.007
3982.77665 16.146 0.007
3986.75372 16.155 0.007
3989.85642 16.307 0.008
3991.79463 16.194 0.007
3994.70640 16.256 0.008
3998.83387 16.113 0.007
4001.70093 16.184 0.007
4003.66454 16.073 0.006
4005.73946 15.963 0.006
4007.63804 15.728 0.006
4008.66339 16.076 0.006
4011.69108 16.211 0.007
4014.68908 16.320 0.008
4016.67024 16.234 0.010
4018.66664 16.120 0.007
4020.70589 16.018 0.006
4023.65607 16.153 0.007
4025.70426 16.030 0.006
4027.64451 15.857 0.006
4029.62672 16.112 0.007
4031.61367 16.239 0.007
4036.67243 16.296 0.007
4038.64555 16.180 0.007
4040.58387 16.075 0.007
4042.65276 15.940 0.007
4047.60686 15.943 0.007
4049.57947 15.717 0.006
4051.62911 16.321 0.008
4053.60351 16.196 0.006
4055.56906 16.117 0.008
4057.57210 16.002 0.007
4060.55108 16.133 0.007
4064.59553 15.839 0.006
4066.55291 16.251 0.007
4068.62025 16.240 0.007
4071.58497 16.001 0.007
4073.59188 16.282 0.008
4075.63692 16.174 0.007
4077.60935 16.084 0.007
4079.59282 15.930 0.006
4083.56389 16.310 0.008
4087.62196 16.126 0.007
4095.58602 16.216 0.007
4100.56341 16.235 0.008
4105.64010 16.287 0.007
4107.58118 16.155 0.007
4108.62727 15.808 0.006
4112.58154 16.183 0.007
4119.58352 16.109 0.007
4120.61432 16.342 0.007
4122.60295 16.198 0.007
4127.59518 16.215 0.007
4253.92071 16.218 0.008
4255.94090 16.234 0.010
4258.92084 16.082 0.010
4273.94097 15.734 0.008
4279.77001 16.087 0.010
4282.85657 16.204 0.008
4283.82468 15.757 0.007
4284.92646 16.147 0.008
4289.89727 16.159 0.007
4292.93075 16.236 0.007
4295.92457 16.007 0.007
4297.84478 16.241 0.008
4298.87794 15.888 0.007
4299.92139 16.165 0.007
4300.94363 15.755 0.006
4302.84413 16.223 0.008
4303.85287 15.910 0.007
4307.79347 16.271 0.008
4308.72467 15.870 0.007
4308.93205 15.954 0.007
4310.90377 15.731 0.007
4314.83427 16.187 0.008
4316.89413 16.110 0.007
4320.83996 15.781 0.007
4326.90407 16.150 0.008
4327.92674 16.127 0.008
4328.89665 16.038 0.007
4329.91182 16.250 0.008
4331.89461 16.159 0.008
4333.92882 16.067 0.008
4336.89130 16.181 0.008
4339.89913 16.298 0.010
4340.88398 15.923 0.007
4342.85680 15.765 0.007
4344.81730 16.290 0.008
4346.79069 16.183 0.008
4348.77437 16.081 0.007
4350.75120 15.919 0.007
4353.70942 16.074 0.007
4355.76809 15.947 0.007
4358.71127 16.093 0.008
4362.71906 15.757 0.007
4363.72628 16.118 0.007
4365.71578 15.991 0.008
4369.74984 16.289 0.008
4370.70995 16.006 0.007
4373.72221 16.142 0.007
4376.71998 16.232 0.008
4378.68686 16.152 0.007
4379.71851 16.069 0.008
4381.67713 16.245 0.008
4383.70580 16.155 0.007
4386.73194 16.298 0.008
4388.73059 16.179 0.008
4391.55370 16.249 0.007
4394.64795 15.734 0.006
4396.71081 16.326 0.008
4398.71361 16.193 0.010
4402.69859 15.976 0.007
4404.71525 15.790 0.007
4409.70280 15.845 0.007
4412.64749 16.019 0.007
4415.73862 16.168 0.008
4417.68862 16.030 0.007
4420.67536 16.160 0.008
4423.66556 16.265 0.008
4426.54714 16.102 0.008
4428.60602 16.269 0.010
4430.62595 16.177 0.007
4432.61188 16.079 0.007
4434.65326 15.947 0.007
4436.62988 15.723 0.006
4438.63777 16.326 0.010
4440.64362 16.198 0.008
4442.60508 16.123 0.008
4444.62960 15.982 0.008
4450.60784 16.211 0.008
4452.63979 16.136 0.008
4454.62099 16.024 0.007
4456.61588 15.869 0.007
4457.64468 16.168 0.008
4460.59333 16.253 0.008
4462.61823 16.165 0.008
4464.61282 16.066 0.007
4471.58609 15.940 0.007
4473.57401 15.722 0.007
4475.63736 16.328 0.008
4480.62132 16.326 0.008
4482.62349 16.217 0.010
4484.63380 16.163 0.010
4486.64560 16.019 0.008
4490.57477 16.239 0.008
4643.94816 15.865 0.007
4651.92464 16.036 0.007
4655.84556 16.013 0.007
4661.94424 16.079 0.007
4662.86786 16.309 0.007
4663.81658 15.920 0.007
4665.88966 15.716 0.007
4671.92362 16.129 0.007
4677.88749 16.306 0.007
4682.87284 16.244 0.008
4684.89993 16.243 0.007
4686.86000 16.153 0.007
4688.87614 16.047 0.006
4690.80162 15.858 0.006
4691.80487 16.164 0.007
4694.81467 16.255 0.010
4697.79562 15.933 0.007
4699.81651 16.284 0.007
4700.85042 15.935 0.006
4701.85824 16.179 0.007
4703.81753 16.083 0.007
4704.83586 16.305 0.008
4707.82479 15.734 0.006
4709.79542 16.310 0.007
4715.80043 15.981 0.007
4717.75502 15.779 0.006
4720.73408 15.981 0.007
4724.69840 16.315 0.008
4726.69240 16.235 0.008
4730.74680 16.032 0.006
4740.72428 16.070 0.007
4743.72198 16.176 0.007
4748.70810 16.192 0.007
4750.74084 16.132 0.008
4754.66643 15.724 0.006
4756.69655 16.330 0.008
4758.65612 16.203 0.007
4760.64282 16.121 0.007
4762.63282 15.987 0.007
4767.68906 16.032 0.007
4771.58334 16.298 0.008
4772.65398 16.037 0.007
4774.65036 15.864 0.007
4776.60081 16.128 0.008
4778.60311 16.242 0.007
4780.62079 16.166 0.008
4782.57259 16.037 0.007
4783.63430 16.291 0.008
4786.55523 15.889 0.007
4789.61838 15.956 0.006
4791.58260 15.724 0.006
4793.58927 16.329 0.008
4795.62357 16.201 0.007
4797.59668 16.118 0.008
4799.60307 15.981 0.007
4801.57969 15.781 0.006
4802.64642 16.130 0.007
4803.61885 16.288 0.008
4805.56138 16.204 0.007
4807.57991 16.134 0.008
4809.60496 16.019 0.007
4811.62691 15.866 0.007
4814.58465 16.046 0.008
4816.58688 15.882 0.007
4818.56471 16.008 0.007
4820.57889 16.280 0.008
4822.65160 16.187 0.007
4824.62052 16.091 0.007
4831.59669 15.964 0.007
4834.63019 16.125 0.010
4838.62944 15.828 0.007
4841.61202 15.990 0.007
4843.60947 15.836 0.007
4846.61512 16.032 0.007
4848.65144 15.875 0.006
4850.63891 15.924 0.007
4853.63461 15.897 0.007
4856.61033 16.053 0.007
4864.58801 16.190 0.007
4868.60776 15.973 0.007
4870.54717 15.733 0.006
4873.56285 15.854 0.006
