 621.85491 17.196 0.021
 626.93809 17.012 0.012
 627.90407 16.741 0.011
 628.91345 17.157 0.014
 632.91373 17.148 0.015
 633.91824 17.002 0.012
 635.91335 17.147 0.015
 643.88211 17.085 0.012
 645.88559 17.080 0.013
 649.85490 17.144 0.020
 656.90068 17.158 0.012
 657.84187 17.069 0.015
 658.91351 16.957 0.014
 664.80488 17.042 0.011
 664.89341 17.069 0.013
 665.88037 16.924 0.011
 666.89092 16.900 0.010
 667.90174 17.169 0.012
 668.87234 17.029 0.009
 670.83797 17.160 0.014
 671.86050 17.096 0.010
 672.91401 16.938 0.010
 673.71627 17.172 0.014
 673.91799 16.805 0.009
 684.79303 17.166 0.013
 685.73159 17.046 0.010
 686.77400 16.897 0.010
 688.87884 17.152 0.012
 689.76882 16.973 0.010
 697.73484 16.712 0.009
 698.88085 17.185 0.015
 699.73735 17.067 0.011
 700.74596 16.882 0.010
 701.71840 17.167 0.013
 704.69068 16.720 0.012
 706.71444 17.057 0.017
 707.75042 16.880 0.014
 708.71794 17.175 0.023
 712.71829 17.166 0.012
 713.75602 17.070 0.011
 714.77140 16.924 0.010
 716.70501 17.151 0.011
 720.68059 17.064 0.012
 722.64586 17.158 0.014
 726.73799 17.172 0.012
 728.63675 16.857 0.010
 729.70368 17.144 0.011
 730.62779 17.113 0.014
 733.68979 17.172 0.014
 739.75472 16.803 0.013
 741.68131 17.080 0.012
 742.77173 16.952 0.013
 744.72360 17.160 0.013
 745.67487 16.992 0.011
 747.61375 17.165 0.015
 748.57530 17.046 0.015
 749.58300 16.844 0.015
 750.57754 17.161 0.013
 751.58466 17.110 0.015
 752.78725 17.060 0.013
 753.72786 16.819 0.010
 754.69444 17.144 0.015
 755.58348 17.041 0.014
 759.58951 16.989 0.011
 760.59589 16.704 0.009
 761.59284 17.134 0.012
 762.58344 17.044 0.015
 762.71794 17.111 0.016
 763.60243 16.882 0.011
 763.68304 16.916 0.012
 763.77170 16.971 0.016
 764.68961 17.007 0.021
 765.63373 17.107 0.017
 766.52995 16.966 0.016
 766.67055 16.999 0.015
 767.57902 16.719 0.013
 767.63773 16.761 0.016
 767.73243 16.837 0.016
 769.56198 17.039 0.013
 770.53959 16.851 0.011
 771.56431 17.178 0.015
 772.56301 17.117 0.015
 772.74424 17.138 0.014
 773.62487 17.009 0.012
 774.65493 16.749 0.010
 775.60722 17.151 0.013
 776.59646 17.086 0.013
 776.74907 17.106 0.014
 777.54115 16.883 0.012
 778.57896 17.188 0.020
 778.66989 16.924 0.016
 779.55932 17.140 0.017
 779.71409 17.147 0.014
 780.55135 16.988 0.019
 780.56329 16.967 0.013
 780.73227 17.047 0.013
 781.61397 16.764 0.010
 782.54851 17.170 0.016
 782.64819 17.187 0.017
 783.59434 17.064 0.011
 784.63982 16.922 0.011
 785.53621 17.162 0.014
 786.54243 17.139 0.013
 787.62409 16.999 0.013
 788.55233 16.701 0.009
 790.59189 17.056 0.012
 795.57978 16.738 0.010
 796.56703 17.199 0.019
 796.69442 17.165 0.019
 797.54788 17.061 0.012
 798.61730 16.915 0.010
 800.55246 17.123 0.012
 802.64411 16.826 0.012
 806.55021 17.143 0.014
 808.56848 17.006 0.015
 816.64474 16.838 0.010
 817.63999 17.156 0.017
 822.60552 17.045 0.012
 824.62552 17.160 0.015
 825.61323 17.104 0.016
 828.65857 17.142 0.015
 829.62519 17.047 0.014
 830.54268 16.784 0.013
 832.63204 17.098 0.013
 834.53427 17.029 0.019
 836.59971 17.016 0.016
 838.61858 17.165 0.015
 840.61152 16.961 0.015
 842.56711 17.137 0.013
 843.61380 17.035 0.014
 845.59800 17.178 0.012
 850.58662 17.055 0.015
 855.59138 16.733 0.015
 856.55613 17.169 0.025
 858.52405 16.804 0.017
 860.52578 17.105 0.017
 867.52198 17.139 0.017
 874.52076 17.096 0.016
 963.90424 17.066 0.013
 986.89063 16.776 0.011
 987.90285 17.145 0.014
 996.88949 16.853 0.010
 998.82182 17.056 0.015
1003.82388 16.803 0.013
1005.84809 17.110 0.014
1008.88108 17.154 0.019
1020.84432 16.966 0.012
1025.82998 17.170 0.015
1035.79769 16.743 0.009
1037.82478 17.050 0.013
1038.84292 16.891 0.014
1041.83114 16.988 0.011
1045.79548 16.857 0.010
1049.82435 16.715 0.010
1053.71568 17.160 0.013
1058.78371 17.058 0.013
1059.82937 16.900 0.012
1061.81581 17.133 0.014
1064.77225 17.148 0.015
1069.68566 16.919 0.011
1074.66686 17.159 0.014
1077.66133 16.976 0.010
1079.66335 17.018 0.013
1081.71054 17.169 0.012
1084.64951 16.979 0.010
1087.66892 16.814 0.010
1090.63692 16.943 0.014
1092.70097 17.159 0.014
1094.69678 16.849 0.010
1095.72724 17.177 0.016
1102.66610 17.150 0.011
1107.63428 17.030 0.010
1112.67742 16.702 0.011
1117.61597 17.085 0.012
1122.63034 16.858 0.011
1128.58035 17.019 0.014
1132.60631 16.955 0.011
1138.65141 17.135 0.012
1140.65981 16.729 0.010
1144.68641 17.141 0.014
1151.59771 17.153 0.014
1154.55481 16.794 0.012
1157.56455 16.853 0.011
1160.58933 16.967 0.012
1163.66776 17.078 0.015
1164.71335 16.946 0.011
1170.56830 17.032 0.012
1178.69084 16.937 0.013
1182.68928 16.848 0.011
1185.63203 16.905 0.011
1187.66853 17.144 0.014
1190.53795 17.188 0.015
1202.61360 17.028 0.014
1208.58411 17.131 0.016
1211.58651 17.162 0.016
1216.57448 16.998 0.014
1219.57891 17.107 0.017
1228.52989 17.123 0.016
1234.52533 16.918 0.017
1235.52390 17.059 0.017
1329.81634 17.061 0.021
1330.92546 16.919 0.013
1335.89665 17.166 0.016
1341.93073 16.793 0.010
1347.92839 17.028 0.014
1349.92376 17.170 0.016
1355.91661 16.801 0.014
1366.87282 17.057 0.013
1367.89483 17.118 0.017
1369.88772 16.785 0.011
1374.88160 17.133 0.015
1395.84785 17.162 0.014
1397.87063 16.827 0.012
1401.88504 16.737 0.010
1402.88274 17.175 0.014
1407.89313 16.949 0.012
1412.79179 17.161 0.016
1418.76572 16.774 0.011
1432.78824 16.826 0.010
1435.71393 16.910 0.013
1439.81171 16.861 0.010
1442.77611 16.955 0.011
1447.70502 17.146 0.019
1451.69570 17.136 0.013
1454.69398 17.168 0.015
1460.63810 16.742 0.013
1462.66199 17.070 0.016
1470.61323 16.891 0.013
1475.66102 17.148 0.014
1478.58721 17.190 0.016
1480.69560 17.032 0.015
1484.60201 16.912 0.012
1487.56116 16.963 0.013
1489.58452 17.159 0.013
1491.64666 16.937 0.014
1494.69468 17.061 0.014
1495.54774 16.701 0.011
1499.51992 17.157 0.021
1502.60480 16.762 0.012
1506.59984 17.011 0.016
1509.58340 16.785 0.010
1514.65974 17.145 0.019
1517.57644 17.168 0.014
1520.61928 16.816 0.011
1522.64798 17.045 0.016
1525.54360 17.078 0.014
1528.64154 17.185 0.013
1544.57431 16.821 0.011
1546.63076 17.126 0.014
1551.59279 16.863 0.011
1555.57097 16.718 0.012
1562.60518 16.690 0.012
1568.57864 16.953 0.013
1573.57364 17.189 0.019
1579.55721 16.866 0.013
1581.58448 17.158 0.013
1584.56932 17.151 0.015
1586.58041 16.877 0.011
1588.55392 17.147 0.022
1592.57704 17.077 0.016
1597.55254 16.709 0.012
1602.54971 17.122 0.017
1607.53991 16.904 0.014
1706.91008 16.960 0.015
1726.94272 17.099 0.020
1730.92622 17.088 0.012
1738.87726 16.891 0.011
1740.88497 17.131 0.017
1744.90183 17.118 0.016
1745.89498 16.914 0.012
1749.87561 16.747 0.009
1750.87891 17.147 0.014
1751.85946 17.065 0.012
1752.85181 16.878 0.013
1753.85261 17.173 0.014
1754.84854 17.149 0.015
1755.84481 16.974 0.017
1756.87451 16.769 0.019
1757.82355 17.128 0.017
1758.82813 17.081 0.013
1759.84125 16.902 0.012
1761.85739 17.135 0.014
1762.83979 16.967 0.012
1763.84534 16.737 0.009
1764.83507 17.178 0.012
1765.83142 17.049 0.013
1766.80515 16.872 0.016
1768.81894 17.126 0.016
1769.73412 16.955 0.012
1773.79507 16.868 0.011
1775.80659 17.122 0.012
1785.78361 17.168 0.012
1788.81876 17.110 0.012
1789.75143 17.126 0.011
1803.85505 17.161 0.014
1809.77876 17.097 0.010
1812.75265 16.740 0.009
1815.80907 16.936 0.011
1821.70565 17.073 0.013
1823.77496 16.997 0.011
1829.70003 16.891 0.012
1830.76702 16.986 0.015
1864.71137 16.926 0.012
1865.71737 16.875 0.010
1873.68994 17.169 0.014
2086.91788 16.962 0.014
2104.84997 16.805 0.011
2106.90981 17.116 0.016
2115.90479 16.693 0.012
2116.89092 17.152 0.014
2117.89659 17.043 0.013
2123.83959 17.157 0.015
2128.84414 16.952 0.016
2129.87626 16.692 0.011
2130.82514 17.152 0.016
2131.81866 17.056 0.015
2132.82488 16.834 0.013
2133.91343 17.132 0.021
2134.82976 17.106 0.019
2135.86420 16.975 0.013
2136.86411 16.716 0.013
2137.90908 17.140 0.021
2140.83398 17.184 0.016
2142.88122 16.980 0.014
2143.83528 16.712 0.011
2144.80679 17.154 0.012
2155.89748 17.131 0.022
2156.84401 16.976 0.014
2160.77372 16.849 0.013
2162.78028 17.127 0.013
2166.77505 17.051 0.012
2167.74587 16.820 0.011
2168.73237 17.176 0.015
2171.75844 16.714 0.010
2172.76501 17.175 0.015
2173.72710 17.041 0.013
2177.65875 16.916 0.014
2184.72010 16.963 0.015
2185.68358 16.907 0.013
2187.66619 17.011 0.017
2190.71010 17.118 0.016
2191.65193 16.911 0.014
2192.68069 16.860 0.010
2193.70166 17.155 0.012
2194.67294 17.038 0.012
2201.73902 17.055 0.012
2206.62485 16.945 0.019
2211.66350 17.098 0.014
2212.66257 16.959 0.015
2213.67355 16.738 0.014
2214.65992 17.145 0.019
2215.67521 17.029 0.016
2217.65287 17.169 0.020
2219.69602 16.974 0.016
2222.74525 17.074 0.017
2223.68499 16.860 0.013
2225.61452 17.106 0.013
2226.66086 16.954 0.015
2228.57626 17.135 0.015
2230.51353 16.758 0.017
2232.52733 17.084 0.017
2234.56941 16.979 0.013
2236.55890 17.016 0.013
2238.56428 17.175 0.016
2241.55111 16.995 0.016
2243.58935 17.021 0.013
2248.63379 16.711 0.010
2250.59981 17.040 0.013
2253.58770 17.101 0.014
2256.56998 17.163 0.017
2258.61041 16.852 0.011
2263.60167 17.137 0.017
2265.62769 16.856 0.011
2270.58588 17.179 0.015
2272.58395 16.863 0.013
2274.56780 17.116 0.019
2276.53139 16.805 0.016
2280.54787 17.149 0.021
2285.58638 17.053 0.014
2289.58329 17.000 0.014
2291.58400 17.145 0.015
2293.58450 16.893 0.015
2295.58081 17.108 0.016
2297.58399 16.755 0.014
2299.58047 17.090 0.016
2301.57316 17.150 0.021
2448.90478 16.975 0.019
2460.90484 17.040 0.020
2463.93393 16.829 0.012
2466.85579 16.889 0.016
2467.91966 16.894 0.013
2469.91896 17.034 0.013
2471.90850 17.167 0.015
2472.89857 17.144 0.011
2473.92476 16.954 0.011
2481.88403 16.885 0.016
2483.90769 17.047 0.012
2486.90780 17.085 0.020
2488.90976 16.801 0.015
2492.92209 17.162 0.016
2496.92186 17.142 0.015
2498.79311 16.754 0.011
2499.87810 17.151 0.014
2500.88653 17.085 0.015
2501.87328 16.940 0.012
2502.85344 16.880 0.014
2508.76406 16.926 0.021
2516.79550 17.046 0.017
2517.84227 17.174 0.017
2518.81456 17.016 0.014
2519.81284 16.791 0.011
2520.81101 17.156 0.019
2521.79929 17.088 0.014
2524.80269 17.150 0.019
2526.79652 16.811 0.009
2529.79274 16.928 0.012
2534.85334 17.171 0.017
2535.79098 17.121 0.015
2537.72106 17.142 0.020
2538.82214 17.160 0.017
2539.71930 16.983 0.014
2540.76180 16.798 0.015
2541.73118 17.178 0.015
2542.70100 17.066 0.013
2544.68093 17.170 0.014
2545.69446 17.134 0.014
2547.71245 16.754 0.012
2548.73044 17.170 0.015
2550.72571 16.906 0.012
2551.71224 17.080 0.014
2552.72825 17.142 0.013
2554.72135 16.774 0.011
2555.72929 17.165 0.014
2556.70836 17.098 0.013
2557.72088 16.926 0.011
2558.67736 17.134 0.014
2559.63441 17.148 0.015
2560.66734 16.998 0.012
2561.71296 16.798 0.013
2562.68572 17.165 0.015
2563.69365 17.084 0.015
2564.71001 16.936 0.014
2565.70601 17.007 0.015
2566.68095 17.142 0.015
2568.75000 16.831 0.014
2571.66655 16.920 0.013
2572.74181 16.773 0.013
2573.67988 17.159 0.022
2574.65986 16.995 0.013
2576.69460 17.143 0.017
2577.65966 17.091 0.020
2578.64716 16.917 0.014
2579.65768 17.085 0.015
2580.66582 17.140 0.014
2583.63787 17.152 0.017
2584.64432 17.066 0.015
2586.64552 17.066 0.013
2587.62740 17.146 0.015
2589.61831 16.750 0.012
2590.63505 17.174 0.016
2591.66123 17.079 0.016
2593.62450 17.097 0.015
2594.63052 17.122 0.019
2596.60414 16.724 0.013
2597.59131 17.182 0.020
2598.67151 17.085 0.016
2599.62558 16.903 0.017
2610.56701 16.743 0.013
2613.56101 16.898 0.013
2615.59140 17.133 0.014
2619.57591 17.100 0.015
2621.58490 17.032 0.019
2625.56764 17.158 0.022
2627.53833 16.873 0.016
2630.55276 17.002 0.020
2635.56647 17.001 0.013
2637.56136 17.044 0.016
2640.53168 17.044 0.019
2642.57143 16.920 0.015
2646.58278 17.150 0.017
2651.55685 17.015 0.019
2654.57706 17.122 0.021
2657.53693 17.148 0.023
2661.53346 17.096 0.013
2664.57393 17.130 0.020
2672.55188 17.039 0.022
2676.54208 16.986 0.015
2679.55678 17.025 0.014
2683.53515 16.960 0.021
2777.92190 17.168 0.020
2804.85045 16.792 0.019
2811.92285 16.881 0.016
2815.89647 16.714 0.011
2817.94510 17.073 0.019
2830.83565 17.152 0.016
2831.80530 17.025 0.017
2832.76599 16.784 0.013
2832.94386 16.901 0.014
2833.88382 17.181 0.022
2834.93447 17.158 0.017
2838.83584 17.043 0.017
2840.84353 17.167 0.016
2843.84485 16.697 0.011
2844.89057 17.168 0.014
2845.93760 17.063 0.017
2849.87410 16.985 0.014
2850.90685 16.775 0.014
2852.83544 17.047 0.019
2854.84679 17.186 0.021
2857.85421 16.720 0.012
2858.92783 17.151 0.014
2860.89376 16.908 0.012
2861.76519 17.181 0.014
2862.88863 17.133 0.016
2865.81300 17.160 0.016
2866.89972 17.124 0.023
2867.80240 16.871 0.013
2868.80602 17.192 0.016
2869.79255 17.121 0.014
2870.83404 16.972 0.013
2871.87716 16.775 0.012
2872.83399 17.146 0.013
2875.82483 17.159 0.019
2876.79424 17.135 0.015
2879.72076 17.177 0.015
2883.84398 17.152 0.014
2885.77933 16.715 0.010
2890.71021 17.140 0.023
2893.76166 17.127 0.015
2895.81088 16.922 0.012
2897.71437 17.109 0.015
2899.75206 16.704 0.010
2903.76784 17.159 0.010
2906.72005 16.721 0.011
2908.69706 17.046 0.014
2910.69195 17.166 0.017
2912.69729 16.957 0.012
2916.71004 16.866 0.011
2918.68693 17.100 0.014
2922.68690 17.059 0.016
2924.62789 17.152 0.016
2926.62189 16.929 0.013
2929.68310 17.041 0.014
2931.65902 17.170 0.013
2933.66948 16.964 0.011
2935.63383 17.156 0.016
2937.65942 16.864 0.014
2939.67488 17.149 0.016
2940.65205 16.964 0.011
2941.62729 16.742 0.010
2942.65210 17.167 0.016
2943.62343 17.056 0.015
2944.60779 16.817 0.012
2946.56257 17.102 0.016
2946.60253 17.095 0.016
2947.63414 16.967 0.014
2949.61524 17.154 0.015
2950.56678 17.027 0.014
2951.64736 16.869 0.013
2953.59527 17.105 0.015
2955.58041 16.790 0.014
2957.59399 17.039 0.013
2960.60844 17.118 0.019
2962.64828 16.717 0.012
2965.65094 16.885 0.012
2968.61328 16.970 0.015
2970.63211 17.170 0.015
2972.63667 16.893 0.013
2975.54474 16.943 0.013
2977.64055 17.128 0.020
2979.58044 16.857 0.014
2983.56125 16.712 0.013
2986.57784 16.868 0.013
2988.54983 17.104 0.017
2991.57597 17.150 0.016
2994.56171 17.182 0.019
2997.57710 16.720 0.011
3000.56823 16.877 0.013
3003.55109 17.006 0.017
3006.53839 17.051 0.015
3009.53367 17.115 0.022
3013.53610 17.066 0.017
3015.57133 17.125 0.016
3018.54843 16.747 0.015
3020.58414 17.077 0.014
3022.53702 17.187 0.022
3024.53679 16.987 0.019
3025.59639 16.796 0.012
3027.62189 17.103 0.015
3029.59359 16.948 0.014
3031.59841 17.017 0.012
3034.52866 17.078 0.019
3037.54783 17.128 0.021
3183.92985 17.081 0.016
3193.89773 17.115 0.017
3196.86979 17.135 0.013
3197.93221 17.045 0.016
3202.85771 16.910 0.013
3203.89774 17.168 0.012
3206.83557 17.164 0.019
3210.91158 17.176 0.015
3211.86619 17.016 0.014
3215.80130 16.960 0.020
3217.79717 17.119 0.017
3223.85333 16.778 0.013
3228.77203 17.058 0.016
3229.85386 16.959 0.012
3231.83533 17.112 0.017
3238.77219 17.112 0.014
3239.81573 17.032 0.013
3240.80846 16.845 0.014
3241.79193 17.188 0.017
3242.73593 17.093 0.016
3243.86853 16.962 0.014
3244.84712 16.693 0.014
3245.79486 17.149 0.019
3246.78762 17.043 0.015
3247.79600 16.859 0.014
3249.74630 17.098 0.016
3251.75986 16.912 0.011
3254.74755 16.780 0.011
3259.68459 17.161 0.015
3261.72064 16.785 0.010
3263.71786 17.107 0.012
3265.73920 16.891 0.013
3267.72596 17.000 0.012
3269.82047 17.156 0.019
3270.67941 17.094 0.015
3271.68234 16.930 0.013
3273.64065 17.088 0.017
3275.62651 16.718 0.012
3276.72991 17.165 0.019
3277.76855 17.130 0.015
3279.70017 16.912 0.011
3281.65874 17.019 0.010
3283.66041 17.170 0.010
3287.62654 17.093 0.015
3289.64152 16.777 0.009
3293.61508 17.154 0.013
3295.63301 17.020 0.009
3298.57091 17.040 0.010
3300.57321 17.138 0.016
3302.55018 16.978 0.015
3305.65020 17.080 0.015
3307.56249 17.166 0.019
3309.58759 17.004 0.013
3311.53920 17.162 0.015
3314.58215 17.125 0.021
3320.61995 16.952 0.012
3327.57491 16.955 0.012
3330.57040 17.048 0.017
3335.61440 16.829 0.014
3338.56007 16.815 0.012
3350.53438 17.137 0.013
3353.59297 17.151 0.013
3359.57002 16.829 0.011
3363.57693 16.747 0.011
3367.63652 17.170 0.015
3372.56999 17.033 0.013
3380.53252 16.793 0.019
3386.57950 17.035 0.011
3395.52729 17.198 0.030
3398.57501 16.687 0.011
3402.57225 17.165 0.014
3543.88591 16.690 0.011
3551.90940 17.176 0.022
3554.94062 16.959 0.014
3564.92553 16.819 0.009
3570.83216 16.989 0.017
3573.86881 17.056 0.020
3575.82459 17.157 0.016
3577.88097 17.014 0.015
3578.91699 16.843 0.010
3579.82205 17.182 0.013
3581.89113 16.966 0.014
3582.84743 17.114 0.016
3583.85766 17.122 0.013
3585.87875 16.788 0.009
3586.83092 17.165 0.011
3588.84922 16.939 0.011
3592.77001 16.732 0.009
3594.80950 17.068 0.011
3597.84945 17.143 0.015
3600.88561 17.144 0.021
3602.74651 16.915 0.016
3607.83761 17.157 0.013
3617.79363 17.064 0.011
3619.77173 16.976 0.011
3621.76422 17.148 0.012
3628.79109 17.116 0.017
3630.64295 16.841 0.014
3632.64031 17.136 0.020
3637.67204 16.861 0.012
3639.72195 17.138 0.011
3641.71873 16.763 0.011
3643.81714 17.165 0.017
3644.75780 16.919 0.010
3646.68884 17.129 0.013
3650.71007 17.077 0.012
3652.64523 17.181 0.012
3654.61568 16.976 0.012
3658.67986 16.894 0.012
3659.66256 17.161 0.019
3661.61124 16.977 0.015
3663.63418 17.151 0.020
3665.66652 16.897 0.011
3668.61568 16.996 0.013
3670.56638 17.143 0.019
3672.60581 16.856 0.012
3674.63507 17.096 0.013
3676.59289 16.697 0.010
3682.58183 16.961 0.013
3684.57469 17.145 0.014
3686.56458 16.865 0.012
3688.53766 17.104 0.014
3690.54357 16.755 0.014
3692.59612 17.055 0.015
3694.58270 17.175 0.014
3696.57883 16.987 0.012
3698.61253 17.139 0.019
3700.62258 16.889 0.012
3702.61350 17.146 0.015
3704.61402 16.782 0.011
3708.61028 17.089 0.015
3714.56948 16.904 0.013
3721.58516 16.918 0.014
3725.61403 16.813 0.010
3734.60896 17.120 0.014
3738.56103 17.008 0.015
3742.55821 16.950 0.016
3747.55798 17.144 0.019
3751.56677 17.174 0.020
3762.54475 17.069 0.024
3766.55000 17.019 0.012
3772.57675 17.186 0.015
3777.52409 16.941 0.019
3871.89614 17.193 0.022
3902.91644 16.739 0.013
3913.93685 17.181 0.012
3918.90664 17.013 0.011
3931.93820 17.169 0.017
3934.87617 17.153 0.012
3936.88445 16.961 0.013
3938.86851 17.171 0.015
3945.87547 17.169 0.013
3950.82042 16.969 0.011
3957.77596 16.939 0.020
3959.76543 17.133 0.015
3964.76779 16.945 0.010
3966.76004 17.170 0.012
3968.75372 16.830 0.010
3970.74541 17.102 0.011
3973.71474 17.138 0.016
3975.72698 16.822 0.011
3980.66221 17.170 0.016
3981.66195 17.016 0.013
3982.72633 16.846 0.014
3986.69968 16.930 0.014
3991.72887 17.107 0.016
3994.64129 17.147 0.019
3998.67166 17.092 0.014
4001.64248 17.144 0.012
4003.61392 16.780 0.012
4004.69372 17.165 0.014
4005.68785 17.119 0.012
4007.58110 17.145 0.014
4008.59000 17.093 0.011
4014.62292 17.001 0.019
4016.61971 17.031 0.013
4018.61612 17.170 0.015
4020.61956 16.937 0.014
4031.56328 16.755 0.010
4033.65756 17.105 0.012
4042.56089 17.032 0.014
4044.58389 16.995 0.019
4046.61698 17.210 0.017
4049.52892 17.106 0.013
4051.57850 17.034 0.014
4055.51857 16.898 0.016
4057.59394 17.172 0.019
4059.59237 16.822 0.011
4063.53741 16.953 0.012
4069.53318 16.929 0.013
4071.54400 17.167 0.015
4074.54011 17.162 0.016
4077.54182 16.830 0.010
4079.54200 17.002 0.013
4085.62069 17.169 0.016
4097.61878 17.006 0.014
4100.61020 17.086 0.014
4105.57419 16.721 0.011
4111.61065 17.012 0.011
4120.56100 17.169 0.013
4124.57249 17.139 0.014
4128.59647 17.065 0.014
4252.94414 17.106 0.019
4255.86414 17.103 0.017
4268.92311 16.989 0.015
4275.93802 16.866 0.014
4279.83488 17.141 0.021
4282.82628 17.182 0.017
4283.84533 17.132 0.019
4284.87573 16.987 0.016
4292.88361 16.809 0.011
4295.87707 16.931 0.013
4296.90756 16.820 0.011
4297.93949 17.171 0.014
4299.87436 16.797 0.010
4301.91467 17.098 0.012
4302.93655 16.965 0.014
4306.93326 16.855 0.013
4307.84785 17.148 0.014
4308.67605 17.041 0.015
4308.88395 17.081 0.014
4310.85613 16.903 0.013
4311.85598 17.165 0.023
4312.91815 17.044 0.013
4314.93723 17.163 0.021
4320.87243 16.858 0.012
4326.85465 17.045 0.015
4327.83061 16.841 0.016
4330.87702 16.959 0.013
4332.89323 17.140 0.016
4334.87019 16.839 0.014
4338.92266 16.742 0.012
4340.79350 17.029 0.014
4341.78636 16.817 0.013
4342.86055 17.186 0.017
4343.77992 17.062 0.015
4344.76199 16.922 0.014
4346.71830 17.128 0.016
4348.72407 16.739 0.012
4350.70071 17.070 0.014
4352.80288 16.812 0.013
4353.65885 17.129 0.020
4354.78018 17.030 0.015
4357.76390 17.112 0.017
4359.71785 17.095 0.017
4362.66551 16.745 0.016
4363.62481 17.181 0.019
4365.68317 16.930 0.016
4369.67713 16.758 0.013
4371.66608 17.061 0.017
4378.63617 17.056 0.016
4379.66748 16.907 0.017
4381.62663 17.133 0.020
4382.70518 17.015 0.013
4386.67945 16.918 0.013
4388.68017 17.144 0.015
4390.68899 16.787 0.011
4396.65811 16.997 0.014
4398.66309 17.134 0.016
4400.68761 16.947 0.014
4404.66459 16.798 0.014
4407.65248 16.916 0.013
4410.68241 17.033 0.014
4421.67204 16.943 0.014
4426.55272 17.201 0.020
4428.56942 16.887 0.016
4438.65976 17.041 0.016
4440.59287 17.152 0.017
4442.55437 16.906 0.020
4444.57918 17.150 0.021
4450.61160 16.814 0.016
4452.58914 17.037 0.015
4454.52620 17.134 0.033
4455.59830 17.118 0.015
4462.58536 17.111 0.017
4466.60949 17.061 0.015
4471.54414 16.896 0.014
4475.53680 17.129 0.019
4480.57922 17.040 0.014
4482.58618 17.166 0.023
4485.58926 16.709 0.015
4609.91387 16.727 0.012
4643.89803 16.965 0.016
4650.93691 17.001 0.013
4655.91632 17.128 0.013
4662.79470 17.131 0.013
4662.91153 17.107 0.013
4663.76632 17.072 0.020
4665.93323 16.790 0.013
4666.92850 17.159 0.019
4666.93239 17.166 0.020
4670.92150 17.147 0.015
4671.89140 17.022 0.015
4673.87344 17.168 0.014
4674.80185 17.044 0.016
4674.86205 17.105 0.017
4676.92169 16.967 0.017
4677.83729 17.122 0.013
4682.81176 16.855 0.013
4684.84962 17.127 0.014
4686.80960 16.697 0.009
4688.82556 17.058 0.013
4690.75115 17.172 0.014
4693.90918 16.812 0.014
4696.88282 16.948 0.017
4697.82134 17.133 0.019
4698.77094 17.119 0.012
4699.76504 16.946 0.013
4700.79978 16.745 0.011
4701.80767 17.188 0.016
4703.76688 16.869 0.012
4704.78564 17.186 0.013
4705.79312 17.150 0.016
4707.78554 16.713 0.009
4709.74133 17.073 0.013
4710.76990 16.889 0.011
4715.74991 17.158 0.015
4716.77560 17.086 0.012
4719.78965 17.154 0.016
4721.78330 16.737 0.014
4724.66589 16.806 0.013
4725.74535 17.174 0.014
4728.75092 16.719 0.011
4733.72748 17.119 0.014
4740.66908 17.111 0.014
4741.70446 16.979 0.011
4747.60865 17.091 0.016
4749.60833 16.809 0.015
4753.67932 17.161 0.019
4755.67131 16.998 0.013
4757.65583 17.166 0.014
4759.67052 16.879 0.011
4761.63889 17.124 0.011
4763.65132 16.723 0.013
4767.59707 17.137 0.016
4770.66561 16.733 0.012
4772.60337 17.033 0.013
4774.55792 17.155 0.014
4776.54951 16.953 0.014
4781.61430 17.200 0.020
4783.58323 16.966 0.014
4785.61859 17.181 0.022
4789.54971 17.110 0.015
4791.53126 16.793 0.013
4793.53867 17.046 0.015
4797.54359 16.962 0.014
4798.60694 16.741 0.013
4800.65432 17.080 0.014
4803.54545 17.102 0.014
4804.60055 16.971 0.017
4805.58740 16.722 0.011
4807.52518 17.017 0.024
4809.55453 17.155 0.017
4811.57643 16.978 0.013
4815.58928 16.908 0.015
4818.58665 17.008 0.015
4820.52814 17.159 0.026
4822.58489 16.906 0.012
4824.56971 17.127 0.020
4826.61935 16.788 0.012
4833.56875 16.748 0.011
4837.60295 16.980 0.021
4841.57929 17.187 0.019
4843.57354 16.934 0.015
4846.58263 17.020 0.014
4848.61887 17.179 0.014
4850.60635 16.945 0.014
4854.59759 16.831 0.012
4856.61483 17.060 0.013
4862.56274 17.130 0.013
4868.55309 16.818 0.013
