 621.85498 16.934 0.014
 626.93816 16.922 0.010
 627.90413 16.612 0.009
 628.91352 16.942 0.011
 632.91380 16.986 0.012
 633.91831 16.838 0.009
 635.91342 16.895 0.012
 643.88218 16.728 0.009
 645.88566 16.578 0.009
 649.85496 16.766 0.012
 656.90075 16.670 0.009
 657.84194 16.954 0.012
 658.91357 16.756 0.011
 664.80494 16.891 0.009
 664.89347 16.907 0.010
 665.88044 16.630 0.009
 666.89098 16.948 0.009
 667.90180 16.743 0.009
 668.87240 16.970 0.009
 670.83803 17.017 0.011
 671.86056 16.839 0.009
 672.91408 16.517 0.008
 673.71634 16.891 0.010
 673.91805 16.927 0.008
 684.79310 16.932 0.010
 685.73166 16.630 0.008
 686.77406 16.938 0.009
 688.87890 17.030 0.010
 689.76889 16.808 0.009
 697.73490 16.959 0.009
 698.88092 16.823 0.010
 699.73742 17.027 0.009
 700.74603 16.847 0.009
 701.71847 16.682 0.009
 704.69074 16.910 0.012
 706.71451 16.939 0.014
 707.75049 16.766 0.011
 708.71801 17.034 0.017
 712.71835 16.552 0.008
 713.75609 16.919 0.009
 714.77146 16.684 0.009
 716.70508 16.741 0.009
 720.68065 16.884 0.009
 722.64592 16.890 0.010
 726.73806 16.998 0.009
 728.63682 17.020 0.009
 729.70374 16.853 0.009
 730.62785 16.679 0.009
 733.68985 16.940 0.011
 739.75479 16.537 0.009
 741.68138 16.598 0.009
 742.77179 16.943 0.011
 744.72367 16.969 0.010
 745.67494 16.768 0.009
 747.61382 16.804 0.010
 748.57536 16.986 0.012
 749.58306 16.868 0.013
 750.57760 16.542 0.009
 751.58473 16.906 0.012
 752.78731 16.708 0.009
 753.72792 16.958 0.009
 754.69450 16.769 0.010
 755.58355 16.979 0.011
 759.58957 16.557 0.008
 760.59595 16.898 0.009
 761.59290 16.602 0.009
 762.58351 16.921 0.012
 762.71800 16.920 0.012
 763.60249 16.725 0.009
 763.68310 16.749 0.009
 763.77177 16.782 0.012
 765.63380 16.780 0.011
 766.53002 17.031 0.014
 766.67062 16.883 0.012
 767.57908 16.834 0.012
 767.63780 16.836 0.014
 767.73249 16.886 0.014
 769.56205 16.884 0.010
 770.53966 16.564 0.009
 771.56437 16.925 0.011
 772.56308 16.694 0.010
 772.74431 16.753 0.009
 773.62493 16.972 0.010
 774.65500 16.780 0.009
 775.60728 17.038 0.010
 776.59653 16.834 0.010
 776.74914 16.894 0.010
 777.54121 16.821 0.010
 778.57903 16.900 0.013
 778.66995 16.894 0.013
 779.55938 16.573 0.010
 779.71416 16.658 0.009
 780.55142 16.925 0.015
 780.56336 16.928 0.011
 780.73234 16.927 0.011
 781.61404 16.673 0.009
 782.54857 16.938 0.012
 782.64826 16.965 0.013
 783.59440 16.746 0.009
 784.63988 17.024 0.010
 785.53627 16.808 0.009
 786.54250 16.906 0.010
 787.62416 16.918 0.011
 788.55240 16.531 0.008
 790.59195 16.644 0.009
 795.57985 16.916 0.010
 796.56710 16.865 0.012
 796.69449 16.903 0.013
 797.54794 16.533 0.009
 798.61737 16.919 0.009
 800.55252 16.921 0.009
 802.64417 16.999 0.012
 806.55028 16.607 0.009
 808.56854 16.616 0.010
 816.64481 16.899 0.009
 817.64005 16.655 0.010
 819.61922 16.710 0.009
 822.60558 17.005 0.010
 824.62558 16.558 0.009
 825.61330 16.875 0.012
 828.65864 16.725 0.010
 829.62525 16.986 0.011
 830.54274 16.746 0.011
 832.63211 16.830 0.009
 834.53433 16.895 0.014
 836.59978 16.924 0.013
 838.61864 16.930 0.011
 840.61158 17.019 0.013
 842.56718 16.873 0.010
 843.61386 16.876 0.011
 845.59806 16.922 0.009
 850.58669 16.809 0.011
 855.59144 16.638 0.012
 856.55620 16.961 0.019
 858.52412 16.955 0.017
 860.52585 17.014 0.014
 867.52205 16.932 0.012
 874.52082 16.941 0.012
 963.90431 16.589 0.009
 986.89069 16.991 0.011
 987.90292 16.798 0.009
 996.88955 16.780 0.009
 998.82189 16.840 0.011
1003.82394 16.693 0.011
1005.84816 16.756 0.010
1008.88114 16.656 0.011
1020.84439 16.915 0.011
1025.83005 16.797 0.010
1035.79776 17.021 0.010
1037.82484 16.576 0.009
1038.84298 16.914 0.012
1041.83120 16.692 0.009
1045.79554 16.830 0.009
1049.82442 16.929 0.010
1053.71575 16.987 0.010
1058.78377 16.904 0.011
1059.82944 16.680 0.009
1061.81588 16.736 0.009
1064.77232 16.952 0.011
1069.68573 16.948 0.010
1074.66692 16.825 0.010
1077.66139 16.535 0.008
1079.66342 16.665 0.009
1081.71061 16.727 0.009
1084.64957 16.935 0.009
1087.66899 16.892 0.009
1090.63698 16.727 0.011
1092.70104 16.803 0.009
1094.69684 16.879 0.009
1095.72730 16.549 0.009
1102.66617 17.014 0.009
1107.63434 16.919 0.009
1112.67748 16.823 0.010
1117.61604 16.671 0.009
1122.63041 16.837 0.009
1128.58042 16.715 0.010
1132.60637 16.862 0.009
1138.65147 16.990 0.010
1140.65987 16.934 0.010
1144.68647 16.643 0.009
1151.59778 16.690 0.009
1154.55487 16.892 0.012
1157.56461 16.753 0.009
1160.58939 16.793 0.009
1163.66782 16.943 0.012
1164.71342 16.731 0.009
1170.56837 16.849 0.009
1178.69091 16.703 0.010
1182.68935 16.688 0.009
1185.63209 16.987 0.010
1187.66859 16.850 0.010
1190.53801 16.906 0.010
1202.61366 16.691 0.010
1208.58418 16.881 0.012
1211.58658 16.682 0.010
1216.57455 16.842 0.011
1219.57897 16.915 0.013
1228.52995 16.891 0.012
1234.52540 17.034 0.016
1235.52397 16.837 0.013
1329.81640 16.927 0.016
1330.92553 16.704 0.010
1335.89672 16.669 0.010
1341.93080 16.764 0.009
1347.92845 16.919 0.012
1349.92382 16.958 0.012
1355.91667 16.555 0.010
1366.87288 16.629 0.009
1367.89489 16.923 0.013
1369.88779 16.986 0.011
1374.88166 16.889 0.011
1395.84792 16.666 0.009
1397.87069 16.749 0.010
1401.88510 16.866 0.009
1402.88281 16.537 0.009
1407.89320 17.007 0.011
1412.79185 16.900 0.012
1418.76579 17.035 0.011
1432.78830 16.908 0.009
1435.71399 16.699 0.010
1439.81177 16.863 0.009
1442.77618 16.639 0.009
1447.70509 17.037 0.015
1451.69576 16.567 0.009
1454.69405 16.954 0.011
1460.63816 16.538 0.010
1462.66205 16.661 0.010
1470.61329 16.900 0.012
1475.66108 16.774 0.010
1478.58728 16.773 0.010
1480.69566 16.615 0.010
1484.60207 16.758 0.009
1487.56123 16.904 0.011
1489.58458 16.534 0.009
1491.64673 16.686 0.010
1494.69475 17.013 0.012
1495.54780 16.792 0.010
1499.51998 16.868 0.014
1502.60487 16.725 0.010
1506.59990 16.842 0.012
1509.58346 16.635 0.009
1514.65981 16.934 0.013
1517.57650 16.899 0.010
1520.61934 16.707 0.009
1522.64805 16.793 0.012
1525.54366 16.822 0.010
1528.64161 16.925 0.010
1544.57438 16.868 0.010
1546.63082 16.934 0.010
1551.59285 16.788 0.009
1555.57104 16.914 0.012
1562.60525 16.867 0.012
1568.57870 16.948 0.011
1573.57370 16.890 0.013
1579.55727 17.006 0.012
1581.58455 16.750 0.009
1584.56939 16.925 0.011
1586.58048 16.949 0.010
1588.55399 16.991 0.016
1592.57710 16.550 0.009
1597.55261 16.978 0.012
1602.54977 16.882 0.013
1607.53997 16.763 0.011
1706.91014 16.754 0.011
1726.94279 16.815 0.014
1730.92629 16.929 0.010
1738.87733 16.535 0.009
1740.88503 16.647 0.010
1744.90190 16.788 0.011
1745.89505 16.970 0.011
1749.87567 16.613 0.008
1750.87898 16.926 0.010
1751.85953 16.695 0.009
1752.85187 16.958 0.012
1753.85268 16.757 0.009
1754.84861 17.029 0.012
1755.84487 16.823 0.013
1756.87458 16.643 0.014
1757.82362 16.867 0.012
1758.82819 16.568 0.009
1759.84132 16.926 0.011
1761.85745 16.933 0.011
1762.83986 16.745 0.009
1763.84540 17.008 0.009
1764.83513 16.823 0.009
1765.83148 16.858 0.010
1766.80522 16.895 0.014
1768.81901 16.909 0.012
1769.73419 16.607 0.009
1773.79514 16.780 0.009
1775.80666 16.846 0.009
1785.78367 16.660 0.008
1788.81883 16.921 0.009
1789.75150 16.673 0.008
1803.85512 16.666 0.009
1809.77882 16.732 0.008
1812.75272 16.972 0.009
1815.80913 16.919 0.010
1821.70571 17.030 0.011
1823.77502 16.555 0.008
1829.70010 16.731 0.009
1830.76708 17.019 0.013
1864.71143 16.946 0.010
1865.71743 16.705 0.009
1873.69000 16.945 0.010
2086.91788 16.937 0.013
2104.84997 16.924 0.011
2106.90981 16.946 0.014
2115.90479 16.947 0.013
2116.89092 16.733 0.010
2117.89659 16.984 0.012
2123.83959 16.590 0.010
2128.84414 17.026 0.016
2129.87626 16.830 0.012
2130.82514 16.776 0.012
2131.81866 16.885 0.013
2132.82488 16.548 0.011
2133.91343 16.916 0.016
2134.82976 16.683 0.012
2135.86420 16.956 0.012
2136.86411 16.756 0.012
2137.90908 16.992 0.017
2140.83398 16.892 0.012
2142.88122 16.942 0.013
2143.83528 16.653 0.010
2144.80679 16.942 0.011
2155.89748 17.011 0.019
2156.84401 16.782 0.012
2160.77372 16.886 0.013
2162.78028 16.906 0.011
2166.77505 17.026 0.011
2167.74587 16.789 0.010
2168.73237 16.875 0.012
2171.75844 16.917 0.011
2172.76501 16.671 0.010
2173.72710 16.924 0.011
2177.65875 17.006 0.014
2184.72010 16.967 0.015
2185.68358 16.764 0.012
2187.66619 16.834 0.015
2190.71010 16.614 0.011
2191.65193 16.903 0.013
2192.68069 16.682 0.009
2193.70166 16.955 0.011
2194.67294 16.745 0.010
2201.73902 16.683 0.010
2206.62485 16.978 0.020
2211.66350 16.940 0.012
2212.66257 16.710 0.012
2213.67355 16.976 0.016
2214.65992 16.794 0.014
2215.67521 16.929 0.014
2217.65287 16.546 0.012
2219.69602 16.633 0.013
2222.74525 17.027 0.016
2223.68499 16.780 0.012
2225.61452 16.814 0.011
2226.66086 16.584 0.011
2228.57626 16.538 0.010
2230.51353 16.659 0.016
2232.52733 16.709 0.013
2234.56941 16.808 0.011
2236.55890 16.859 0.012
2238.56428 16.919 0.013
2241.55111 16.728 0.013
2243.58935 16.794 0.011
2248.63379 16.650 0.009
2250.59981 16.727 0.011
2253.58770 16.989 0.013
2256.56998 16.917 0.014
2258.61041 16.927 0.011
2263.60167 16.894 0.014
2265.62769 16.921 0.011
2270.58588 16.801 0.011
2272.58395 16.833 0.012
2274.56780 16.905 0.015
2276.53139 16.951 0.019
2280.54787 17.045 0.019
2285.58638 16.924 0.013
2289.58329 17.010 0.013
2291.58400 16.891 0.012
2293.58450 16.531 0.011
2295.58081 16.639 0.011
2297.58399 16.726 0.013
2299.58047 16.784 0.012
2301.57316 16.854 0.015
2448.90478 16.584 0.013
2460.90484 16.945 0.017
2463.93393 16.784 0.012
2466.85579 16.842 0.015
2467.91966 16.908 0.013
2469.91896 16.930 0.012
2471.90850 16.947 0.013
2472.89857 16.743 0.009
2473.92476 17.038 0.011
2481.88403 16.752 0.014
2483.90769 16.803 0.010
2486.90780 16.541 0.013
2488.90976 16.649 0.013
2492.92209 16.779 0.012
2496.92186 16.907 0.012
2498.79311 16.917 0.012
2499.87810 16.699 0.010
2500.88653 16.973 0.014
2501.87328 16.767 0.011
2502.85344 17.023 0.016
2508.76406 16.636 0.016
2516.79550 16.904 0.015
2517.84227 16.664 0.012
2518.81456 16.951 0.013
2519.81284 16.727 0.010
2520.81101 16.992 0.015
2521.79929 16.783 0.011
2524.80269 16.551 0.012
2526.79652 16.615 0.009
2529.79274 16.970 0.012
2534.85334 16.929 0.014
2535.79098 16.589 0.010
2537.72106 16.642 0.013
2538.82214 16.963 0.015
2539.71930 16.741 0.012
2540.76180 17.017 0.017
2541.73118 16.805 0.012
2542.70100 16.921 0.012
2544.68093 16.532 0.010
2545.69446 16.928 0.012
2547.71245 16.943 0.013
2548.73044 16.709 0.011
2550.72571 16.778 0.011
2551.71224 16.983 0.012
2552.72825 16.850 0.010
2554.72135 16.899 0.012
2555.72929 16.624 0.010
2556.70836 16.951 0.012
2557.72088 16.714 0.010
2558.67736 16.967 0.013
2559.63441 16.750 0.011
2560.66734 17.018 0.012
2561.71296 16.853 0.014
2562.68572 16.664 0.011
2563.69365 16.910 0.013
2564.71001 16.606 0.011
2565.70601 16.920 0.014
2566.68095 16.664 0.011
2568.75000 16.773 0.013
2571.66655 16.799 0.012
2572.74181 16.902 0.014
2573.67988 16.578 0.013
2574.65986 16.910 0.012
2576.69460 16.953 0.015
2577.65966 16.758 0.014
2578.64716 16.997 0.015
2579.65768 16.801 0.012
2580.66582 16.877 0.012
2583.63787 16.927 0.014
2584.64432 16.634 0.011
2586.64552 16.708 0.010
2587.62740 16.977 0.013
2589.61831 17.004 0.013
2590.63505 16.840 0.013
2591.66123 16.538 0.011
2593.62450 16.600 0.011
2594.63052 16.932 0.015
2596.60414 16.928 0.015
2597.59131 16.760 0.014
2598.67151 17.002 0.015
2599.62558 16.828 0.016
2607.64568 17.021 0.016
2610.56701 16.879 0.014
2613.56101 16.651 0.011
2615.59140 16.735 0.011
2619.57591 16.877 0.013
2621.58490 16.931 0.016
2625.56764 16.949 0.019
2627.53833 17.026 0.017
2630.55276 16.892 0.017
2635.56647 16.769 0.011
2637.56136 16.837 0.013
2640.53168 16.532 0.012
2642.57143 16.653 0.013
2646.58278 16.817 0.013
2651.55685 16.656 0.013
2654.57706 17.024 0.019
2657.53693 16.905 0.019
2661.53346 16.937 0.012
2664.57393 16.796 0.014
2672.55188 16.960 0.020
2676.54208 16.601 0.011
2679.55678 16.926 0.013
2683.53515 17.009 0.022
2777.92190 16.593 0.012
2804.85045 16.512 0.014
2805.86773 16.916 0.022
2811.92285 16.879 0.016
2815.89647 16.609 0.010
2817.94510 16.709 0.014
2830.83565 16.811 0.013
2831.80530 16.890 0.016
2832.76599 16.868 0.014
2832.94386 16.907 0.014
2833.88382 16.577 0.013
2834.93447 16.939 0.014
2838.83584 17.014 0.016
2840.84353 16.881 0.013
2843.84485 16.924 0.012
2844.89057 16.700 0.010
2845.93760 16.948 0.015
2849.87410 16.875 0.013
2850.90685 16.867 0.015
2852.83544 16.884 0.016
2854.84679 16.940 0.017
2857.85421 16.787 0.013
2858.92783 16.832 0.011
2860.89376 16.533 0.010
2861.76519 16.872 0.011
2862.88863 16.641 0.012
2865.81300 16.963 0.014
2866.89972 16.801 0.017
2867.80240 17.043 0.015
2868.80602 16.825 0.012
2869.79255 16.793 0.012
2870.83404 16.889 0.012
2871.87716 16.608 0.010
2872.83399 16.918 0.011
2875.82483 16.763 0.013
2876.79424 17.017 0.013
2879.72076 16.843 0.012
2883.84398 16.949 0.012
2885.77933 16.991 0.011
2890.71021 16.909 0.019
2893.76166 16.702 0.011
2895.81088 16.794 0.011
2897.71437 16.827 0.012
2899.75206 16.899 0.011
2903.76784 16.959 0.009
2906.72005 16.800 0.011
2908.69706 16.868 0.013
2910.69195 16.908 0.014
2912.69729 16.943 0.012
2916.71004 16.903 0.011
2918.68693 16.525 0.010
2922.68690 16.716 0.013
2926.62189 16.819 0.012
2929.68310 16.587 0.011
2931.65902 16.693 0.010
2933.66948 16.769 0.010
2935.63383 16.817 0.013
2937.65942 16.883 0.013
2939.67488 16.932 0.014
2940.65205 16.660 0.009
2941.62729 16.948 0.011
2942.65210 16.768 0.012
2943.62343 16.994 0.014
2944.60779 16.791 0.012
2946.56257 16.862 0.013
2946.60253 16.856 0.013
2947.63414 16.524 0.011
2949.61524 16.631 0.010
2950.56678 16.888 0.013
2951.64736 16.752 0.012
2953.59527 16.764 0.012
2955.58041 16.850 0.014
2957.59399 16.903 0.012
2960.60844 16.725 0.013
2962.64828 16.774 0.012
2965.65094 16.541 0.010
2968.61328 16.924 0.014
2970.63211 16.957 0.013
2972.63667 17.025 0.014
2975.54474 16.871 0.012
2977.64055 16.924 0.016
2979.58044 16.939 0.014
2983.56125 16.922 0.014
2986.57784 16.918 0.013
2988.54983 16.934 0.014
2991.57597 16.803 0.013
2994.56171 16.558 0.011
2997.57710 16.932 0.012
3000.56823 16.772 0.012
3003.55109 16.635 0.012
3006.53839 16.897 0.013
3009.53367 16.761 0.016
3013.53610 16.889 0.014
3015.57133 16.936 0.013
3018.54843 16.756 0.015
3020.58414 16.816 0.012
3022.53702 16.875 0.016
3024.53679 16.917 0.016
3025.59639 16.686 0.011
3027.62189 16.762 0.012
3029.59359 16.812 0.012
3031.59841 16.868 0.011
3034.52866 16.613 0.012
3037.54783 17.005 0.017
3183.92985 17.024 0.015
3193.89773 16.757 0.013
3196.86979 16.624 0.009
3197.93221 16.904 0.014
3202.85771 16.763 0.012
3203.89774 17.028 0.011
3206.83557 16.903 0.014
3210.91158 16.968 0.013
3211.86619 16.728 0.011
3215.80130 16.885 0.017
3217.79717 16.909 0.014
3223.85333 16.935 0.014
3228.77203 16.955 0.015
3229.85386 16.715 0.010
3231.83533 16.766 0.013
3238.77219 16.666 0.010
3239.81573 16.961 0.013
3240.80846 16.762 0.013
3241.79193 17.027 0.015
3242.73593 16.792 0.013
3243.86853 16.569 0.011
3244.84712 16.882 0.016
3245.79486 16.567 0.012
3246.78762 16.892 0.013
3247.79600 16.659 0.012
3249.74630 16.738 0.012
3251.75986 16.791 0.010
3254.74755 16.521 0.009
3259.68459 16.942 0.013
3261.72064 17.008 0.012
3263.71786 16.660 0.009
3265.73920 16.600 0.010
3267.72596 16.701 0.010
3269.82047 16.780 0.013
3270.67941 17.032 0.014
3271.68234 16.822 0.012
3273.64065 16.862 0.014
3275.62651 16.925 0.014
3276.72991 16.669 0.012
3277.76855 16.945 0.013
3279.70017 17.003 0.012
3281.65874 16.975 0.010
3283.66041 16.518 0.008
3287.62654 16.720 0.011
3289.64152 16.749 0.009
3293.61508 16.902 0.011
3298.57091 16.736 0.009
3300.57321 16.803 0.013
3302.55018 16.895 0.014
3305.65020 16.690 0.011
3307.56249 16.712 0.013
3309.58759 16.803 0.011
3311.53920 16.858 0.012
3314.58215 16.667 0.014
3320.61995 16.846 0.011
3323.56739 16.586 0.010
3327.57491 16.768 0.011
3330.57040 16.616 0.012
3335.61440 16.945 0.015
3338.56007 16.823 0.011
3350.53438 16.505 0.009
3353.59297 16.953 0.011
3359.57002 16.540 0.009
3363.57693 16.715 0.011
3367.63652 16.843 0.011
3372.56999 16.712 0.011
3376.54611 16.843 0.010
3380.53252 16.956 0.021
3386.57950 16.643 0.009
3395.52729 16.832 0.022
3398.57501 16.919 0.013
3402.57225 17.041 0.013
3543.88591 16.545 0.010
3551.90940 16.886 0.016
3554.94062 16.674 0.011
3561.94786 16.500 0.010
3564.92553 16.912 0.010
3568.87116 17.021 0.012
3570.83216 16.699 0.013
3571.82311 16.905 0.017
3573.86881 16.970 0.019
3575.82459 16.948 0.013
3577.88097 17.024 0.014
3578.91699 16.815 0.010
3579.82205 16.824 0.010
3581.89113 16.567 0.010
3582.84743 16.934 0.013
3583.85766 16.637 0.009
3585.87875 16.748 0.009
3586.83092 17.032 0.010
3588.84922 16.882 0.011
3590.80526 16.558 0.009
3592.77001 16.626 0.009
3594.80950 16.739 0.009
3597.84945 16.931 0.013
3600.88561 16.897 0.016
3602.74651 16.905 0.016
3607.83761 16.836 0.010
3617.79363 16.775 0.009
3619.77173 16.534 0.009
3621.76422 16.663 0.009
3628.79109 16.539 0.011
3630.64295 16.595 0.011
3632.64031 16.688 0.013
3634.71321 16.765 0.010
3637.67204 16.789 0.011
3639.72195 16.590 0.009
3641.71873 16.671 0.010
3643.81714 16.752 0.012
3644.75780 17.000 0.010
3646.68884 16.830 0.011
3650.71007 16.640 0.009
3652.64523 16.722 0.009
3654.61568 16.777 0.011
3656.64723 16.881 0.012
3657.70494 16.531 0.009
3658.67986 16.936 0.013
3659.66256 16.615 0.012
3661.61124 16.701 0.012
3663.63418 16.756 0.014
3665.66652 16.825 0.011
3668.61568 16.579 0.010
3670.56638 16.666 0.013
3672.60581 16.766 0.011
3674.63507 16.828 0.010
3676.59289 16.884 0.011
3682.58183 16.979 0.013
3684.57469 16.943 0.012
3686.56458 16.543 0.010
3688.53766 16.586 0.010
3690.54357 16.706 0.013
3692.59612 16.783 0.012
3694.58270 16.842 0.011
3696.57883 16.899 0.011
3698.61253 16.950 0.015
3700.62258 16.996 0.013
3702.61350 17.016 0.014
3704.61402 16.576 0.009
3706.62888 16.656 0.009
3708.61028 16.728 0.012
3712.56681 16.829 0.011
3714.56948 16.869 0.012
3718.55296 16.974 0.013
3721.58516 16.853 0.013
3725.61403 16.889 0.010
3730.53829 16.800 0.010
3734.60896 16.895 0.012
3738.56103 17.002 0.014
3742.55821 16.549 0.012
3747.55798 16.957 0.016
3751.56677 16.558 0.012
3762.54475 16.579 0.014
3766.55000 16.750 0.010
3772.57675 16.948 0.012
3777.52409 16.811 0.016
3871.89614 16.943 0.017
3902.91644 16.947 0.015
3913.93685 17.040 0.011
3918.90664 16.952 0.011
3931.93820 16.996 0.015
3934.87617 16.872 0.010
3936.88445 16.913 0.012
3938.86851 16.936 0.013
3945.87547 16.894 0.010
3950.82042 16.727 0.009
3957.77596 16.633 0.014
3959.76543 16.685 0.011
3961.75956 16.773 0.013
3964.76779 16.587 0.009
3966.76004 16.571 0.009
3968.75372 16.681 0.009
3970.74541 16.762 0.009
3973.71474 16.775 0.012
3975.72698 16.548 0.009
3980.66221 16.987 0.014
3981.66195 16.762 0.010
3982.72633 16.846 0.014
3986.69968 16.632 0.011
3991.72887 16.912 0.013
3994.64129 16.871 0.014
3998.67166 16.934 0.012
4001.64248 16.843 0.010
4003.61392 16.904 0.013
4004.69372 16.621 0.010
4005.68785 16.948 0.011
4007.58110 16.955 0.012
4008.59000 16.747 0.009
4011.64048 16.839 0.010
4016.61971 16.962 0.012
4018.61612 17.008 0.013
4020.61956 16.991 0.015
4023.60541 16.925 0.013
4025.60578 16.949 0.012
4027.59390 16.973 0.012
4029.57620 17.049 0.013
4031.56328 16.748 0.010
4033.65756 16.636 0.009
4040.53300 16.836 0.013
4042.56089 16.568 0.010
4044.58389 16.667 0.014
4046.61698 16.732 0.012
4049.52892 16.972 0.011
4053.62593 16.627 0.009
4055.51857 16.710 0.014
4057.59394 16.777 0.013
4059.59237 16.879 0.011
4063.53741 16.937 0.012
4065.58704 16.985 0.012
4067.58031 16.974 0.012
4069.53318 16.648 0.011
4071.54400 16.595 0.010
4074.54011 16.965 0.013
4077.54182 16.841 0.010
4079.54200 16.865 0.011
4082.54336 16.673 0.009
4085.62069 17.017 0.014
4092.57619 16.973 0.010
4097.61878 16.899 0.013
4100.61020 16.629 0.010
4105.57419 16.880 0.012
4111.61065 16.706 0.009
4115.53011 16.871 0.014
4120.56100 16.696 0.009
4124.57249 16.854 0.011
4128.59647 16.950 0.013
4252.94414 16.853 0.015
4255.86414 16.616 0.012
4268.92311 16.766 0.012
4275.93802 16.691 0.012
4279.83488 16.770 0.015
4282.82628 16.528 0.011
4283.84533 16.913 0.016
4284.87573 16.654 0.012
4285.94115 16.960 0.015
4292.88361 16.921 0.011
4295.87707 16.722 0.011
4296.90756 16.997 0.012
4297.93949 16.811 0.011
4299.87436 16.858 0.010
4300.89610 16.522 0.009
4301.91467 16.920 0.011
4302.93655 16.666 0.011
4306.93326 16.819 0.012
4307.84785 17.003 0.012
4308.67605 16.790 0.012
4308.88395 16.847 0.012
4310.85613 16.892 0.013
4311.85598 16.574 0.014
4312.91815 16.931 0.011
4314.93723 17.014 0.019
4316.84512 17.018 0.017
4320.87243 16.591 0.010
4326.85465 16.830 0.013
4327.83061 16.821 0.016
4328.84636 16.889 0.013
4329.84769 16.553 0.011
4330.87702 16.941 0.013
4332.89323 16.948 0.013
4334.87019 17.023 0.015
4338.92266 16.617 0.011
4340.79350 16.634 0.011
4341.78636 16.942 0.014
4342.86055 16.742 0.012
4343.77992 16.978 0.013
4344.76199 16.785 0.012
4346.71830 16.821 0.013
4348.72407 16.881 0.012
4350.70071 16.925 0.012
4352.80288 16.951 0.014
4353.65885 16.724 0.013
4354.78018 17.045 0.014
4357.76390 16.914 0.015
4359.71785 16.909 0.014
4362.66551 16.713 0.015
4363.62481 16.971 0.015
4365.68317 16.998 0.016
4369.67713 16.621 0.012
4371.66608 16.695 0.013
4376.66957 16.686 0.011
4378.63617 16.579 0.011
4379.66748 16.945 0.017
4381.62663 16.932 0.016
4382.70518 16.772 0.011
4386.67945 16.877 0.012
4388.68017 16.925 0.012
4390.68899 16.935 0.011
4393.68355 16.804 0.012
4396.65811 16.522 0.010
4398.66309 16.667 0.012
4400.68761 16.734 0.011
4404.66459 16.851 0.014
4407.65248 16.626 0.010
4410.68241 17.003 0.013
4415.66874 16.896 0.011
4418.61426 16.663 0.010
4421.67204 17.035 0.014
4423.67651 16.587 0.012
4426.55272 16.931 0.015
4428.56942 16.952 0.017
4430.62964 17.007 0.013
4432.61551 16.823 0.011
4434.62079 16.534 0.010
4436.59710 16.621 0.010
4438.65976 16.763 0.013
4440.59287 16.794 0.013
4442.55437 16.844 0.015
4444.57918 16.891 0.016
4450.61160 16.970 0.017
4452.58914 16.587 0.011
4454.52620 16.564 0.019
4455.59830 16.940 0.013
4457.53381 16.944 0.019
4459.55392 16.996 0.015
4462.58536 16.884 0.014
4466.60949 16.958 0.014
4471.54414 16.855 0.013
4475.53680 16.948 0.015
4480.57922 16.858 0.012
4482.58618 16.947 0.016
4485.58926 16.724 0.014
4488.59149 16.934 0.016
4609.91387 16.546 0.010
4643.89803 17.002 0.016
4650.93691 16.977 0.012
4655.91632 16.885 0.011
4662.79470 16.767 0.010
4662.91153 16.818 0.011
4663.76632 17.059 0.019
4663.91414 16.757 0.012
4665.83940 16.503 0.010
4665.93323 16.566 0.011
4666.92850 16.896 0.014
4666.93239 16.934 0.015
4670.92150 16.998 0.013
4671.89140 16.787 0.012
4673.87344 16.849 0.011
4674.80185 16.632 0.012
4674.86205 16.535 0.011
4676.92169 16.652 0.013
4677.83729 16.912 0.011
4682.81176 16.825 0.012
4684.84962 16.896 0.012
4686.80960 16.944 0.010
4688.82556 16.955 0.011
4690.75115 16.995 0.012
4691.75417 16.789 0.013
4693.90918 16.931 0.015
4696.88282 16.708 0.014
4697.82134 16.953 0.016
4698.77094 16.745 0.010
4699.76504 17.009 0.013
4700.79978 16.819 0.012
4701.80767 16.878 0.013
4703.76688 16.544 0.010
4704.78564 16.910 0.011
4705.79312 16.666 0.011
4707.78554 16.725 0.009
4709.74133 16.774 0.011
4710.76990 17.018 0.011
4715.74991 16.934 0.012
4716.77560 16.704 0.009
4717.70037 16.908 0.013
4719.78965 17.023 0.014
4721.78330 16.656 0.012
4724.66589 16.901 0.014
4725.74535 16.690 0.010
4728.75092 17.026 0.013
4733.72748 16.913 0.012
4740.66908 16.847 0.012
4741.70446 16.540 0.009
4747.60865 16.755 0.012
4749.60833 16.812 0.015
4753.67932 16.895 0.015
4755.67131 16.966 0.013
4757.65583 17.014 0.013
4759.67052 16.763 0.010
4761.63889 16.533 0.009
4763.65132 16.668 0.012
4767.59707 16.783 0.012
4770.66561 16.523 0.010
4772.60337 16.598 0.009
4774.55792 16.691 0.010
4776.54951 16.746 0.012
4777.65146 16.966 0.016
4780.52014 16.868 0.014
4781.61430 16.596 0.012
4783.58323 16.665 0.011
4785.61859 16.759 0.015
4789.54971 16.859 0.012
4791.53126 16.928 0.014
4793.53867 16.959 0.014
4795.55134 17.010 0.012
4797.54359 16.916 0.013
4798.60694 16.899 0.014
4800.65432 16.924 0.012
4803.54545 16.722 0.011
4804.60055 17.023 0.017
4805.58740 16.801 0.011
4807.52518 16.864 0.021
4809.55453 16.889 0.012
4811.57643 16.934 0.013
4813.55337 16.952 0.016
4815.58928 16.976 0.015
4816.53637 16.820 0.012
4818.58665 16.917 0.013
4820.52814 16.949 0.020
4822.58489 16.961 0.012
4824.56971 17.030 0.016
4826.61935 16.527 0.010
4833.56875 17.015 0.012
4835.59200 16.672 0.013
4837.60295 16.591 0.013
4841.57929 16.752 0.012
4843.57354 16.809 0.013
4846.58263 16.569 0.010
4848.61887 16.680 0.010
4850.60635 16.768 0.012
4854.59759 16.872 0.012
4856.61483 16.927 0.012
4862.56274 16.970 0.011
4868.55309 16.723 0.011
