 621.84705 17.189 0.018
 626.93003 17.137 0.012
 627.89570 17.239 0.013
 631.91117 16.697 0.009
 632.90592 17.081 0.012
 635.88184 17.105 0.011
 643.85123 16.755 0.009
 645.87737 17.266 0.013
 649.84005 16.805 0.011
 656.89255 16.638 0.008
 657.89642 17.200 0.014
 658.90518 17.264 0.014
 665.87221 17.214 0.011
 666.87430 17.125 0.009
 667.89333 16.959 0.008
 668.86409 16.700 0.007
 670.82977 17.278 0.012
 671.85223 17.225 0.009
 672.85717 17.132 0.009
 673.77022 16.920 0.009
 684.78518 17.161 0.011
 685.78569 16.994 0.011
 686.74176 16.723 0.008
 687.90306 16.663 0.008
 688.87097 17.197 0.010
 689.73751 17.219 0.010
 697.70337 17.010 0.010
 698.71861 16.808 0.011
 699.72943 16.634 0.008
 700.71451 17.246 0.011
 701.68619 17.227 0.011
 704.68077 16.806 0.011
 706.67912 17.250 0.017
 706.77360 17.171 0.015
 707.70968 17.246 0.014
 708.70720 17.202 0.015
 712.70755 17.205 0.015
 713.72174 17.250 0.011
 714.73830 17.215 0.010
 715.77916 17.154 0.011
 716.76168 16.983 0.009
 720.66870 17.167 0.013
 726.72886 17.211 0.010
 728.72197 17.033 0.010
 729.66635 16.748 0.008
 730.61769 17.134 0.012
 733.67730 17.134 0.013
 739.69951 17.195 0.012
 741.66311 16.869 0.009
 742.65691 16.615 0.008
 744.62543 17.207 0.011
 745.66533 17.206 0.011
 746.61013 17.033 0.010
 748.56457 16.768 0.010
 749.57100 17.235 0.019
 750.54522 17.228 0.017
 751.57534 17.158 0.016
 752.77910 17.195 0.012
 753.71886 16.994 0.010
 754.75039 16.835 0.012
 755.57408 17.252 0.012
 759.57671 16.905 0.009
 760.58104 16.635 0.008
 761.57629 17.205 0.011
 762.57429 16.921 0.012
 762.70455 17.247 0.015
 762.78296 17.192 0.019
 763.59329 17.193 0.014
 763.73754 17.253 0.014
 764.67132 17.152 0.018
 765.55664 16.960 0.013
 766.59356 16.696 0.010
 766.66011 16.795 0.011
 767.56800 17.161 0.016
 767.72164 16.595 0.011
 769.55292 17.203 0.012
 770.64922 17.131 0.012
 771.62538 17.035 0.010
 772.55346 16.715 0.009
 773.57604 16.860 0.009
 774.64586 17.239 0.012
 775.59876 17.212 0.012
 776.67971 17.196 0.013
 777.59664 17.019 0.011
 778.56980 16.811 0.012
 778.66129 16.922 0.012
 779.62918 16.616 0.009
 780.62898 17.207 0.015
 780.72310 16.902 0.012
 781.60555 17.223 0.012
 782.60321 17.241 0.015
 783.58296 17.050 0.010
 784.62255 16.931 0.010
 785.59340 16.629 0.008
 786.59812 17.220 0.011
 787.67852 17.231 0.012
 788.61013 17.187 0.012
 790.56014 16.886 0.010
 795.57191 17.104 0.012
 796.62150 16.974 0.012
 797.69199 16.887 0.010
 798.60940 16.839 0.009
 800.60731 17.199 0.011
 802.58784 17.021 0.012
 805.59389 17.246 0.013
 806.60466 17.239 0.015
 817.63210 17.140 0.011
 819.67320 17.193 0.010
 820.67221 17.119 0.011
 822.59215 16.682 0.008
 823.66942 16.656 0.010
 824.61755 17.237 0.016
 824.68038 17.243 0.016
 825.69074 17.260 0.021
 828.65078 16.828 0.010
 829.61738 16.703 0.009
 832.62430 17.174 0.012
 833.64441 17.082 0.010
 834.65859 16.903 0.013
 836.59198 17.276 0.014
 838.56510 17.114 0.014
 840.58053 16.855 0.011
 845.58619 17.082 0.010
 850.55365 17.172 0.014
 855.56032 17.257 0.017
 856.54820 17.201 0.015
 859.54783 16.697 0.009
 860.58014 16.880 0.011
 866.56744 16.695 0.009
 876.53599 17.039 0.011
 962.91657 17.250 0.013
 986.88285 17.073 0.012
 987.89515 17.244 0.012
 991.90904 16.808 0.009
 996.87679 17.008 0.007
 998.88247 16.663 0.009
1003.81365 16.748 0.011
1005.83907 17.256 0.017
1008.87222 17.103 0.012
1020.83512 17.109 0.011
1025.81476 17.240 0.016
1035.78964 16.842 0.009
1037.81690 17.234 0.012
1038.91592 17.214 0.015
1041.88635 16.666 0.008
1045.78749 17.055 0.010
1049.80790 17.272 0.012
1052.81830 16.930 0.011
1055.68804 17.243 0.012
1058.83984 17.033 0.012
1059.81870 16.741 0.010
1064.76185 16.990 0.012
1068.75372 17.219 0.011
1071.78170 16.808 0.009
1075.79884 17.175 0.011
1078.72062 16.696 0.007
1080.66666 17.194 0.012
1083.75896 16.941 0.008
1086.60952 17.225 0.012
1090.69261 16.637 0.011
1092.69271 17.259 0.014
1094.68886 17.069 0.009
1102.65747 16.625 0.007
1107.62580 16.928 0.009
1112.73199 17.206 0.012
1117.60741 17.204 0.012
1122.61900 17.241 0.012
1128.56759 17.230 0.014
1132.59795 16.877 0.009
1135.66663 17.231 0.011
1138.61942 16.938 0.009
1140.65179 16.989 0.010
1144.65481 17.022 0.011
1151.58928 16.744 0.009
1154.60887 17.193 0.014
1157.65462 16.892 0.010
1160.64612 17.261 0.014
1163.72805 16.995 0.010
1166.69510 17.222 0.011
1170.62401 16.703 0.008
1175.68514 17.051 0.016
1179.68284 17.202 0.013
1183.69172 16.629 0.009
1186.68555 17.196 0.010
1189.57410 16.656 0.008
1192.61869 17.190 0.011
1202.56525 17.249 0.015
1206.56887 16.942 0.012
1212.56044 16.967 0.014
1216.56648 17.245 0.015
1220.56267 16.664 0.009
1227.55826 17.223 0.013
1233.54580 17.202 0.016
1329.80714 17.254 0.018
1330.91729 17.202 0.015
1335.86243 17.231 0.015
1341.92327 17.253 0.013
1347.91964 17.229 0.015
1355.90853 17.167 0.015
1365.90944 17.022 0.012
1367.88700 17.212 0.017
1369.87468 16.960 0.011
1374.87360 17.122 0.013
1395.83919 16.614 0.009
1397.86257 17.273 0.015
1401.87623 16.734 0.008
1407.88354 16.818 0.010
1412.78150 16.969 0.012
1418.82160 17.060 0.011
1430.71560 17.027 0.011
1432.78047 16.611 0.008
1438.73336 16.610 0.008
1441.84047 17.228 0.011
1447.69693 17.185 0.017
1451.66299 17.202 0.013
1454.63722 17.079 0.012
1459.68281 17.252 0.018
1461.65763 16.970 0.011
1462.71600 16.827 0.009
1470.60486 17.254 0.015
1475.62895 16.625 0.009
1478.57753 17.161 0.013
1479.59370 16.999 0.012
1484.59294 17.197 0.013
1487.61999 16.634 0.008
1490.65572 17.226 0.014
1492.55849 16.892 0.013
1495.60777 17.252 0.013
1499.57643 16.697 0.010
1502.59688 17.224 0.015
1505.66396 16.869 0.011
1509.57489 17.156 0.012
1512.67704 16.670 0.010
1516.57677 17.047 0.010
1518.64669 16.681 0.009
1520.67454 17.253 0.014
1523.59188 16.953 0.014
1526.57479 17.227 0.012
1531.68209 16.607 0.009
1546.59820 17.166 0.011
1551.56121 17.254 0.012
1556.60195 17.077 0.015
1567.59832 16.827 0.013
1571.59282 17.148 0.011
1576.58166 17.230 0.014
1580.58641 16.629 0.008
1583.58849 17.198 0.012
1587.57755 17.111 0.012
1592.56958 16.722 0.011
1599.54796 16.787 0.012
1602.53776 17.128 0.016
1607.53188 17.255 0.016
1716.91026 17.116 0.013
1728.90171 17.156 0.012
1731.88829 16.617 0.007
1740.87694 17.213 0.016
1742.90140 16.963 0.012
1743.87477 16.638 0.010
1744.89386 17.174 0.014
1749.84420 16.666 0.007
1750.87071 17.097 0.012
1751.82797 17.250 0.011
1752.84374 17.234 0.013
1753.84479 17.115 0.012
1754.81700 16.941 0.011
1755.83688 16.721 0.014
1756.86601 16.896 0.018
1757.81541 17.297 0.017
1758.82006 17.202 0.012
1759.80992 17.114 0.010
1761.84929 16.793 0.009
1762.83169 16.825 0.010
1763.83734 17.244 0.011
1764.82711 17.215 0.010
1765.82329 17.173 0.012
1766.77655 16.975 0.014
1768.78754 16.817 0.010
1769.69640 17.262 0.017
1771.78972 17.157 0.016
1772.80961 17.028 0.010
1773.77684 16.786 0.010
1775.86072 17.196 0.011
1784.84508 17.135 0.014
1788.74841 17.234 0.012
1803.80256 17.049 0.010
1808.81148 17.197 0.012
1811.79463 16.616 0.007
1814.84148 17.224 0.012
1817.80735 16.715 0.008
1821.60925 17.001 0.014
1823.76676 16.696 0.007
1828.85321 17.046 0.012
1829.77805 16.773 0.010
1847.80171 16.943 0.010
1854.78409 16.748 0.008
1859.74809 16.962 0.011
1863.73178 17.213 0.014
1871.79254 17.087 0.010
2086.91788 17.218 0.017
2104.84997 17.094 0.013
2106.90981 17.200 0.017
2115.90479 16.881 0.013
2116.89092 16.586 0.010
2117.89659 17.226 0.015
2123.83959 17.233 0.016
2128.84414 16.646 0.012
2129.87626 17.128 0.015
2130.82514 17.247 0.016
2131.81866 17.181 0.016
2132.82488 17.105 0.016
2133.91343 17.006 0.018
2134.82976 16.670 0.013
2135.86420 16.965 0.013
2136.86411 17.235 0.018
2137.90908 17.233 0.021
2140.83398 16.722 0.011
2142.88122 17.250 0.017
2143.83528 17.224 0.015
2144.80679 17.138 0.012
2155.89748 17.254 0.023
2156.84401 17.191 0.016
2160.77372 17.227 0.017
2162.78028 17.187 0.014
2166.77505 17.235 0.013
2167.74587 17.248 0.014
2168.73237 17.171 0.015
2171.75844 16.627 0.009
2172.76501 17.174 0.015
2173.72710 17.247 0.014
2177.65875 16.606 0.011
2184.72010 17.039 0.016
2185.68358 17.232 0.017
2187.66619 17.112 0.018
2190.71010 16.796 0.013
2191.65193 17.239 0.017
2192.68069 17.227 0.013
2193.70166 17.156 0.012
2194.67294 17.010 0.013
2201.73902 16.888 0.011
2206.62485 17.045 0.020
2211.66350 17.188 0.014
2212.66257 17.083 0.016
2213.67355 16.934 0.016
2214.65992 16.623 0.012
2215.67521 17.155 0.017
2217.65287 17.219 0.019
2219.69602 16.978 0.016
2222.74525 17.240 0.018
2223.68499 17.236 0.017
2225.61452 16.937 0.012
2226.66086 16.765 0.013
2228.57626 17.240 0.016
2230.51353 17.096 0.022
2232.52733 16.610 0.012
2234.56941 17.262 0.015
2236.55890 17.107 0.014
2238.56428 16.730 0.012
2241.55111 17.252 0.019
2243.58935 17.044 0.014
2248.63379 17.194 0.013
2250.59981 16.899 0.012
2253.58770 17.276 0.016
2256.56998 16.889 0.014
2258.61041 17.049 0.012
2263.60167 16.747 0.012
2265.62769 17.265 0.014
2270.58588 16.694 0.011
2272.58395 17.235 0.016
2274.56780 17.032 0.017
2276.53139 16.750 0.016
2280.54787 17.037 0.018
2285.58638 17.205 0.015
2289.58329 17.105 0.014
2291.58400 17.226 0.016
2293.58450 17.009 0.016
2295.58081 16.913 0.014
2297.58399 17.225 0.019
2299.58047 17.017 0.015
2301.57316 16.704 0.014
2448.90478 17.204 0.022
2460.90484 17.248 0.022
2463.93393 16.888 0.013
2466.85579 17.229 0.021
2467.91966 17.200 0.016
2469.91896 16.926 0.012
2471.90850 17.219 0.016
2472.89857 17.246 0.012
2473.92476 17.206 0.013
2481.88403 16.951 0.017
2483.90769 16.798 0.011
2486.90780 17.133 0.019
2488.90976 16.840 0.015
2492.92209 17.202 0.016
2496.92186 17.214 0.016
2498.79311 17.140 0.015
2499.87810 17.059 0.013
2500.88653 16.908 0.014
2501.87328 16.590 0.010
2502.85344 17.221 0.018
2508.76406 17.282 0.027
2516.79550 17.207 0.020
2517.84227 17.124 0.016
2518.81456 16.953 0.014
2519.81284 16.694 0.011
2520.81101 17.079 0.016
2521.79929 17.271 0.016
2524.80269 16.994 0.016
2526.79652 16.965 0.010
2529.79274 17.131 0.014
2534.85334 17.247 0.018
2535.79098 17.187 0.015
2537.72106 16.726 0.014
2538.82214 16.614 0.012
2539.71930 17.263 0.017
2540.76180 17.247 0.021
2541.73118 17.159 0.015
2542.70100 17.001 0.013
2544.68093 16.920 0.012
2545.69446 17.261 0.015
2547.71245 17.170 0.016
2548.73044 17.042 0.014
2550.72571 16.585 0.010
2551.71224 17.241 0.015
2552.72825 17.256 0.014
2554.72135 17.062 0.013
2555.72929 16.916 0.012
2556.70836 16.611 0.010
2557.72088 17.211 0.013
2558.67736 17.229 0.015
2559.63441 17.176 0.015
2560.66734 17.057 0.013
2561.71296 16.940 0.015
2562.68572 16.633 0.011
2563.69365 17.165 0.017
2564.71001 17.257 0.017
2565.70601 17.194 0.017
2566.68095 17.113 0.015
2568.75000 16.792 0.013
2571.66655 17.214 0.016
2572.74181 17.163 0.017
2573.67988 16.981 0.018
2574.65986 16.705 0.011
2576.69460 17.229 0.017
2577.65966 17.231 0.019
2578.64716 17.115 0.017
2579.65768 16.984 0.014
2580.66582 16.774 0.011
2583.63787 17.222 0.018
2584.64432 17.161 0.016
2586.64552 16.837 0.012
2587.62740 16.657 0.011
2589.61831 17.236 0.016
2590.63505 17.164 0.016
2591.66123 17.062 0.015
2593.62450 16.604 0.011
2594.63052 17.243 0.019
2596.60414 17.184 0.018
2597.59131 17.075 0.017
2598.67151 16.938 0.014
2599.62558 16.640 0.014
2607.64568 17.273 0.020
2610.56701 16.929 0.015
2613.56101 17.240 0.017
2615.59140 17.106 0.014
2619.57591 17.275 0.018
2621.58490 17.111 0.019
2625.56764 17.266 0.024
2627.53833 17.187 0.019
2630.55276 16.645 0.015
2635.56647 16.891 0.012
2640.53168 17.052 0.018
2642.57143 16.672 0.013
2646.58278 17.121 0.017
2651.55685 17.223 0.022
2654.57706 16.844 0.017
2657.53693 17.186 0.023
2661.53346 16.639 0.010
2664.57393 17.213 0.021
2672.55188 16.895 0.019
2676.54208 17.221 0.018
2679.55678 16.737 0.012
2683.53515 17.101 0.022
2777.92190 17.235 0.019
2804.85045 16.917 0.019
2805.86773 16.705 0.018
2811.92285 16.863 0.016
2815.89647 17.162 0.015
2817.94510 16.927 0.016
2830.83565 16.617 0.011
2831.80530 17.242 0.020
2832.76599 17.225 0.017
2832.94386 17.257 0.019
2833.88382 17.199 0.021
2834.93447 17.188 0.017
2838.83584 17.236 0.019
2840.84353 17.122 0.015
2843.84485 16.861 0.012
2844.89057 17.251 0.015
2845.93760 17.252 0.019
2849.87410 16.621 0.011
2850.90685 17.213 0.019
2852.83544 17.174 0.019
2854.84679 16.884 0.016
2857.85421 17.233 0.018
2858.92783 17.229 0.015
2860.89376 16.965 0.013
2861.76519 16.644 0.010
2862.88863 17.035 0.015
2865.81300 17.082 0.015
2866.89972 17.002 0.020
2867.80240 16.620 0.011
2868.80602 17.183 0.015
2869.79255 17.246 0.015
2870.83404 17.215 0.015
2871.87716 17.151 0.015
2872.83399 16.979 0.012
2875.82483 17.244 0.019
2876.79424 17.233 0.015
2879.72076 16.626 0.011
2883.84398 17.186 0.014
2885.77933 16.780 0.010
2890.71021 16.965 0.018
2893.76166 17.240 0.016
2895.81088 17.222 0.014
2897.71437 16.817 0.012
2899.75206 17.234 0.014
2903.76784 16.929 0.009
2906.72005 17.234 0.014
2908.69706 17.065 0.014
2910.69195 16.617 0.011
2912.69729 17.217 0.014
2916.71004 16.690 0.010
2918.68693 17.244 0.015
2922.68690 16.742 0.012
2924.62789 17.254 0.017
2926.62189 17.109 0.015
2929.68310 16.702 0.011
2931.65902 17.233 0.013
2933.66948 17.031 0.011
2935.63383 16.751 0.012
2937.65942 17.245 0.017
2939.67488 17.061 0.015
2940.65205 16.862 0.010
2941.62729 16.621 0.009
2942.65210 17.224 0.016
2943.62343 17.245 0.017
2944.60779 17.188 0.015
2946.56257 16.789 0.012
2946.60253 16.839 0.013
2947.63414 16.622 0.011
2949.61524 17.232 0.015
2950.56678 17.195 0.015
2951.64736 17.107 0.016
2953.59527 16.601 0.010
2955.58041 17.258 0.019
2957.59399 17.096 0.013
2960.60844 17.123 0.017
2962.64828 17.232 0.016
2965.65094 16.824 0.011
2968.61328 17.222 0.018
2970.63211 17.042 0.014
2972.63667 16.580 0.011
2975.54474 17.139 0.014
2977.64055 16.924 0.016
2979.58044 17.223 0.017
2983.56125 16.879 0.014
2986.57784 17.258 0.016
2988.54983 17.101 0.016
2991.57597 17.178 0.016
2994.56171 17.118 0.017
2997.57710 16.984 0.013
3000.56823 17.147 0.015
3003.55109 16.880 0.014
3006.53839 17.138 0.015
3009.53367 16.723 0.015
3013.53610 17.037 0.016
3015.57133 16.635 0.011
3018.54843 17.164 0.019
3020.58414 16.957 0.013
3022.53702 17.226 0.021
3024.53679 17.200 0.020
3025.59639 17.154 0.015
3027.62189 16.805 0.012
3029.59359 17.249 0.017
3031.59841 17.179 0.013
3034.52866 16.990 0.016
3037.54783 17.202 0.020
3183.92985 17.004 0.014
3193.89773 17.234 0.017
3196.86979 16.796 0.010
3197.93221 16.626 0.011
3202.85771 16.850 0.012
3203.89774 16.622 0.009
3206.83557 17.220 0.018
3210.91158 17.043 0.014
3211.86619 17.252 0.015
3215.80130 16.603 0.014
3217.79717 17.255 0.018
3223.85333 17.218 0.016
3228.77203 17.152 0.016
3229.85386 17.239 0.014
3231.83533 17.184 0.016
3238.77219 17.011 0.012
3239.81573 16.886 0.011
3240.80846 16.609 0.011
3241.79193 17.252 0.017
3242.73593 17.222 0.017
3243.86853 17.201 0.016
3244.84712 17.100 0.019
3245.79486 16.907 0.014
3246.78762 16.617 0.011
3247.79600 17.251 0.018
3249.74630 17.212 0.016
3251.75986 16.912 0.010
3254.74755 17.261 0.014
3259.68459 17.244 0.016
3261.72064 17.215 0.013
3263.71786 16.938 0.010
3265.73920 17.045 0.013
3267.72596 17.218 0.014
3269.82047 17.049 0.015
3270.67941 16.688 0.011
3271.68234 17.092 0.014
3273.64065 17.254 0.018
3275.62651 16.935 0.013
3276.72991 16.823 0.014
3277.76855 16.569 0.010
3279.70017 17.203 0.013
3281.65874 16.981 0.010
3283.66041 16.734 0.008
3287.62654 16.964 0.013
3289.64152 16.659 0.008
3293.61508 17.107 0.012
3295.63301 16.577 0.007
3298.57091 17.180 0.012
3300.57321 16.812 0.012
3302.55018 17.233 0.017
3305.65020 17.114 0.014
3307.56249 16.602 0.011
3309.58759 17.245 0.014
3311.53920 17.123 0.014
3314.58215 17.195 0.020
3320.61995 16.664 0.010
3323.56739 17.129 0.014
3327.57491 17.231 0.014
3330.57040 17.064 0.016
3335.61440 17.223 0.018
3338.56007 16.608 0.010
3350.53438 16.692 0.009
3353.59297 17.249 0.014
3359.57002 17.222 0.014
3363.57693 16.593 0.010
3367.63652 17.125 0.014
3372.56999 17.222 0.015
3376.54611 17.179 0.013
3380.53252 16.948 0.020
3386.57950 17.007 0.011
3395.52729 17.197 0.030
3398.57501 17.085 0.016
3402.57225 17.273 0.015
3543.88591 17.040 0.015
3551.90940 16.618 0.013
3554.94062 17.236 0.016
3561.94786 17.152 0.016
3564.92553 16.837 0.009
3568.87116 16.963 0.012
3570.83216 17.168 0.019
3571.82311 17.250 0.022
3573.86881 17.145 0.020
3575.82459 16.712 0.012
3577.88097 17.251 0.017
3578.91699 17.249 0.013
3579.82205 17.141 0.012
3581.89113 16.885 0.013
3582.84743 16.637 0.011
3583.85766 17.231 0.014
3585.87875 17.181 0.011
3586.83092 17.028 0.010
3588.84922 16.590 0.009
3590.80526 17.259 0.013
3592.77001 17.025 0.010
3594.80950 16.601 0.009
3597.84945 17.220 0.016
3600.88561 16.779 0.015
3602.74651 17.211 0.020
3607.83761 16.809 0.010
3617.79363 17.017 0.011
3619.77173 16.703 0.009
3621.76422 17.227 0.012
3628.79109 17.174 0.018
3630.64295 16.694 0.012
3632.64031 17.248 0.020
3634.71321 17.174 0.014
3637.67204 16.627 0.010
3639.72195 17.251 0.012
3641.71873 17.092 0.013
3643.81714 16.841 0.013
3644.75780 17.003 0.010
3646.68884 17.213 0.014
3650.71007 17.016 0.011
3652.64523 17.201 0.012
3654.61568 16.921 0.011
3656.64723 17.117 0.014
3657.70494 17.247 0.013
3658.67986 17.243 0.015
3659.66256 17.122 0.016
3661.61124 16.669 0.012
3663.63418 17.264 0.019
3665.66652 17.145 0.013
3668.61568 16.838 0.011
3670.56638 17.212 0.018
3672.60581 16.990 0.012
3674.63507 16.606 0.008
3676.59289 17.205 0.014
3682.58183 17.221 0.015
3684.57469 17.065 0.012
3686.56458 16.589 0.010
3688.53766 17.252 0.014
3690.54357 17.083 0.016
3692.59612 16.648 0.011
3694.58270 17.236 0.014
3696.57883 17.114 0.012
3698.61253 16.763 0.013
3700.62258 17.258 0.015
3702.61350 17.192 0.015
3704.61402 16.811 0.010
3706.62888 17.235 0.013
3708.61028 17.172 0.015
3712.56681 17.275 0.015
3714.56948 17.189 0.015
3718.55296 17.223 0.015
3721.58516 17.110 0.016
3725.61403 17.241 0.013
3730.53829 17.139 0.012
3734.60896 17.014 0.012
3738.56103 17.215 0.016
3742.55821 16.610 0.012
3747.55798 16.902 0.015
3751.56677 17.221 0.019
3762.54475 17.268 0.023
3766.55000 16.769 0.010
3772.57675 16.869 0.011
3777.52409 17.052 0.018
3871.89614 17.171 0.018
3902.91644 17.205 0.017
3907.91130 17.277 0.016
3913.93685 17.241 0.011
3918.90664 16.868 0.010
3931.93820 17.214 0.017
3934.87617 17.058 0.011
3936.88445 16.617 0.010
3938.86851 17.225 0.015
3945.87547 17.204 0.012
3950.82042 17.256 0.012
3957.77596 17.178 0.021
3959.76543 16.963 0.012
3961.75956 17.181 0.017
3964.76779 17.142 0.010
3966.76004 16.716 0.009
3968.75372 17.222 0.012
3970.74541 17.123 0.010
3973.71474 16.993 0.013
3975.72698 17.224 0.013
3980.66221 17.283 0.016
3981.66195 17.220 0.013
3982.72633 17.170 0.016
3986.69968 17.276 0.016
3991.72887 16.623 0.010
3994.64129 17.147 0.016
3998.67166 17.231 0.015
4001.64248 17.059 0.010
4003.61392 16.624 0.010
4004.69372 17.025 0.012
4005.68785 17.253 0.012
4007.58110 17.069 0.012
4008.59000 16.880 0.009
4011.64048 17.242 0.013
4014.62292 16.944 0.015
4016.61971 16.993 0.012
4018.61612 17.228 0.014
4020.61956 17.008 0.014
4023.60541 17.225 0.015
4025.60578 17.152 0.013
4027.59390 16.764 0.010
4029.57620 17.238 0.014
4031.56328 17.147 0.012
4033.65756 16.924 0.010
4040.53300 16.616 0.011
4042.56089 17.240 0.015
4044.58389 17.101 0.018
4046.61698 16.717 0.011
4049.52892 17.175 0.012
4051.57850 16.959 0.012
4053.62593 16.643 0.008
4055.51857 17.147 0.018
4057.59394 17.045 0.015
4059.59237 16.629 0.009
4063.53741 17.016 0.012
4065.58704 16.593 0.009
4067.58031 17.241 0.014
4069.53318 17.054 0.013
4071.54400 16.600 0.009
4074.54011 17.178 0.015
4077.54182 16.625 0.009
4079.54200 17.260 0.015
4082.54336 16.959 0.011
4085.62069 17.216 0.016
4092.57619 17.229 0.012
4097.61878 17.146 0.015
4100.61020 17.124 0.014
4105.57419 17.196 0.015
4111.61065 17.207 0.012
4115.53011 17.081 0.016
4120.56100 16.800 0.010
4124.57249 17.182 0.014
4128.59647 17.226 0.015
4252.94414 16.893 0.016
4255.86414 17.231 0.018
4268.92311 17.235 0.017
4275.93802 17.179 0.017
4279.83488 17.239 0.022
4282.82628 16.997 0.015
4283.84533 16.803 0.015
4284.87573 16.612 0.012
4285.94115 17.165 0.017
4292.88361 17.241 0.014
4295.87707 16.950 0.012
4296.90756 16.715 0.010
4297.93949 16.724 0.010
4299.87436 17.226 0.013
4300.89610 17.113 0.013
4301.91467 17.014 0.011
4302.93655 16.828 0.012
4306.93326 17.177 0.016
4307.84785 16.982 0.012
4308.67605 16.681 0.011
4308.88395 16.809 0.012
4310.85613 17.256 0.017
4311.85598 17.243 0.024
4312.91815 17.198 0.014
4314.93723 16.934 0.017
4316.84512 17.221 0.020
4320.87243 16.910 0.013
4326.85465 16.940 0.014
4327.83061 16.612 0.013
4328.84636 17.167 0.017
4329.84769 17.258 0.017
4330.87702 17.233 0.016
4332.89323 17.014 0.014
4334.87019 16.806 0.013
4338.92266 17.048 0.015
4340.79350 17.059 0.015
4341.78636 17.269 0.018
4342.86055 17.221 0.018
4343.77992 17.093 0.015
4344.76199 16.953 0.014
4346.71830 17.156 0.017
4348.72407 17.207 0.015
4350.70071 16.926 0.012
4352.80288 16.621 0.012
4353.65885 17.265 0.019
4354.78018 17.243 0.017
4357.76390 16.835 0.014
4359.71785 17.241 0.018
4362.66551 16.985 0.018
4363.62481 16.691 0.013
4365.68317 17.238 0.019
4369.67713 16.828 0.014
4371.66608 17.236 0.018
4376.66957 16.603 0.011
4378.63617 17.221 0.018
4379.66748 17.147 0.020
4381.62663 16.854 0.016
4382.70518 16.698 0.010
4386.67945 17.117 0.015
4388.68017 16.722 0.011
4390.68899 17.253 0.014
4393.68355 17.005 0.015
4396.65811 17.243 0.017
4398.66309 17.176 0.016
4400.68761 16.843 0.012
4404.66459 17.172 0.017
4407.65248 16.603 0.010
4410.68241 17.180 0.015
4415.66874 17.257 0.015
4418.61426 16.921 0.012
4421.67204 17.276 0.017
4423.67651 17.156 0.018
4426.55272 17.217 0.019
4428.56942 17.222 0.021
4430.62964 16.993 0.014
4432.61551 16.747 0.011
4434.62079 17.225 0.016
4436.59710 17.018 0.013
4438.65976 16.620 0.012
4440.59287 17.241 0.018
4442.55437 17.052 0.017
4444.57918 16.618 0.013
4450.61160 16.663 0.014
4452.58914 17.248 0.018
4454.52620 17.029 0.026
4455.59830 16.939 0.014
4457.53381 17.236 0.022
4459.55392 17.204 0.017
4462.58536 16.728 0.013
4466.60949 17.154 0.016
4471.54414 17.259 0.018
4475.53680 16.679 0.013
4480.57922 16.896 0.013
4482.58618 17.173 0.020
4485.58926 17.115 0.020
4488.59149 17.032 0.019
4609.91387 17.238 0.017
4643.89803 16.955 0.016
4650.93691 16.798 0.012
4655.91632 17.046 0.013
4662.79470 16.707 0.010
4662.91153 16.876 0.011
4663.76632 17.153 0.021
4663.91414 16.597 0.011
4665.83940 17.236 0.018
4665.93323 17.267 0.019
4666.92850 17.212 0.019
4666.93239 17.204 0.020
4670.92150 17.155 0.015
4671.89140 17.284 0.018
4673.87344 17.085 0.014
4674.80185 16.832 0.014
4674.86205 16.915 0.015
4676.92169 16.922 0.016
4677.83729 17.253 0.015
4682.81176 17.213 0.016
4684.84962 17.214 0.015
4686.80960 16.951 0.011
4688.82556 17.045 0.013
4690.75115 17.190 0.014
4691.75417 17.111 0.017
4693.90918 16.896 0.015
4696.88282 17.221 0.020
4697.82134 17.130 0.018
4698.77094 16.983 0.012
4699.76504 16.737 0.011
4700.79978 16.668 0.011
4701.80767 17.235 0.016
4703.76688 17.158 0.014
4704.78564 17.029 0.012
4705.79312 16.862 0.013
4707.78554 17.252 0.013
4709.74133 17.149 0.014
4710.76990 17.020 0.012
4715.74991 17.159 0.015
4716.77560 17.072 0.012
4717.70037 16.831 0.013
4719.78965 17.139 0.016
4721.78330 17.171 0.019
4724.66589 16.622 0.012
4725.74535 17.140 0.014
4728.75092 17.140 0.014
4733.72748 17.223 0.014
4740.66908 17.134 0.014
4741.70446 17.002 0.011
4747.60865 16.948 0.014
4749.60833 17.059 0.018
4753.67932 17.047 0.017
4755.67131 16.613 0.010
4757.65583 17.245 0.015
4759.67052 17.083 0.012
4761.63889 16.586 0.008
4763.65132 17.216 0.018
4767.59707 16.604 0.011
4770.66561 17.191 0.017
4772.60337 16.936 0.012
4774.55792 17.229 0.015
4776.54951 17.215 0.017
4777.65146 17.133 0.017
4780.52014 17.232 0.018
4781.61430 17.221 0.019
4783.58323 17.132 0.016
4785.61859 16.796 0.015
4789.54971 17.132 0.014
4791.53126 16.729 0.012
4793.53867 17.207 0.016
4795.55134 17.161 0.013
4797.54359 16.813 0.012
4798.60694 16.596 0.011
4800.65432 17.315 0.017
4803.54545 16.866 0.012
4804.60055 16.659 0.013
4805.58740 17.208 0.015
4807.52518 17.212 0.026
4809.55453 16.918 0.012
4811.57643 17.064 0.014
4813.55337 17.229 0.020
4815.58928 16.992 0.016
4816.53637 16.708 0.011
4818.58665 17.236 0.017
4820.52814 17.157 0.022
4822.58489 16.849 0.011
4824.56971 17.235 0.020
4826.61935 17.204 0.015
4833.56875 17.050 0.013
4835.59200 16.663 0.013
4837.60295 17.220 0.022
4841.57929 16.713 0.012
4843.57354 17.262 0.019
4846.58263 16.990 0.013
4848.61887 16.617 0.010
4850.60635 17.243 0.016
4854.59759 16.608 0.010
4856.61483 17.238 0.015
4862.56274 17.231 0.014
4868.55309 17.211 0.017
