2104.87278 15.556 0.007
2112.91310 15.397 0.006
2115.88914 15.619 0.007
2116.91702 15.532 0.007
2117.87540 15.396 0.006
2123.87100 15.431 0.007
2128.87091 15.415 0.007
2130.80969 15.562 0.007
2131.80271 15.620 0.007
2132.84744 15.456 0.007
2133.85849 15.416 0.007
2134.85306 15.477 0.007
2135.88740 15.542 0.006
2136.89375 15.619 0.008
2140.85651 15.527 0.008
2141.76669 15.607 0.008
2142.86349 15.534 0.007
2143.86408 15.397 0.006
2144.79191 15.436 0.006
2156.71706 15.552 0.007
2160.79627 15.461 0.007
2162.80662 15.625 0.007
2165.79408 15.448 0.007
2166.79744 15.521 0.007
2167.73069 15.610 0.007
2168.75525 15.560 0.007
2172.79356 15.608 0.007
2172.81303 15.611 0.007
2173.74958 15.592 0.007
2174.73333 15.409 0.006
2177.68143 15.585 0.007
2184.74276 15.492 0.008
2185.70619 15.412 0.007
2187.65102 15.528 0.008
2189.73264 15.536 0.008
2190.73273 15.411 0.007
2192.70142 15.521 0.006
2193.72234 15.620 0.007
2194.69344 15.563 0.007
2200.70785 15.413 0.007
2203.59609 15.576 0.007
2206.64580 15.424 0.007
2211.69781 15.412 0.007
2212.68442 15.467 0.007
2214.68442 15.623 0.009
2215.72044 15.525 0.007
2217.67959 15.447 0.007
2219.71656 15.614 0.007
2222.76587 15.452 0.008
2223.67096 15.501 0.007
2225.63517 15.603 0.007
2228.59688 15.490 0.007
2230.53499 15.635 0.008
2232.54798 15.413 0.006
2234.58999 15.555 0.007
2236.57925 15.517 0.007
2239.52677 15.527 0.007
2241.57156 15.559 0.007
2243.60994 15.447 0.007
2249.56609 15.497 0.006
2251.61618 15.604 0.007
2254.56495 15.497 0.007
2256.59116 15.614 0.008
2259.61205 15.475 0.006
2262.61853 15.517 0.007
2266.61040 15.616 0.007
2271.58533 15.610 0.007
2273.58457 15.411 0.007
2276.57923 15.597 0.007
2280.57316 15.481 0.007
2285.56912 15.471 0.006
2289.60500 15.408 0.006
2291.61024 15.537 0.007
2293.60656 15.537 0.007
2295.60327 15.444 0.007
2297.60784 15.606 0.007
2299.60249 15.407 0.007
2301.59402 15.504 0.008
2460.92727 15.412 0.008
2464.88465 15.587 0.007
2466.87816 15.434 0.007
2468.87241 15.579 0.007
2470.86334 15.423 0.007
2472.88343 15.477 0.005
2481.86891 15.404 0.008
2483.93030 15.526 0.007
2486.93111 15.401 0.008
2489.81187 15.589 0.006
2497.80833 15.420 0.007
2498.81563 15.478 0.007
2499.90067 15.571 0.007
2500.90908 15.626 0.008
2501.89560 15.451 0.007
2502.87587 15.411 0.007
2508.78646 15.437 0.008
2516.81882 15.586 0.008
2517.86582 15.427 0.007
2518.84009 15.439 0.007
2519.79137 15.497 0.007
2520.83355 15.578 0.008
2521.78414 15.619 0.007
2524.78705 15.484 0.008
2526.81901 15.628 0.007
2529.77755 15.460 0.006
2535.73716 15.517 0.007
2537.74363 15.568 0.008
2538.84413 15.409 0.007
2539.74006 15.438 0.007
2540.78432 15.508 0.007
2541.75210 15.601 0.007
2542.72173 15.595 0.007
2544.70339 15.429 0.007
2545.71523 15.493 0.007
2547.73337 15.628 0.007
2548.75299 15.451 0.007
2550.74811 15.480 0.007
2551.73528 15.558 0.007
2552.75066 15.631 0.007
2553.69144 15.514 0.008
2554.74379 15.411 0.007
2555.75177 15.463 0.007
2556.73099 15.532 0.007
2557.74333 15.625 0.007
2558.69987 15.546 0.007
2559.65678 15.404 0.007
2560.68991 15.444 0.007
2562.70812 15.616 0.007
2563.71614 15.563 0.007
2564.73253 15.401 0.007
2565.72798 15.438 0.007
2566.70696 15.501 0.007
2571.69468 15.472 0.007
2572.76270 15.568 0.008
2573.70082 15.619 0.008
2574.68056 15.475 0.007
2576.72503 15.470 0.007
2577.68326 15.550 0.007
2578.66833 15.634 0.008
2579.67847 15.508 0.007
2580.68676 15.413 0.007
2583.66298 15.639 0.008
2584.66529 15.555 0.007
2587.65004 15.523 0.007
2588.66191 15.612 0.007
2589.64091 15.591 0.007
2590.65788 15.417 0.007
2591.69067 15.441 0.007
2593.64746 15.583 0.008
2594.65399 15.602 0.008
2596.62665 15.432 0.007
2597.61549 15.464 0.007
2598.69423 15.585 0.008
2599.65474 15.637 0.008
2610.59208 15.555 0.008
2613.58361 15.521 0.008
2615.61918 15.576 0.007
2620.58958 15.604 0.008
2622.53734 15.415 0.007
2625.59074 15.625 0.009
2629.53101 15.531 0.008
2632.56907 15.401 0.006
2636.56551 15.566 0.008
2639.56478 15.506 0.007
2643.53775 15.439 0.007
2649.54282 15.478 0.007
2651.57940 15.634 0.009
2655.53632 15.536 0.009
2658.55271 15.408 0.008
2661.56527 15.615 0.007
2665.53227 15.506 0.008
2669.55840 15.446 0.007
2674.54252 15.429 0.007
2676.56335 15.560 0.007
2680.53305 15.462 0.008
2683.55759 15.521 0.008
2804.83551 15.441 0.008
2805.89192 15.510 0.009
2811.94494 15.586 0.008
2815.91877 15.480 0.007
2818.92663 15.480 0.007
2829.86539 15.401 0.007
2831.85794 15.506 0.007
2832.80890 15.604 0.008
2833.90749 15.588 0.008
2835.89624 15.430 0.007
2838.88017 15.617 0.008
2840.88536 15.438 0.007
2843.87133 15.625 0.007
2844.91266 15.476 0.007
2848.81933 15.640 0.009
2849.89738 15.528 0.007
2850.92892 15.404 0.007
2852.85755 15.523 0.008
2854.86890 15.563 0.008
2857.87620 15.521 0.007
2860.91585 15.416 0.007
2861.78757 15.433 0.007
2862.87367 15.493 0.007
2863.87556 15.596 0.009
2865.79800 15.462 0.007
2867.78749 15.488 0.007
2868.82811 15.566 0.007
2869.84910 15.636 0.008
2870.85619 15.488 0.007
2872.78030 15.452 0.007
2875.84742 15.523 0.007
2876.81638 15.406 0.007
2877.84585 15.458 0.007
2879.81061 15.618 0.007
2884.76068 15.578 0.007
2886.76644 15.421 0.007
2890.73240 15.639 0.009
2893.78394 15.468 0.007
2895.79479 15.637 0.007
2897.74236 15.413 0.007
2899.77466 15.529 0.007
2903.79339 15.446 0.006
2906.74215 15.573 0.007
2908.71917 15.430 0.006
2910.71401 15.585 0.007
2912.71929 15.435 0.006
2916.73261 15.620 0.007
2918.70967 15.418 0.007
2922.70921 15.523 0.007
2924.65004 15.451 0.007
2926.64415 15.621 0.008
2929.70557 15.456 0.007
2931.68145 15.609 0.007
2933.69364 15.422 0.006
2935.65654 15.503 0.007
2937.68167 15.608 0.008
2939.65987 15.423 0.007
2940.67415 15.483 0.007
2942.67742 15.618 0.008
2943.64617 15.479 0.007
2944.62992 15.420 0.007
2946.62850 15.539 0.007
2947.65651 15.625 0.008
2949.63736 15.407 0.007
2950.58885 15.428 0.007
2951.66977 15.528 0.007
2953.61756 15.558 0.007
2955.60257 15.441 0.008
2957.61621 15.607 0.007
2965.67312 15.418 0.007
2968.63567 15.616 0.008
2971.64343 15.471 0.007
2973.63196 15.629 0.008
2975.52874 15.400 0.007
2977.62439 15.521 0.008
2979.60467 15.571 0.008
2982.55927 15.505 0.007
2986.60059 15.436 0.007
2988.57306 15.584 0.007
2990.59186 15.447 0.007
2993.59390 15.558 0.007
2997.53768 15.472 0.007
3000.59788 15.532 0.007
3003.57340 15.529 0.007
3006.56301 15.414 0.007
3009.55637 15.601 0.008
3013.56299 15.484 0.007
3017.55747 15.427 0.007
3020.53257 15.639 0.008
3022.56005 15.427 0.007
3024.55923 15.531 0.007
3026.52929 15.558 0.008
3028.53017 15.463 0.009
3030.53328 15.619 0.007
3032.55128 15.425 0.007
3034.55079 15.513 0.007
3038.54163 15.442 0.008
3179.93291 15.514 0.006
3184.89677 15.484 0.007
3193.91979 15.411 0.006
3196.89180 15.624 0.007
3202.87973 15.601 0.007
3203.92421 15.433 0.005
3206.86711 15.566 0.007
3210.93357 15.487 0.006
3211.84970 15.551 0.007
3216.76937 15.532 0.008
3217.81927 15.631 0.008
3224.81619 15.398 0.006
3228.79409 15.605 0.007
3230.76760 15.431 0.006
3238.79866 15.633 0.007
3239.83779 15.507 0.007
3240.83493 15.406 0.007
3241.77686 15.460 0.006
3242.76756 15.541 0.007
3243.89071 15.636 0.008
3244.86939 15.549 0.007
3245.81688 15.408 0.007
3246.81371 15.445 0.006
3247.81794 15.521 0.007
3249.77143 15.608 0.007
3251.78400 15.446 0.006
3254.77009 15.618 0.006
3257.79715 15.492 0.006
3261.74310 15.414 0.006
3263.74001 15.550 0.006
3265.76541 15.523 0.007
3267.74811 15.458 0.006
3270.70182 15.569 0.007
3271.70449 15.419 0.007
3273.66301 15.527 0.008
3275.65777 15.609 0.008
3276.75182 15.438 0.007
3277.79073 15.436 0.006
3279.72224 15.589 0.007
3281.68804 15.466 0.006
3283.68244 15.489 0.005
3287.64873 15.416 0.006
3289.66354 15.553 0.006
3291.60191 15.560 0.006
3294.61846 15.533 0.006
3296.58483 15.592 0.007
3298.59269 15.444 0.005
3300.59530 15.600 0.007
3302.57629 15.444 0.007
3305.67230 15.578 0.007
3307.58885 15.475 0.007
3309.60959 15.484 0.006
3311.56513 15.624 0.007
3314.60417 15.465 0.007
3320.64208 15.516 0.006
3323.59447 15.425 0.006
3327.62256 15.602 0.007
3330.59381 15.495 0.007
3335.63846 15.484 0.007
3338.54531 15.524 0.007
3350.55663 15.445 0.006
3357.59373 15.581 0.007
3361.59313 15.485 0.006
3363.59944 15.637 0.008
3369.57641 15.551 0.006
3372.59240 15.540 0.006
3376.56842 15.448 0.006
3380.55479 15.447 0.007
3386.60162 15.422 0.006
3395.55362 15.554 0.008
3399.57748 15.618 0.008
3402.59437 15.436 0.006
3543.91056 15.505 0.007
3551.93133 15.466 0.007
3558.91508 15.461 0.006
3562.90585 15.401 0.006
3568.89740 15.450 0.006
3570.85525 15.599 0.008
3571.84551 15.616 0.008
3573.89089 15.439 0.007
3575.85071 15.571 0.006
3577.90728 15.469 0.006
3579.84815 15.473 0.006
3581.91708 15.636 0.007
3582.86949 15.522 0.006
3583.88856 15.416 0.006
3586.87885 15.632 0.006
3588.87699 15.402 0.006
3590.83561 15.504 0.006
3592.79589 15.589 0.006
3594.83667 15.431 0.006
3600.92574 15.497 0.007
3602.78455 15.630 0.008
3603.74877 15.506 0.006
3608.80538 15.531 0.006
3614.83722 15.416 0.006
3615.82293 15.450 0.006
3618.82163 15.580 0.006
3620.84809 15.431 0.006
3622.80213 15.600 0.007
3625.74806 15.423 0.006
3628.76964 15.624 0.007
3630.68510 15.406 0.007
3632.66225 15.547 0.008
3634.69275 15.546 0.006
3637.69802 15.523 0.006
3640.66314 15.419 0.006
3644.69886 15.606 0.006
3646.71636 15.376 0.006
3650.73213 15.452 0.006
3652.67357 15.469 0.006
3654.64937 15.640 0.007
3656.70259 15.424 0.006
3657.73073 15.481 0.006
3658.70427 15.540 0.007
3659.68862 15.619 0.007
3660.69431 15.546 0.007
3663.68506 15.531 0.007
3665.71333 15.576 0.007
3668.64193 15.510 0.007
3668.66445 15.491 0.006
3670.65307 15.626 0.007
3672.58577 15.425 0.007
3674.74507 15.594 0.006
3676.63138 15.481 0.006
3682.60803 15.417 0.006
3684.62532 15.531 0.006
3686.59103 15.575 0.007
3688.56401 15.438 0.006
3690.57769 15.599 0.007
3693.57483 15.415 0.006
3695.57043 15.576 0.006
3698.54603 15.430 0.007
3701.59457 15.613 0.007
3703.60518 15.416 0.006
3705.57742 15.551 0.006
3707.57783 15.529 0.006
3712.59284 15.553 0.007
3715.55106 15.513 0.007
3719.63001 15.435 0.007
3722.57698 15.618 0.007
3725.65703 15.503 0.007
3730.56022 15.465 0.006
3735.56288 15.455 0.006
3738.58403 15.560 0.007
3743.53825 15.601 0.007
3748.54216 15.624 0.008
3753.53982 15.652 0.008
3758.56175 15.643 0.007
3762.56833 15.532 0.007
3768.52831 15.604 0.008
3773.52516 15.597 0.009
3777.55111 15.487 0.007
3871.92152 15.548 0.007
3902.93837 15.535 0.007
3907.93335 15.516 0.007
3915.90919 15.446 0.006
3918.92845 15.586 0.006
3934.89808 15.610 0.006
3936.90631 15.439 0.006
3938.89051 15.496 0.006
3945.86027 15.624 0.006
3950.84208 15.623 0.006
3957.79771 15.407 0.007
3959.79616 15.510 0.007
3961.78236 15.603 0.007
3964.78950 15.490 0.006
3966.78173 15.620 0.006
3968.77528 15.414 0.006
3970.76690 15.551 0.006
3973.73625 15.409 0.006
3975.75118 15.536 0.006
3980.68371 15.513 0.007
3981.68356 15.614 0.006
3982.74788 15.592 0.007
3986.72505 15.591 0.007
3989.82210 15.458 0.006
3991.76331 15.571 0.007
3994.66429 15.417 0.006
4001.66398 15.534 0.006
4003.63573 15.564 0.006
4004.72425 15.406 0.006
4005.70952 15.444 0.006
4007.60275 15.605 0.007
4008.61176 15.605 0.006
4011.66218 15.510 0.006
4014.66012 15.455 0.007
4016.64139 15.487 0.006
4018.63771 15.640 0.007
4020.67043 15.430 0.006
4023.62713 15.580 0.007
4025.62746 15.401 0.006
4027.61560 15.524 0.006
4029.59787 15.572 0.006
4031.58484 15.444 0.006
4036.62023 15.433 0.006
4038.57454 15.580 0.006
4040.55452 15.471 0.007
4042.62387 15.490 0.006
4044.66650 15.627 0.008
4047.57481 15.469 0.006
4049.55058 15.634 0.006
4051.60010 15.407 0.006
4053.61107 15.532 0.006
4055.54030 15.583 0.007
4057.57941 15.453 0.007
4059.61393 15.620 0.006
4063.60532 15.503 0.006
4066.52022 15.465 0.007
4068.58757 15.486 0.006
4071.52869 15.516 0.007
4074.56395 15.540 0.007
4077.61667 15.433 0.007
4079.56374 15.525 0.006
4083.57125 15.452 0.007
4087.59314 15.433 0.006
4095.55705 15.563 0.006
4095.59407 15.589 0.006
4098.57612 15.419 0.006
4102.54824 15.547 0.007
4107.55242 15.565 0.007
4112.55283 15.604 0.007
4119.54241 15.432 0.006
4122.56869 15.633 0.007
4128.56885 15.542 0.006
4253.89212 15.413 0.008
4255.91072 15.499 0.008
4258.92789 15.444 0.008
4273.91420 15.559 0.008
4278.94066 15.591 0.008
4281.76511 15.485 0.007
4282.90497 15.588 0.007
4283.83167 15.627 0.008
4284.89613 15.451 0.007
4289.87056 15.484 0.007
4292.90383 15.537 0.007
4295.89775 15.400 0.007
4296.93199 15.451 0.006
4298.85103 15.617 0.007
4299.89453 15.558 0.007
4300.91636 15.400 0.006
4301.93521 15.435 0.006
4303.82590 15.592 0.008
4307.72291 15.475 0.007
4308.69670 15.575 0.008
4308.90456 15.587 0.007
4310.87664 15.438 0.007
4311.87811 15.425 0.008
4312.93839 15.487 0.007
4314.80706 15.633 0.008
4316.86676 15.419 0.007
4320.85045 15.528 0.007
4326.87482 15.390 0.007
4327.89789 15.413 0.008
4328.86795 15.504 0.007
4329.86776 15.592 0.007
4330.89858 15.592 0.007
4332.91480 15.433 0.007
4334.89174 15.572 0.009
4339.86279 15.566 0.007
4340.81506 15.636 0.008
4341.80789 15.496 0.007
4342.88217 15.413 0.007
4343.80148 15.465 0.007
4344.78365 15.537 0.007
4346.75987 15.543 0.007
4348.74561 15.448 0.007
4350.72237 15.609 0.007
4353.68052 15.424 0.007
4355.73907 15.585 0.008
4358.68245 15.423 0.007
4359.73968 15.484 0.007
4362.69004 15.485 0.008
4365.66400 15.553 0.008
4369.72079 15.455 0.008
4371.68775 15.631 0.008
4376.69113 15.607 0.008
4378.65780 15.422 0.007
4379.68909 15.441 0.008
4381.64828 15.579 0.008
4383.67678 15.438 0.007
4386.70138 15.568 0.007
4388.70170 15.468 0.007
4390.71063 15.474 0.007
4394.59821 15.405 0.007
4396.68161 15.524 0.007
4398.68474 15.546 0.008
4402.66979 15.609 0.007
4404.68626 15.414 0.008
4407.69476 15.589 0.007
4409.71034 15.430 0.007
4411.70548 15.492 0.007
4415.70933 15.429 0.008
4417.65933 15.543 0.007
4420.64577 15.408 0.007
4422.67778 15.528 0.007
4424.67484 15.553 0.007
4427.56061 15.507 0.007
4429.60371 15.592 0.008
4431.59083 15.427 0.007
4433.59674 15.575 0.008
4435.58507 15.456 0.007
4438.64516 15.567 0.007
4440.61464 15.498 0.007
4442.57612 15.460 0.008
4452.61103 15.444 0.007
4454.63125 15.613 0.008
4455.57332 15.598 0.007
4457.58224 15.432 0.008
4460.53664 15.625 0.008
4462.54299 15.431 0.007
4462.55188 15.432 0.008
4462.58085 15.423 0.007
4463.53161 15.480 0.008
4463.60018 15.475 0.007
4464.54673 15.560 0.007
4465.56494 15.637 0.007
4465.59827 15.625 0.007
4466.57068 15.502 0.007
4466.60503 15.488 0.007
4467.55904 15.410 0.007
4467.58298 15.418 0.007
4468.58457 15.459 0.007
4468.61945 15.467 0.007
4469.56751 15.539 0.007
4469.60469 15.534 0.007
4470.55149 15.631 0.008
4470.58241 15.624 0.008
4471.53990 15.537 0.007
4471.56751 15.537 0.007
4472.54427 15.419 0.007
4472.57332 15.410 0.006
4473.55546 15.457 0.007
4473.57804 15.462 0.007
4474.55712 15.533 0.008
4474.58438 15.545 0.008
4474.61956 15.519 0.007
4474.64329 15.532 0.007
4475.55319 15.617 0.007
4475.59625 15.627 0.007
4475.65981 15.618 0.008
4476.57049 15.570 0.007
4476.59802 15.564 0.007
4476.64499 15.571 0.007
4477.60317 15.410 0.007
4477.64902 15.412 0.007
4478.57335 15.443 0.007
4478.63692 15.450 0.008
4479.56648 15.515 0.007
4479.62302 15.515 0.008
4480.55113 15.599 0.007
4480.59811 15.603 0.007
4481.55542 15.617 0.007
4481.60650 15.591 0.007
4481.63189 15.582 0.007
4482.56351 15.433 0.007
4482.62793 15.416 0.007
4483.58917 15.437 0.007
4483.63367 15.445 0.007
4484.58793 15.506 0.008
4485.58466 15.589 0.008
4486.57294 15.628 0.008
4486.57701 15.623 0.009
4486.62667 15.612 0.009
4487.61434 15.447 0.008
4487.61830 15.455 0.008
4487.64162 15.439 0.008
4488.57799 15.428 0.008
4488.58216 15.430 0.008
4488.61576 15.427 0.008
4489.61478 15.509 0.008
4490.61543 15.566 0.008
4491.61392 15.633 0.008
4492.58016 15.497 0.007
4492.60596 15.501 0.007
4498.54290 15.423 0.007
4502.55681 15.579 0.007
4519.51844 15.407 0.007
4519.52433 15.410 0.007
4519.52808 15.418 0.007
4519.53169 15.415 0.007
4609.93554 15.529 0.008
4643.91962 15.401 0.007
4652.94373 15.610 0.008
4655.90180 15.478 0.007
4661.91561 15.538 0.007
4662.83919 15.621 0.007
4662.93706 15.618 0.007
4663.78790 15.555 0.008
4665.86106 15.440 0.007
4670.94296 15.441 0.007
4671.83944 15.500 0.007
4673.94149 15.593 0.008
4677.85883 15.576 0.007
4682.83322 15.544 0.007
4684.87125 15.495 0.007
4686.83118 15.460 0.006
4688.84741 15.634 0.007
4690.77276 15.408 0.006
4691.77606 15.441 0.007
4694.82237 15.561 0.008
4699.78772 15.610 0.007
4700.82161 15.422 0.007
4701.82929 15.423 0.007
4703.78851 15.566 0.007
4704.80720 15.628 0.007
4705.81480 15.491 0.007
4707.83221 15.474 0.006
4709.76302 15.635 0.007
4715.77158 15.552 0.007
4717.72617 15.436 0.007
4720.70507 15.597 0.007
4722.72029 15.438 0.006
4725.72547 15.620 0.007
4730.71605 15.632 0.007
4730.77879 15.631 0.006
4733.75099 15.470 0.006
4740.69352 15.617 0.007
4743.69026 15.438 0.006
4748.67901 15.427 0.006
4750.71187 15.572 0.007
4754.63743 15.476 0.007
4755.61317 15.555 0.007
4756.64702 15.629 0.007
4758.62723 15.410 0.006
4760.61389 15.533 0.007
4762.60368 15.541 0.007
4767.63932 15.566 0.007
4770.68757 15.510 0.007
4772.62495 15.605 0.007
4774.60045 15.415 0.006
4776.57224 15.567 0.007
4778.57359 15.470 0.006
4780.57085 15.469 0.007
4782.54374 15.627 0.007
4783.60535 15.505 0.007
4789.57147 15.405 0.006
4791.55302 15.506 0.007
4793.56040 15.594 0.007
4795.57328 15.444 0.006
4797.56545 15.592 0.008
4798.62869 15.599 0.007
4801.52992 15.478 0.006
4802.61738 15.576 0.007
4803.58930 15.624 0.007
4805.52429 15.426 0.008
4807.55105 15.549 0.007
4809.57623 15.508 0.007
4811.59810 15.462 0.007
4814.55597 15.555 0.007
4816.55810 15.446 0.006
4818.57208 15.618 0.007
4820.55011 15.423 0.007
4822.60684 15.505 0.007
4824.59168 15.606 0.007
4831.56332 15.417 0.007
4833.59116 15.546 0.006
4835.61391 15.498 0.007
4839.61694 15.648 0.008
4842.58359 15.440 0.008
4844.59410 15.612 0.007
4847.64829 15.448 0.008
4849.60826 15.609 0.007
4853.60555 15.484 0.007
4855.61876 15.624 0.008
4862.59258 15.402 0.006
4868.57477 15.442 0.007
4869.53688 15.522 0.008
