 628.91647 16.190 0.010
 632.91675 16.235 0.010
 633.92126 16.396 0.010
 643.88513 16.370 0.009
 645.88861 16.387 0.010
 649.85791 16.357 0.012
 656.90370 16.596 0.010
 657.84489 16.346 0.010
 658.91652 16.569 0.012
 664.80789 16.635 0.012
 664.89642 16.609 0.012
 665.88339 16.333 0.009
 666.89393 16.623 0.010
 667.90475 16.325 0.009
 668.87535 16.649 0.009
 670.84098 16.628 0.012
 671.86351 16.332 0.009
 672.91703 16.633 0.010
 673.71929 16.259 0.010
 673.92100 16.351 0.008
 684.79605 16.575 0.010
 685.73461 16.249 0.008
 686.77701 16.562 0.010
 688.88185 16.623 0.010
 689.77184 16.269 0.009
 697.73785 16.217 0.008
 698.88387 16.591 0.013
 699.74037 16.206 0.008
 700.74898 16.526 0.012
 701.72142 16.205 0.009
 704.69369 16.505 0.014
 706.71746 16.499 0.014
 707.75344 16.210 0.012
 708.72096 16.493 0.014
 712.72130 16.493 0.010
 713.75904 16.218 0.009
 714.77441 16.513 0.010
 716.70803 16.486 0.009
 720.68360 16.492 0.012
 722.64887 16.473 0.010
 726.74101 16.492 0.009
 728.63977 16.479 0.009
 729.70670 16.149 0.008
 730.63080 16.486 0.013
 733.69280 16.127 0.009
 739.75774 16.155 0.010
 741.68433 16.096 0.008
 742.77474 16.512 0.012
 744.72662 16.467 0.010
 745.67789 16.092 0.008
 747.61677 16.021 0.009
 748.57831 16.451 0.012
 749.58601 16.014 0.010
 750.58055 16.456 0.010
 751.58768 15.984 0.009
 752.79026 16.499 0.012
 753.73087 16.100 0.008
 754.69745 16.479 0.012
 755.58650 15.994 0.009
 759.59252 15.967 0.008
 760.59890 16.456 0.010
 761.59585 15.959 0.008
 762.58646 16.457 0.013
 762.72095 16.473 0.012
 763.60544 15.964 0.008
 763.68605 16.022 0.008
 763.77472 16.128 0.012
 764.69263 16.467 0.014
 765.63675 15.994 0.009
 766.53297 16.444 0.014
 766.67357 16.448 0.012
 767.58203 15.945 0.010
 767.64075 15.982 0.010
 767.73544 16.059 0.010
 769.56500 15.927 0.008
 770.54261 16.420 0.012
 771.56732 15.928 0.008
 772.56603 16.432 0.010
 772.74726 16.477 0.012
 773.62788 15.948 0.008
 774.65795 16.450 0.010
 775.61023 15.943 0.008
 776.59948 16.428 0.010
 776.75209 16.450 0.012
 777.54416 16.057 0.009
 778.58198 16.442 0.013
 778.67290 16.456 0.013
 779.56233 16.006 0.010
 779.71711 15.996 0.009
 780.55437 16.428 0.013
 780.56631 16.421 0.012
 780.73529 16.457 0.012
 781.61699 15.934 0.008
 782.55152 16.416 0.012
 782.65121 16.440 0.013
 783.59735 15.941 0.008
 784.64283 16.424 0.010
 785.53922 16.226 0.009
 786.54545 16.396 0.010
 787.62711 15.943 0.008
 788.55535 16.403 0.009
 790.59491 16.422 0.010
 795.58280 16.196 0.009
 796.57005 16.412 0.014
 796.69744 16.448 0.014
 797.55089 16.370 0.010
 798.62032 16.417 0.010
 800.55548 16.389 0.009
 802.64712 16.428 0.012
 806.55323 16.375 0.010
 808.57149 16.379 0.012
 816.64776 16.399 0.010
 817.64300 16.331 0.010
 819.62218 16.402 0.009
 822.60853 16.383 0.009
 824.62853 16.393 0.012
 825.61625 16.490 0.013
 828.66159 16.385 0.010
 829.62820 16.517 0.012
 830.54569 16.334 0.013
 832.63506 16.386 0.010
 834.53728 16.333 0.012
 836.60273 16.343 0.012
 838.62159 16.359 0.010
 840.61453 16.348 0.010
 842.57013 16.329 0.009
 843.61681 16.609 0.012
 845.60101 16.621 0.010
 850.58964 16.317 0.010
 855.59439 16.631 0.014
 856.55915 16.305 0.013
 858.52707 16.330 0.013
 860.52880 16.295 0.012
 867.52500 16.579 0.015
 874.52378 16.271 0.010
 963.90726 16.566 0.012
 986.89364 16.228 0.010
 987.90587 16.525 0.012
 996.89251 16.202 0.009
 998.82484 16.153 0.010
1003.82689 16.477 0.013
1005.85111 16.503 0.013
1008.88409 16.185 0.012
1020.84734 16.129 0.009
1025.83300 16.503 0.012
1035.80071 16.465 0.010
1037.82779 16.490 0.012
1038.84593 16.081 0.009
1041.83415 16.458 0.009
1045.79849 16.465 0.010
1049.82737 16.484 0.010
1053.71870 16.431 0.010
1058.78672 15.972 0.009
1059.83239 16.454 0.012
1061.81883 16.449 0.010
1064.77527 15.936 0.008
1069.68868 16.398 0.010
1074.66987 16.279 0.010
1077.66434 16.388 0.009
1079.66637 16.404 0.010
1081.71356 16.403 0.009
1084.65252 16.533 0.010
1087.67194 16.383 0.009
1090.63993 16.597 0.013
1092.70399 16.462 0.010
1094.69979 16.471 0.010
1095.73025 16.396 0.010
1102.66912 16.616 0.010
1107.63730 16.329 0.009
1112.68043 16.617 0.012
1117.61899 16.300 0.009
1122.63336 16.619 0.012
1128.58337 16.585 0.013
1132.60932 16.595 0.010
1138.65442 16.604 0.010
1140.66282 16.607 0.010
1144.68942 16.591 0.012
1151.60073 16.229 0.009
1154.55782 16.525 0.012
1157.56756 16.220 0.009
1160.59234 16.513 0.012
1163.67077 16.258 0.009
1164.71637 16.579 0.010
1170.57132 16.499 0.010
1178.69386 16.576 0.017
1182.69230 16.519 0.012
1185.63504 16.208 0.008
1187.67154 16.195 0.009
1190.54096 16.478 0.010
1202.61661 16.482 0.012
1208.58713 16.454 0.013
1211.58953 16.109 0.010
1216.57750 16.468 0.013
1219.58192 16.087 0.010
1228.53290 16.449 0.012
1234.52835 16.478 0.014
1235.52692 15.988 0.010
1329.81935 15.936 0.010
1330.92848 16.464 0.012
1335.89967 15.951 0.009
1341.93375 15.968 0.009
1347.93140 15.947 0.009
1349.92677 15.937 0.009
1355.91962 15.934 0.009
1366.87583 16.396 0.010
1367.89784 16.153 0.010
1369.89074 16.209 0.010
1374.88461 16.385 0.013
1395.85087 16.616 0.013
1397.87364 16.591 0.013
1401.88805 16.598 0.012
1402.88576 16.343 0.009
1407.89615 16.602 0.012
1412.79480 16.291 0.010
1418.76874 16.282 0.010
1432.79125 16.258 0.009
1435.71694 16.533 0.013
1439.81472 16.564 0.010
1442.77913 16.252 0.009
1447.70804 16.510 0.014
1451.69871 16.495 0.012
1454.69700 16.194 0.009
1460.64111 16.145 0.010
1462.66500 16.162 0.010
1470.61624 16.103 0.010
1475.66403 16.465 0.012
1478.59023 16.055 0.009
1480.69861 16.126 0.009
1484.60502 16.043 0.009
1487.56418 16.455 0.012
1489.58753 16.460 0.010
1491.64968 16.485 0.012
1494.69770 16.088 0.009
1495.55075 16.441 0.010
1499.52293 16.446 0.013
1502.60782 15.992 0.009
1506.60285 15.982 0.010
1509.58641 16.461 0.010
1514.66276 15.998 0.009
1517.57945 16.427 0.010
1520.62229 15.941 0.008
1522.65100 15.963 0.010
1525.54661 16.407 0.012
1528.64456 15.933 0.008
1544.57733 16.291 0.009
1546.63378 16.058 0.008
1551.59580 16.381 0.010
1555.57399 16.383 0.013
1562.60820 16.416 0.013
1568.58165 16.552 0.012
1573.57665 16.358 0.012
1579.56022 16.335 0.010
1581.58750 16.357 0.010
1584.57234 16.624 0.013
1586.58343 16.628 0.012
1588.55694 16.681 0.019
1592.58005 16.615 0.015
1597.55556 16.312 0.010
1602.55272 16.610 0.013
1607.54292 16.266 0.012
1706.91309 16.599 0.015
1726.94574 16.555 0.015
1730.92924 16.535 0.010
1738.88028 16.502 0.012
1740.88798 16.527 0.013
1744.90485 16.512 0.013
1745.89800 16.210 0.009
1749.87862 16.186 0.008
1750.88193 16.472 0.010
1751.86248 16.156 0.008
1752.85482 16.505 0.012
1753.85563 16.157 0.009
1754.85156 16.490 0.012
1755.84782 16.147 0.012
1756.87753 16.519 0.017
1757.82657 16.132 0.010
1758.83114 16.477 0.010
1759.84427 16.156 0.009
1761.86040 16.150 0.009
1762.84281 16.502 0.012
1763.84835 16.136 0.008
1764.83808 16.484 0.009
1765.83443 16.119 0.009
1766.80817 16.475 0.012
1768.82196 16.489 0.013
1769.73714 16.029 0.009
1773.79809 16.075 0.008
1775.80961 16.072 0.008
1785.78663 16.030 0.008
1788.82178 16.461 0.013
1789.75445 15.992 0.007
1803.85807 16.025 0.008
1809.78177 15.945 0.007
1812.75567 16.427 0.009
1815.81209 15.935 0.008
1821.70866 16.230 0.009
1823.77797 15.958 0.008
1829.70305 16.377 0.010
1830.77003 16.414 0.012
1864.71438 16.332 0.010
1865.72038 16.620 0.012
1873.69295 16.629 0.012
2086.92886 15.949 0.008
2104.86099 16.158 0.008
2106.92089 15.960 0.007
2113.84132 16.387 0.009
2114.85557 16.342 0.009
2115.91948 16.442 0.010
2116.90195 16.206 0.008
2117.90764 16.400 0.009
2123.85186 16.393 0.009
2128.85517 16.509 0.010
2129.88733 16.369 0.009
2130.83621 16.564 0.010
2131.82971 16.366 0.009
2132.83589 16.593 0.010
2133.92450 16.392 0.010
2134.84083 16.577 0.010
2135.87602 16.385 0.008
2136.87654 16.557 0.012
2137.91916 16.399 0.010
2140.84509 16.612 0.012
2142.89135 16.566 0.010
2143.85211 16.355 0.008
2144.81687 16.639 0.009
2156.85506 16.618 0.010
2160.78480 16.591 0.010
2162.79136 16.607 0.009
2165.77517 16.282 0.009
2166.78614 16.594 0.009
2167.75693 16.269 0.008
2168.74346 16.573 0.009
2171.76949 16.254 0.008
2172.77606 16.582 0.009
2173.73818 16.255 0.008
2177.66980 16.203 0.008
2185.69466 16.219 0.009
2187.67723 16.193 0.009
2190.72123 16.504 0.009
2192.69079 16.502 0.008
2193.71178 16.199 0.007
2194.68300 16.504 0.009
2200.69548 16.509 0.009
2201.74914 16.194 0.007
2206.63497 16.489 0.012
2211.67361 16.144 0.008
2213.68366 16.150 0.008
2214.67003 16.514 0.010
2215.68533 16.135 0.008
2217.66297 16.134 0.008
2222.75538 16.500 0.009
2225.62463 16.080 0.007
2226.67098 16.505 0.010
2228.58638 16.457 0.009
2230.52369 16.448 0.010
2232.53742 16.452 0.009
2234.57950 16.461 0.008
2236.56900 16.478 0.009
2238.57439 16.467 0.009
2241.56118 15.972 0.007
2243.59947 15.991 0.007
2248.64388 16.464 0.008
2250.62205 16.452 0.009
2253.60092 15.963 0.007
2256.58005 16.441 0.009
2258.62050 16.458 0.008
2265.63776 15.946 0.007
2270.59595 16.430 0.008
2272.59401 16.427 0.009
2274.57785 16.420 0.009
2276.54537 16.413 0.009
2280.55795 16.412 0.010
2285.59640 16.116 0.008
2289.59333 16.224 0.008
2291.59403 16.243 0.008
2293.59472 16.285 0.008
2295.59103 16.318 0.008
2297.59420 16.348 0.008
2299.59068 16.385 0.009
2301.58335 16.452 0.010
2466.86683 16.226 0.009
2467.93072 16.545 0.010
2469.92999 16.542 0.009
2471.91956 16.552 0.010
2472.90961 16.221 0.007
2473.93580 16.558 0.009
2481.89505 16.522 0.010
2483.91870 16.502 0.009
2486.91885 16.206 0.009
2488.93421 16.231 0.009
2490.79641 16.169 0.009
2492.93310 16.213 0.008
2496.93290 16.197 0.008
2498.80420 16.123 0.008
2499.88914 16.508 0.009
2500.89760 16.175 0.008
2501.88433 16.497 0.009
2502.86450 16.159 0.008
2508.77508 16.106 0.010
2516.80655 16.084 0.008
2517.85331 16.477 0.009
2518.82568 16.105 0.008
2519.82390 16.482 0.009
2520.82208 16.099 0.008
2521.81525 16.469 0.009
2524.81379 16.072 0.008
2526.80757 16.070 0.006
2529.80381 16.466 0.009
2534.86444 16.090 0.008
2535.80207 16.455 0.009
2537.73215 16.437 0.010
2538.83240 16.043 0.008
2539.72960 16.435 0.009
2540.77289 15.982 0.008
2541.74148 16.441 0.009
2542.71127 15.921 0.007
2544.69203 15.933 0.007
2545.70475 16.424 0.008
2547.72272 16.444 0.009
2548.74151 15.931 0.007
2550.73679 15.943 0.007
2551.72333 16.442 0.009
2552.73930 15.925 0.007
2553.68009 16.420 0.009
2554.73244 15.935 0.007
2555.74034 16.432 0.009
2556.71945 15.986 0.007
2557.73198 16.424 0.008
2558.68842 16.158 0.008
2559.64543 16.399 0.009
2560.67844 16.249 0.008
2561.72406 16.420 0.009
2562.69674 16.202 0.008
2563.70472 16.416 0.009
2564.72111 16.115 0.008
2565.71626 16.422 0.009
2566.69121 16.286 0.008
2568.76763 15.982 0.008
2571.67761 16.384 0.009
2572.75211 16.110 0.008
2573.69019 16.386 0.010
2574.67015 16.467 0.008
2576.70488 16.413 0.009
2577.66993 16.381 0.010
2578.65746 16.541 0.010
2579.66798 16.380 0.009
2580.67609 16.515 0.009
2583.64815 16.361 0.009
2584.65460 16.588 0.009
2586.65580 16.592 0.009
2587.63846 16.344 0.009
2589.62933 16.337 0.008
2590.64610 16.621 0.010
2591.67228 16.358 0.009
2593.63553 16.344 0.008
2594.64157 16.628 0.012
2596.61520 16.631 0.012
2597.60238 16.311 0.009
2598.68256 16.612 0.010
2599.63663 16.324 0.009
2607.65672 16.332 0.009
2610.57807 16.617 0.010
2613.57185 16.274 0.009
2615.60230 16.292 0.008
2619.58677 16.265 0.009
2621.59592 16.276 0.009
2625.57850 16.260 0.009
2627.54918 16.243 0.010
2630.56300 16.551 0.012
2635.57671 16.249 0.008
2637.57157 16.234 0.008
2640.54192 16.523 0.010
2642.58165 16.538 0.010
2646.59303 16.537 0.010
2651.56770 16.227 0.009
2654.59519 16.522 0.010
2657.54718 16.210 0.009
2661.55321 16.181 0.007
2664.58415 16.489 0.012
2667.54294 16.189 0.008
2668.57008 16.496 0.012
2672.56209 16.486 0.010
2676.55227 16.482 0.009
2679.56698 16.151 0.008
2683.54595 16.146 0.009
2777.93270 16.137 0.009
2804.86124 16.430 0.012
2805.87853 16.019 0.010
2811.93365 16.045 0.009
2815.90734 16.001 0.008
2825.93921 15.994 0.008
2830.84647 16.451 0.008
2831.81612 16.002 0.008
2832.78917 16.413 0.009
2833.89466 15.925 0.008
2834.94529 16.450 0.010
2836.90362 16.440 0.013
2838.84669 16.416 0.010
2840.85436 16.420 0.009
2843.85571 16.063 0.007
2844.90142 16.427 0.009
2845.94844 15.966 0.010
2849.88495 16.037 0.008
2850.91770 16.429 0.009
2852.84632 16.397 0.010
2854.85766 16.397 0.010
2857.86504 16.286 0.009
2858.93865 16.410 0.009
2860.90462 16.411 0.008
2861.77610 16.567 0.009
2862.89947 16.419 0.010
2863.86415 16.376 0.012
2865.82384 16.511 0.009
2867.81326 16.558 0.009
2868.81686 16.374 0.008
2869.80338 16.575 0.009
2870.84495 16.367 0.008
2871.88802 16.411 0.009
2872.84482 16.372 0.008
2875.83572 16.572 0.010
2876.80514 16.341 0.008
2879.73164 16.641 0.009
2883.85489 16.592 0.009
2885.79021 16.636 0.009
2890.72108 16.299 0.010
2893.77254 16.623 0.009
2895.82175 16.647 0.009
2897.72529 16.607 0.010
2899.76292 16.609 0.009
2903.78198 16.592 0.007
2906.73098 16.264 0.008
2908.70798 16.253 0.008
2910.70286 16.256 0.008
2912.70819 16.252 0.008
2916.72094 16.245 0.008
2918.69783 16.230 0.008
2922.69781 16.233 0.008
2924.63875 16.196 0.008
2926.63279 16.194 0.008
2929.69399 16.506 0.010
2931.66993 16.505 0.009
2933.68036 16.520 0.008
2935.64470 16.504 0.010
2937.67029 16.511 0.012
2939.68575 16.505 0.009
2940.66292 16.169 0.007
2941.63818 16.501 0.008
2942.66298 16.170 0.008
2943.63433 16.498 0.009
2944.61869 16.148 0.008
2946.61344 16.140 0.008
2947.64506 16.490 0.010
2949.62608 16.489 0.009
2950.57761 16.104 0.008
2951.65822 16.481 0.009
2953.60616 16.482 0.009
2955.59124 16.472 0.012
2957.60486 16.467 0.009
2962.65913 16.132 0.008
2965.66180 16.479 0.009
2968.62413 16.093 0.008
2970.64294 16.093 0.008
2972.64756 16.102 0.008
2975.55560 16.458 0.009
2977.65141 16.478 0.010
2979.59130 16.455 0.010
2981.63858 16.504 0.014
2983.57209 16.484 0.012
2986.58867 15.965 0.007
2988.56065 15.967 0.007
2991.59046 16.448 0.009
2994.57533 15.965 0.008
2997.58793 16.450 0.009
3000.57995 15.944 0.007
3003.56193 16.430 0.009
3006.54920 15.943 0.007
3009.54449 16.430 0.010
3013.54686 16.416 0.009
3015.58212 16.432 0.009
3018.55923 16.076 0.008
3020.59494 15.955 0.007
3022.54859 16.213 0.009
3024.54762 16.247 0.009
3025.60720 16.415 0.009
3027.63269 16.420 0.008
3029.60438 16.414 0.009
3031.60918 16.429 0.009
3034.53942 16.413 0.008
3037.55858 16.393 0.010
3179.92091 16.302 0.008
3183.94060 16.326 0.009
3193.90852 16.270 0.008
3196.88062 16.550 0.010
3197.94302 16.282 0.009
3202.86851 16.564 0.009
3203.90859 16.248 0.007
3206.84640 16.551 0.008
3210.92241 16.542 0.008
3211.87698 16.234 0.008
3215.81219 16.219 0.009
3216.75805 16.487 0.012
3217.80803 16.182 0.009
3223.86416 16.213 0.008
3228.78286 16.484 0.009
3229.86467 16.198 0.007
3231.84617 16.190 0.009
3238.78305 16.486 0.009
3239.82662 16.159 0.008
3240.81932 16.487 0.009
3241.80280 16.127 0.007
3242.74678 16.479 0.010
3243.87940 16.180 0.009
3244.85797 16.487 0.010
3245.80573 16.125 0.008
3246.79849 16.481 0.010
3247.80684 16.117 0.008
3249.75715 16.098 0.008
3251.77075 16.096 0.007
3254.75846 16.475 0.008
3257.78272 16.074 0.007
3259.69544 16.011 0.007
3261.73149 16.033 0.007
3263.72872 16.014 0.007
3265.75008 16.043 0.007
3267.73686 16.007 0.007
3270.69029 16.455 0.009
3271.69317 15.957 0.008
3273.65150 15.955 0.008
3275.64635 15.951 0.008
3276.74078 16.452 0.010
3277.77942 16.000 0.008
3279.71102 15.963 0.007
3281.66962 15.932 0.006
3283.67130 15.936 0.006
3287.63743 16.093 0.007
3289.65237 16.036 0.006
3291.59046 16.370 0.009
3293.62596 16.258 0.008
3295.64387 16.205 0.006
3298.58178 16.394 0.007
3300.58406 16.370 0.009
3302.56103 16.364 0.009
3305.66111 16.322 0.008
3307.57337 16.576 0.012
3309.59841 16.543 0.009
3311.55003 16.603 0.009
3314.59300 16.369 0.009
3320.63081 16.364 0.008
3323.57823 16.616 0.008
3327.58576 16.633 0.009
3330.58126 16.345 0.009
3335.62523 16.626 0.010
3338.57091 16.306 0.008
3350.54522 16.290 0.007
3353.60382 16.618 0.008
3359.58568 16.610 0.009
3363.58771 16.567 0.010
3367.64734 16.609 0.010
3372.58082 16.265 0.008
3376.55696 16.240 0.008
3380.54334 16.237 0.008
3386.59028 16.236 0.007
3395.53809 16.548 0.012
3398.58578 16.222 0.009
3402.58303 16.212 0.007
3543.89658 16.470 0.009
3551.92011 16.477 0.009
3558.90365 16.003 0.007
3562.89076 15.987 0.007
3568.88187 15.944 0.007
3570.84292 15.944 0.008
3571.83383 16.417 0.009
3573.87955 16.424 0.010
3575.83531 16.430 0.008
3577.89168 16.441 0.009
3578.92775 15.950 0.007
3579.83277 16.428 0.008
3581.90186 16.445 0.008
3582.85814 15.972 0.007
3583.86838 16.422 0.008
3585.88952 16.428 0.007
3586.84166 16.072 0.006
3588.85993 16.045 0.007
3590.81599 16.289 0.007
3592.78075 16.432 0.007
3594.82024 16.327 0.007
3600.90602 16.057 0.010
3602.76459 16.577 0.010
3607.84838 16.401 0.008
3614.82059 16.552 0.008
3617.80437 16.340 0.007
3619.78250 16.348 0.007
3621.77498 16.337 0.007
3630.65377 16.596 0.010
3632.65108 16.562 0.012
3634.72398 16.614 0.008
3637.68279 16.277 0.008
3639.73273 16.290 0.007
3641.72950 16.293 0.008
3643.82794 16.347 0.009
3644.76859 16.625 0.008
3646.69964 16.569 0.009
3650.72085 16.609 0.009
3652.65597 16.535 0.008
3654.63430 16.523 0.008
3656.65798 16.535 0.008
3657.71569 16.244 0.008
3658.69298 16.534 0.009
3659.67331 16.214 0.009
3661.62201 16.212 0.009
3663.64496 16.218 0.008
3665.67727 16.218 0.008
3668.62641 16.527 0.009
3670.57713 16.500 0.009
3672.61658 16.489 0.009
3674.67542 16.511 0.008
3676.61585 16.491 0.008
3682.59255 16.489 0.009
3684.58548 16.481 0.008
3686.57536 16.482 0.009
3688.54843 16.490 0.009
3690.55431 16.480 0.009
3692.60689 16.472 0.009
3694.59344 16.484 0.009
3696.58957 16.462 0.008
3698.62818 16.486 0.010
3700.63333 16.474 0.009
3702.62424 16.488 0.008
3704.62477 16.486 0.008
3706.63964 16.461 0.008
3708.62106 16.481 0.009
3712.57756 16.454 0.008
3714.58024 16.456 0.008
3718.56370 16.468 0.009
3721.59590 16.042 0.008
3725.62476 16.042 0.007
3730.54901 16.451 0.008
3734.61972 16.459 0.008
3738.57175 16.480 0.009
3742.56894 16.442 0.009
3747.56968 15.944 0.008
3751.57748 15.939 0.008
3762.55545 16.452 0.010
3766.56068 16.406 0.008
3772.58746 16.418 0.008
3777.53478 16.401 0.009
3871.90682 16.448 0.010
3902.92716 16.336 0.008
3907.92195 16.626 0.010
3913.94752 16.629 0.009
3918.91736 16.306 0.008
3932.86852 16.267 0.008
3934.88688 16.282 0.007
3936.89519 16.265 0.008
3938.87926 16.267 0.008
3945.88616 16.574 0.008
3950.83105 16.229 0.007
3957.78658 16.507 0.010
3959.77600 16.491 0.009
3961.77017 16.492 0.010
3964.77840 16.171 0.007
3966.77066 16.158 0.007
3968.76436 16.165 0.007
3970.75601 16.162 0.007
3973.72534 16.490 0.008
3975.73760 16.486 0.008
3980.67286 16.078 0.007
3981.67260 16.471 0.008
3982.73693 16.132 0.008
3986.71028 16.078 0.007
3991.73950 16.488 0.009
3994.65190 16.024 0.007
3998.68230 16.050 0.008
4001.65311 16.468 0.008
4003.62454 16.448 0.008
4004.70432 16.008 0.007
4005.69850 16.462 0.008
4007.59176 16.435 0.008
4008.60065 15.921 0.006
4011.65112 16.457 0.008
4014.63354 15.941 0.007
4016.63035 15.937 0.007
4018.62675 15.937 0.007
4020.63020 15.959 0.007
4023.61607 16.405 0.009
4025.61641 16.414 0.008
4027.60452 16.411 0.008
4029.58684 16.394 0.008
4031.57393 16.386 0.008
4033.66816 16.414 0.008
4038.56335 16.481 0.009
4040.54361 16.539 0.009
4042.57152 16.474 0.009
4046.62763 16.383 0.009
4049.53950 16.327 0.007
4051.58914 16.367 0.008
4053.63652 16.388 0.007
4055.52920 16.353 0.009
4057.60456 16.393 0.009
4059.60298 16.351 0.008
4063.54979 16.326 0.008
4065.60009 16.355 0.007
4067.59093 16.354 0.008
4069.54378 16.336 0.008
4071.55461 16.316 0.008
4074.55072 16.639 0.010
4077.55245 16.325 0.008
4079.55264 16.301 0.008
4082.55395 16.614 0.009
4085.63130 16.343 0.009
4092.58677 16.629 0.008
4097.62930 16.306 0.009
4100.62076 16.610 0.009
4105.58477 16.278 0.008
4111.62120 16.278 0.007
4115.54066 16.259 0.008
4120.57159 16.563 0.008
4124.58863 16.544 0.008
4128.60700 16.557 0.009
4253.87645 16.135 0.010
4255.87472 16.123 0.008
4268.93305 16.486 0.009
4275.94799 16.126 0.009
4279.84483 16.030 0.009
4282.83623 16.452 0.009
4283.85527 16.031 0.008
4284.88571 16.471 0.010
4289.86032 16.028 0.008
4292.89358 16.458 0.009
4295.88706 16.033 0.007
4296.91754 16.470 0.008
4297.94949 16.076 0.009
4299.88435 16.008 0.007
4300.90609 16.454 0.008
4301.92463 16.032 0.007
4302.94653 16.458 0.010
4306.94324 16.469 0.012
4307.85783 15.955 0.007
4308.68603 16.393 0.009
4308.89396 16.444 0.009
4310.86610 16.445 0.009
4311.86598 15.941 0.008
4312.92813 16.457 0.008
4316.85511 16.426 0.009
4320.88244 16.444 0.009
4326.86466 16.439 0.010
4327.88694 15.925 0.008
4328.85696 16.413 0.009
4329.85769 15.980 0.008
4330.88763 16.430 0.009
4332.90380 16.445 0.010
4334.88084 16.430 0.010
4339.87743 16.058 0.009
4340.80413 16.383 0.009
4341.79696 16.420 0.009
4342.87120 16.409 0.009
4343.79056 16.459 0.009
4344.77263 16.372 0.009
4346.72889 16.349 0.009
4348.73472 16.355 0.008
4350.71139 16.333 0.008
4353.66950 16.631 0.010
4354.79087 16.362 0.009
4359.72850 16.628 0.010
4362.67613 16.315 0.010
4363.63544 16.595 0.010
4365.69381 16.592 0.012
4369.68775 16.615 0.012
4371.67675 16.595 0.012
4376.68020 16.294 0.009
4378.64686 16.259 0.009
4379.67813 16.570 0.010
4381.63727 16.558 0.012
4382.71584 16.282 0.008
4386.69009 16.267 0.008
4388.69084 16.265 0.008
4390.69965 16.264 0.008
4393.69415 16.551 0.009
4396.66875 16.244 0.008
4398.67374 16.247 0.009
4400.69824 16.248 0.008
4404.67526 16.234 0.009
4407.66312 16.523 0.010
4410.69303 16.217 0.008
4415.67937 16.513 0.009
4418.62491 16.182 0.008
4421.68272 16.512 0.009
4423.68716 16.511 0.009
4426.56336 16.131 0.008
4428.58005 16.149 0.009
4430.64021 16.162 0.008
4432.62615 16.146 0.008
4434.63138 16.148 0.008
4436.60773 16.137 0.008
4438.67037 16.176 0.009
4442.56500 16.110 0.009
4444.58976 16.116 0.009
4450.62223 16.113 0.009
4452.59974 16.090 0.008
4454.53681 16.045 0.008
4455.60889 16.469 0.009
4457.54444 16.466 0.010
4459.56451 16.453 0.010
4462.59595 16.061 0.008
4466.62009 16.062 0.008
4471.55474 16.445 0.009
4475.54881 16.454 0.009
4480.58984 15.990 0.008
4482.59678 16.003 0.008
4485.60664 16.443 0.010
4488.60208 15.965 0.008
4609.92442 16.401 0.009
4643.90859 16.353 0.009
4650.94747 16.605 0.012
4655.92692 16.334 0.008
4662.80529 16.583 0.009
4662.92211 16.631 0.009
4663.77690 16.264 0.008
4663.92474 16.328 0.009
4665.85001 16.286 0.009
4665.94382 16.323 0.009
4666.94299 16.618 0.012
4670.93211 16.610 0.009
4671.90202 16.302 0.008
4676.93232 16.621 0.012
4677.84795 16.258 0.007
4682.82234 16.550 0.009
4684.86024 16.572 0.009
4686.82021 16.529 0.008
4688.83616 16.549 0.008
4690.76180 16.500 0.008
4691.76483 16.193 0.008
4693.91978 16.267 0.010
4696.91654 16.551 0.013
4697.83195 16.245 0.009
4698.78154 16.499 0.008
4699.77568 16.191 0.008
4700.81039 16.503 0.009
4701.81829 16.211 0.008
4703.77751 16.200 0.008
4704.79624 16.499 0.008
4705.80375 16.205 0.008
4707.79617 16.183 0.007
4709.75197 16.161 0.008
4710.78053 16.508 0.008
4715.76054 16.162 0.008
4716.84376 16.504 0.008
4717.71370 16.118 0.007
4719.80110 16.172 0.008
4721.79398 16.169 0.008
4724.67650 16.483 0.010
4725.75601 16.121 0.008
4728.76153 16.492 0.009
4733.73816 16.094 0.007
4740.67973 16.480 0.009
4741.71508 16.048 0.007
4747.61931 15.958 0.007
4749.61897 15.940 0.007
4753.68996 16.011 0.009
4755.68198 15.964 0.007
4757.66644 15.947 0.007
4759.68115 15.954 0.007
4761.64956 15.929 0.007
4763.66680 15.959 0.008
4767.60768 16.018 0.008
4770.67628 16.432 0.010
4772.61399 16.402 0.008
4774.56856 16.393 0.009
4776.56013 16.387 0.008
4777.66209 15.963 0.007
4780.53078 16.383 0.009
4781.64473 16.110 0.008
4783.59386 16.375 0.009
4785.62927 16.278 0.009
4789.56033 16.518 0.008
4791.54190 16.592 0.010
4793.54926 16.581 0.010
4795.56197 16.558 0.009
4797.55423 16.591 0.009
4798.61755 16.382 0.009
4800.66494 16.384 0.008
4802.57402 16.348 0.008
4803.55605 16.601 0.009
4804.61115 16.352 0.010
4805.53878 16.618 0.010
4805.59798 16.595 0.009
4806.58287 16.350 0.009
4806.62294 16.381 0.009
4807.53582 16.648 0.013
4807.60948 16.567 0.012
4808.57861 16.343 0.009
4808.62014 16.371 0.009
4809.56515 16.621 0.010
4809.63423 16.543 0.009
4810.54278 16.343 0.009
4811.58703 16.616 0.010
4812.62761 16.363 0.010
4813.56398 16.632 0.010
4815.59989 16.612 0.010
4816.54697 16.320 0.008
4818.59723 16.332 0.009
4820.53874 16.309 0.008
4822.59545 16.332 0.008
4824.58028 16.315 0.009
4826.63995 16.334 0.008
4833.57937 16.615 0.009
4835.60259 16.622 0.010
4837.61352 16.620 0.012
4841.58992 16.593 0.010
4843.58411 16.636 0.012
4844.53978 16.283 0.008
4846.59322 16.306 0.008
4847.54394 16.580 0.012
4848.62944 16.302 0.008
4849.54099 16.567 0.010
4849.64449 16.627 0.010
4850.58423 16.308 0.008
4850.61693 16.278 0.008
4850.64737 16.300 0.008
4854.60822 16.284 0.008
4856.62540 16.289 0.008
4862.57329 16.260 0.008
4868.56364 16.237 0.008
4948.92118 16.252 0.008
4954.92531 16.252 0.009
