 466.54943 16.107 0.007
 466.56467 16.130 0.007
 466.59526 16.117 0.007
 466.62480 16.111 0.006
 467.54265 15.590 0.006
 467.57213 15.600 0.006
 467.60161 15.606 0.006
 467.63110 15.618 0.006
 469.55202 16.110 0.008
 469.59064 16.102 0.007
 469.62230 16.103 0.007
 471.60456 15.883 0.007
 471.61981 15.891 0.006
 472.53672 16.101 0.007
 472.55150 16.128 0.008
 472.56617 16.111 0.007
 472.58080 16.124 0.007
 622.88300 15.408 0.006
 624.90958 15.992 0.008
 625.89702 15.388 0.006
 626.86853 15.775 0.007
 627.85476 15.984 0.008
 628.89584 15.372 0.006
 629.89364 15.780 0.007
 631.92460 15.378 0.006
 632.86512 15.780 0.007
 633.90056 15.984 0.007
 635.89540 15.785 0.007
 643.86441 15.401 0.006
 645.83611 15.980 0.007
 647.79385 15.792 0.008
 649.79125 15.419 0.007
 652.83844 15.378 0.006
 656.85160 15.791 0.006
 657.82386 15.992 0.008
 658.86417 15.397 0.006
 663.77045 15.983 0.008
 664.87538 15.389 0.006
 665.82263 15.773 0.006
 666.83319 15.995 0.007
 667.85242 15.388 0.006
 668.82325 15.784 0.006
 670.78881 15.379 0.006
 671.81085 15.781 0.006
 672.81639 15.998 0.006
 673.78377 15.392 0.006
 684.74415 15.990 0.007
 685.79901 15.386 0.006
 686.70029 15.742 0.006
 687.78164 15.995 0.007
 688.72366 15.446 0.006
 689.75082 15.770 0.006
 697.71697 15.435 0.006
 698.78808 15.787 0.006
 699.68709 15.975 0.007
 700.72787 15.416 0.006
 701.70010 15.748 0.007
 704.72809 15.771 0.007
 706.69375 15.474 0.007
 707.73132 15.779 0.007
 708.75548 15.996 0.007
 712.75603 15.389 0.006
 713.73740 15.778 0.006
 714.75236 15.989 0.007
 715.71792 15.395 0.006
 716.68600 15.761 0.006
 726.66861 15.981 0.007
 728.67932 15.755 0.006
 729.68148 15.986 0.007
 730.66584 15.447 0.006
 733.63232 15.536 0.006
 739.65227 15.453 0.006
 741.61808 15.973 0.006
 742.59434 15.621 0.006
 744.64145 15.968 0.007
 745.59237 15.612 0.006
 746.78317 15.791 0.007
 747.65369 15.987 0.007
 748.61545 15.518 0.006
 749.62080 15.745 0.007
 750.61465 15.959 0.007
 751.62306 15.486 0.006
 752.73746 15.794 0.007
 753.67310 15.995 0.008
 759.63097 15.983 0.007
 760.65663 15.406 0.006
 761.63267 15.760 0.006
 761.73792 15.802 0.008
 762.62404 15.979 0.008
 762.65360 15.989 0.008
 763.64027 15.410 0.006
 763.75102 15.397 0.006
 765.57233 15.964 0.008
 766.60981 15.467 0.007
 766.71267 15.387 0.006
 767.61730 15.764 0.008
 767.67895 15.795 0.009
 769.60013 15.474 0.006
 769.67387 15.389 0.006
 770.60627 15.751 0.007
 771.63934 15.992 0.007
 772.60117 15.465 0.006
 773.60630 15.758 0.006
 773.75850 15.829 0.008
 774.59928 15.985 0.007
 775.55720 15.582 0.006
 776.63812 15.766 0.006
 777.61237 15.992 0.007
 778.61574 15.429 0.006
 779.64270 15.789 0.008
 779.75297 15.803 0.007
 780.64250 15.994 0.008
 781.55681 15.563 0.006
 781.73730 15.407 0.006
 782.62233 15.777 0.007
 782.74620 15.793 0.007
 783.53936 15.967 0.007
 784.58136 15.474 0.006
 784.67334 15.394 0.006
 785.60817 15.775 0.007
 785.75377 15.805 0.006
 786.61186 15.985 0.007
 786.62875 15.981 0.007
 787.69231 15.388 0.006
 788.62512 15.767 0.006
 788.65069 15.779 0.006
 790.57383 15.475 0.006
 792.55179 15.979 0.007
 795.61647 15.995 0.007
 796.54538 15.518 0.007
 796.73074 15.410 0.006
 797.70553 15.794 0.007
 798.56818 15.966 0.007
 799.70614 15.394 0.006
 800.62117 15.764 0.006
 802.68114 15.392 0.006
 805.60849 15.402 0.006
 806.61868 15.795 0.007
 808.55010 15.463 0.006
 816.68109 15.990 0.007
 817.59117 15.394 0.006
 819.55395 15.970 0.007
 820.63025 15.387 0.006
 822.55083 15.973 0.007
 824.57665 15.770 0.007
 825.64976 15.998 0.008
 828.60990 15.979 0.007
 829.57653 15.391 0.006
 832.58342 15.378 0.006
 833.60331 15.790 0.007
 834.57289 15.996 0.008
 836.55102 15.778 0.008
 838.58401 15.378 0.006
 840.59376 15.984 0.008
 845.54532 15.780 0.007
 850.56860 15.380 0.006
 855.57362 15.995 0.009
 859.56143 15.382 0.006
 866.52598 15.764 0.007
 962.92981 15.887 0.007
 966.92930 16.115 0.007
 970.90568 15.616 0.006
 976.88633 15.618 0.007
 986.84070 15.897 0.007
 987.85431 16.127 0.008
 991.92234 15.620 0.006
 996.92629 16.120 0.007
 998.89737 15.905 0.007
1004.79595 15.887 0.007
1006.82454 15.588 0.006
1020.89402 16.112 0.008
1025.93181 15.906 0.007
1035.74676 16.102 0.008
1037.77596 15.894 0.007
1041.78411 16.108 0.007
1045.74582 15.587 0.006
1048.72701 15.581 0.006
1052.76991 15.884 0.006
1055.64316 15.864 0.007
1058.85511 15.896 0.008
1059.77312 16.116 0.008
1061.72588 15.883 0.007
1064.80979 15.893 0.008
1068.71119 16.112 0.007
1072.69135 15.590 0.006
1076.66911 15.875 0.007
1078.67966 15.593 0.006
1081.69220 15.580 0.006
1084.63038 15.566 0.006
1087.65028 15.581 0.006
1090.70665 15.593 0.006
1092.73878 16.127 0.008
1094.64545 15.878 0.006
1102.61563 15.570 0.006
1106.71049 15.901 0.006
1110.62962 16.107 0.008
1116.58809 16.089 0.007
1120.57668 15.563 0.006
1126.65201 15.597 0.006
1129.55045 15.570 0.006
1132.53354 15.552 0.006
1135.58360 15.586 0.006
1138.63327 15.610 0.006
1140.61068 16.108 0.007
1144.66826 15.614 0.006
1151.54785 15.875 0.007
1155.54946 16.109 0.007
1159.54490 15.580 0.006
1162.57730 15.573 0.006
1164.69087 16.111 0.007
1170.54931 16.091 0.007
1178.65936 15.919 0.007
1182.67126 16.108 0.007
1183.70961 15.639 0.006
1185.69276 16.112 0.007
1188.69208 16.133 0.008
1191.57583 16.105 0.008
1202.59094 15.890 0.008
1205.54236 15.886 0.007
1211.56285 15.887 0.008
1217.57347 15.889 0.007
1220.57596 15.891 0.007
1229.52868 15.892 0.008
1238.52496 15.888 0.009
1327.90915 15.797 0.009
1330.82586 15.758 0.008
1335.87761 15.378 0.006
1340.89711 15.991 0.008
1348.93320 15.783 0.007
1354.90675 15.793 0.007
1360.92648 15.798 0.007
1365.92269 15.408 0.006
1367.84619 15.998 0.008
1374.91827 15.409 0.006
1394.85446 16.020 0.009
1395.88591 15.404 0.006
1397.80761 15.987 0.009
1401.83464 15.393 0.006
1402.91955 15.824 0.007
1407.84262 15.406 0.006
1412.73794 15.979 0.007
1417.89626 15.815 0.007
1430.72888 15.986 0.008
1432.73956 15.780 0.007
1435.69601 15.767 0.007
1439.66246 15.982 0.008
1442.66615 15.971 0.007
1447.74134 15.806 0.008
1451.67754 15.980 0.007
1455.69726 15.365 0.006
1460.73800 16.005 0.007
1462.64363 15.761 0.007
1470.64989 15.399 0.006
1472.63709 15.987 0.008
1475.64282 15.986 0.008
1477.57188 15.730 0.007
1481.58964 15.973 0.007
1484.63856 15.984 0.007
1487.63368 15.982 0.007
1490.67244 15.994 0.008
1492.57209 15.746 0.007
1495.52888 15.741 0.007
1499.55753 15.972 0.009
1502.55562 15.976 0.008
1505.62221 15.987 0.008
1508.55759 15.974 0.007
1509.53384 15.535 0.006
1512.63573 15.371 0.006
1515.61041 15.372 0.006
1517.61392 15.979 0.007
1520.60109 15.977 0.007
1524.54879 15.445 0.006
1526.58892 15.976 0.007
1531.64050 15.790 0.007
1543.59798 15.777 0.007
1546.61280 15.783 0.007
1551.57458 15.381 0.006
1555.60811 15.801 0.007
1562.58668 15.985 0.008
1569.56584 15.374 0.006
1575.59167 15.371 0.006
1580.56666 15.996 0.007
1583.56934 15.989 0.007
1587.54913 15.390 0.006
1597.53460 15.798 0.008
1603.54268 15.794 0.007
1608.51840 15.378 0.006
1703.90332 16.133 0.008
1705.90882 15.907 0.008
1716.86924 15.626 0.006
1717.87960 15.904 0.007
1729.91529 15.915 0.006
1732.88505 15.904 0.007
1740.83609 15.630 0.007
1742.88388 16.115 0.008
1744.85300 15.908 0.007
1745.87726 16.114 0.007
1749.85768 15.627 0.006
1750.82960 15.892 0.007
1751.84143 16.119 0.007
1752.80276 15.620 0.006
1753.80383 15.891 0.007
1754.83050 16.129 0.008
1755.79586 15.615 0.007
1756.82534 15.905 0.009
1757.77453 16.104 0.009
1758.77902 15.595 0.006
1759.82339 15.915 0.007
1761.80443 15.615 0.006
1762.79081 15.901 0.007
1763.79382 16.114 0.007
1764.78633 15.606 0.006
1765.78079 15.900 0.007
1766.72183 16.101 0.009
1768.80094 15.907 0.007
1769.71032 16.110 0.008
1771.82639 15.916 0.009
1772.76876 16.111 0.007
1773.73607 15.606 0.006
1776.75887 15.595 0.006
1784.73552 16.099 0.008
1788.80102 15.623 0.006
1803.76134 15.604 0.006
1806.75548 15.629 0.006
1808.82509 16.096 0.008
1811.75351 16.117 0.007
1814.80033 16.112 0.007
1817.76599 16.121 0.007
1822.64343 15.879 0.007
1826.79453 16.105 0.008
1829.73677 16.119 0.008
1846.78481 15.923 0.007
1850.74156 16.105 0.009
1854.79762 15.660 0.006
1858.72148 15.913 0.007
1862.72038 16.118 0.007
1867.74481 15.933 0.008
1871.75141 16.106 0.007
2086.89971 15.992 0.009
2103.90643 15.798 0.007
2105.93657 15.425 0.007
2106.90218 15.803 0.008
2112.85456 15.783 0.007
2116.88230 16.006 0.008
2123.82923 15.379 0.007
2128.83670 15.995 0.009
2129.86869 15.386 0.007
2130.85510 15.795 0.008
2131.84916 16.009 0.009
2132.81695 15.393 0.007
2133.90577 15.818 0.009
2134.82124 16.003 0.009
2135.85527 15.400 0.006
2137.90211 16.021 0.009
2140.82253 16.006 0.008
2142.76206 15.782 0.008
2143.82757 16.005 0.009
2144.83426 15.395 0.006
2155.88975 16.034 0.010
2156.83639 15.404 0.007
2160.76576 15.785 0.008
2162.77260 15.374 0.006
2166.76716 15.782 0.007
2167.77563 15.998 0.009
2168.72483 15.367 0.007
2172.75738 15.790 0.008
2177.65084 15.397 0.007
2184.71246 15.786 0.009
2185.67596 15.971 0.009
2186.70081 15.383 0.008
2187.69597 15.780 0.008
2190.70257 15.785 0.008
2191.67311 15.984 0.008
2192.67324 15.373 0.006
2193.69431 15.775 0.007
2194.66445 15.980 0.008
2203.56091 15.971 0.009
2206.61720 15.991 0.009
2211.65131 15.785 0.008
2212.65515 16.002 0.009
2213.66095 15.367 0.007
2214.65214 15.776 0.009
2215.65913 15.975 0.010
2217.64583 15.783 0.009
2219.68870 15.384 0.007
2222.73726 15.418 0.007
2224.72356 15.995 0.009
2226.64645 15.800 0.009
2228.56834 15.425 0.007
2229.62662 15.787 0.008
2231.65327 15.376 0.007
2232.52003 15.745 0.008
2233.62342 15.999 0.009
2235.67352 15.785 0.007
2238.55709 15.764 0.008
2240.66138 15.380 0.007
2242.62891 16.000 0.009
2248.61823 15.993 0.008
2250.58688 15.788 0.008
2253.58057 15.775 0.008
2255.61721 15.378 0.007
2258.58349 15.350 0.006
2263.59425 15.987 0.009
2266.58010 15.996 0.009
2271.57463 15.773 0.008
2273.57395 15.367 0.007
2275.60888 16.004 0.009
2276.56847 15.384 0.008
2278.60108 15.994 0.009
2280.59687 15.803 0.008
2284.59975 15.991 0.009
2290.61373 16.009 0.009
2293.57603 15.981 0.009
2295.56892 15.789 0.008
2297.57225 15.387 0.007
2299.57134 16.013 0.009
2445.92217 15.923 0.009
2460.89006 15.916 0.009
2463.92636 15.918 0.009
2467.91215 16.096 0.009
2469.91151 15.921 0.009
2471.90098 15.651 0.008
2472.93041 15.934 0.007
2473.91727 16.090 0.007
2481.91461 15.927 0.009
2483.89985 15.653 0.007
2486.89686 15.669 0.009
2488.89076 16.093 0.010
2488.89511 16.089 0.010
2489.93422 15.676 0.008
2492.91459 15.659 0.008
2496.91424 15.940 0.009
2497.93768 16.049 0.009
2498.78493 15.616 0.007
2499.87059 15.922 0.009
2500.87612 16.097 0.009
2501.86509 15.655 0.007
2502.84526 15.919 0.009
2508.75658 15.892 0.010
2516.78783 15.632 0.008
2517.83458 15.921 0.009
2518.80600 16.107 0.009
2519.84292 15.658 0.007
2520.80231 15.912 0.009
2521.83440 16.095 0.009
2524.83271 16.099 0.010
2526.78890 15.911 0.008
2534.84525 15.663 0.008
2535.82544 15.924 0.009
2537.71322 15.614 0.008
2538.80922 15.932 0.009
2539.71202 16.110 0.009
2540.75390 15.639 0.009
2541.72390 15.902 0.009
2542.69369 16.117 0.009
2544.67323 15.889 0.008
2545.68728 16.121 0.009
2547.70527 15.901 0.009
2548.72273 16.122 0.009
2550.71787 15.907 0.009
2551.70447 16.112 0.009
2552.72052 15.633 0.007
2554.71370 16.119 0.009
2555.72165 15.626 0.007
2556.70066 15.897 0.008
2557.71319 16.108 0.009
2558.66968 15.608 0.007
2559.62658 15.882 0.008
2560.65965 16.115 0.009
2562.67807 15.898 0.009
2563.68603 16.123 0.009
2564.70141 15.629 0.008
2565.69133 15.903 0.009
2566.67163 16.118 0.009
2568.70262 15.899 0.009
2571.65626 15.899 0.009
2573.66869 15.616 0.009
2574.65253 15.899 0.008
2576.68673 15.630 0.008
2577.63939 15.893 0.009
2578.63949 16.120 0.009
2579.64613 15.620 0.008
2580.65825 15.906 0.008
2583.62956 15.895 0.009
2584.63694 16.117 0.009
2586.63580 15.887 0.008
2587.61956 16.123 0.009
2588.72994 15.648 0.008
2589.61041 15.901 0.009
2590.62464 16.122 0.010
2591.64775 15.618 0.008
2593.61677 16.110 0.009
2594.62053 15.622 0.009
2596.59606 16.115 0.010
2597.58324 15.602 0.008
2598.66376 15.908 0.009
2599.61655 16.117 0.010
2607.63779 15.915 0.009
2610.55754 15.886 0.009
2613.55130 15.900 0.009
2615.58018 15.604 0.008
2619.56783 15.894 0.009
2621.57693 15.615 0.008
2625.55945 15.899 0.010
2632.55842 16.124 0.009
2636.55439 15.617 0.008
2639.55408 15.621 0.008
2642.56364 15.612 0.008
2646.57566 15.914 0.009
2651.54854 15.625 0.009
2654.56959 15.635 0.008
2657.56839 15.625 0.008
2660.57192 15.630 0.008
2671.56183 16.119 0.009
2673.57362 15.918 0.009
2676.53501 15.920 0.009
2679.54942 15.914 0.009
2682.55155 15.924 0.009
2777.91402 15.781 0.009
2804.88096 15.794 0.009
2811.91542 15.995 0.010
2814.95109 16.031 0.011
2817.93759 16.014 0.009
2830.91470 15.438 0.008
2831.79244 15.772 0.009
2832.75842 15.991 0.009
2832.93634 16.030 0.009
2833.87633 15.409 0.008
2835.88499 16.025 0.009
2837.88602 15.797 0.010
2838.94323 16.030 0.011
2840.83597 15.790 0.009
2843.83739 15.782 0.008
2844.88320 16.005 0.009
2845.92923 15.449 0.008
2849.86663 15.817 0.009
2850.89940 16.019 0.010
2851.94296 15.461 0.009
2852.81361 15.793 0.009
2854.83935 15.414 0.007
2856.82630 15.995 0.010
2858.92033 15.825 0.008
2860.88635 15.433 0.007
2861.75751 15.786 0.008
2862.93654 16.038 0.010
2863.84572 15.410 0.008
2865.84257 16.020 0.009
2866.89225 15.449 0.008
2867.83977 15.818 0.009
2869.91754 15.478 0.007
2870.82654 15.807 0.008
2871.86945 16.021 0.009
2875.81580 15.410 0.007
2876.78671 15.794 0.008
2879.75021 15.791 0.008
2883.83637 16.002 0.008
2885.77120 15.793 0.008
2888.81948 15.808 0.009
2892.81087 16.011 0.009
2894.74001 15.791 0.008
2896.73709 15.392 0.007
2898.75809 15.996 0.009
2900.75694 15.785 0.008
2902.75647 15.388 0.006
2905.76363 15.402 0.007
2907.76504 16.005 0.008
2909.75414 15.794 0.006
2911.74551 15.398 0.006
2915.71700 15.784 0.008
2917.74309 15.401 0.007
2921.74621 15.800 0.008
2923.76279 15.427 0.007
2925.72578 15.994 0.009
2927.72329 15.798 0.009
2930.74137 15.814 0.009
2932.74790 15.416 0.007
2934.72770 16.005 0.009
2937.65170 15.975 0.009
2939.70436 15.800 0.008
2940.64447 15.977 0.008
2941.69431 15.389 0.006
2942.64444 15.781 0.008
2943.61566 15.990 0.009
2944.60026 15.372 0.007
2945.61706 15.776 0.009
2947.62654 15.363 0.007
2949.60779 15.986 0.009
2950.65258 15.373 0.007
2951.63977 15.789 0.009
2952.66871 16.011 0.009
2954.69358 15.812 0.009
2956.63957 15.381 0.007
2958.63396 16.002 0.009
2961.60509 15.986 0.010
2965.64347 15.380 0.007
2968.60485 15.375 0.007
2970.62410 16.000 0.009
2972.60856 15.795 0.008
2974.63014 15.387 0.007
2976.55899 15.990 0.009
2978.58514 15.786 0.009
2980.60200 15.381 0.007
2982.54719 15.979 0.009
2984.63816 15.799 0.008
2986.64821 15.409 0.007
2988.54212 15.992 0.009
2991.61365 15.995 0.009
2994.59640 16.009 0.009
2997.56944 15.999 0.009
3001.58463 15.386 0.007
3005.54270 15.785 0.008
3008.56901 15.805 0.009
3011.57240 15.782 0.009
3016.59908 15.410 0.008
3018.58551 15.998 0.008
3020.61359 15.811 0.008
3021.62639 16.017 0.008
3023.58232 15.804 0.008
3025.58873 15.398 0.007
3027.61431 16.014 0.009
3029.58619 15.798 0.008
3031.59078 15.404 0.006
3033.59310 16.013 0.009
3037.54015 15.387 0.007
3164.94055 15.911 0.009
3183.92251 16.093 0.009
3193.89029 15.648 0.008
3196.86243 15.647 0.007
3197.92494 15.932 0.008
3199.92919 15.670 0.008
3201.88237 16.105 0.007
3203.89033 15.924 0.007
3206.82816 15.895 0.009
3210.90422 16.063 0.009
3211.89561 15.661 0.007
3215.67175 15.890 0.009
3216.73978 16.117 0.010
3217.94025 15.702 0.008
3218.93031 15.932 0.009
3222.87237 16.072 0.009
3223.84574 15.653 0.008
3226.83599 15.658 0.007
3229.84314 15.661 0.007
3231.82525 16.093 0.010
3239.80365 15.917 0.008
3240.80089 16.096 0.009
3241.82523 15.659 0.008
3242.72460 15.893 0.008
3243.86102 16.079 0.009
3244.83825 15.670 0.008
3245.78735 15.926 0.009
3247.77356 15.643 0.007
3249.73825 16.110 0.009
3251.75176 15.900 0.007
3254.73889 15.910 0.008
3257.75534 15.922 0.007
3259.67449 15.616 0.007
3261.71257 16.093 0.008
3263.69528 15.889 0.007
3265.72968 15.636 0.007
3267.71849 16.095 0.008
3269.81242 15.943 0.009
3270.75177 16.096 0.009
3271.67459 15.618 0.007
3272.73182 15.904 0.008
3274.71765 15.636 0.007
3276.72210 16.124 0.009
3277.76086 15.653 0.007
3279.69246 16.103 0.008
3281.65118 15.897 0.008
3283.65268 15.615 0.006
3287.61884 15.881 0.008
3289.62995 15.614 0.007
3293.60668 15.901 0.007
3295.62551 15.623 0.006
3297.60732 16.107 0.007
3299.66366 15.920 0.006
3301.63787 15.630 0.008
3303.70014 16.102 0.009
3306.63267 16.109 0.007
3308.62043 15.894 0.008
3310.61952 15.623 0.007
3314.57437 15.902 0.009
3320.61225 15.895 0.008
3323.55573 15.885 0.008
3327.56722 16.110 0.009
3330.56146 16.116 0.009
3335.60630 15.905 0.009
3349.60620 15.631 0.006
3353.58535 15.908 0.008
3359.56187 15.912 0.008
3363.56922 16.108 0.009
3367.62855 15.653 0.007
3372.55929 16.110 0.008
3376.53862 15.620 0.007
3378.60554 16.116 0.009
3386.57203 15.911 0.007
3390.58558 16.099 0.009
3398.56735 15.921 0.008
3402.55577 16.095 0.007
3541.94064 15.822 0.007
3547.92522 15.818 0.007
3554.93343 16.031 0.009
3561.85763 15.421 0.006
3564.91771 15.464 0.006
3568.84856 15.813 0.007
3570.82011 15.408 0.007
3571.81161 15.793 0.009
3573.85730 15.436 0.007
3574.88814 15.828 0.008
3577.84674 15.811 0.007
3578.90531 16.038 0.008
3579.81017 15.416 0.006
3581.85511 16.011 0.009
3581.87966 16.031 0.009
3582.83996 15.428 0.006
3583.84999 15.811 0.007
3586.81872 15.794 0.007
3588.83658 15.431 0.006
3589.83150 15.807 0.007
3591.88423 15.456 0.006
3593.87051 16.032 0.009
3596.90222 16.035 0.008
3601.81983 15.811 0.008
3607.82527 15.811 0.007
3614.79664 16.005 0.007
3617.77908 16.023 0.008
3619.70906 15.791 0.007
3621.72752 15.394 0.006
3624.87581 15.495 0.007
3626.72520 16.006 0.008
3629.67882 15.990 0.009
3631.74119 15.809 0.008
3633.71746 15.399 0.007
3637.66044 15.786 0.007
3639.71050 15.390 0.006
3641.70704 15.998 0.008
3643.73143 15.802 0.007
3646.67056 15.795 0.007
3650.66963 16.008 0.008
3650.69369 15.998 0.008
3651.74360 15.433 0.006
3653.73978 16.039 0.008
3655.70593 15.797 0.007
3657.65963 15.392 0.006
3658.67176 15.803 0.007
3659.65183 15.990 0.009
3660.67934 15.409 0.007
3663.57084 15.386 0.007
3665.64651 15.986 0.008
3668.58285 15.992 0.008
3669.71372 15.437 0.006
3671.64250 16.000 0.008
3673.68460 15.819 0.008
3675.66919 15.401 0.006
3681.65270 15.412 0.007
3683.65853 16.007 0.008
3685.66369 15.809 0.007
3687.66396 15.423 0.006
3689.61552 16.014 0.008
3692.58651 16.000 0.008
3694.57050 15.793 0.008
3696.57106 15.386 0.006
3698.60472 16.004 0.009
3700.61472 15.796 0.008
3702.59497 15.396 0.006
3704.60125 16.008 0.008
3706.62171 15.810 0.007
3708.59864 15.411 0.006
3711.60115 15.409 0.007
3714.53488 15.376 0.007
3718.61542 15.802 0.009
3721.56903 15.792 0.008
3724.57404 15.787 0.007
3726.59454 15.408 0.007
3728.56769 15.987 0.009
3734.57112 16.004 0.009
3737.58682 16.009 0.008
3742.54545 15.787 0.009
3746.57070 16.014 0.009
3751.55063 15.811 0.009
3756.56336 15.428 0.007
3761.61359 16.009 0.009
3766.53846 15.809 0.008
3772.56129 15.815 0.008
3776.56136 16.008 0.009
3871.88727 15.919 0.009
3901.94977 15.934 0.009
3906.95003 15.680 0.009
3913.92808 15.939 0.007
3918.89047 15.682 0.007
3931.92577 15.948 0.008
3934.86881 15.924 0.007
3936.87699 15.694 0.007
3938.86100 16.096 0.009
3944.90840 16.025 0.008
3946.87650 15.946 0.007
3951.89575 15.671 0.007
3955.86091 15.936 0.009
3958.84640 15.931 0.008
3960.83755 15.665 0.006
3963.83429 15.680 0.008
3965.82610 16.082 0.007
3967.86849 15.937 0.007
3969.81167 15.663 0.007
3971.78783 16.107 0.008
3974.78955 16.108 0.008
3979.75079 15.935 0.008
3980.62828 16.105 0.009
3981.65454 15.620 0.006
3983.84488 16.051 0.009
3987.79339 15.662 0.007
3990.80071 15.671 0.006
3993.74556 15.658 0.007
3995.75077 16.097 0.008
3999.76013 15.675 0.006
4002.73223 15.649 0.006
4004.68398 16.120 0.008
4006.71024 15.926 0.007
4007.57361 16.101 0.008
4008.58259 15.591 0.006
4009.75243 15.924 0.008
4013.70910 16.110 0.009
4016.70370 16.103 0.008
4018.71041 15.929 0.008
4019.70107 16.089 0.009
4021.68785 15.921 0.007
4024.66132 15.911 0.007
4026.64020 15.631 0.006
4028.63616 16.105 0.008
4030.64872 15.911 0.008
4032.70080 15.674 0.007
4037.67700 16.117 0.008
4039.61489 15.909 0.007
4041.61449 15.628 0.007
4043.60016 16.122 0.009
4046.60947 16.129 0.009
4048.57540 15.907 0.008
4050.61754 15.642 0.007
4052.56963 16.132 0.008
4054.62377 15.913 0.008
4056.59586 15.644 0.007
4058.62941 16.113 0.008
4060.52825 15.895 0.008
4064.52592 16.116 0.008
4066.56739 15.916 0.008
4069.52574 15.903 0.008
4073.60931 16.127 0.009
4077.53269 15.628 0.007
4079.53465 16.126 0.009
4082.53456 16.118 0.009
4085.57228 16.117 0.008
4092.56836 15.640 0.006
4096.59432 15.933 0.008
4100.59710 16.118 0.009
4105.56495 15.923 0.008
4108.54116 15.923 0.007
4113.61909 15.660 0.007
4120.58992 15.924 0.007
4132.57311 15.934 0.009
4252.93706 16.025 0.010
4255.85634 16.019 0.009
4268.90906 15.446 0.007
4275.93116 15.843 0.009
4279.82785 16.005 0.010
4282.81939 16.018 0.009
4283.87233 15.436 0.008
4285.92664 16.049 0.009
4291.94744 16.044 0.010
4292.86597 15.435 0.007
4295.87000 15.445 0.007
4296.89973 15.830 0.008
4297.93261 16.035 0.009
4299.86745 15.816 0.008
4300.88894 16.036 0.009
4301.90693 15.464 0.007
4302.92856 15.843 0.009
4306.92569 16.045 0.009
4307.90742 15.478 0.007
4308.66857 15.773 0.009
4308.87659 15.830 0.008
4310.84891 15.440 0.007
4311.83647 15.821 0.009
4312.91033 16.035 0.009
4314.92979 15.842 0.009
4316.83634 15.440 0.007
4319.87350 15.476 0.007
4320.90037 15.844 0.009
4326.84428 15.820 0.009
4327.82334 16.021 0.009
4328.83899 15.450 0.007
4329.84068 15.831 0.009
4330.86979 16.046 0.009
4333.87106 16.038 0.009
4338.91140 15.839 0.009
4340.78388 15.420 0.007
4341.77904 15.808 0.009
4342.83495 16.046 0.009
4343.77254 15.429 0.007
4344.75468 15.810 0.008
4345.80065 16.028 0.009
4347.78957 15.814 0.008
4349.80275 15.452 0.007
4351.83001 16.027 0.009
4353.76306 15.811 0.008
4359.70987 15.793 0.007
4361.71244 15.404 0.007
4362.73726 15.820 0.009
4364.59417 15.385 0.008
4367.69170 15.402 0.007
4370.68337 15.399 0.007
4372.74680 16.026 0.009
4376.66219 15.397 0.007
4378.62876 15.993 0.009
4379.65673 15.411 0.008
4380.76961 15.818 0.008
4382.69700 15.413 0.007
4386.67209 15.804 0.009
4388.67258 15.405 0.007
4390.68157 16.010 0.008
4393.65536 16.013 0.009
4395.69026 15.814 0.008
4398.65570 15.808 0.009
4400.67854 15.432 0.008
4403.70437 15.433 0.007
4407.64444 15.805 0.008
4408.69063 16.018 0.009
4410.71355 15.819 0.008
4415.69771 15.446 0.007
4418.60435 15.404 0.007
4422.66558 15.815 0.008
4424.66266 15.433 0.007
4427.54935 15.382 0.007
4429.59215 15.994 0.010
4431.57979 15.798 0.008
4433.58561 15.401 0.007
4435.57390 15.995 0.009
4437.66299 15.809 0.009
4439.57488 15.396 0.007
4441.61072 16.022 0.009
4443.60142 15.820 0.009
4449.65550 15.832 0.008
4451.61058 15.418 0.007
4453.59255 16.020 0.009
4456.59396 16.013 0.009
4459.54653 16.005 0.009
4464.58619 15.817 0.008
4465.55216 16.003 0.009
4470.57110 15.813 0.008
4474.60758 16.011 0.009
4476.58575 15.810 0.008
4479.61051 15.818 0.009
4481.59520 15.432 0.007
4484.61189 15.459 0.008
4487.63339 15.464 0.008
4609.90676 16.087 0.009
4643.89140 15.683 0.008
4649.94157 15.704 0.008
4655.93811 15.702 0.007
4661.90477 15.699 0.007
4662.78746 15.915 0.008
4662.90441 15.952 0.008
4663.75915 16.108 0.009
4663.94303 15.954 0.009
4665.83211 15.932 0.009
4665.92607 15.954 0.009
4666.91992 15.982 0.009
4670.91433 15.699 0.008
4671.82857 15.933 0.009
4672.88832 16.030 0.009
4675.90592 15.991 0.009
4681.88566 16.006 0.008
4683.88090 15.952 0.008
4685.86698 15.695 0.007
4688.81835 15.677 0.007
4690.74389 16.102 0.009
4691.74680 15.651 0.008
4693.90187 15.936 0.009
4696.87544 15.979 0.009
4698.76359 15.923 0.008
4699.75759 16.100 0.009
4700.79510 15.669 0.007
4701.80031 15.933 0.009
4702.86044 15.999 0.009
4703.75952 15.658 0.008
4704.77836 15.927 0.008
4705.78558 16.069 0.009
4707.77826 15.933 0.008
4708.84649 16.010 0.008
4710.76250 15.940 0.008
4716.76398 15.928 0.008
4719.77187 15.909 0.008
4721.76287 15.667 0.009
4724.77481 15.682 0.008
4726.67047 16.104 0.009
4729.68150 16.110 0.009
4731.77170 15.946 0.008
4734.75402 15.942 0.008
4739.66011 15.636 0.008
4741.68137 16.109 0.008
4741.73467 16.081 0.008
4747.60124 16.113 0.009
4749.60086 15.919 0.009
4753.66996 16.091 0.009
4755.66391 15.920 0.008
4757.64840 15.652 0.007
4759.66097 16.102 0.009
4761.63125 15.917 0.007
4763.64390 15.664 0.008
4766.61211 15.623 0.008
4769.65023 15.669 0.008
4771.56126 16.114 0.010
4773.68608 15.930 0.008
4775.67294 15.662 0.008
4777.60665 16.105 0.009
4779.64224 15.922 0.008
4783.57581 16.107 0.009
4785.60692 15.918 0.009
4789.54231 16.102 0.009
4790.62453 15.650 0.007
4791.62280 15.927 0.008
4793.52698 15.627 0.007
4795.54401 16.116 0.009
4797.53620 15.916 0.009
4798.59948 16.107 0.009
4800.64681 15.930 0.008
4803.53809 15.918 0.008
4804.58832 16.105 0.009
4806.59732 15.920 0.009
4808.55555 15.641 0.008
4810.56598 16.103 0.009
4813.60536 16.089 0.009
4815.58155 15.922 0.009
4817.59801 15.657 0.007
4819.59764 16.093 0.009
4821.63955 15.929 0.008
4823.60034 15.667 0.008
4825.62877 16.066 0.009
4833.56113 15.916 0.008
4835.58373 15.672 0.008
4839.60526 15.943 0.009
4842.57233 15.933 0.009
4844.58286 15.666 0.007
4847.63711 15.672 0.009
4849.59694 16.053 0.009
4853.59442 15.662 0.007
4856.58836 15.665 0.007
4865.56146 15.670 0.007
