 466.55947 16.727 0.014
 466.57470 16.672 0.014
 466.60531 16.696 0.014
 466.63485 16.732 0.014
 467.55272 16.459 0.013
 467.58216 16.429 0.012
 467.61163 16.409 0.012
 467.64114 16.459 0.013
 469.56210 16.365 0.012
 469.60070 16.318 0.011
 469.63233 16.373 0.012
 471.61463 16.397 0.012
 471.62984 16.389 0.012
 472.54680 16.480 0.013
 472.56153 16.497 0.013
 472.57621 16.510 0.013
 472.59085 16.488 0.013
 622.89337 16.732 0.014
 624.91993 16.682 0.014
 625.90738 16.357 0.012
 626.87889 16.577 0.014
 627.86513 16.476 0.013
 628.90621 16.532 0.013
 629.90398 16.717 0.014
 631.93494 16.682 0.014
 632.87547 16.438 0.012
 633.91091 16.647 0.014
 635.90574 16.595 0.014
 643.87478 16.342 0.012
 645.84648 16.682 0.014
 647.80421 16.722 0.019
 649.80160 16.638 0.014
 656.86196 16.672 0.014
 657.83425 16.425 0.012
 658.87453 16.614 0.014
 663.78081 16.763 0.020
 664.88574 16.488 0.013
 665.83300 16.647 0.014
 666.84355 16.385 0.012
 667.86280 16.600 0.014
 668.83359 16.285 0.011
 670.79915 16.609 0.014
 671.82122 16.510 0.013
 672.82677 16.682 0.014
 673.79414 16.438 0.012
 684.75454 16.315 0.011
 685.80940 16.582 0.014
 686.71068 16.510 0.013
 687.79203 16.536 0.013
 688.73404 16.732 0.014
 689.76121 16.488 0.013
 697.72735 16.706 0.014
 698.79845 16.501 0.013
 699.69748 16.619 0.014
 700.73825 16.381 0.012
 701.71046 16.609 0.014
 704.73850 16.605 0.014
 706.70415 16.677 0.014
 707.74171 16.425 0.012
 708.76586 16.609 0.014
 712.76642 16.536 0.013
 713.74778 16.624 0.014
 714.76275 16.501 0.013
 715.72832 16.662 0.014
 716.69639 16.389 0.012
 726.69658 16.591 0.014
 728.68971 16.523 0.013
 729.69187 16.563 0.014
 730.67626 16.442 0.012
 733.64270 16.638 0.014
 739.66269 16.471 0.013
 741.62849 16.429 0.012
 742.60475 16.586 0.014
 744.65184 16.595 0.014
 745.60278 16.476 0.013
 746.79355 16.536 0.013
 747.66410 16.686 0.014
 748.62580 16.446 0.013
 749.63120 16.614 0.014
 750.62502 16.377 0.012
 751.63349 16.582 0.014
 752.74787 16.385 0.012
 753.68350 16.497 0.013
 759.64139 16.342 0.012
 760.66702 16.605 0.014
 761.64309 16.266 0.011
 761.74833 16.270 0.011
 762.63445 16.550 0.013
 762.66400 16.550 0.013
 763.65066 16.600 0.014
 763.76142 16.459 0.013
 765.58272 16.643 0.014
 766.62020 16.373 0.012
 766.72308 16.409 0.012
 767.62770 16.563 0.014
 767.68935 16.591 0.014
 767.76561 16.586 0.014
 769.61054 16.528 0.013
 769.68426 16.536 0.013
 770.61669 16.345 0.012
 771.64974 16.563 0.014
 772.61159 16.706 0.014
 773.61672 16.476 0.013
 773.76892 16.519 0.013
 774.60970 16.686 0.014
 775.56759 16.425 0.012
 776.64852 16.609 0.014
 777.62278 16.315 0.011
 778.62614 16.572 0.014
 779.65310 16.409 0.012
 779.76339 16.262 0.011
 780.65291 16.476 0.013
 781.56726 16.677 0.014
 781.74772 16.600 0.014
 782.63279 16.467 0.013
 782.76212 16.550 0.013
 783.54976 16.591 0.014
 784.59175 16.361 0.012
 785.61858 16.559 0.014
 785.76416 16.600 0.014
 786.62226 16.296 0.011
 787.70270 16.572 0.014
 788.63555 16.523 0.013
 788.66110 16.484 0.013
 790.58424 16.662 0.014
 792.56219 16.600 0.014
 795.62687 16.296 0.011
 796.55580 16.514 0.013
 796.74111 16.582 0.017
 797.71592 16.476 0.013
 798.57860 16.425 0.012
 799.71654 16.682 0.014
 800.63157 16.393 0.012
 802.69158 16.393 0.012
 805.61889 16.532 0.013
 806.62907 16.643 0.014
 808.56051 16.667 0.014
 816.69150 16.446 0.013
 817.60157 16.628 0.014
 819.56435 16.577 0.014
 820.64067 16.307 0.011
 822.56121 16.586 0.014
 824.58704 16.682 0.014
 825.66017 16.442 0.012
 828.62034 16.528 0.013
 829.58693 16.273 0.011
 832.59381 16.510 0.013
 833.61370 16.727 0.014
 834.58328 16.438 0.012
 836.56140 16.342 0.012
 838.59439 16.345 0.012
 840.60415 16.647 0.014
 845.55555 16.349 0.012
 850.57903 16.501 0.013
 855.58402 16.563 0.014
 859.57182 16.429 0.012
 866.53636 16.454 0.013
 962.94016 16.691 0.014
 966.93964 16.628 0.014
 970.91605 16.523 0.013
 976.89667 16.315 0.011
 986.85109 16.519 0.013
 987.86466 16.614 0.014
 991.93296 16.633 0.014
 996.93666 16.706 0.014
 998.90771 16.691 0.014
1004.80634 16.506 0.013
1006.83492 16.467 0.013
1020.90441 16.536 0.013
1035.75713 16.299 0.011
1037.78633 16.514 0.013
1041.79450 16.614 0.014
1045.75623 16.577 0.014
1052.78032 16.568 0.014
1055.65351 16.647 0.014
1058.86551 16.476 0.013
1059.78350 16.677 0.014
1061.73625 16.595 0.014
1064.82017 16.737 0.014
1068.72159 16.677 0.014
1072.70172 16.510 0.013
1076.67949 16.322 0.011
1078.69006 16.373 0.012
1081.70260 16.506 0.013
1084.64079 16.600 0.014
1087.66069 16.532 0.013
1090.71708 16.459 0.013
1092.74918 16.421 0.012
1094.65586 16.303 0.011
1102.62600 16.747 0.015
1106.72089 16.497 0.013
1110.64001 16.345 0.012
1116.59849 16.628 0.014
1120.58709 16.600 0.014
1126.66241 16.389 0.012
1129.56084 16.501 0.013
1132.54392 16.682 0.014
1135.59401 16.318 0.011
1138.64368 16.582 0.014
1140.62106 16.519 0.013
1144.67865 16.326 0.012
1151.55826 16.401 0.012
1155.55986 16.545 0.013
1159.55530 16.633 0.014
1162.58772 16.270 0.011
1164.70128 16.484 0.013
1170.55968 16.563 0.014
1178.66978 16.365 0.012
1182.68165 16.619 0.014
1183.72000 16.506 0.013
1185.70318 16.413 0.012
1188.70247 16.536 0.013
1191.58625 16.657 0.014
1202.60134 16.609 0.014
1205.55276 16.322 0.011
1211.57322 16.662 0.014
1217.58385 16.467 0.013
1220.58636 16.643 0.014
1229.53909 16.638 0.014
1238.53533 16.545 0.017
1327.91950 16.259 0.011
1330.83620 16.454 0.013
1335.88795 16.572 0.014
1340.90749 16.638 0.014
1348.94356 16.434 0.012
1354.91710 16.510 0.013
1360.93683 16.563 0.014
1365.93305 16.696 0.014
1367.85655 16.643 0.014
1374.92865 16.672 0.014
1394.86480 16.624 0.014
1395.89629 16.326 0.012
1397.81795 16.722 0.014
1401.84498 16.667 0.014
1402.92993 16.381 0.012
1407.85300 16.459 0.013
1412.74831 16.591 0.014
1417.90667 16.696 0.014
1430.73927 16.528 0.017
1432.74999 16.476 0.013
1435.70638 16.633 0.014
1439.67286 16.506 0.013
1442.67655 16.572 0.014
1447.75174 16.523 0.013
1451.68797 16.605 0.014
1455.70768 16.506 0.013
1460.74840 16.595 0.014
1462.65404 16.510 0.013
1470.66029 16.322 0.011
1471.77942 16.536 0.013
1472.64751 16.600 0.014
1475.65319 16.401 0.012
1477.58227 16.259 0.011
1481.60003 16.677 0.014
1484.64898 16.405 0.012
1487.64406 16.595 0.014
1490.68286 16.732 0.014
1492.58250 16.624 0.014
1495.53929 16.281 0.011
1499.56792 16.652 0.014
1502.56602 16.377 0.012
1505.63261 16.572 0.014
1508.56799 16.682 0.014
1509.54428 16.442 0.012
1512.64614 16.609 0.014
1515.62084 16.628 0.014
1517.62433 16.686 0.014
1520.61148 16.361 0.012
1524.55920 16.800 0.015
1526.59931 16.662 0.014
1531.65091 16.476 0.013
1543.60838 16.450 0.013
1546.62321 16.682 0.014
1551.58500 16.652 0.014
1555.61849 16.577 0.014
1562.59709 16.662 0.014
1569.57625 16.647 0.014
1575.60208 16.463 0.013
1580.57705 16.541 0.013
1583.57971 16.657 0.014
1587.55951 16.582 0.014
1597.54498 16.357 0.012
1603.55308 16.647 0.014
1608.52880 16.595 0.014
1703.91366 16.342 0.012
1705.91920 16.691 0.014
1716.87956 16.624 0.014
1717.88996 16.338 0.012
1729.92564 16.582 0.014
1732.89544 16.701 0.014
1740.84646 16.438 0.012
1742.89423 16.450 0.013
1744.86339 16.338 0.012
1745.88759 16.609 0.014
1749.86806 16.497 0.013
1750.83996 16.677 0.014
1751.85182 16.401 0.012
1752.81314 16.633 0.014
1753.81421 16.270 0.011
1754.84087 16.554 0.014
1755.80621 16.595 0.014
1756.83569 16.463 0.013
1757.78490 16.662 0.014
1758.78939 16.401 0.012
1759.83375 16.657 0.014
1761.81480 16.572 0.014
1762.80118 16.334 0.012
1763.80419 16.545 0.013
1764.79668 16.677 0.014
1765.79115 16.471 0.013
1766.73218 16.732 0.014
1768.81130 16.647 0.014
1769.72068 16.292 0.011
1771.83673 16.365 0.012
1772.77911 16.501 0.013
1773.74644 16.696 0.014
1776.76924 16.377 0.012
1784.74588 16.619 0.014
1788.81140 16.536 0.013
1803.77174 16.397 0.012
1806.76585 16.550 0.013
1808.83549 16.519 0.013
1811.76388 16.619 0.014
1814.81072 16.446 0.013
1817.77637 16.467 0.013
1822.65383 16.550 0.013
1826.80495 16.429 0.012
1829.74723 16.633 0.014
1846.79522 16.318 0.011
1850.75195 16.779 0.015
1854.80803 16.638 0.014
1858.73190 16.523 0.013
1862.73080 16.369 0.012
1867.75526 16.476 0.013
1871.76185 16.393 0.012
2085.90914 16.646 0.018
2086.88843 16.311 0.013
2103.89525 16.574 0.012
2105.92315 16.546 0.014
2106.89098 16.602 0.015
2112.84336 16.556 0.013
2116.87111 16.401 0.013
2123.81803 16.507 0.013
2128.82553 16.531 0.014
2129.85750 16.272 0.011
2130.84387 16.515 0.014
2131.83748 16.564 0.014
2132.80627 16.498 0.015
2133.89460 16.683 0.019
2134.81000 16.380 0.014
2135.84408 16.634 0.014
2137.89208 16.645 0.016
2140.81134 16.663 0.016
2142.75205 16.679 0.015
2143.81755 16.370 0.012
2144.82425 16.666 0.013
2155.87863 16.598 0.017
2156.82521 16.546 0.014
2160.75460 16.633 0.017
2162.76139 16.658 0.015
2166.75600 16.560 0.014
2167.76446 16.722 0.014
2168.71363 16.399 0.013
2171.73955 16.631 0.013
2172.74617 16.423 0.012
2177.63966 16.386 0.013
2184.70130 16.420 0.014
2185.66480 16.626 0.015
2186.68965 16.341 0.014
2187.68483 16.582 0.016
2188.73199 16.324 0.013
2190.69136 16.713 0.015
2191.66474 16.465 0.014
2192.66325 16.718 0.014
2193.68432 16.440 0.011
2194.65442 16.675 0.014
2203.55089 16.601 0.014
2206.60721 16.569 0.017
2211.64130 16.345 0.012
2212.64513 16.640 0.014
2213.65095 16.321 0.013
2214.64214 16.618 0.016
2215.64912 16.636 0.014
2217.63582 16.776 0.017
2219.67868 16.700 0.015
2224.71356 16.657 0.014
2226.63643 16.651 0.019
2228.55833 16.603 0.015
2229.61659 16.318 0.012
2231.64326 16.441 0.014
2232.50999 16.511 0.015
2233.61341 16.744 0.015
2235.66353 16.708 0.014
2238.54707 16.281 0.012
2240.65138 16.490 0.014
2242.61889 16.700 0.017
2248.60354 16.555 0.012
2250.57686 16.513 0.012
2253.57050 16.600 0.013
2255.60716 16.641 0.015
2258.57346 16.786 0.012
2263.58419 16.358 0.012
2266.55498 16.566 0.014
2271.56456 16.603 0.013
2273.56390 16.551 0.017
2275.59883 16.539 0.014
2276.55838 16.691 0.019
2278.59096 16.705 0.016
2280.58682 16.613 0.015
2284.58970 16.519 0.014
2290.60368 16.391 0.013
2293.56596 16.540 0.014
2295.55870 16.451 0.014
2297.56199 16.332 0.014
2299.56109 16.531 0.015
2301.55335 16.724 0.018
2445.91192 16.589 0.017
2460.87884 16.417 0.017
2463.91518 16.545 0.014
2465.92794 16.472 0.013
2467.90093 16.393 0.013
2469.90031 16.334 0.012
2471.88975 16.223 0.011
2472.91922 16.535 0.010
2473.89113 16.524 0.012
2481.90282 16.530 0.016
2483.88864 16.473 0.013
2486.88565 16.606 0.016
2488.87656 16.569 0.018
2489.92299 16.354 0.013
2492.90335 16.503 0.014
2496.90310 16.273 0.011
2497.92651 16.581 0.014
2498.77378 16.642 0.015
2499.85936 16.488 0.013
2500.86493 16.730 0.014
2501.85389 16.428 0.012
2502.83412 16.656 0.016
2508.74536 16.505 0.017
2516.77666 16.665 0.018
2517.82340 16.467 0.014
2518.79484 16.610 0.016
2519.83174 16.420 0.012
2520.79113 16.635 0.014
2521.82327 16.317 0.011
2524.82152 16.442 0.016
2526.77770 16.427 0.012
2534.83408 16.767 0.018
2535.81429 16.440 0.013
2537.70207 16.337 0.014
2538.79803 16.637 0.014
2539.70185 16.454 0.014
2540.74273 16.493 0.017
2541.71375 16.764 0.015
2542.68354 16.453 0.013
2544.66208 16.350 0.013
2545.67711 16.577 0.013
2547.69512 16.530 0.014
2548.71156 16.481 0.012
2550.70669 16.714 0.017
2551.69333 16.427 0.013
2553.64905 16.315 0.014
2554.70257 16.619 0.014
2555.71050 16.295 0.013
2556.68952 16.550 0.014
2557.70206 16.600 0.013
2558.65854 16.484 0.014
2559.61544 16.678 0.015
2560.64850 16.423 0.012
2561.67405 16.663 0.020
2562.66694 16.328 0.012
2563.67487 16.593 0.014
2564.69026 16.327 0.012
2565.68116 16.510 0.014
2566.66144 16.698 0.014
2568.69242 16.725 0.018
2571.64511 16.304 0.014
2573.65854 16.480 0.014
2574.64237 16.522 0.014
2577.62924 16.670 0.018
2578.62931 16.400 0.013
2579.63596 16.595 0.015
2580.64808 16.303 0.011
2583.61939 16.507 0.014
2584.62675 16.709 0.016
2586.62397 16.639 0.014
2587.60838 16.315 0.012
2588.71680 16.657 0.015
2589.59832 16.334 0.012
2590.61345 16.535 0.015
2591.63659 16.682 0.015
2593.60559 16.715 0.014
2594.60936 16.455 0.015
2596.58489 16.305 0.014
2597.57206 16.584 0.014
2598.64593 16.339 0.013
2599.60541 16.517 0.015
2607.62660 16.436 0.015
2610.54642 16.469 0.014
2613.54032 16.627 0.016
2615.56917 16.524 0.014
2619.55687 16.423 0.014
2621.56577 16.333 0.012
2625.54841 16.688 0.018
2628.54178 16.341 0.016
2632.54820 16.485 0.014
2636.54337 16.647 0.018
2639.54386 16.285 0.013
2642.55261 16.536 0.016
2646.56543 16.362 0.011
2651.53746 16.496 0.016
2654.55527 16.628 0.017
2657.55813 16.341 0.012
2660.55391 16.461 0.014
2671.55158 16.390 0.014
2673.56338 16.295 0.014
2676.52475 16.568 0.016
2679.53811 16.691 0.014
2682.54043 16.259 0.014
2777.90295 16.382 0.015
2804.86989 16.255 0.014
2811.90436 16.387 0.017
2814.94001 16.543 0.014
2817.92658 16.700 0.016
2831.78143 16.626 0.016
2832.74739 16.516 0.015
2832.92536 16.541 0.014
2833.86530 16.690 0.019
2835.87395 16.634 0.015
2837.87502 16.642 0.021
2838.93218 16.254 0.014
2840.82492 16.521 0.017
2843.82636 16.430 0.012
2844.87219 16.622 0.015
2845.91818 16.322 0.014
2849.85561 16.646 0.015
2850.88837 16.469 0.014
2851.93194 16.672 0.017
2852.80262 16.388 0.013
2853.94203 16.660 0.015
2856.81529 16.403 0.014
2858.90934 16.681 0.014
2860.87534 16.646 0.014
2861.74651 16.332 0.011
2862.92552 16.546 0.015
2863.83472 16.243 0.014
2865.83162 16.470 0.012
2866.88126 16.481 0.015
2867.82127 16.660 0.014
2868.76894 16.419 0.014
2869.90194 16.707 0.016
2870.81554 16.357 0.011
2871.85846 16.597 0.014
2875.79802 16.403 0.015
2876.77573 16.631 0.015
2877.79763 16.426 0.013
2879.73926 16.246 0.011
2883.82540 16.653 0.013
2885.76020 16.679 0.017
2888.80852 16.307 0.012
2892.79988 16.623 0.018
2894.72904 16.594 0.015
2896.72614 16.544 0.014
2898.74712 16.557 0.014
2900.74596 16.475 0.012
2902.74548 16.420 0.011
2905.75268 16.603 0.014
2907.75408 16.553 0.014
2909.74319 16.482 0.010
2911.73455 16.450 0.011
2915.70602 16.432 0.012
2917.73213 16.723 0.014
2921.72988 16.585 0.015
2923.75183 16.577 0.014
2925.71480 16.486 0.013
2927.71233 16.453 0.014
2930.73038 16.601 0.015
2932.73689 16.557 0.014
2934.71672 16.490 0.012
2937.64073 16.672 0.016
2939.69337 16.611 0.014
2940.63350 16.409 0.011
2941.68332 16.540 0.012
2942.63345 16.746 0.016
2943.60468 16.442 0.014
2944.58927 16.667 0.015
2945.60604 16.373 0.014
2947.61554 16.268 0.012
2949.59685 16.522 0.013
2950.64160 16.518 0.013
2951.62878 16.683 0.015
2952.65771 16.438 0.014
2954.68263 16.358 0.013
2956.62862 16.302 0.010
2958.62303 16.604 0.015
2961.59410 16.374 0.016
2968.59386 16.476 0.014
2970.61311 16.430 0.012
2972.59760 16.315 0.012
2974.59835 16.387 0.012
2976.54805 16.725 0.016
2978.57415 16.694 0.019
2980.59102 16.610 0.018
2982.53624 16.566 0.014
2984.62711 16.476 0.014
2986.63724 16.470 0.014
2988.52960 16.338 0.016
2991.60267 16.587 0.014
2994.58439 16.711 0.015
2997.55718 16.354 0.012
3001.57363 16.696 0.015
3005.53170 16.613 0.017
3008.55336 16.422 0.015
3008.55802 16.422 0.015
3011.56139 16.437 0.014
3016.58805 16.607 0.015
3018.57452 16.541 0.013
3020.60257 16.497 0.013
3021.61538 16.697 0.013
3023.57128 16.688 0.014
3025.56979 16.579 0.015
3027.60330 16.498 0.013
3029.57520 16.447 0.013
3031.57974 16.384 0.013
3033.58211 16.325 0.011
3037.52913 16.734 0.016
3164.92956 16.315 0.012
3183.91153 16.510 0.013
3193.87929 16.630 0.014
3195.93849 16.667 0.013
3197.91395 16.610 0.014
3201.87137 16.506 0.012
3203.87932 16.380 0.010
3206.81719 16.578 0.014
3210.89322 16.424 0.012
3211.88465 16.624 0.014
3215.66076 16.500 0.015
3216.72877 16.743 0.018
3217.92930 16.510 0.013
3218.91393 16.775 0.021
3223.83478 16.296 0.012
3226.82503 16.464 0.013
3229.83216 16.608 0.013
3231.81430 16.532 0.016
3239.79267 16.266 0.011
3240.78993 16.541 0.015
3241.81429 16.504 0.012
3242.71361 16.435 0.013
3243.85006 16.700 0.016
3244.82725 16.447 0.014
3245.77639 16.614 0.015
3246.76884 16.272 0.014
3247.76260 16.584 0.013
3249.72731 16.476 0.014
3251.74083 16.471 0.011
3254.72795 16.624 0.014
3257.74436 16.400 0.010
3259.66354 16.641 0.015
3261.70164 16.638 0.013
3263.68434 16.589 0.011
3265.71873 16.574 0.012
3267.70757 16.506 0.009
3269.78399 16.387 0.014
3270.74081 16.617 0.014
3271.66364 16.314 0.011
3272.72083 16.591 0.013
3274.70670 16.526 0.013
3276.71113 16.427 0.013
3277.74427 16.637 0.013
3279.67659 16.586 0.013
3281.64027 16.529 0.012
3283.64171 16.500 0.010
3287.60793 16.402 0.011
3289.61900 16.280 0.010
3293.59579 16.775 0.013
3295.61458 16.551 0.010
3297.59633 16.547 0.009
3299.65270 16.572 0.008
3301.62694 16.496 0.014
3303.68919 16.401 0.011
3306.62174 16.566 0.010
3308.60946 16.527 0.014
3310.60859 16.433 0.011
3312.65261 16.431 0.011
3314.56347 16.282 0.012
3320.60130 16.637 0.013
3327.55626 16.741 0.014
3330.55049 16.338 0.011
3335.59532 16.486 0.013
3338.59893 16.633 0.012
3349.59526 16.598 0.013
3353.57435 16.453 0.012
3359.55088 16.581 0.014
3363.55822 16.731 0.014
3367.61754 16.571 0.012
3372.54829 16.611 0.012
3376.52760 16.504 0.014
3378.59455 16.511 0.013
3386.56098 16.747 0.012
3390.57456 16.646 0.015
3398.55632 16.372 0.011
3402.54472 16.755 0.013
3528.93692 16.627 0.014
3541.92972 16.512 0.012
3547.91431 16.310 0.010
3554.92252 16.357 0.011
3560.94464 16.750 0.014
3564.90680 16.581 0.012
3568.83766 16.433 0.010
3570.77838 16.318 0.013
3571.80071 16.506 0.015
3573.83820 16.518 0.014
3574.87719 16.376 0.011
3577.83586 16.390 0.012
3578.89443 16.637 0.012
3579.79927 16.367 0.010
3581.84420 16.254 0.010
3581.86691 16.281 0.010
3582.82909 16.537 0.014
3583.83350 16.572 0.013
3586.80784 16.416 0.009
3588.82573 16.360 0.009
3589.81854 16.567 0.012
3591.87334 16.560 0.009
3593.81090 16.448 0.011
3596.89136 16.621 0.013
3601.80899 16.696 0.014
3607.81440 16.609 0.013
3614.78579 16.592 0.011
3617.76529 16.594 0.012
3619.69821 16.673 0.013
3621.71667 16.628 0.013
3624.86497 16.254 0.012
3626.71435 16.701 0.014
3629.66796 16.378 0.012
3631.73033 16.269 0.011
3633.69564 16.474 0.013
3637.64955 16.614 0.014
3639.69963 16.613 0.009
3641.69619 16.465 0.012
3643.72056 16.464 0.011
3646.65552 16.588 0.014
3650.65877 16.508 0.013
3650.68281 16.558 0.012
3651.73275 16.619 0.011
3653.72891 16.710 0.013
3655.69509 16.661 0.011
3657.64587 16.554 0.012
3658.65030 16.456 0.012
3659.63835 16.484 0.013
3660.66847 16.740 0.014
3663.55998 16.343 0.013
3665.63356 16.271 0.010
3668.57198 16.462 0.011
3669.67074 16.724 0.015
3671.62890 16.636 0.014
3673.67376 16.650 0.014
3675.65834 16.575 0.012
3683.64765 16.288 0.009
3685.65278 16.657 0.011
3687.65145 16.663 0.013
3689.59984 16.605 0.012
3692.57568 16.530 0.013
3694.55966 16.766 0.015
3696.56018 16.665 0.012
3698.59387 16.581 0.014
3700.57480 16.521 0.013
3702.58409 16.470 0.012
3704.59036 16.429 0.011
3706.61079 16.342 0.009
3708.58367 16.293 0.011
3711.59026 16.487 0.014
3714.52401 16.619 0.019
3718.60452 16.520 0.014
3721.55342 16.674 0.014
3724.56310 16.315 0.011
3726.58366 16.475 0.013
3728.55677 16.785 0.015
3734.56022 16.560 0.014
3737.57590 16.730 0.014
3742.53452 16.362 0.014
3746.55980 16.763 0.016
3751.53618 16.462 0.015
3756.55244 16.471 0.013
3761.60271 16.529 0.013
3766.52751 16.671 0.015
3772.55033 16.417 0.012
3776.55040 16.294 0.011
3871.87630 16.385 0.013
3901.93882 16.511 0.013
3906.93909 16.601 0.012
3913.91603 16.614 0.011
3918.87954 16.688 0.013
3931.91488 16.690 0.014
3934.85790 16.626 0.011
3936.86610 16.692 0.013
3938.85009 16.565 0.014
3944.89748 16.468 0.010
3946.86561 16.395 0.012
3951.88502 16.515 0.013
3955.85015 16.365 0.013
3958.82667 16.554 0.014
3960.82682 16.497 0.011
3963.82353 16.696 0.016
3965.81541 16.647 0.010
3967.83526 16.573 0.011
3969.80090 16.536 0.012
3971.77709 16.425 0.010
3974.77883 16.545 0.014
3979.73419 16.673 0.014
3980.61754 16.290 0.012
3981.64383 16.520 0.011
3983.83415 16.572 0.014
3986.69571 16.712 0.014
3987.66675 16.368 0.010
3990.79002 16.630 0.012
3993.73482 16.666 0.014
3995.74009 16.665 0.011
3999.74936 16.603 0.011
4002.72150 16.663 0.010
4004.67329 16.635 0.013
4006.69950 16.579 0.010
4007.56288 16.301 0.009
4008.57181 16.520 0.011
4009.73327 16.407 0.012
4013.69838 16.659 0.013
4015.68067 16.670 0.014
4015.69690 16.663 0.014
4018.69606 16.577 0.012
4019.68463 16.533 0.012
4021.67712 16.395 0.010
4024.65059 16.563 0.012
4026.62947 16.525 0.011
4028.62543 16.427 0.010
4030.63799 16.328 0.011
4032.69009 16.294 0.011
4037.66628 16.502 0.010
4039.60422 16.347 0.010
4041.60374 16.297 0.012
4043.58944 16.620 0.014
4046.59877 16.412 0.011
4048.56467 16.313 0.011
4050.60679 16.308 0.009
4052.55889 16.661 0.013
4054.61307 16.682 0.013
4056.58516 16.625 0.014
4058.61871 16.583 0.011
4060.51755 16.530 0.013
4064.51518 16.338 0.010
4066.55665 16.277 0.010
4069.51502 16.505 0.014
4073.59859 16.364 0.011
4077.52194 16.701 0.014
4079.52388 16.704 0.016
4082.52384 16.356 0.012
4085.56155 16.530 0.011
4092.55760 16.576 0.011
4096.58355 16.447 0.010
4100.58634 16.318 0.010
4105.55417 16.478 0.012
4108.53042 16.617 0.013
4113.60831 16.656 0.013
4120.57914 16.699 0.012
4126.57697 16.586 0.014
4252.92626 16.477 0.015
4255.84555 16.639 0.017
4268.89906 16.492 0.014
4275.92119 16.564 0.015
4279.79887 16.419 0.016
4282.80943 16.522 0.014
4283.86237 16.353 0.013
4285.91669 16.676 0.015
4291.93747 16.665 0.016
4292.85599 16.509 0.012
4295.86004 16.450 0.012
4296.88980 16.679 0.015
4297.92266 16.397 0.013
4299.85747 16.270 0.010
4300.87896 16.541 0.012
4301.89697 16.523 0.013
4302.91858 16.487 0.014
4306.86321 16.359 0.015
4307.89749 16.589 0.013
4308.65864 16.567 0.014
4308.86662 16.291 0.011
4310.83897 16.682 0.016
4311.82652 16.516 0.017
4312.90040 16.715 0.013
4314.91987 16.722 0.017
4316.82641 16.617 0.014
4319.86359 16.726 0.018
4320.89045 16.503 0.014
4326.83432 16.471 0.013
4327.81259 16.533 0.016
4328.82822 16.747 0.015
4329.83076 16.479 0.013
4330.85900 16.689 0.015
4333.86030 16.314 0.013
4338.90068 16.493 0.014
4340.77316 16.328 0.011
4341.76831 16.607 0.015
4342.82417 16.282 0.012
4343.76181 16.561 0.014
4344.74396 16.748 0.015
4345.78995 16.483 0.012
4347.77884 16.425 0.012
4349.79203 16.349 0.012
4351.72913 16.548 0.017
4353.75235 16.702 0.019
4357.70122 16.604 0.017
4359.69915 16.577 0.012
4361.70171 16.529 0.015
4362.72443 16.722 0.019
4364.58347 16.644 0.018
4367.68098 16.410 0.014
4370.67263 16.464 0.013
4372.73610 16.403 0.011
4376.65149 16.523 0.015
4378.61807 16.718 0.017
4379.64603 16.470 0.013
4380.75888 16.715 0.014
4382.68633 16.631 0.015
4386.66139 16.514 0.014
4388.66187 16.460 0.013
4390.67086 16.322 0.010
4393.64464 16.552 0.014
4395.67952 16.479 0.013
4398.64496 16.647 0.014
4400.66784 16.630 0.015
4403.69363 16.703 0.016
4407.63372 16.645 0.016
4408.67990 16.337 0.013
4410.70284 16.434 0.013
4415.68697 16.408 0.012
4418.59364 16.585 0.014
4422.65487 16.440 0.013
4424.65193 16.341 0.011
4427.53863 16.506 0.014
4429.56456 16.494 0.017
4431.56900 16.397 0.014
4433.57486 16.294 0.011
4435.56321 16.522 0.013
4437.65225 16.764 0.019
4439.56412 16.752 0.018
4441.59995 16.637 0.015
4443.59068 16.585 0.016
4449.64470 16.410 0.013
4451.59983 16.284 0.011
4453.58181 16.689 0.016
4456.58324 16.442 0.014
4459.53574 16.603 0.016
4464.57543 16.697 0.016
4465.54136 16.406 0.013
4470.56029 16.532 0.015
4474.59679 16.415 0.014
4476.57493 16.299 0.011
4479.59974 16.499 0.015
4481.58441 16.443 0.012
4484.60109 16.666 0.019
4487.62265 16.586 0.016
4609.89594 16.590 0.015
4643.88061 16.585 0.015
4649.93082 16.606 0.014
4661.89396 16.725 0.014
4662.77668 16.452 0.011
4662.89360 16.474 0.012
4663.74837 16.669 0.015
4663.93227 16.700 0.014
4665.82132 16.544 0.014
4665.91527 16.614 0.015
4666.90913 16.303 0.013
4670.90358 16.687 0.014
4671.81782 16.415 0.013
4672.87754 16.661 0.014
4675.89515 16.278 0.011
4681.87488 16.658 0.013
4683.87013 16.587 0.014
4685.85625 16.608 0.014
4688.80759 16.667 0.014
4690.73315 16.613 0.014
4691.73602 16.276 0.012
4693.89111 16.357 0.013
4696.84103 16.392 0.015
4698.75286 16.368 0.011
4699.74687 16.554 0.014
4700.78438 16.272 0.010
4701.78958 16.525 0.014
4702.84972 16.514 0.014
4703.74876 16.516 0.014
4704.76761 16.692 0.014
4705.77485 16.413 0.014
4707.76752 16.365 0.010
4708.83578 16.622 0.012
4710.75175 16.547 0.012
4716.75326 16.352 0.012
4719.74543 16.583 0.013
4721.73439 16.479 0.014
4724.76409 16.654 0.014
4726.65976 16.611 0.015
4729.67074 16.786 0.019
4731.76099 16.727 0.014
4734.74331 16.301 0.010
4736.70809 16.670 0.016
4739.64937 16.418 0.014
4741.72395 16.357 0.010
4747.59056 16.670 0.014
4749.59013 16.570 0.015
4753.65929 16.529 0.015
4755.65321 16.461 0.012
4757.63765 16.378 0.011
4759.65027 16.293 0.011
4761.62054 16.699 0.012
4763.63318 16.738 0.018
4766.60140 16.332 0.013
4769.63947 16.533 0.014
4771.55054 16.454 0.014
4773.67535 16.444 0.011
4775.66219 16.318 0.012
4777.59594 16.500 0.013
4779.63153 16.739 0.015
4781.58145 16.686 0.014
4783.56507 16.616 0.014
4785.59617 16.638 0.014
4789.53158 16.417 0.014
4790.61380 16.692 0.012
4791.61210 16.379 0.011
4793.51623 16.473 0.013
4795.53328 16.764 0.014
4797.52548 16.740 0.015
4798.58878 16.396 0.014
4800.63607 16.339 0.010
4803.52739 16.510 0.013
4804.57757 16.741 0.017
4806.58659 16.734 0.015
4808.54482 16.665 0.015
4808.61232 16.651 0.014
4810.55526 16.596 0.014
4813.59461 16.723 0.015
4815.57074 16.676 0.015
4817.58728 16.603 0.013
4819.58688 16.577 0.014
4821.62878 16.447 0.011
4823.58957 16.417 0.012
4825.61801 16.399 0.013
4832.59113 16.476 0.013
4835.57295 16.633 0.016
4839.59446 16.510 0.014
4842.56152 16.671 0.015
4844.57001 16.558 0.013
4847.62632 16.746 0.020
4849.58618 16.704 0.014
4853.58361 16.582 0.014
4856.57754 16.734 0.014
4865.55067 16.634 0.014
4936.91655 16.398 0.013
4940.89923 16.177 0.010
4940.90309 16.212 0.010
4953.89694 16.736 0.015
4954.88836 16.396 0.010
