 621.84536 16.730 0.012
 626.92834 16.936 0.010
 627.89401 16.689 0.009
 631.90948 17.004 0.012
 632.90423 16.900 0.011
 635.88015 16.851 0.010
 643.84954 16.949 0.011
 645.87567 16.417 0.008
 649.83836 16.955 0.013
 656.89086 16.666 0.008
 657.89473 17.015 0.012
 658.90349 16.904 0.012
 665.87052 16.521 0.007
 666.87261 16.978 0.009
 667.89164 16.820 0.007
 668.86240 16.421 0.007
 670.82807 16.763 0.009
 671.85053 16.410 0.007
 672.85548 16.943 0.008
 673.76853 16.699 0.008
 684.78349 16.832 0.009
 685.78400 16.571 0.008
 686.74007 16.950 0.010
 687.90137 16.866 0.009
 688.86928 16.575 0.007
 689.73582 16.954 0.009
 697.70168 17.012 0.010
 698.71692 16.954 0.011
 699.72774 16.721 0.008
 700.71282 17.003 0.009
 701.68450 16.882 0.009
 704.67908 16.857 0.011
 706.67743 16.962 0.015
 706.77191 16.995 0.014
 707.70799 16.839 0.011
 708.70551 16.559 0.010
 712.70586 16.953 0.012
 713.72005 16.818 0.009
 714.73661 16.464 0.007
 715.77747 16.941 0.010
 716.75999 16.804 0.008
 720.66701 16.905 0.011
 726.72717 17.025 0.010
 728.72028 16.667 0.008
 729.66466 16.970 0.010
 730.61600 16.835 0.010
 733.67561 16.848 0.012
 739.69782 16.798 0.009
 741.66142 16.969 0.010
 742.65522 16.783 0.009
 744.62374 16.917 0.010
 745.66364 16.750 0.009
 746.60844 17.030 0.010
 748.56288 16.661 0.010
 749.56931 16.976 0.016
 750.54353 16.863 0.014
 751.57364 16.614 0.010
 752.77741 16.814 0.009
 753.71716 16.935 0.010
 754.74869 16.704 0.010
 755.57239 16.953 0.010
 759.57502 16.808 0.009
 760.57935 16.445 0.008
 761.57460 16.946 0.010
 762.57260 16.786 0.011
 762.70286 16.848 0.012
 762.78127 16.907 0.014
 763.59159 16.420 0.009
 763.73585 16.581 0.009
 764.66963 16.949 0.016
 765.55495 16.746 0.011
 766.59187 16.464 0.009
 766.65842 16.440 0.009
 767.56631 16.935 0.015
 767.71995 16.974 0.015
 769.55123 16.991 0.011
 770.64753 16.953 0.011
 771.62369 16.709 0.009
 772.55176 17.027 0.011
 773.57435 16.896 0.009
 774.64417 16.710 0.009
 775.59707 17.044 0.010
 776.67802 16.938 0.011
 777.59495 16.652 0.009
 778.56811 16.998 0.014
 778.65960 17.014 0.013
 779.62749 16.883 0.011
 780.62729 16.641 0.010
 780.72141 16.702 0.012
 781.60386 16.967 0.010
 782.60151 16.874 0.012
 783.58127 16.534 0.007
 784.62086 16.963 0.011
 785.59171 16.843 0.010
 786.59643 16.502 0.007
 787.67683 16.966 0.010
 788.60844 16.811 0.009
 790.55845 16.948 0.011
 795.57021 16.808 0.010
 796.61981 16.951 0.012
 797.69030 16.776 0.009
 798.60771 16.908 0.009
 800.60562 16.703 0.008
 802.58615 16.895 0.011
 805.59220 16.892 0.010
 806.60297 16.642 0.011
 817.63041 16.779 0.010
 819.67151 16.957 0.009
 820.67051 16.799 0.009
 822.59046 16.943 0.011
 823.66773 16.770 0.009
 824.61586 16.729 0.011
 824.67869 16.430 0.009
 825.68905 16.959 0.014
 828.64909 16.892 0.011
 829.61569 16.678 0.010
 832.62261 16.649 0.008
 833.64272 17.007 0.010
 834.65690 16.865 0.014
 836.59029 16.969 0.012
 838.56341 16.513 0.010
 840.57884 16.793 0.011
 845.58450 16.947 0.010
 850.55196 16.953 0.014
 855.55863 16.642 0.011
 856.54651 16.973 0.013
 859.54614 16.975 0.011
 860.57845 16.881 0.012
 866.56575 16.816 0.010
 876.53430 16.936 0.010
 962.91488 16.826 0.011
 986.88116 16.566 0.009
 987.89346 16.957 0.011
 991.90735 16.808 0.009
 996.87510 16.944 0.007
 998.88078 16.490 0.008
1003.81196 16.678 0.010
1005.83738 16.911 0.012
1008.87053 16.874 0.012
1020.83343 16.777 0.009
1025.81307 16.922 0.013
1035.78795 16.601 0.008
1037.81521 16.861 0.010
1038.91423 16.644 0.011
1041.88466 16.566 0.007
1045.78580 16.965 0.009
1049.80621 16.733 0.009
1052.81661 16.746 0.009
1055.68635 16.601 0.008
1058.83815 16.692 0.010
1059.81701 17.028 0.013
1064.76016 16.521 0.009
1068.75202 16.928 0.009
1071.78001 16.949 0.010
1075.79715 16.755 0.009
1078.71893 16.676 0.007
1080.66497 16.895 0.010
1083.75727 16.858 0.008
1086.60783 16.814 0.009
1090.69092 16.486 0.009
1092.69102 16.788 0.010
1094.68717 16.957 0.009
1102.65578 17.021 0.010
1107.62411 16.592 0.007
1112.73030 16.856 0.010
1117.60572 16.929 0.010
1122.61731 16.774 0.010
1128.56590 16.985 0.012
1132.59626 16.855 0.009
1135.66494 16.857 0.009
1138.61773 16.847 0.009
1140.65010 16.958 0.010
1144.65312 16.801 0.010
1151.58759 17.013 0.011
1154.60718 17.023 0.012
1157.65293 17.051 0.012
1160.64443 16.973 0.012
1163.72636 16.996 0.011
1166.69341 16.967 0.009
1170.62232 16.778 0.009
1175.68345 16.919 0.012
1179.68115 16.711 0.010
1183.69003 17.012 0.012
1186.68386 17.026 0.009
1189.57241 16.953 0.009
1192.61700 16.973 0.010
1202.56356 16.708 0.010
1206.56718 17.025 0.013
1212.55875 16.993 0.014
1216.56479 16.835 0.012
1220.56098 16.436 0.008
1227.55657 16.934 0.013
1233.54411 16.909 0.013
1329.80545 16.898 0.013
1330.91560 16.709 0.010
1335.86074 16.863 0.012
1341.92158 16.855 0.010
1347.91795 16.800 0.011
1355.90684 16.918 0.013
1365.90775 16.614 0.009
1367.88531 16.870 0.014
1369.87298 16.960 0.012
1374.87190 16.423 0.008
1395.83750 16.953 0.011
1397.86087 16.474 0.009
1401.87454 16.950 0.010
1407.88185 16.938 0.011
1412.77981 16.998 0.013
1418.81990 16.982 0.010
1430.71391 16.946 0.011
1432.77878 17.010 0.010
1438.73166 16.980 0.010
1441.83878 16.993 0.010
1447.69524 16.937 0.013
1451.66130 16.710 0.009
1454.63552 16.681 0.009
1459.68111 16.900 0.011
1461.65594 16.995 0.011
1462.71431 16.892 0.010
1470.60317 16.931 0.013
1475.62726 16.702 0.010
1478.57584 17.038 0.013
1479.59201 16.889 0.011
1484.59125 16.970 0.011
1487.61830 16.963 0.010
1490.65403 16.967 0.012
1492.55680 16.425 0.009
1495.60608 16.412 0.007
1499.57474 16.935 0.013
1502.59519 16.905 0.011
1505.66227 16.951 0.012
1509.57320 16.635 0.008
1512.67535 16.649 0.010
1516.57507 16.949 0.010
1518.64500 16.558 0.009
1520.67285 16.846 0.011
1523.59019 16.795 0.014
1526.57310 16.739 0.009
1531.68039 16.933 0.012
1546.59651 16.801 0.009
1551.55952 16.942 0.010
1556.60026 16.835 0.013
1567.59662 16.606 0.013
1571.59113 16.938 0.010
1576.57997 16.415 0.009
1580.58472 16.919 0.011
1583.58680 16.913 0.011
1587.57586 16.668 0.009
1592.56789 16.840 0.011
1599.54626 16.434 0.009
1602.53607 16.419 0.010
1607.53019 16.733 0.012
1716.90857 16.995 0.013
1728.90002 16.959 0.011
1731.88659 16.944 0.009
1740.87525 16.893 0.012
1742.89971 16.985 0.013
1743.87307 16.868 0.012
1744.89217 16.636 0.009
1749.84251 16.809 0.008
1750.86902 16.488 0.008
1751.82628 16.964 0.009
1752.84205 16.791 0.010
1753.84310 16.402 0.008
1754.81531 16.955 0.011
1755.83519 16.773 0.014
1756.86432 16.457 0.012
1757.81372 16.922 0.013
1758.81837 16.729 0.010
1759.80823 17.006 0.010
1761.84760 16.705 0.009
1762.83000 17.018 0.011
1763.83565 16.906 0.009
1764.82542 16.663 0.008
1765.82160 16.978 0.011
1766.77486 16.873 0.014
1768.78585 16.966 0.012
1769.69471 16.806 0.013
1771.78803 16.962 0.014
1772.80792 16.833 0.009
1773.77515 16.451 0.008
1775.85903 16.845 0.009
1784.84339 16.728 0.011
1788.74672 16.971 0.011
1803.80087 16.943 0.010
1808.80978 16.517 0.008
1811.79294 16.920 0.009
1814.83979 16.965 0.010
1817.80566 17.016 0.010
1821.60756 16.785 0.012
1823.76507 16.972 0.009
1828.85152 16.552 0.008
1829.77636 16.944 0.012
1847.80002 16.890 0.010
1854.78240 16.487 0.007
1859.74640 16.744 0.010
1863.73009 16.987 0.013
1871.79085 16.664 0.008
2086.92153 16.736 0.012
2104.85361 16.942 0.011
2106.91348 16.418 0.010
2113.83393 16.937 0.014
2114.84820 16.692 0.013
2115.90842 16.964 0.014
2116.89452 16.915 0.012
2117.90023 16.665 0.010
2123.84320 16.565 0.010
2128.84777 16.814 0.014
2129.87992 16.475 0.010
2130.82878 16.954 0.013
2131.82228 16.757 0.012
2132.82847 16.431 0.010
2133.91705 16.954 0.018
2134.83340 16.736 0.012
2135.86858 16.495 0.009
2136.86775 16.928 0.016
2137.91239 16.757 0.015
2140.83763 16.674 0.011
2142.88455 16.923 0.013
2143.83858 16.648 0.010
2144.81010 16.974 0.011
2155.90109 16.535 0.014
2156.84762 16.954 0.014
2162.78389 16.921 0.011
2166.77868 16.663 0.010
2167.74947 16.990 0.012
2168.73598 16.847 0.012
2171.76202 16.863 0.011
2172.76860 16.576 0.010
2173.73069 16.963 0.012
2177.66232 16.757 0.012
2184.72372 16.785 0.014
2185.68718 16.912 0.015
2187.66977 16.997 0.016
2190.71373 17.014 0.014
2191.65554 16.856 0.012
2192.68396 16.590 0.008
2193.70496 16.962 0.011
2194.67620 16.855 0.011
2200.68718 16.794 0.012
2201.74231 16.510 0.009
2206.62815 16.752 0.015
2211.66680 16.921 0.012
2212.66586 16.688 0.012
2213.67685 17.042 0.017
2214.66322 16.890 0.016
2215.67850 16.663 0.012
2217.65616 16.873 0.015
2219.69933 16.979 0.014
2222.74855 16.965 0.016
2223.68828 16.843 0.014
2225.61782 16.944 0.012
2226.66414 16.812 0.013
2228.57957 16.926 0.013
2230.51686 16.983 0.017
2232.53064 16.686 0.011
2234.57271 16.923 0.012
2236.56221 17.018 0.013
2238.56759 16.647 0.011
2241.55440 16.592 0.012
2243.59267 16.849 0.012
2248.63710 16.951 0.012
2250.61151 16.457 0.009
2253.59101 16.400 0.009
2256.57329 16.626 0.011
2258.61374 16.704 0.010
2263.60502 16.917 0.015
2265.63101 17.000 0.013
2270.58923 16.600 0.010
2272.58728 16.835 0.013
2274.57113 16.970 0.016
2276.53865 16.404 0.010
2280.55122 16.928 0.016
2285.58971 16.749 0.012
2289.58665 16.904 0.013
2291.58735 17.020 0.013
2293.58791 16.623 0.011
2295.58425 16.889 0.013
2297.58741 16.961 0.014
2299.58389 16.547 0.011
2301.57657 16.816 0.015
2460.90851 16.935 0.016
2463.93761 16.933 0.013
2466.85945 16.929 0.016
2467.92334 16.704 0.012
2469.92262 16.911 0.012
2471.91215 17.040 0.014
2472.90223 16.892 0.009
2473.92843 16.638 0.009
2481.88768 16.793 0.014
2483.91131 16.953 0.012
2486.91145 16.944 0.016
2488.91341 16.409 0.012
2492.92571 16.950 0.013
2496.92549 16.690 0.011
2498.79675 16.858 0.012
2499.88173 16.630 0.010
2500.89014 16.991 0.015
2501.87689 16.845 0.012
2502.85706 16.564 0.012
2508.76765 16.423 0.014
2516.79912 16.686 0.013
2517.84587 16.896 0.014
2518.81819 16.914 0.014
2519.81645 16.680 0.010
2520.81462 17.031 0.015
2521.80778 16.883 0.012
2524.80631 16.877 0.014
2526.80011 16.970 0.010
2529.79635 16.966 0.013
2534.85695 16.496 0.012
2535.79458 16.970 0.014
2537.72465 16.828 0.015
2538.82549 16.960 0.016
2539.72265 16.698 0.012
2540.76541 16.941 0.016
2541.73454 16.914 0.013
2542.70435 16.652 0.011
2544.68455 16.880 0.013
2545.69781 16.622 0.010
2547.71580 16.867 0.013
2548.73404 16.593 0.011
2550.72932 16.849 0.012
2551.71584 16.524 0.010
2552.73183 16.955 0.011
2553.67260 16.820 0.015
2554.72497 16.477 0.010
2555.73288 16.960 0.013
2556.71196 16.786 0.011
2557.72450 16.403 0.008
2558.68095 16.942 0.013
2559.63798 16.729 0.012
2560.67095 16.675 0.010
2561.71657 16.940 0.015
2562.68930 16.717 0.012
2563.69722 16.852 0.013
2564.71362 16.916 0.014
2565.70935 16.708 0.012
2566.68429 17.037 0.014
2568.75335 16.689 0.014
2571.67013 16.606 0.011
2572.77733 17.034 0.019
2573.68325 16.851 0.016
2574.66321 16.568 0.010
2576.69796 16.842 0.014
2577.66299 16.518 0.012
2578.65052 16.957 0.014
2579.66106 16.821 0.013
2580.66917 16.429 0.010
2583.64121 16.431 0.011
2584.64769 16.943 0.014
2586.66313 16.610 0.011
2587.63100 16.914 0.014
2589.62189 17.048 0.014
2590.63867 16.906 0.014
2591.66483 16.689 0.012
2593.62810 16.902 0.013
2594.63411 16.641 0.013
2596.60776 16.850 0.015
2597.59493 16.565 0.013
2598.67513 16.998 0.015
2599.62921 16.844 0.015
2607.64930 16.967 0.016
2610.57065 16.943 0.015
2613.56455 16.912 0.014
2615.59498 17.010 0.013
2619.57948 16.897 0.015
2621.58853 17.000 0.016
2625.57120 16.852 0.016
2627.54189 16.961 0.016
2630.55615 16.970 0.017
2635.56986 16.581 0.010
2640.53508 16.666 0.012
2642.57483 16.925 0.015
2646.58618 16.655 0.012
2651.56047 16.806 0.015
2654.58456 16.830 0.016
2657.54036 16.760 0.015
2661.53687 16.628 0.010
2664.57735 16.735 0.015
2667.53616 17.070 0.018
2672.55530 16.626 0.015
2676.54550 16.959 0.015
2679.56021 16.948 0.014
2683.53877 16.770 0.016
2777.92553 16.579 0.012
2804.85406 16.950 0.020
2805.87134 16.845 0.018
2811.92647 16.777 0.015
2815.90009 16.520 0.010
2817.94873 16.746 0.020
2825.93196 16.900 0.016
2830.83926 16.989 0.014
2831.80886 16.810 0.014
2832.76957 16.386 0.010
2832.94747 16.568 0.012
2833.88741 16.968 0.016
2834.93806 16.847 0.014
2838.83943 16.434 0.011
2840.84711 16.730 0.012
2843.84842 16.701 0.010
2844.89415 16.785 0.012
2845.94117 16.926 0.016
2849.87768 16.686 0.012
2850.91043 17.021 0.016
2852.83903 16.596 0.014
2854.85034 16.859 0.016
2857.85776 16.838 0.013
2858.93138 16.580 0.010
2860.89731 16.825 0.012
2861.76875 16.413 0.009
2862.89217 16.987 0.016
2863.85684 16.778 0.015
2865.81655 16.933 0.013
2867.80597 16.837 0.012
2868.80956 16.928 0.013
2869.79609 16.689 0.011
2870.83760 16.941 0.013
2871.88072 16.935 0.013
2872.83755 16.674 0.010
2875.82839 16.639 0.011
2876.79780 16.997 0.013
2879.72431 16.960 0.013
2883.84753 16.825 0.011
2885.78286 16.940 0.011
2890.71377 16.922 0.017
2893.76519 16.920 0.013
2895.81442 16.722 0.011
2897.71794 16.887 0.013
2899.75560 16.982 0.012
2903.77136 16.859 0.009
2906.72361 16.814 0.011
2908.70062 16.943 0.013
2910.69548 16.380 0.010
2912.70084 16.744 0.010
2916.71358 16.794 0.011
2918.69046 16.693 0.011
2922.69044 16.999 0.015
2924.63142 16.556 0.011
2926.62544 16.813 0.014
2929.68661 16.837 0.013
2931.66256 16.951 0.011
2933.67302 16.429 0.008
2935.63736 16.757 0.013
2937.66296 16.934 0.015
2939.67843 16.545 0.011
2940.65556 16.918 0.011
2941.63083 16.680 0.010
2942.65562 16.953 0.013
2943.62697 16.903 0.014
2944.61135 16.655 0.011
2946.60608 16.869 0.013
2947.63769 16.633 0.011
2949.61876 16.863 0.012
2950.57032 16.528 0.011
2951.65088 16.970 0.015
2953.59882 16.505 0.010
2955.58392 16.798 0.014
2957.59754 16.939 0.012
2960.61667 16.971 0.014
2962.65182 16.383 0.009
2965.65449 16.586 0.010
2968.61683 17.018 0.016
2970.63565 16.684 0.011
2972.64021 16.916 0.015
2975.54830 16.843 0.012
2977.64410 16.996 0.016
2979.58399 16.539 0.011
2981.63128 16.871 0.019
2983.56480 16.958 0.014
2986.58140 16.948 0.013
2988.55338 16.756 0.013
2991.57953 16.891 0.014
2994.56595 17.038 0.014
2997.58066 17.019 0.013
3000.57236 16.972 0.014
3003.55468 16.969 0.015
3006.54197 16.945 0.013
3009.53724 16.986 0.017
3013.53965 16.735 0.013
3015.57491 16.939 0.013
3018.55200 16.962 0.015
3020.58772 17.014 0.014
3024.54039 16.925 0.016
3025.60001 16.662 0.011
3027.62550 16.876 0.012
3029.59718 16.966 0.013
3031.60201 16.580 0.010
3034.53225 16.435 0.010
3037.55144 16.394 0.011
3183.93344 16.964 0.015
3193.90132 16.740 0.011
3196.87341 16.724 0.010
3197.93581 16.665 0.012
3199.93449 16.720 0.015
3202.86127 16.662 0.011
3203.90135 17.020 0.011
3204.94686 16.895 0.014
3206.83917 16.980 0.013
3210.91514 16.852 0.012
3211.86974 16.518 0.010
3215.80488 16.972 0.017
3216.75078 16.752 0.014
3217.80073 16.683 0.013
3223.85690 16.976 0.015
3228.77557 16.600 0.012
3229.85740 17.007 0.012
3231.83890 16.570 0.012
3238.77575 16.950 0.013
3239.81930 16.787 0.011
3240.81200 16.417 0.011
3241.79549 16.957 0.013
3242.73945 16.737 0.011
3243.87206 16.417 0.010
3244.85067 16.939 0.016
3245.79842 16.736 0.013
3246.79117 16.951 0.014
3247.79953 16.905 0.014
3249.74984 17.017 0.015
3251.76341 16.642 0.009
3254.75108 16.611 0.010
3257.77540 16.579 0.008
3259.68813 16.787 0.011
3261.72417 16.952 0.011
3263.72140 16.389 0.008
3265.74273 16.782 0.012
3267.72949 16.929 0.010
3270.68294 16.927 0.013
3271.68586 16.687 0.011
3273.64418 16.881 0.015
3275.63007 16.985 0.016
3276.73343 16.881 0.014
3277.77208 16.665 0.011
3279.70370 16.857 0.011
3281.66225 16.958 0.010
3283.66393 16.458 0.007
3287.63009 16.970 0.012
3289.64504 16.588 0.008
3291.57800 16.704 0.011
3295.63653 17.003 0.009
3298.57442 16.973 0.010
3300.57673 16.580 0.011
3302.55371 16.816 0.014
3305.65373 16.836 0.012
3307.56602 16.936 0.016
3309.59110 16.396 0.008
3311.54272 16.746 0.011
3314.58567 16.768 0.016
3320.62349 16.686 0.010
3323.57092 16.628 0.010
3327.57844 16.968 0.012
3330.57393 16.960 0.015
3335.61794 16.449 0.010
3338.56361 16.518 0.009
3350.53794 16.969 0.011
3353.59651 16.975 0.012
3359.57838 16.961 0.013
3363.58049 16.769 0.012
3367.64009 16.420 0.010
3372.57356 16.693 0.010
3376.54970 16.987 0.011
3380.53613 16.847 0.016
3386.58308 16.809 0.009
3395.53091 16.681 0.015
3398.57862 16.731 0.012
3402.57585 17.027 0.014
3543.88948 16.763 0.011
3551.91296 16.930 0.012
3554.94420 16.948 0.014
3561.95140 16.611 0.013
3564.92910 16.548 0.007
3568.87470 16.950 0.012
3570.83573 16.636 0.013
3571.82667 16.923 0.016
3573.87237 16.736 0.014
3575.82813 16.687 0.010
3577.88450 16.924 0.013
3578.92054 16.715 0.009
3579.82559 16.995 0.011
3581.89467 16.683 0.011
3582.85097 16.962 0.015
3583.86119 16.887 0.011
3585.88230 16.978 0.010
3586.83446 16.844 0.009
3588.85274 16.972 0.011
3590.80879 16.415 0.007
3592.77354 16.749 0.008
3594.81303 16.948 0.011
3597.85295 16.950 0.012
3600.88915 16.934 0.017
3602.75000 16.993 0.016
3607.84113 16.655 0.009
3614.81334 16.964 0.010
3617.79714 16.955 0.010
3619.77522 16.446 0.008
3621.76772 16.740 0.009
3628.79458 17.010 0.017
3630.64647 16.565 0.012
3632.64381 16.833 0.016
3634.71671 16.985 0.011
3637.67552 16.954 0.013
3639.72545 16.438 0.007
3641.72221 16.787 0.011
3643.82063 16.958 0.015
3644.76131 16.796 0.009
3646.69235 16.926 0.012
3650.71358 16.698 0.009
3652.64871 16.900 0.010
3654.62702 16.977 0.012
3656.65072 16.579 0.009
3657.70841 16.979 0.011
3658.68572 16.847 0.013
3659.66604 16.520 0.011
3661.61473 16.797 0.013
3663.63769 16.997 0.015
3665.67000 16.394 0.008
3668.61917 16.751 0.012
3670.56986 16.677 0.011
3672.60931 16.952 0.013
3674.66816 17.020 0.011
3676.60857 16.633 0.010
3682.58531 16.513 0.009
3684.57820 16.821 0.010
3686.56809 16.941 0.012
3688.54115 16.445 0.009
3690.54705 16.758 0.014
3692.59962 16.947 0.013
3694.58619 16.862 0.011
3696.58233 16.708 0.009
3698.61606 16.965 0.015
3700.62609 17.025 0.013
3702.61702 16.665 0.010
3704.61753 16.902 0.012
3706.63241 16.992 0.011
3708.61381 16.596 0.011
3712.57033 16.943 0.011
3714.57303 16.427 0.009
3718.55650 16.941 0.013
3721.58868 16.928 0.014
3725.61758 16.701 0.009
3730.54182 16.855 0.010
3734.61251 16.593 0.009
3738.56458 16.978 0.013
3742.56175 16.782 0.014
3747.56253 16.969 0.015
3751.57033 16.695 0.013
3762.54834 16.838 0.015
3766.55357 16.427 0.008
3772.58033 16.505 0.009
3777.52767 16.689 0.013
3871.89974 16.529 0.011
3902.92003 16.698 0.012
3907.91487 16.902 0.012
3913.94042 16.858 0.010
3918.91019 16.966 0.011
3931.94175 16.726 0.012
3934.87970 16.633 0.009
3936.88802 16.895 0.012
3938.87205 16.974 0.013
3945.87897 16.806 0.010
3950.82390 16.953 0.011
3957.77944 16.648 0.014
3959.76889 16.874 0.013
3961.76302 16.965 0.015
3964.77127 16.949 0.010
3966.76352 16.475 0.008
3968.75719 16.802 0.010
3970.74888 16.958 0.010
3973.71818 16.931 0.013
3975.73044 16.977 0.012
3980.66569 16.607 0.010
3981.66545 16.979 0.012
3982.72979 16.916 0.015
3986.70312 16.528 0.010
3991.73234 16.798 0.012
3994.64474 16.757 0.011
3998.67513 16.915 0.014
4001.64593 17.054 0.011
4003.61736 16.656 0.011
4004.69715 17.018 0.012
4005.69130 16.905 0.010
4007.58456 16.974 0.012
4008.59344 16.838 0.009
4011.64394 16.833 0.011
4014.62637 16.785 0.015
4016.62315 16.979 0.013
4018.61955 16.458 0.009
4020.62300 16.762 0.012
4023.60886 16.706 0.011
4025.60923 16.922 0.013
4027.59736 17.058 0.014
4029.57966 16.613 0.010
4031.56675 16.846 0.010
4033.66099 17.029 0.012
4038.55618 16.484 0.010
4042.56434 16.964 0.013
4044.58735 16.546 0.013
4046.62044 16.732 0.011
4049.53237 16.692 0.009
4051.58195 16.949 0.012
4053.62938 17.047 0.011
4055.52203 16.629 0.013
4057.59738 16.871 0.015
4059.59585 16.975 0.011
4063.54088 16.817 0.011
4065.59293 16.961 0.011
4067.58378 16.430 0.008
4069.53666 16.757 0.011
4071.54748 16.936 0.012
4074.54357 16.915 0.012
4077.54530 16.932 0.011
4079.54548 17.006 0.013
4082.54683 16.989 0.011
4085.62418 16.981 0.014
4092.57966 16.818 0.009
4097.62224 16.988 0.013
4100.61370 16.925 0.012
4105.57770 17.020 0.014
4111.61414 17.007 0.010
4115.53361 16.817 0.012
4120.56452 16.959 0.011
4124.58160 16.757 0.010
4128.59999 16.730 0.010
4252.94769 16.741 0.014
4255.86769 16.678 0.013
4268.92644 16.961 0.013
4275.94137 16.783 0.014
4279.83820 16.999 0.018
4282.82960 17.043 0.015
4283.84865 16.918 0.016
4284.87907 16.664 0.013
4285.94449 16.973 0.015
4292.88693 16.849 0.011
4295.88040 16.814 0.012
4296.91088 16.534 0.009
4297.94282 16.961 0.013
4299.87768 16.410 0.009
4300.89942 16.956 0.012
4301.91797 16.786 0.010
4302.93987 16.423 0.010
4306.93658 16.943 0.014
4307.85114 16.711 0.010
4308.67933 16.959 0.014
4308.88727 16.956 0.013
4310.85942 16.689 0.012
4311.85928 17.045 0.019
4312.92146 16.901 0.012
4314.94054 17.024 0.018
4316.84842 16.612 0.013
4320.87573 16.957 0.014
4326.85794 16.933 0.015
4327.83410 16.741 0.016
4328.84984 16.436 0.010
4329.85096 16.950 0.013
4330.88048 16.731 0.011
4332.89669 16.932 0.014
4334.87368 16.922 0.014
4338.92611 16.926 0.015
4340.79695 16.988 0.014
4341.78983 16.863 0.014
4342.86400 16.621 0.012
4343.78338 16.980 0.013
4344.76546 16.811 0.012
4346.72175 16.960 0.015
4348.72754 16.420 0.010
4350.70420 16.733 0.011
4352.80632 16.941 0.015
4353.66233 16.669 0.012
4354.78367 16.698 0.011
4357.76735 17.008 0.015
4359.72131 16.656 0.011
4362.66896 16.589 0.014
4363.62824 16.966 0.014
4365.68662 16.533 0.012
4369.68060 16.968 0.017
4371.66955 16.392 0.010
4376.67301 16.732 0.012
4378.63963 16.943 0.014
4379.67093 16.706 0.014
4381.63008 16.907 0.016
4382.70864 16.701 0.011
4386.68289 16.978 0.013
4388.68361 16.596 0.010
4390.69245 16.840 0.011
4393.68700 16.813 0.013
4396.66156 16.791 0.013
4398.66655 16.955 0.014
4400.69106 16.405 0.010
4404.66806 16.957 0.015
4407.65595 16.926 0.013
4410.68586 16.912 0.012
4415.67219 16.988 0.012
4418.61771 16.973 0.012
4421.67552 16.962 0.013
4423.67997 16.439 0.010
4426.55618 17.012 0.016
4428.57287 16.697 0.014
4430.63309 16.925 0.013
4432.61899 17.044 0.013
4434.62426 16.679 0.011
4436.60056 16.884 0.012
4438.66322 17.001 0.016
4440.59635 16.552 0.011
4442.55787 16.843 0.015
4444.58267 16.995 0.017
4450.61510 16.942 0.016
4452.59264 16.706 0.012
4454.52968 16.698 0.016
4455.60178 16.947 0.013
4457.53731 16.656 0.014
4459.55740 16.889 0.014
4462.58885 16.887 0.013
4466.61300 16.578 0.011
4471.54766 16.771 0.013
4475.54173 16.567 0.011
4480.58275 16.706 0.012
4482.58971 16.918 0.016
4485.59278 16.905 0.016
4488.59503 16.887 0.016
4609.91743 17.034 0.016
4643.90154 16.592 0.011
4650.94042 16.966 0.013
4655.91983 16.400 0.009
4662.79821 16.868 0.011
4662.91503 16.932 0.012
4663.76980 16.607 0.012
4663.91765 16.694 0.012
4665.84291 16.874 0.015
4665.93674 16.893 0.014
4666.93588 16.667 0.012
4670.92500 16.982 0.013
4671.89492 16.826 0.013
4676.92519 16.973 0.016
4677.84080 16.773 0.010
4682.81523 16.937 0.013
4684.85309 16.907 0.012
4686.81308 16.676 0.009
4688.82904 16.904 0.011
4690.75464 16.959 0.012
4691.75767 16.871 0.015
4693.91264 17.014 0.016
4696.88632 17.015 0.018
4697.82483 16.810 0.014
4698.77439 16.438 0.008
4699.76852 16.957 0.012
4700.80323 16.795 0.012
4701.81114 16.435 0.010
4703.77036 16.752 0.011
4704.78910 16.521 0.009
4705.79660 16.951 0.014
4707.78899 16.859 0.011
4709.74481 16.700 0.011
4710.77338 17.044 0.011
4715.75334 16.634 0.011
4716.77905 16.968 0.009
4717.70510 16.853 0.012
4719.79393 16.972 0.016
4721.78677 16.566 0.012
4724.66933 16.455 0.010
4725.74880 16.952 0.013
4728.75439 16.941 0.013
4733.73096 17.005 0.012
4740.67253 16.862 0.012
4741.70791 16.595 0.009
4743.75648 16.856 0.010
4747.61211 16.426 0.010
4749.61179 16.747 0.014
4753.68276 16.583 0.012
4755.67478 16.719 0.011
4757.65927 16.914 0.012
4759.67397 17.035 0.011
4761.64235 16.653 0.009
4763.65960 16.891 0.014
4767.60052 16.505 0.010
4770.66906 16.529 0.010
4772.60680 16.790 0.011
4774.56136 16.920 0.012
4776.55297 16.871 0.012
4777.65491 16.948 0.013
4780.52361 16.890 0.014
4781.63756 16.710 0.011
4783.58669 16.888 0.014
4785.62207 17.020 0.016
4789.55318 16.845 0.012
4791.53470 16.947 0.014
4793.54212 16.468 0.010
4795.55482 16.789 0.011
4797.54708 16.947 0.014
4798.61042 16.776 0.012
4800.65780 16.964 0.012
4803.54891 16.927 0.012
4804.60400 16.718 0.013
4805.59086 16.872 0.012
4807.52867 16.671 0.014
4809.55802 16.900 0.012
4811.57992 17.008 0.014
4813.55685 16.600 0.012
4815.59277 16.886 0.014
4816.53985 16.545 0.010
4818.59012 16.856 0.013
4820.53162 16.978 0.015
4822.58838 16.472 0.009
4824.57320 16.777 0.013
4826.63284 16.961 0.012
4833.57228 16.702 0.010
4835.59549 16.910 0.015
4836.63561 16.699 0.013
4837.56251 17.005 0.016
4837.60646 17.051 0.016
4838.60656 16.910 0.013
4839.58508 16.611 0.012
4841.55724 16.812 0.013
4841.58281 16.892 0.014
4842.53474 16.581 0.014
4842.60683 16.625 0.013
4843.52893 16.953 0.019
4843.57704 16.963 0.016
4844.52683 16.793 0.019
4844.61721 16.877 0.013
4846.58616 16.985 0.014
4847.62249 16.855 0.016
4848.62240 16.544 0.009
4850.60987 16.809 0.012
4854.60110 16.404 0.009
4856.61834 16.771 0.011
4862.56626 16.685 0.010
4868.55663 16.594 0.011
4935.91263 16.683 0.013
4937.91334 16.900 0.013
4940.91475 16.863 0.013
4954.91770 16.959 0.014
