2104.90266 16.068 0.007
2112.89633 16.144 0.007
2117.86387 16.102 0.007
2125.78780 16.155 0.011
2128.90086 16.287 0.010
2129.92937 15.828 0.007
2130.90582 16.142 0.007
2131.79478 15.851 0.007
2132.87967 15.958 0.008
2133.85060 16.240 0.008
2134.88803 15.717 0.007
2137.88088 15.922 0.008
2140.88655 16.024 0.007
2141.79682 16.300 0.010
2142.85359 15.828 0.007
2143.90460 16.146 0.007
2144.78465 15.525 0.006
2156.74712 16.131 0.008
2160.82674 15.833 0.007
2161.70553 16.098 0.008
2162.84396 15.525 0.006
2166.66695 16.037 0.008
2167.72305 16.284 0.008
2168.78540 15.854 0.007
2171.79389 16.029 0.007
2172.83622 16.302 0.008
2173.77964 15.819 0.006
2174.70605 16.125 0.007
2177.71156 16.213 0.008
2184.77282 16.064 0.008
2187.64348 16.131 0.008
2189.76272 16.009 0.008
2190.76291 16.295 0.008
2191.63548 15.738 0.007
2192.72893 16.119 0.007
2193.75619 15.585 0.006
2194.72085 15.929 0.007
2200.73588 16.166 0.007
2203.62383 16.279 0.008
2208.72029 16.275 0.008
2211.72682 15.921 0.007
2212.71265 15.925 0.007
2214.73345 15.689 0.007
2217.70724 15.851 0.007
2221.59587 16.262 0.008
2225.66359 15.951 0.007
2227.55683 15.662 0.007
2228.62482 16.054 0.007
2232.63217 15.575 0.006
2234.61755 16.304 0.008
2236.60665 16.136 0.008
2239.55552 16.220 0.008
2241.59910 16.071 0.007
2243.63734 15.927 0.007
2249.60472 16.143 0.007
2251.60366 15.971 0.007
2254.60116 16.101 0.007
2256.61937 15.949 0.007
2263.55783 15.573 0.006
2265.59775 16.320 0.008
2270.61759 16.251 0.008
2274.60271 15.920 0.007
2276.60911 15.683 0.007
2278.58580 16.301 0.008
2283.61586 16.289 0.008
2285.63746 16.131 0.007
2290.56910 16.072 0.008
2292.62883 15.924 0.007
2294.63363 15.657 0.007
2296.59389 16.310 0.010
2298.60243 16.149 0.008
2300.60157 15.990 0.007
2303.58145 16.107 0.008
2453.91126 16.309 0.010
2462.91500 15.931 0.007
2464.91563 15.700 0.006
2466.90806 16.292 0.010
2468.90399 16.162 0.008
2470.89327 16.007 0.007
2472.87566 15.811 0.006
2488.78096 15.972 0.008
2489.84327 16.268 0.008
2492.82496 16.009 0.008
2496.82341 16.040 0.007
2497.84666 16.284 0.010
2498.84602 15.879 0.007
2499.93374 16.193 0.008
2501.93011 16.041 0.007
2502.90598 16.308 0.008
2511.77036 15.888 0.008
2516.89573 15.877 0.007
2517.89629 16.162 0.008
2518.87215 15.562 0.007
2519.78355 15.972 0.007
2520.86383 16.291 0.010
2521.75372 15.746 0.007
2524.77936 15.923 0.008
2529.76927 15.871 0.007
2535.76749 16.129 0.008
2537.77398 15.970 0.008
2537.79298 15.989 0.008
2538.87733 16.291 0.010
2539.76792 15.728 0.007
2540.81622 16.112 0.008
2541.78327 16.153 0.008
2542.74968 15.914 0.007
2544.73362 15.605 0.006
2545.74709 16.038 0.007
2547.76110 15.855 0.007
2548.78316 16.145 0.008
2550.77817 15.996 0.007
2551.76563 16.274 0.008
2552.78078 15.787 0.007
2553.72153 16.091 0.008
2554.77403 15.784 0.007
2555.78198 15.953 0.007
2556.76190 16.210 0.010
2557.77617 15.719 0.007
2558.72997 16.051 0.007
2559.69209 16.314 0.008
2560.72431 15.875 0.007
2561.76559 16.190 0.008
2562.73906 15.589 0.006
2563.74629 16.019 0.007
2565.76244 15.822 0.007
2566.73731 16.149 0.008
2571.72518 16.083 0.008
2573.72891 15.918 0.008
2574.71641 16.184 0.008
2576.75559 16.049 0.008
2577.71401 16.301 0.010
2578.69600 15.846 0.007
2579.70660 16.149 0.008
2580.72271 15.543 0.006
2583.71107 15.782 0.007
2584.69767 16.114 0.008
2587.68053 16.205 0.008
2588.69316 15.677 0.007
2589.68620 16.054 0.007
2590.69908 16.275 0.008
2591.72100 15.887 0.007
2593.67806 15.584 0.007
2594.68504 16.012 0.008
2596.65906 15.810 0.008
2597.64671 16.113 0.008
2598.72441 15.524 0.006
2599.68801 15.965 0.008
2609.54833 15.805 0.007
2611.59733 15.543 0.007
2614.56223 15.744 0.007
2618.59861 16.190 0.008
2622.57052 15.843 0.007
2626.53440 16.273 0.008
2629.57906 15.722 0.007
2637.53969 15.595 0.007
2640.56287 15.827 0.007
2643.56546 15.978 0.007
2649.57282 16.194 0.008
2652.55735 16.302 0.010
2655.56864 15.583 0.007
2658.54554 15.801 0.007
2662.55263 16.235 0.011
2665.57427 16.142 0.008
2670.55888 16.313 0.011
2674.57066 15.993 0.007
2677.55425 16.102 0.010
2680.56134 16.205 0.008
2684.54497 15.884 0.008
2804.82757 16.183 0.011
2805.92296 15.947 0.010
2812.93960 15.618 0.007
2815.94839 15.831 0.008
2819.93731 16.247 0.008
2829.89507 16.150 0.008
2831.89593 15.989 0.007
2832.85993 16.258 0.008
2833.93703 15.801 0.008
2836.92618 15.949 0.008
2837.94044 16.238 0.011
2838.92807 15.747 0.008
2840.87680 16.263 0.008
2843.90605 15.619 0.006
2844.94223 16.034 0.008
2848.87767 15.549 0.007
2849.92690 15.990 0.007
2851.85388 15.691 0.007
2852.88704 16.097 0.008
2854.89841 15.936 0.007
2857.93392 16.064 0.008
2859.89306 15.874 0.007
2861.81778 15.535 0.006
2862.86604 16.004 0.008
2863.90510 16.290 0.011
2865.79033 16.081 0.008
2867.87692 15.964 0.007
2869.84199 15.718 0.007
2870.88594 16.096 0.007
2872.80990 15.887 0.007
2877.81884 15.824 0.007
2879.84144 15.534 0.006
2884.79031 16.144 0.007
2886.80321 16.174 0.008
2888.74791 16.015 0.007
2890.78486 15.848 0.008
2893.81611 15.986 0.007
2895.78732 15.775 0.007
2897.77190 15.850 0.007
2899.80420 16.222 0.008
2903.82318 15.898 0.007
2906.77162 16.021 0.007
2908.74937 15.810 0.007
2910.74364 15.563 0.006
2916.76228 15.910 0.007
2918.74499 15.644 0.007
2922.74229 16.148 0.008
2924.73850 16.003 0.008
2926.67393 15.763 0.007
2929.73526 15.941 0.007
2931.71277 15.686 0.006
2933.72335 16.262 0.008
2935.68745 16.167 0.008
2937.71800 16.026 0.008
2939.65229 15.793 0.007
2941.67945 15.590 0.006
2943.67561 16.227 0.008
2944.67815 15.727 0.007
2947.68600 15.912 0.008
2949.66685 15.617 0.007
2950.61837 16.001 0.007
2951.69942 16.305 0.008
2953.65268 16.135 0.008
2955.63199 15.975 0.008
2957.64823 15.770 0.007
2964.69200 16.238 0.010
2966.62230 16.156 0.008
2969.64756 16.277 0.008
2971.67440 16.138 0.008
2974.54911 16.186 0.008
2976.58221 16.063 0.008
2978.57010 15.885 0.008
2980.62491 15.634 0.007
2982.59407 16.306 0.008
2984.62270 16.147 0.008
2986.63300 15.984 0.007
2989.58449 16.103 0.008
2992.60067 16.208 0.008
2996.60796 15.882 0.007
2999.60279 15.998 0.007
3003.54700 15.684 0.007
3006.59389 15.733 0.006
3009.58597 15.897 0.007
3013.59843 16.291 0.008
3017.58710 15.982 0.008
3020.56183 16.099 0.007
3022.58952 15.929 0.007
3024.58853 15.700 0.007
3026.55881 16.262 0.008
3028.55959 16.160 0.008
3030.56333 16.006 0.007
3032.58044 15.825 0.007
3034.57999 15.513 0.006
3038.57099 16.092 0.008
3180.93398 16.232 0.007
3184.92582 15.899 0.007
3196.92105 15.939 0.008
3202.91353 15.871 0.007
3204.88357 15.552 0.006
3206.89643 16.305 0.008
3211.80790 16.199 0.008
3216.79870 16.159 0.008
3217.90287 15.641 0.006
3224.84542 16.265 0.007
3228.82340 15.929 0.007
3230.80092 15.642 0.006
3238.82799 15.793 0.007
3239.86731 16.134 0.007
3241.76948 15.953 0.007
3242.80541 16.223 0.008
3244.74247 16.052 0.007
3245.84621 16.190 0.008
3246.84325 15.916 0.007
3248.74803 15.574 0.006
3250.80902 16.315 0.007
3253.76263 15.558 0.006
3256.74568 15.731 0.006
3258.74491 16.176 0.007
3260.71842 16.176 0.007
3262.75978 16.034 0.007
3264.70609 15.845 0.006
3266.77694 15.558 0.006
3268.71047 16.268 0.007
3270.77426 16.132 0.007
3271.73806 15.844 0.006
3273.69691 16.193 0.008
3275.68731 16.053 0.008
3276.78138 16.217 0.008
3278.66159 16.148 0.007
3280.69349 15.997 0.006
3282.68858 15.805 0.006
3286.64722 16.220 0.007
3288.66094 16.083 0.006
3291.63610 16.162 0.008
3294.64789 16.324 0.007
3296.61526 16.136 0.006
3298.62412 15.977 0.006
3300.62469 15.751 0.006
3302.60584 16.150 0.008
3305.70169 15.704 0.006
3307.61834 16.292 0.010
3309.63903 16.165 0.007
3311.59463 15.984 0.007
3315.62810 15.619 0.006
3320.67154 16.097 0.007
3323.62826 15.633 0.006
3324.63804 16.037 0.007
3329.57149 15.966 0.007
3334.58767 15.919 0.008
3336.58356 15.658 0.006
3341.63052 15.606 0.006
3350.58621 16.083 0.007
3354.61822 15.662 0.006
3360.59806 15.985 0.007
3366.63767 16.238 0.008
3372.62210 15.629 0.006
3376.59786 16.145 0.007
3379.61529 16.279 0.008
3387.57461 16.315 0.008
3395.58306 15.616 0.006
3399.56992 16.106 0.008
3403.56094 15.631 0.007
3543.93947 16.053 0.007
3552.89285 15.673 0.007
3558.94413 15.930 0.007
3562.93861 16.312 0.007
3568.93014 15.795 0.006
3570.88994 15.922 0.007
3571.87854 15.950 0.007
3573.92436 15.700 0.007
3575.88358 16.296 0.007
3579.88132 16.017 0.006
3582.77856 16.106 0.007
3589.86105 15.919 0.006
3590.89132 16.193 0.007
3592.83297 16.027 0.006
3594.89330 15.868 0.006
3603.78187 16.185 0.007
3607.87457 15.894 0.007
3617.83087 15.749 0.006
3619.80677 16.199 0.007
3621.80386 16.179 0.007
3621.84931 16.198 0.007
3625.80224 15.850 0.006
3628.75241 15.988 0.007
3630.71900 15.762 0.007
3632.75273 16.024 0.007
3634.66146 16.165 0.008
3637.73569 16.322 0.008
3640.70112 15.531 0.006
3642.69903 16.278 0.008
3644.73191 16.131 0.006
3646.74561 15.964 0.007
3650.76130 16.169 0.007
3652.70974 16.176 0.007
3654.68300 16.024 0.006
3656.75659 15.866 0.007
3657.76000 16.148 0.007
3659.72179 15.977 0.007
3661.64840 15.725 0.006
3664.71843 15.928 0.006
3666.71747 15.672 0.006
3668.70175 16.309 0.008
3670.68312 16.158 0.008
3672.64254 15.991 0.007
3674.77448 15.836 0.006
3676.66778 15.749 0.006
3682.64386 15.888 0.006
3684.66794 15.613 0.006
3686.62446 16.302 0.008
3688.59726 16.117 0.007
3693.60904 16.088 0.007
3695.60505 15.907 0.006
3697.59556 15.657 0.006
3699.59533 16.316 0.008
3701.62940 16.158 0.007
3703.63438 16.002 0.006
3705.64476 15.792 0.006
3707.61132 15.772 0.006
3712.67191 16.148 0.007
3715.61281 15.625 0.006
3717.59146 16.307 0.008
3720.62723 15.543 0.006
3724.59649 16.099 0.007
3726.61687 15.940 0.007
3731.55666 15.854 0.007
3735.59567 16.285 0.007
3739.55821 15.947 0.007
3743.57225 16.254 0.008
3748.57585 16.278 0.011
3753.57284 16.262 0.008
3759.57764 15.719 0.006
3763.56255 16.161 0.007
3769.54032 15.663 0.006
3773.56621 16.091 0.007
3778.54091 16.034 0.007
3903.92467 15.641 0.006
3908.94792 15.543 0.006
3915.93804 16.236 0.007
3920.90890 16.161 0.007
3933.84915 16.170 0.007
3935.84560 16.032 0.007
3937.88351 15.883 0.007
3945.85288 15.957 0.006
3950.87076 15.905 0.006
3957.82868 15.575 0.006
3959.83253 16.246 0.008
3961.81112 16.097 0.008
3964.81819 16.191 0.006
3966.81073 16.047 0.006
3968.80399 15.854 0.006
3970.79555 15.537 0.006
3973.76655 15.762 0.006
3975.77987 16.010 0.006
3980.71238 16.335 0.008
3981.71222 15.866 0.006
3982.77665 16.162 0.007
3986.75372 15.788 0.006
3989.85642 15.988 0.007
3991.79463 15.742 0.006
3994.70640 15.906 0.007
3998.83387 16.325 0.008
4001.70093 15.559 0.006
4003.66454 16.237 0.007
4005.73946 16.114 0.006
4007.63804 15.908 0.006
4008.66339 16.195 0.006
4011.69108 16.301 0.008
4014.68908 15.560 0.006
4016.67024 16.292 0.010
4018.66664 16.116 0.007
4020.70589 15.962 0.006
4023.65607 16.060 0.007
4025.70426 15.914 0.006
4027.64451 15.583 0.006
4029.62672 16.306 0.007
4031.61367 16.134 0.007
4036.67243 16.105 0.007
4038.64555 15.929 0.006
4040.58387 15.636 0.006
4042.65276 16.303 0.008
4047.60686 16.269 0.008
4049.57947 16.104 0.007
4051.62911 15.956 0.007
4053.60351 15.698 0.006
4055.56906 16.312 0.008
4057.57210 16.162 0.008
4060.55108 16.300 0.007
4064.59553 15.968 0.006
4066.55291 15.739 0.006
4068.62025 16.006 0.006
4071.58497 15.654 0.006
4073.59188 16.315 0.008
4075.63692 16.153 0.007
4077.60935 16.009 0.007
4079.59282 15.796 0.006
4083.56389 16.210 0.008
4087.62196 15.919 0.006
4095.58602 15.981 0.006
4100.56341 15.930 0.007
4105.64010 15.896 0.006
4107.58118 15.577 0.006
4108.62727 16.005 0.006
4112.58154 15.563 0.006
4119.58352 16.192 0.007
4120.61432 15.674 0.006
4122.60295 16.306 0.007
4127.59518 16.300 0.007
4253.92071 16.284 0.010
4255.94090 16.112 0.010
4258.92084 16.202 0.011
4273.94097 16.103 0.010
4279.77001 16.307 0.011
4282.85657 15.524 0.006
4283.82468 15.976 0.008
4284.92646 16.295 0.010
4289.89727 16.225 0.008
4292.93075 16.207 0.007
4295.92457 15.623 0.006
4297.84478 16.288 0.008
4298.87794 15.821 0.007
4299.92139 16.138 0.007
4300.94363 15.530 0.006
4302.84413 16.235 0.008
4303.85287 15.745 0.007
4307.79347 16.166 0.007
4308.72467 15.560 0.006
4308.93205 15.688 0.006
4310.90377 16.292 0.008
4314.83427 15.993 0.008
4316.89413 15.804 0.007
4320.83996 16.219 0.008
4326.90407 15.652 0.007
4327.92674 16.038 0.008
4328.89665 16.322 0.010
4329.91182 15.856 0.007
4331.89461 15.546 0.007
4333.92882 16.297 0.010
4336.89130 15.808 0.008
4339.89913 15.701 0.007
4340.88398 16.049 0.007
4342.85680 15.875 0.007
4344.81730 15.554 0.006
4346.79069 16.275 0.008
4348.77437 16.110 0.007
4350.75120 15.926 0.007
4353.70942 16.041 0.007
4355.76809 15.888 0.007
4358.71127 15.996 0.008
4362.71906 15.644 0.007
4363.72628 15.953 0.007
4365.71578 15.737 0.007
4369.74984 16.183 0.008
4370.70995 15.612 0.007
4373.72221 15.830 0.007
4376.71998 15.989 0.008
4378.68686 15.756 0.007
4379.71851 16.121 0.008
4381.67713 15.931 0.007
4383.70580 15.679 0.006
4386.73194 15.890 0.007
4388.73059 15.603 0.007
4391.55370 15.726 0.006
4394.64795 15.946 0.007
4396.71081 15.747 0.007
4398.71361 16.107 0.008
4402.69859 16.035 0.007
4404.71525 15.847 0.007
4409.70280 15.790 0.007
4412.64749 15.930 0.007
4415.73862 16.081 0.008
4417.68862 15.884 0.007
4420.67536 16.022 0.008
4423.66556 16.126 0.008
4426.54714 16.199 0.010
4428.60602 16.064 0.008
4430.62595 15.903 0.007
4432.61188 15.621 0.006
4434.65326 16.309 0.008
4436.62988 16.152 0.008
4438.63777 16.005 0.008
4440.64362 15.790 0.007
4442.60508 15.926 0.008
4444.62960 16.216 0.010
4450.60784 15.592 0.007
4452.63979 16.316 0.010
4454.62099 16.147 0.008
4456.61588 15.957 0.008
4457.64468 16.264 0.010
4460.59333 16.152 0.008
4462.61823 16.185 0.010
4464.61282 16.050 0.008
4471.58609 15.784 0.007
4473.57401 15.847 0.007
4475.63736 16.246 0.010
4480.62132 16.188 0.008
4482.62349 16.033 0.010
4484.63380 15.855 0.010
4486.64560 15.537 0.007
4490.57477 16.117 0.008
4643.94816 15.539 0.007
4651.92464 15.668 0.006
4655.84556 16.136 0.007
4661.94424 15.523 0.006
4662.86786 15.930 0.007
4663.81658 16.213 0.008
4665.88966 16.068 0.008
4671.92362 16.318 0.008
4677.88749 15.773 0.006
4682.87284 15.682 0.007
4684.89993 16.256 0.007
4686.86000 16.154 0.007
4688.87614 16.013 0.006
4690.80162 15.787 0.007
4691.80487 16.115 0.007
4694.81467 16.221 0.010
4697.79562 16.283 0.010
4699.81651 16.176 0.007
4700.85042 15.633 0.006
4701.85824 16.035 0.007
4703.81753 15.825 0.007
4704.83586 16.156 0.008
4707.82479 16.246 0.007
4709.79542 16.096 0.007
4715.80043 16.284 0.008
4717.75502 16.148 0.006
4720.73408 16.270 0.008
4724.69840 15.912 0.007
4726.69240 15.677 0.006
4730.74680 16.153 0.007
4740.72428 16.080 0.007
4743.72198 16.194 0.007
4748.70810 16.155 0.007
4750.74084 16.013 0.008
4754.66643 15.947 0.007
4756.69655 16.207 0.008
4758.65612 16.043 0.007
4760.64282 15.867 0.006
4762.63282 15.569 0.006
4767.68906 15.535 0.006
4771.58334 16.068 0.008
4772.65398 16.157 0.008
4774.65036 16.188 0.008
4776.60081 16.023 0.007
4778.60311 15.830 0.006
4780.62079 15.541 0.006
4782.57259 16.242 0.008
4783.63430 15.779 0.007
4786.55523 15.917 0.007
4789.61838 16.066 0.007
4791.58260 15.860 0.007
4793.58927 15.566 0.006
4795.62357 16.285 0.008
4797.59668 16.138 0.008
4799.60307 15.962 0.007
4801.57969 15.728 0.006
4802.64642 16.108 0.007
4803.61885 16.131 0.008
4805.56138 16.170 0.007
4807.57991 16.039 0.008
4809.60496 15.847 0.007
4811.62691 15.549 0.006
4814.58465 15.775 0.007
4816.58688 15.855 0.007
4818.56471 16.208 0.008
4820.57889 16.063 0.007
4822.65160 15.908 0.007
4824.62052 15.622 0.006
4831.59669 16.268 0.010
4834.63019 15.902 0.008
4838.62944 16.052 0.008
4841.61202 16.151 0.008
4843.60947 16.007 0.008
4846.61512 16.117 0.008
4848.65144 15.987 0.007
4850.63891 15.752 0.006
4853.63461 15.927 0.007
4856.61033 16.038 0.007
4864.58801 16.106 0.007
4868.60776 15.703 0.007
4870.54717 16.296 0.010
4873.56285 15.588 0.006
