 622.87776 13.387 0.005
 624.90432 13.425 0.005
 625.89176 13.419 0.005
 626.86329 13.452 0.005
 627.84951 13.491 0.005
 628.89060 13.506 0.005
 631.91935 13.174 0.005
 633.89528 13.038 0.005
 635.89014 13.035 0.005
 643.85915 13.161 0.005
 645.83088 13.222 0.005
 647.78859 13.316 0.005
 649.78599 13.377 0.005
 652.83319 13.432 0.005
 656.84634 13.504 0.005
 657.81860 13.416 0.005
 658.85891 13.229 0.005
 663.76517 13.037 0.005
 664.87008 13.029 0.005
 665.81738 13.033 0.005
 666.82793 13.054 0.005
 667.84715 13.068 0.005
 668.81797 13.087 0.005
 670.78355 13.152 0.005
 671.80559 13.171 0.005
 672.81114 13.201 0.005
 673.77852 13.252 0.005
 684.73890 13.442 0.005
 685.79376 13.276 0.005
 686.69502 13.143 0.005
 687.77638 13.055 0.005
 688.71842 13.027 0.005
 689.74557 13.026 0.005
 697.71170 13.127 0.005
 698.78281 13.153 0.005
 699.68185 13.182 0.005
 700.72262 13.224 0.005
 701.69485 13.269 0.005
 704.72283 13.387 0.005
 706.68849 13.424 0.005
 707.72605 13.431 0.005
 708.75020 13.447 0.005
 712.75075 13.337 0.005
 713.73211 13.149 0.005
 714.74709 13.061 0.005
 715.71265 13.032 0.005
 716.68073 13.018 0.005
 726.66335 13.190 0.005
 728.67406 13.255 0.005
 729.67620 13.301 0.005
 730.66057 13.336 0.005
 733.62706 13.430 0.005
 739.64702 13.392 0.005
 741.61282 13.088 0.005
 742.58906 13.035 0.005
 744.63618 13.027 0.005
 745.58712 13.029 0.005
 746.77792 13.035 0.005
 747.64839 13.042 0.005
 748.61012 13.051 0.005
 749.61551 13.057 0.005
 750.60935 13.082 0.005
 751.61776 13.108 0.005
 752.73218 13.138 0.005
 753.66781 13.174 0.005
 759.62565 13.386 0.005
 760.65133 13.410 0.005
 761.62737 13.419 0.005
 761.73263 13.446 0.005
 762.61875 13.443 0.005
 762.64831 13.443 0.005
 763.63497 13.459 0.005
 763.74572 13.474 0.005
 764.72167 13.511 0.005
 765.56704 13.516 0.005
 766.60449 13.429 0.005
 766.70737 13.419 0.005
 767.61202 13.264 0.005
 767.67364 13.248 0.005
 767.77426 13.224 0.005
 769.59486 13.037 0.005
 769.66857 13.032 0.005
 770.60098 13.024 0.005
 771.63405 13.016 0.005
 772.59590 13.024 0.005
 773.60100 13.029 0.005
 773.75321 13.042 0.005
 774.59400 13.041 0.005
 775.55190 13.046 0.005
 776.63281 13.059 0.005
 777.60707 13.074 0.005
 778.61047 13.101 0.005
 779.63735 13.129 0.005
 779.74767 13.133 0.005
 780.63722 13.167 0.005
 781.55154 13.194 0.005
 781.72988 13.206 0.005
 782.61493 13.237 0.005
 782.74091 13.237 0.005
 783.53410 13.268 0.005
 784.57602 13.308 0.005
 785.60289 13.356 0.005
 785.74847 13.348 0.005
 786.60656 13.385 0.005
 787.68701 13.407 0.005
 788.61984 13.424 0.005
 788.64539 13.427 0.005
 790.56853 13.449 0.005
 792.54650 13.514 0.005
 795.61118 13.141 0.005
 796.54008 13.063 0.005
 796.72545 13.050 0.005
 797.70024 13.025 0.005
 798.56288 13.017 0.005
 799.70083 13.018 0.005
 800.61582 13.022 0.005
 802.67587 13.043 0.005
 805.60319 13.107 0.005
 806.61339 13.129 0.005
 808.54479 13.202 0.005
 816.67578 13.443 0.005
 817.58587 13.451 0.005
 819.54866 13.523 0.005
 820.62496 13.478 0.005
 822.54553 13.181 0.005
 824.57132 13.020 0.005
 825.64445 13.012 0.005
 828.60462 13.032 0.005
 829.57122 13.037 0.005
 832.57812 13.089 0.005
 833.59800 13.119 0.005
 834.56759 13.155 0.005
 836.54573 13.223 0.005
 838.57869 13.295 0.005
 840.58845 13.374 0.005
 845.54018 13.473 0.005
 850.56332 13.095 0.005
 855.56832 13.024 0.005
 859.55613 13.080 0.005
 866.52070 13.336 0.005
 962.92455 13.025 0.005
 966.92404 13.053 0.005
 970.90043 13.152 0.005
 976.88107 13.391 0.005
 986.83542 13.095 0.005
 987.84906 13.033 0.005
 991.91708 13.027 0.005
 996.92101 13.107 0.005
 998.89211 13.168 0.005
1004.79070 13.389 0.005
1006.81930 13.438 0.005
1035.74148 13.460 0.005
1037.77068 13.535 0.005
1041.77885 13.091 0.005
1045.74056 13.023 0.005
1048.72175 13.051 0.005
1052.76461 13.153 0.005
1055.63791 13.259 0.005
1059.76785 13.415 0.005
1061.72063 13.426 0.005
1064.80451 13.532 0.005
1068.70592 13.079 0.005
1072.68605 13.026 0.005
1076.66384 13.058 0.005
1078.67439 13.107 0.005
1081.68694 13.208 0.005
1084.62512 13.326 0.005
1087.64501 13.421 0.005
1090.70140 13.475 0.005
1092.73350 13.507 0.005
1094.64020 13.254 0.005
1102.61037 13.033 0.005
1106.70522 13.120 0.005
1110.62432 13.301 0.005
1116.58281 13.422 0.005
1120.57138 13.472 0.005
1126.64672 13.020 0.005
1129.54519 13.041 0.005
1132.52824 13.090 0.005
1135.57831 13.189 0.005
1138.62800 13.296 0.005
1140.60543 13.372 0.005
1151.54257 13.027 0.005
1155.54418 13.021 0.005
1159.53963 13.081 0.005
1162.57203 13.169 0.005
1164.68560 13.266 0.005
1170.54401 13.431 0.005
1178.65406 13.027 0.005
1182.66596 13.021 0.005
1183.70431 13.032 0.005
1185.68746 13.054 0.005
1188.68680 13.146 0.005
1191.57054 13.253 0.005
1202.58563 13.455 0.005
1205.53707 13.043 0.005
1211.55753 13.036 0.005
1217.56817 13.195 0.005
1220.57065 13.313 0.005
1229.52337 13.521 0.005
1238.51966 13.044 0.005
1327.90391 13.253 0.005
1330.82061 13.349 0.005
1335.87235 13.470 0.005
1340.89185 13.108 0.005
1348.92790 13.054 0.005
1354.90151 13.231 0.005
1360.92123 13.427 0.005
1365.91744 13.470 0.005
1367.84095 13.140 0.005
1374.91299 13.041 0.005
1394.84917 13.179 0.005
1395.88065 13.057 0.005
1397.80236 13.013 0.005
1401.82939 13.034 0.005
1402.91428 13.049 0.005
1407.83737 13.185 0.005
1412.73267 13.373 0.005
1417.89100 13.464 0.005
1430.72363 13.077 0.005
1432.73432 13.102 0.005
1435.69076 13.198 0.005
1439.65718 13.359 0.005
1442.66086 13.423 0.005
1447.73607 13.452 0.005
1451.67229 13.018 0.005
1455.69200 13.033 0.005
1460.73274 13.127 0.005
1462.63835 13.194 0.005
1470.64458 13.429 0.005
1471.77138 13.449 0.005
1472.63180 13.469 0.005
1475.63754 13.341 0.005
1477.56660 13.071 0.005
1481.58438 13.017 0.005
1484.63326 13.044 0.005
1487.62840 13.109 0.005
1490.66713 13.213 0.005
1492.56680 13.289 0.005
1495.52358 13.395 0.005
1499.55223 13.476 0.005
1502.55035 13.418 0.005
1505.61691 13.032 0.005
1508.55226 13.028 0.005
1509.52855 13.027 0.005
1512.63043 13.066 0.005
1515.60508 13.135 0.005
1517.60854 13.208 0.005
1520.59580 13.317 0.005
1524.54351 13.433 0.005
1526.58365 13.466 0.005
1531.63521 13.112 0.005
1543.59269 13.161 0.005
1546.60753 13.265 0.005
1551.56930 13.425 0.005
1555.60283 13.510 0.005
1562.58140 13.018 0.005
1569.56053 13.114 0.005
1575.58635 13.328 0.005
1580.56137 13.450 0.005
1583.56403 13.482 0.005
1587.54382 13.035 0.005
1597.52931 13.143 0.005
1603.53741 13.358 0.005
1608.51314 13.474 0.005
1701.89494 13.036 0.005
1703.89808 13.064 0.005
1705.90356 13.118 0.005
1716.86398 13.458 0.005
1717.87434 13.485 0.005
1718.86035 13.551 0.005
1729.91001 13.055 0.005
1732.87979 13.120 0.005
1740.83086 13.397 0.005
1742.87863 13.427 0.005
1744.84772 13.475 0.005
1745.87198 13.513 0.005
1749.85240 13.082 0.005
1750.82436 13.036 0.005
1751.83617 13.020 0.005
1752.79753 13.015 0.005
1753.79856 13.025 0.005
1754.82525 13.027 0.005
1755.79061 13.041 0.005
1756.82008 13.052 0.005
1757.76926 13.065 0.005
1758.77378 13.082 0.005
1759.81813 13.106 0.005
1761.79915 13.177 0.005
1762.78556 13.207 0.005
1763.78856 13.239 0.005
1764.78105 13.275 0.005
1765.77556 13.320 0.005
1766.71658 13.365 0.005
1768.79567 13.415 0.005
1769.70505 13.424 0.005
1771.82113 13.472 0.005
1772.76350 13.483 0.005
1773.73081 13.513 0.005
1776.75361 13.122 0.005
1784.73027 13.061 0.005
1788.79576 13.161 0.005
1803.75606 13.142 0.005
1806.75021 12.999 0.005
1808.81982 13.039 0.005
1811.74821 13.050 0.005
1814.79505 13.106 0.005
1817.76071 13.215 0.005
1822.63815 13.405 0.005
1826.78924 13.482 0.005
1829.73150 13.387 0.005
1846.77950 13.292 0.005
1850.73628 13.438 0.005
1854.79232 13.499 0.005
1858.71620 13.083 0.005
1862.71508 13.016 0.005
1867.73951 13.079 0.005
1871.74607 13.195 0.005
2085.90914 13.084 0.005
2086.88843 13.105 0.005
2103.89525 13.110 0.005
2105.92315 13.011 0.005
2106.89098 13.008 0.005
2112.84336 13.069 0.005
2116.87111 13.191 0.005
2123.81803 13.423 0.005
2128.82553 13.442 0.005
2129.85750 13.286 0.005
2130.84387 13.114 0.005
2131.83748 13.033 0.005
2132.80627 13.006 0.005
2133.89460 13.011 0.005
2134.81000 13.013 0.005
2135.84408 13.014 0.005
2137.89208 13.036 0.005
2140.81134 13.084 0.005
2142.75205 13.141 0.005
2143.81755 13.178 0.005
2144.82425 13.218 0.005
2155.87863 13.476 0.005
2156.82521 13.344 0.005
2160.75460 13.010 0.005
2162.76139 13.009 0.005
2166.75600 13.057 0.005
2167.76446 13.076 0.005
2168.71363 13.099 0.005
2171.73955 13.197 0.005
2172.74617 13.243 0.005
2177.63966 13.412 0.005
2184.70130 13.216 0.005
2185.66480 13.094 0.005
2186.68965 13.032 0.005
2187.68483 13.025 0.005
2188.73199 13.018 0.005
2190.69136 13.015 0.005
2191.66474 13.034 0.005
2192.66325 13.030 0.005
2193.68432 13.065 0.005
2194.65442 13.075 0.005
2203.55089 13.385 0.005
2206.60721 13.442 0.005
2211.64130 13.272 0.005
2212.64513 13.122 0.005
2213.65095 13.036 0.005
2214.64214 13.012 0.005
2215.64912 13.008 0.005
2217.63582 13.015 0.005
2219.67868 13.031 0.005
2224.71356 13.148 0.005
2226.63643 13.223 0.005
2228.55833 13.292 0.005
2229.61659 13.333 0.005
2231.64326 13.403 0.005
2232.50999 13.413 0.005
2233.61341 13.427 0.005
2235.66353 13.483 0.005
2238.54707 13.351 0.005
2240.65138 13.054 0.005
2242.61889 13.009 0.005
2248.60354 13.053 0.005
2250.57686 13.115 0.005
2253.57050 13.208 0.005
2255.60716 13.288 0.005
2258.57346 13.392 0.005
2263.58419 13.499 0.005
2266.55498 13.192 0.005
2271.56456 13.005 0.005
2273.56390 13.035 0.005
2275.59883 13.057 0.005
2276.55838 13.089 0.005
2278.59096 13.133 0.005
2280.58682 13.200 0.005
2284.58970 13.361 0.005
2290.60368 13.500 0.005
2293.56596 13.231 0.005
2295.55870 13.020 0.005
2297.56199 13.004 0.005
2299.56109 13.021 0.005
2301.55335 13.036 0.005
2445.91192 13.276 0.005
2460.87884 13.011 0.005
2463.91518 13.030 0.005
2465.92794 13.061 0.005
2467.90093 13.098 0.005
2469.90031 13.160 0.005
2471.88975 13.228 0.005
2472.91922 13.286 0.005
2473.89113 13.312 0.005
2481.90282 13.523 0.005
2483.88864 13.324 0.005
2486.88565 13.015 0.005
2488.87656 13.015 0.005
2489.92299 13.028 0.005
2492.90335 13.059 0.005
2496.90310 13.154 0.005
2497.92651 13.189 0.005
2498.77378 13.205 0.005
2499.85936 13.253 0.005
2500.86493 13.323 0.005
2501.85389 13.365 0.005
2502.83412 13.369 0.005
2508.74536 13.507 0.005
2516.77666 13.022 0.005
2517.82340 13.034 0.005
2518.79484 13.043 0.005
2519.83174 13.058 0.005
2520.79113 13.062 0.005
2521.82327 13.089 0.005
2524.82152 13.185 0.005
2526.77770 13.247 0.005
2534.83408 13.475 0.005
2535.81429 13.509 0.005
2537.70207 13.436 0.005
2538.79803 13.223 0.005
2539.70185 13.097 0.005
2540.74273 13.027 0.005
2541.71375 13.038 0.005
2542.68354 13.020 0.005
2544.66208 13.028 0.005
2545.67711 13.026 0.005
2547.69512 13.059 0.005
2548.71156 13.085 0.005
2550.70669 13.123 0.005
2551.69333 13.156 0.005
2553.64905 13.231 0.005
2554.70257 13.273 0.005
2555.71050 13.315 0.005
2556.68952 13.349 0.005
2557.70206 13.386 0.005
2558.65854 13.416 0.005
2559.61544 13.440 0.005
2560.64850 13.438 0.005
2561.67405 13.477 0.005
2562.66694 13.496 0.005
2563.67487 13.520 0.005
2564.69026 13.472 0.005
2565.68116 13.304 0.005
2566.66144 13.137 0.005
2568.69242 13.006 0.005
2571.64511 13.014 0.005
2573.65854 13.043 0.005
2574.64237 13.046 0.005
2577.62924 13.112 0.005
2578.62931 13.148 0.005
2579.63596 13.184 0.005
2580.64808 13.206 0.005
2583.61939 13.342 0.005
2584.62675 13.383 0.005
2586.62397 13.423 0.005
2587.60838 13.451 0.005
2588.71680 13.453 0.005
2589.59832 13.488 0.005
2590.61345 13.535 0.005
2591.63659 13.513 0.005
2593.60559 13.189 0.005
2594.60936 13.075 0.005
2596.58489 13.010 0.005
2597.57206 13.036 0.005
2598.64593 13.029 0.005
2599.60541 13.021 0.005
2607.62660 13.220 0.005
2610.54642 13.327 0.005
2613.54032 13.422 0.005
2615.56917 13.448 0.005
2619.55687 13.427 0.005
2621.56577 13.090 0.005
2625.54841 13.016 0.005
2628.54178 13.042 0.005
2632.54820 13.127 0.005
2636.54337 13.283 0.005
2639.54386 13.391 0.005
2642.55261 13.440 0.005
2646.56543 13.449 0.005
2651.53746 13.010 0.005
2654.55527 13.025 0.005
2657.55813 13.071 0.005
2660.55391 13.157 0.005
2671.55158 13.492 0.005
2673.56338 13.479 0.005
2676.52475 13.048 0.005
2679.53811 13.021 0.005
2682.54043 13.047 0.005
2777.90295 13.434 0.005
2804.86989 13.424 0.005
2811.90436 13.154 0.005
2814.94001 13.045 0.005
2817.92658 13.025 0.005
2831.78143 13.405 0.005
2832.74739 13.432 0.005
2832.92536 13.446 0.005
2833.86530 13.450 0.005
2835.87395 13.515 0.005
2837.87502 13.406 0.005
2838.93218 13.194 0.005
2840.82492 13.050 0.005
2843.82636 13.023 0.005
2844.87219 13.037 0.005
2845.91818 13.045 0.005
2849.85561 13.104 0.005
2850.88837 13.136 0.005
2851.93194 13.167 0.005
2852.80262 13.199 0.005
2853.94203 13.237 0.005
2856.81529 13.355 0.005
2858.90934 13.417 0.005
2860.87534 13.444 0.005
2861.74651 13.469 0.005
2862.92552 13.509 0.005
2863.83472 13.514 0.005
2865.83162 13.255 0.005
2866.88126 13.104 0.005
2867.82127 13.084 0.005
2868.76894 13.034 0.005
2869.90194 13.033 0.005
2870.81554 13.020 0.005
2871.85846 13.053 0.005
2875.79802 13.077 0.005
2876.77573 13.111 0.005
2877.79763 13.129 0.005
2879.73926 13.179 0.005
2883.82540 13.384 0.005
2885.76020 13.403 0.005
2888.80852 13.444 0.005
2892.79988 13.313 0.005
2894.72904 13.057 0.005
2896.72614 13.018 0.005
2898.74712 13.029 0.005
2900.74596 13.055 0.005
2902.74548 13.086 0.005
2905.75268 13.147 0.005
2907.75408 13.226 0.005
2909.74319 13.306 0.005
2911.73455 13.407 0.005
2915.70602 13.493 0.005
2917.73213 13.548 0.005
2921.72988 13.073 0.005
2923.75183 13.019 0.005
2925.71480 13.023 0.005
2927.71233 13.053 0.005
2930.73038 13.094 0.005
2932.73689 13.151 0.005
2934.71672 13.228 0.005
2937.64073 13.313 0.005
2939.69337 13.388 0.005
2940.63350 13.428 0.005
2941.68332 13.426 0.005
2942.63345 13.440 0.005
2943.60468 13.463 0.005
2944.58927 13.503 0.005
2945.60604 13.498 0.005
2947.61554 13.234 0.005
2949.59685 13.054 0.005
2950.64160 13.027 0.005
2951.62878 13.034 0.005
2952.65771 13.038 0.005
2954.68263 13.045 0.005
2956.62862 13.075 0.005
2958.62303 13.104 0.005
2961.59410 13.202 0.005
2968.59386 13.423 0.005
2970.61311 13.460 0.005
2972.59760 13.529 0.005
2974.59835 13.303 0.005
2976.54805 13.039 0.005
2978.57415 13.024 0.005
2980.59102 13.035 0.005
2982.53624 13.052 0.005
2984.62711 13.077 0.005
2986.63724 13.127 0.005
2988.52960 13.185 0.005
2991.60267 13.306 0.005
2994.58439 13.410 0.005
2997.55718 13.448 0.005
3001.57363 13.362 0.005
3005.53170 13.031 0.005
3008.55336 13.029 0.005
3008.55802 13.030 0.005
3011.56139 13.071 0.005
3016.58805 13.213 0.005
3018.57452 13.293 0.005
3020.60257 13.377 0.005
3021.61538 13.401 0.005
3023.57128 13.432 0.005
3025.56979 13.488 0.005
3027.60330 13.510 0.005
3029.57520 13.202 0.005
3031.57974 13.032 0.005
3033.58211 13.033 0.005
3037.52913 13.043 0.005
3164.92956 13.378 0.005
3183.91153 13.369 0.005
3193.87929 13.104 0.005
3195.93849 13.044 0.005
3197.91395 13.026 0.005
3201.87137 13.058 0.005
3203.87932 13.106 0.005
3206.81719 13.187 0.005
3210.89322 13.346 0.005
3211.88465 13.385 0.005
3215.66076 13.457 0.005
3216.72877 13.489 0.005
3217.92930 13.519 0.005
3218.91393 13.461 0.005
3223.83478 13.015 0.005
3226.82503 13.037 0.005
3229.83216 13.078 0.005
3231.81430 13.121 0.005
3239.79267 13.412 0.005
3240.78993 13.427 0.005
3241.81429 13.428 0.005
3242.71361 13.450 0.005
3243.85006 13.488 0.005
3244.82725 13.527 0.005
3245.77639 13.496 0.005
3246.76884 13.378 0.005
3247.76260 13.171 0.005
3249.72731 13.023 0.005
3251.74083 13.013 0.005
3254.72795 13.027 0.005
3257.74436 13.089 0.005
3259.66354 13.141 0.005
3261.70164 13.205 0.005
3263.68434 13.282 0.005
3265.71873 13.363 0.005
3267.70757 13.415 0.005
3269.78399 13.457 0.005
3270.74081 13.476 0.005
3271.66364 13.509 0.005
3272.72083 13.512 0.005
3274.70670 13.226 0.005
3276.71113 13.027 0.005
3277.74427 13.032 0.005
3279.67659 13.017 0.005
3281.64027 13.027 0.005
3283.64171 13.080 0.005
3287.60793 13.148 0.005
3289.61900 13.239 0.005
3293.59579 13.381 0.005
3295.61458 13.421 0.005
3297.59633 13.452 0.005
3299.65270 13.509 0.005
3301.62694 13.295 0.005
3303.68919 13.053 0.005
3306.62174 13.031 0.005
3308.60946 13.032 0.005
3310.60859 13.056 0.005
3312.65261 13.102 0.005
3314.56347 13.159 0.005
3320.60130 13.372 0.005
3327.55626 13.494 0.005
3330.55049 13.075 0.005
3335.59532 13.030 0.005
3338.59893 13.076 0.005
3349.59526 13.413 0.005
3353.57435 13.514 0.005
3359.55088 13.026 0.005
3363.55822 13.035 0.005
3367.61754 13.122 0.005
3372.54829 13.274 0.005
3376.52760 13.393 0.005
3378.59455 13.434 0.005
3386.56098 13.014 0.005
3390.57456 13.037 0.005
3398.55632 13.221 0.005
3402.54472 13.378 0.005
3528.93692 13.069 0.005
3541.92972 13.443 0.005
3547.91431 13.133 0.005
3554.92252 13.047 0.005
3560.94464 13.196 0.005
3564.90680 13.346 0.005
3568.83766 13.432 0.005
3570.77838 13.491 0.005
3571.80071 13.533 0.005
3573.83820 13.378 0.005
3574.87719 13.183 0.005
3577.83586 13.013 0.005
3578.89443 13.014 0.005
3579.79927 13.021 0.005
3581.84420 13.033 0.005
3581.86691 13.035 0.005
3582.82909 13.049 0.005
3583.83350 13.068 0.005
3586.80784 13.153 0.005
3588.82573 13.206 0.005
3589.81854 13.244 0.005
3591.87334 13.379 0.005
3593.81090 13.396 0.005
3596.89136 13.449 0.005
3601.80899 13.215 0.005
3607.81440 13.023 0.005
3614.78579 13.167 0.005
3617.76529 13.275 0.005
3619.69821 13.362 0.005
3621.71667 13.420 0.005
3624.86497 13.479 0.005
3626.71435 13.522 0.005
3629.66796 13.133 0.005
3631.73033 13.027 0.005
3633.69564 13.018 0.005
3637.64955 13.053 0.005
3639.69963 13.139 0.005
3641.69619 13.160 0.005
3643.72056 13.225 0.005
3646.65552 13.347 0.005
3650.65877 13.439 0.005
3650.68281 13.430 0.005
3651.73275 13.455 0.005
3653.72891 13.509 0.005
3655.69509 13.336 0.005
3657.64587 13.073 0.005
3658.65030 13.029 0.005
3659.63835 13.018 0.005
3660.66847 13.020 0.005
3663.55998 13.039 0.005
3665.63356 13.077 0.005
3668.57198 13.145 0.005
3669.67074 13.179 0.005
3671.62890 13.251 0.005
3673.67376 13.328 0.005
3675.65834 13.405 0.005
3683.64765 13.191 0.005
3685.65278 13.074 0.005
3687.65145 13.034 0.005
3689.59984 13.040 0.005
3692.57568 13.065 0.005
3694.55966 13.105 0.005
3696.56018 13.155 0.005
3698.59387 13.240 0.005
3700.57480 13.320 0.005
3702.58409 13.383 0.005
3704.59036 13.432 0.005
3706.61079 13.473 0.005
3708.58367 13.514 0.005
3711.59026 13.113 0.005
3714.52401 13.020 0.005
3718.60452 13.049 0.005
3721.55342 13.151 0.005
3724.56310 13.197 0.005
3726.58366 13.263 0.005
3728.55677 13.347 0.005
3734.56022 13.502 0.005
3737.57590 13.299 0.005
3742.53452 13.024 0.005
3746.55980 13.059 0.005
3751.53618 13.177 0.005
3756.55244 13.370 0.005
3761.60271 13.484 0.005
3766.52751 13.067 0.005
3772.55033 13.038 0.005
3776.55040 13.112 0.005
3871.87630 13.521 0.005
3901.93882 13.145 0.005
3906.93909 13.023 0.005
3913.91603 13.169 0.005
3918.87954 13.336 0.005
3931.91488 13.024 0.005
3934.85790 13.028 0.005
3936.86610 13.044 0.005
3938.85009 13.089 0.005
3944.89748 13.289 0.005
3946.86561 13.369 0.005
3951.88502 13.489 0.005
3955.85015 13.241 0.005
3958.82667 13.026 0.005
3960.82682 13.014 0.005
3963.82353 13.039 0.005
3965.81541 13.111 0.005
3967.83526 13.129 0.005
3969.80090 13.198 0.005
3971.77709 13.272 0.005
3974.77883 13.399 0.005
3979.73419 13.513 0.005
3980.61754 13.534 0.005
3981.64383 13.493 0.005
3983.83415 13.130 0.005
3986.69571 13.011 0.005
3987.66675 13.013 0.005
3990.79002 13.029 0.005
3993.73482 13.095 0.005
3995.74009 13.165 0.005
3999.74936 13.305 0.005
4002.72150 13.410 0.005
4004.67329 13.441 0.005
4006.69950 13.495 0.005
4007.56288 13.529 0.005
4008.57181 13.526 0.005
4009.73327 13.389 0.005
4013.69838 13.023 0.005
4015.68067 13.024 0.005
4015.69690 13.026 0.005
4018.69606 13.043 0.005
4019.68463 13.067 0.005
4021.67712 13.105 0.005
4024.65059 13.200 0.005
4026.62947 13.282 0.005
4028.62543 13.366 0.005
4030.63799 13.426 0.005
4032.69009 13.454 0.005
4037.66628 13.253 0.005
4039.60422 13.039 0.005
4041.60374 13.020 0.005
4043.58944 13.019 0.005
4046.59877 13.047 0.005
4048.56467 13.088 0.005
4050.60679 13.158 0.005
4052.55889 13.224 0.005
4054.61307 13.312 0.005
4056.58516 13.397 0.005
4058.61871 13.437 0.005
4060.51755 13.461 0.005
4064.51518 13.332 0.005
4066.55665 13.060 0.005
4069.51502 13.018 0.005
4073.59859 13.051 0.005
4077.52194 13.142 0.005
4079.52388 13.212 0.005
4082.52384 13.338 0.005
4085.56155 13.430 0.005
4092.55760 13.181 0.005
4096.58355 13.018 0.005
4100.58634 13.047 0.005
4105.55417 13.165 0.005
4108.53042 13.283 0.005
4113.60831 13.419 0.005
4120.57914 13.090 0.005
4126.57697 13.045 0.005
4252.92626 13.507 0.005
4255.84555 13.222 0.005
4268.89906 13.161 0.005
4275.92119 13.398 0.005
4279.79887 13.501 0.005
4282.80943 13.290 0.005
4283.86237 13.114 0.005
4285.91669 13.013 0.005
4291.93747 13.058 0.005
4292.85599 13.080 0.005
4295.86004 13.177 0.005
4296.88980 13.191 0.005
4297.92266 13.229 0.005
4299.85747 13.312 0.005
4300.87896 13.393 0.005
4301.89697 13.385 0.005
4302.91858 13.412 0.005
4306.86321 13.492 0.005
4307.89749 13.513 0.005
4308.65864 13.480 0.005
4308.86662 13.474 0.005
4310.83897 13.156 0.005
4311.82652 13.065 0.005
4312.90040 13.058 0.005
4314.91987 13.023 0.005
4316.82641 13.019 0.005
4320.89045 13.097 0.005
4326.83432 13.299 0.005
4327.81259 13.345 0.005
4328.82822 13.374 0.005
4329.83076 13.401 0.005
4330.85900 13.427 0.005
4333.86030 13.486 0.005
4338.90068 13.077 0.005
4340.77316 13.026 0.005
4341.76831 13.028 0.005
4342.82417 13.032 0.005
4343.76181 13.035 0.005
4344.74396 13.044 0.005
4345.78995 13.065 0.005
4347.77884 13.100 0.005
4349.79203 13.137 0.005
4351.72913 13.213 0.005
4353.75235 13.282 0.005
4357.70122 13.424 0.005
4359.69915 13.448 0.005
4361.70171 13.506 0.005
4362.72443 13.524 0.005
4364.58347 13.287 0.005
4367.68098 13.021 0.005
4370.67263 13.026 0.005
4372.73610 13.065 0.005
4376.65149 13.123 0.005
4378.61807 13.188 0.005
4379.64603 13.232 0.005
4380.75888 13.281 0.005
4382.68633 13.356 0.005
4386.66139 13.439 0.005
4388.66187 13.480 0.005
4390.67086 13.477 0.005
4393.64464 13.045 0.005
4395.67952 13.039 0.005
4398.64496 13.056 0.005
4400.66784 13.059 0.005
4403.69363 13.119 0.005
4407.63372 13.263 0.005
4408.67990 13.308 0.005
4410.70284 13.399 0.005
4415.68697 13.478 0.005
4418.59364 13.376 0.005
4422.65487 13.018 0.005
4424.65193 13.041 0.005
4427.53863 13.055 0.005
4429.56456 13.092 0.005
4431.56900 13.139 0.005
4433.57486 13.212 0.005
4435.56321 13.294 0.005
4437.65225 13.384 0.005
4439.56412 13.424 0.005
4441.59995 13.459 0.005
4443.59068 13.520 0.005
4449.64470 13.014 0.005
4451.59983 13.021 0.005
4453.58181 13.037 0.005
4456.58324 13.082 0.005
4459.53574 13.166 0.005
4464.57543 13.361 0.005
4465.54136 13.386 0.005
4470.56029 13.512 0.005
4474.59679 13.123 0.005
4476.57493 13.020 0.005
4479.59974 13.022 0.005
4481.58441 13.041 0.005
4484.60109 13.112 0.005
4487.62265 13.179 0.005
4609.89594 13.277 0.005
4643.88061 13.025 0.005
4649.93082 13.147 0.005
4661.89396 13.509 0.005
4662.77668 13.521 0.005
4662.89360 13.499 0.005
4663.74837 13.410 0.005
4663.93227 13.381 0.005
4665.82132 13.084 0.005
4665.91527 13.067 0.005
4666.90913 13.035 0.005
4670.90358 13.016 0.005
4671.81782 13.032 0.005
4672.87754 13.051 0.005
4675.89515 13.117 0.005
4681.87488 13.331 0.005
4683.87013 13.400 0.005
4685.85625 13.426 0.005
4688.80759 13.510 0.005
4690.73315 13.454 0.005
4691.73602 13.267 0.005
4693.89111 13.029 0.005
4696.84103 13.031 0.005
4698.75286 13.034 0.005
4699.74687 13.041 0.005
4700.78438 13.058 0.005
4701.78958 13.079 0.005
4702.84972 13.099 0.005
4703.74876 13.129 0.005
4704.76761 13.159 0.005
4705.77485 13.201 0.005
4707.76752 13.265 0.005
4708.83578 13.325 0.005
4710.75175 13.389 0.005
4716.75326 13.517 0.005
4719.74543 13.152 0.005
4721.73439 13.029 0.005
4724.76409 13.046 0.005
4726.65976 13.038 0.005
4729.67074 13.087 0.005
4731.76099 13.142 0.005
4734.74331 13.250 0.005
4736.70809 13.330 0.005
4739.64937 13.413 0.005
4741.72395 13.445 0.005
4747.59056 13.088 0.005
4749.59013 13.018 0.005
4753.65929 13.030 0.005
4755.65321 13.055 0.005
4757.63765 13.118 0.005
4759.65027 13.165 0.005
4761.62054 13.241 0.005
4763.63318 13.325 0.005
4766.60140 13.425 0.005
4769.63947 13.484 0.005
4771.55054 13.527 0.005
4773.67535 13.229 0.005
4775.66219 13.031 0.005
4777.59594 13.016 0.005
4779.63153 13.032 0.005
4781.58145 13.042 0.005
4783.56507 13.079 0.005
4785.59617 13.127 0.005
4789.53158 13.271 0.005
4790.61380 13.342 0.005
4791.61210 13.351 0.005
4793.51623 13.407 0.005
4795.53328 13.439 0.005
4797.52548 13.494 0.005
4798.58878 13.537 0.005
4800.63607 13.314 0.005
4803.52739 13.019 0.005
4804.57757 13.031 0.005
4806.58659 13.030 0.005
4808.54482 13.046 0.005
4808.61232 13.050 0.005
4810.55526 13.075 0.005
4813.59461 13.156 0.005
4815.57074 13.226 0.005
4817.58728 13.305 0.005
4819.58688 13.376 0.005
4821.62878 13.415 0.005
4823.58957 13.457 0.005
4825.61801 13.533 0.005
4832.59113 13.026 0.005
4835.57295 13.052 0.005
4839.59446 13.123 0.005
4842.56152 13.208 0.005
4844.57001 13.290 0.005
4847.62632 13.406 0.005
4849.58618 13.434 0.005
4853.58361 13.517 0.005
4856.57754 13.085 0.005
4865.55067 13.084 0.005
4936.91655 13.277 0.005
4940.89923 13.026 0.005
4940.90309 13.029 0.005
4953.89694 13.314 0.005
4954.88836 13.351 0.005
