 466.54247 16.452 0.007
 466.55157 16.462 0.007
 466.56681 16.475 0.007
 466.59740 16.525 0.007
 466.62694 16.555 0.007
 467.54479 16.974 0.009
 467.57427 17.017 0.009
 467.60375 17.018 0.009
 467.63324 17.031 0.009
 469.55416 16.964 0.011
 469.59278 16.746 0.008
 469.62444 16.560 0.008
 471.60670 16.739 0.009
 471.62195 16.731 0.009
 472.53886 17.103 0.013
 472.55364 17.064 0.011
 472.56831 17.078 0.010
 472.58294 17.092 0.010
 622.88513 16.554 0.009
 624.91172 16.743 0.009
 625.89916 17.097 0.011
 626.87067 16.935 0.010
 627.85690 16.637 0.009
 628.89798 17.034 0.010
 629.89578 16.885 0.010
 631.92674 17.021 0.012
 632.86726 16.782 0.010
 633.90270 16.814 0.009
 635.89754 16.714 0.008
 643.86655 16.768 0.010
 645.83825 16.946 0.011
 647.79599 17.031 0.016
 649.79339 16.454 0.009
 652.84058 16.951 0.011
 656.85374 16.914 0.009
 657.82600 16.573 0.009
 658.86631 17.045 0.013
 663.77259 17.069 0.015
 664.87752 16.974 0.010
 665.82477 16.685 0.007
 666.83533 17.059 0.010
 667.85456 16.913 0.009
 668.82539 16.490 0.007
 670.79095 16.794 0.009
 671.81299 16.871 0.008
 672.81853 16.986 0.008
 673.78591 16.715 0.008
 684.74629 16.626 0.008
 685.80115 17.033 0.010
 686.70243 16.831 0.010
 687.78378 16.492 0.008
 688.72580 17.022 0.009
 689.75296 16.792 0.008
 697.71911 16.822 0.009
 698.79022 16.431 0.007
 699.68923 16.990 0.009
 700.73001 16.776 0.008
 701.70224 17.119 0.011
 704.73023 17.017 0.011
 706.69589 16.444 0.010
 707.73346 17.010 0.013
 708.75762 16.833 0.011
 712.75817 17.096 0.013
 713.73954 16.942 0.008
 714.75450 16.612 0.008
 715.72006 17.024 0.010
 716.68814 16.830 0.008
 726.67075 17.028 0.010
 728.68146 16.956 0.009
 729.68362 16.986 0.009
 730.66798 16.709 0.008
 733.63446 16.522 0.009
 739.65441 17.080 0.012
 741.62022 16.632 0.008
 742.59648 17.020 0.011
 744.64359 16.477 0.008
 745.59451 17.013 0.010
 746.78531 16.885 0.010
 747.65583 16.856 0.009
 748.61759 16.981 0.010
 749.62294 16.694 0.010
 750.61679 17.052 0.011
 751.62520 16.915 0.011
 752.73960 16.684 0.009
 753.67524 17.026 0.011
 759.63311 16.960 0.010
 760.65877 16.678 0.008
 761.63481 17.046 0.011
 761.74006 17.098 0.013
 762.62618 16.906 0.011
 762.65574 16.897 0.011
 763.64241 16.524 0.008
 763.75316 16.641 0.009
 765.57447 16.781 0.012
 766.61195 16.893 0.013
 766.71481 16.460 0.009
 767.61944 16.974 0.014
 767.68109 16.995 0.016
 769.60227 17.072 0.012
 769.67601 17.147 0.013
 770.60841 16.905 0.010
 771.64148 16.631 0.009
 772.60331 17.006 0.011
 773.60844 16.856 0.009
 773.76064 16.907 0.012
 774.60142 16.434 0.008
 775.55934 16.993 0.010
 776.64026 16.800 0.009
 777.61451 17.081 0.011
 778.61788 16.972 0.011
 779.64484 16.724 0.012
 779.75511 16.771 0.010
 780.64464 17.038 0.012
 781.55895 16.889 0.010
 781.73944 16.957 0.011
 782.62447 16.562 0.009
 782.74834 16.654 0.010
 783.54150 17.012 0.009
 784.58350 16.807 0.009
 784.67548 16.856 0.009
 785.61031 16.664 0.008
 785.75591 16.508 0.008
 786.63089 16.998 0.010
 787.69445 16.777 0.009
 788.62726 17.077 0.011
 788.65283 17.112 0.011
 790.57597 16.615 0.008
 792.55393 16.837 0.009
 795.61861 16.784 0.009
 796.54752 17.107 0.014
 796.73288 16.438 0.011
 797.70767 17.010 0.012
 798.57032 16.680 0.008
 799.70828 17.110 0.011
 800.62331 16.920 0.009
 802.68328 17.086 0.016
 805.61063 16.982 0.011
 806.62082 16.766 0.010
 808.55224 16.930 0.011
 816.68323 17.016 0.010
 817.59331 16.716 0.008
 819.55609 16.920 0.010
 820.63239 16.634 0.008
 822.55297 16.842 0.010
 824.57879 17.014 0.013
 825.65190 16.798 0.011
 828.61203 16.700 0.008
 829.57867 17.045 0.010
 832.58556 17.023 0.012
 833.60545 16.829 0.009
 834.57503 16.748 0.009
 836.55316 16.721 0.012
 838.58615 16.947 0.010
 840.59590 17.028 0.013
 845.54746 17.091 0.012
 850.57074 16.565 0.010
 855.57576 16.750 0.011
 859.56357 17.031 0.012
 866.52812 16.694 0.009
 962.93195 16.706 0.010
 966.93144 17.043 0.011
 970.90782 16.766 0.010
 976.88847 16.448 0.009
 986.84284 16.794 0.010
 987.85645 16.629 0.008
 991.92448 16.959 0.010
 996.92843 17.036 0.011
 998.89951 16.709 0.009
1004.79809 17.016 0.012
1006.82668 16.568 0.008
1020.89616 17.097 0.012
1025.93395 16.524 0.008
1035.74890 16.780 0.009
1037.77810 16.944 0.011
1041.78625 16.574 0.008
1045.74796 16.999 0.009
1048.72915 17.078 0.019
1052.77205 16.497 0.008
1055.64530 17.109 0.010
1058.85725 17.084 0.013
1059.77526 16.953 0.012
1061.72802 17.041 0.012
1064.81193 17.018 0.013
1068.71333 16.667 0.008
1072.69349 17.030 0.009
1076.67125 16.707 0.008
1078.68180 16.920 0.009
1081.69434 16.838 0.009
1084.63252 16.740 0.008
1087.65242 16.629 0.008
1090.70879 16.527 0.008
1092.74092 16.855 0.010
1094.64759 16.969 0.009
1102.61777 16.979 0.010
1106.71263 16.703 0.008
1110.63176 17.044 0.012
1116.59023 16.933 0.010
1120.57882 16.599 0.008
1126.65415 17.044 0.009
1129.55259 17.002 0.012
1132.53568 16.997 0.011
1135.58574 16.886 0.009
1138.63541 16.876 0.009
1140.61282 17.031 0.009
1144.67040 16.703 0.009
1151.54999 16.964 0.010
1155.55160 16.589 0.008
1159.54704 17.014 0.011
1162.57944 16.979 0.009
1164.69301 17.054 0.012
1170.55145 16.994 0.010
1178.66150 17.042 0.010
1182.67340 16.764 0.008
1183.71175 17.017 0.012
1185.69490 16.681 0.008
1188.69422 16.562 0.008
1191.57797 17.078 0.012
1202.59308 17.092 0.013
1205.54450 17.026 0.011
1211.56499 16.964 0.013
1217.57561 16.845 0.010
1220.57810 16.769 0.010
1229.53082 17.006 0.013
1238.52710 17.023 0.017
1327.91129 16.732 0.013
1330.82800 16.482 0.009
1335.87975 16.753 0.010
1340.89925 16.870 0.011
1348.93534 16.937 0.010
1354.90889 16.776 0.010
1360.92862 16.575 0.009
1365.92483 16.763 0.011
1367.84833 16.919 0.012
1374.92041 16.859 0.012
1394.85660 16.966 0.013
1395.88805 16.731 0.009
1397.80975 16.899 0.013
1401.83678 16.534 0.008
1402.92169 17.027 0.011
1407.84476 17.032 0.013
1412.74008 17.125 0.013
1417.89840 16.653 0.008
1430.73102 16.774 0.011
1432.74170 16.969 0.010
1435.69815 16.875 0.011
1439.66460 17.010 0.011
1442.66829 17.049 0.011
1447.74348 16.485 0.010
1451.67968 16.953 0.010
1455.69940 16.570 0.009
1460.74014 16.748 0.009
1462.64577 16.947 0.011
1470.65203 16.959 0.010
1472.63923 17.038 0.012
1475.64496 17.021 0.012
1477.57402 17.069 0.014
1481.59178 16.892 0.010
1484.64070 16.868 0.010
1487.63582 16.780 0.009
1490.67458 16.692 0.009
1492.57423 16.863 0.011
1495.53102 16.749 0.009
1499.55967 17.061 0.013
1502.55776 17.024 0.012
1505.62435 17.005 0.013
1508.55973 16.952 0.010
1509.53598 16.636 0.010
1512.63786 16.588 0.010
1515.61255 16.460 0.008
1517.61606 16.762 0.009
1520.60323 16.646 0.009
1524.55093 17.000 0.012
1526.59106 16.907 0.011
1531.64264 16.648 0.009
1543.60012 17.009 0.011
1546.61494 16.994 0.010
1551.57672 17.025 0.010
1555.61025 16.784 0.009
1562.58882 17.019 0.012
1569.56798 16.633 0.011
1575.59381 16.785 0.008
1580.56880 16.607 0.009
1583.57148 16.430 0.008
1587.55127 16.954 0.011
1597.53674 17.056 0.013
1603.54482 17.009 0.012
1608.52054 17.035 0.013
1703.90546 16.688 0.010
1705.91096 16.900 0.012
1716.87138 16.844 0.011
1717.88174 16.433 0.008
1729.91743 16.999 0.008
1732.88719 16.918 0.010
1740.83823 16.960 0.011
1742.88602 17.060 0.013
1744.85514 16.553 0.008
1745.87940 17.052 0.010
1749.85982 16.759 0.008
1750.83174 17.111 0.013
1751.84357 16.959 0.009
1752.80490 16.596 0.008
1753.80597 17.032 0.011
1754.83264 16.889 0.010
1755.79800 16.443 0.009
1756.82748 16.987 0.016
1757.77667 16.739 0.013
1758.78116 17.111 0.011
1759.82553 16.930 0.010
1761.80657 17.036 0.011
1762.79295 16.884 0.011
1763.79596 16.534 0.008
1764.78847 17.021 0.009
1765.78293 16.824 0.009
1766.72397 17.034 0.013
1768.80308 16.744 0.010
1769.71246 17.057 0.012
1771.82853 16.669 0.013
1772.77090 17.034 0.010
1773.73821 16.838 0.010
1776.76101 16.807 0.009
1784.73766 16.805 0.010
1788.80316 17.098 0.010
1803.76348 16.846 0.010
1806.75762 16.754 0.009
1808.82723 16.985 0.011
1811.75565 16.897 0.008
1814.80247 16.840 0.008
1817.76813 16.739 0.008
1822.64557 16.799 0.009
1826.79667 16.888 0.010
1829.73891 17.009 0.011
1846.78695 16.991 0.011
1850.74370 16.574 0.008
1854.79976 17.024 0.009
1858.72362 16.662 0.010
1862.72252 17.006 0.010
1867.74695 17.080 0.013
1871.75355 16.869 0.010
2085.90914 16.943 0.017
2086.88843 16.960 0.015
2103.89525 16.798 0.010
2105.92315 16.991 0.013
2106.89098 16.725 0.012
2112.84336 16.514 0.009
2116.87111 16.960 0.013
2123.81803 17.027 0.014
2128.82553 16.574 0.011
2129.85750 17.027 0.014
2130.84387 16.866 0.013
2131.83748 16.443 0.010
2132.80627 16.981 0.015
2133.89460 16.791 0.015
2134.81000 17.116 0.018
2135.84408 16.975 0.014
2137.89208 17.067 0.017
2140.81134 17.053 0.014
2142.75205 17.072 0.014
2143.81755 17.004 0.013
2144.82425 16.735 0.010
2155.87863 16.715 0.014
2156.82521 17.045 0.015
2160.75460 16.821 0.013
2162.76139 16.975 0.013
2166.75600 16.605 0.010
2167.76446 17.007 0.013
2168.71363 16.825 0.012
2171.73955 16.737 0.010
2172.74617 17.075 0.013
2177.63966 16.466 0.010
2184.70130 16.909 0.015
2185.66480 16.542 0.011
2186.68965 17.031 0.018
2187.68483 16.852 0.014
2188.73199 16.423 0.010
2190.69136 16.766 0.011
2191.66474 17.083 0.014
2192.66325 16.941 0.011
2193.68432 16.664 0.009
2194.65442 17.056 0.013
2203.55089 16.876 0.013
2206.60721 16.820 0.016
2211.64130 16.951 0.013
2212.64513 16.644 0.011
2213.65095 17.065 0.016
2214.64214 16.901 0.015
2215.64912 16.476 0.010
2217.63582 16.799 0.013
2219.67868 17.003 0.013
2224.71356 17.023 0.013
2226.63643 16.469 0.012
2228.55833 16.757 0.012
2229.61659 17.106 0.015
2231.64326 16.686 0.012
2232.50999 17.050 0.019
2233.61341 16.892 0.013
2235.66353 17.012 0.013
2238.54707 16.961 0.013
2240.65138 17.134 0.016
2242.61889 16.600 0.012
2248.60354 17.114 0.012
2250.57686 16.658 0.010
2253.57050 16.479 0.008
2255.60716 16.816 0.013
2258.57346 16.723 0.009
2263.58419 16.851 0.012
2266.55498 16.766 0.013
2271.56456 16.903 0.013
2273.56390 17.012 0.018
2275.59883 16.477 0.010
2276.55838 16.993 0.017
2278.59096 17.111 0.015
2280.58682 16.652 0.012
2284.58970 17.013 0.014
2290.60368 16.909 0.013
2293.56596 16.849 0.013
2295.55870 17.015 0.014
2297.56199 17.102 0.018
2299.56109 16.658 0.013
2301.55335 16.874 0.015
2445.91192 17.028 0.017
2460.87884 16.776 0.016
2463.91518 16.668 0.011
2465.92794 16.892 0.012
2467.90093 17.025 0.013
2469.90031 16.652 0.010
2471.88975 16.720 0.011
2472.91922 17.057 0.012
2473.89113 16.932 0.012
2481.90282 16.967 0.016
2483.88864 17.037 0.013
2486.88565 17.017 0.015
2488.87656 16.591 0.013
2489.92299 17.030 0.015
2492.90335 16.967 0.013
2496.90310 16.483 0.009
2497.92651 17.018 0.013
2498.77378 16.739 0.012
2499.85936 16.999 0.013
2500.86493 16.980 0.013
2501.85389 16.674 0.010
2502.83412 17.039 0.014
2508.74536 16.984 0.019
2516.77666 16.984 0.016
2517.82340 16.795 0.013
2518.79484 17.051 0.014
2519.83174 16.991 0.013
2520.79113 16.662 0.011
2521.82327 17.044 0.013
2524.82152 17.034 0.018
2526.77770 16.675 0.010
2534.83408 16.513 0.011
2535.81429 17.023 0.013
2537.70207 17.114 0.019
2538.79803 16.972 0.014
2539.70185 16.639 0.012
2540.74273 17.029 0.019
2541.71375 16.880 0.012
2542.68354 16.435 0.009
2544.66208 16.760 0.011
2545.67711 17.015 0.012
2547.69512 16.707 0.011
2548.71156 17.082 0.013
2550.70669 16.596 0.010
2551.69333 17.016 0.013
2553.64905 16.635 0.013
2554.70257 17.018 0.013
2555.71050 16.779 0.012
2556.68952 17.096 0.013
2557.70206 16.954 0.011
2558.65854 16.637 0.011
2559.61544 17.034 0.014
2560.64850 16.874 0.012
2561.67405 16.498 0.013
2562.66694 17.002 0.014
2563.67487 16.801 0.013
2564.69026 16.730 0.012
2565.68116 17.003 0.014
2566.66144 16.697 0.011
2568.69242 16.918 0.017
2571.64511 16.812 0.016
2573.65854 16.978 0.016
2574.64237 16.761 0.013
2577.62924 16.662 0.013
2578.62931 17.011 0.014
2579.63596 16.890 0.014
2580.64808 16.504 0.009
2583.61939 16.896 0.014
2584.62675 16.961 0.013
2586.62397 17.049 0.013
2587.60838 16.918 0.013
2588.71680 16.680 0.012
2589.59832 16.970 0.013
2590.61345 16.842 0.013
2591.63659 16.415 0.009
2593.60559 16.740 0.011
2594.60936 17.100 0.018
2596.58489 16.652 0.013
2597.57206 17.020 0.014
2598.64593 16.907 0.014
2599.60541 16.506 0.012
2607.62660 16.651 0.013
2610.54642 16.515 0.012
2613.54032 17.102 0.017
2615.56917 16.644 0.012
2619.55687 17.016 0.016
2621.56577 16.751 0.012
2625.54841 16.912 0.016
2628.54178 16.871 0.019
2632.54820 17.094 0.015
2636.54337 16.916 0.016
2639.54386 16.840 0.013
2642.55261 16.734 0.014
2646.56543 17.005 0.014
2651.53746 16.993 0.019
2654.55527 17.062 0.018
2657.55813 17.013 0.015
2660.55391 16.997 0.015
2671.55158 16.974 0.015
2673.56338 17.049 0.019
2676.52475 17.005 0.019
2679.53811 17.003 0.014
2682.54043 16.967 0.017
2777.90295 17.118 0.019
2804.86989 16.633 0.013
2811.90436 16.890 0.019
2814.94001 16.833 0.013
2817.92658 16.743 0.013
2831.78143 16.439 0.011
2832.74739 17.033 0.016
2832.92536 17.033 0.014
2833.86530 16.830 0.015
2835.87395 16.998 0.014
2837.87502 17.102 0.021
2838.93218 16.969 0.017
2840.82492 17.015 0.017
2843.82636 17.041 0.013
2844.87219 16.784 0.012
2845.91818 16.809 0.014
2849.85561 16.915 0.013
2850.88837 16.590 0.012
2851.93194 17.055 0.017
2852.80262 16.817 0.013
2853.94203 16.482 0.011
2856.81529 17.060 0.016
2858.90934 16.682 0.010
2860.87534 16.863 0.012
2861.74651 16.642 0.010
2862.92552 17.046 0.016
2863.83472 16.789 0.015
2865.83162 16.984 0.013
2866.88126 16.752 0.013
2867.82127 17.046 0.013
2868.76894 16.877 0.013
2869.90194 16.646 0.011
2870.81554 17.022 0.013
2871.85846 16.869 0.012
2875.79802 17.089 0.017
2876.77573 16.926 0.013
2877.79763 16.635 0.010
2879.73926 16.839 0.011
2883.82540 16.881 0.011
2885.76020 16.687 0.012
2888.80852 16.580 0.011
2892.79988 17.010 0.017
2894.72904 17.073 0.015
2896.72614 16.590 0.010
2898.74712 16.876 0.012
2900.74596 17.013 0.012
2902.74548 17.073 0.013
2905.75268 17.059 0.013
2907.75408 16.559 0.009
2909.74319 16.852 0.009
2911.73455 17.016 0.011
2915.70602 16.616 0.010
2917.73213 16.881 0.011
2921.72988 16.989 0.014
2923.75183 16.718 0.012
2925.71480 16.899 0.012
2927.71233 17.038 0.014
2930.73038 17.011 0.013
2932.73689 17.092 0.014
2934.71672 16.647 0.010
2937.64073 16.432 0.010
2939.69337 16.810 0.012
2940.63350 17.103 0.012
2941.68332 16.986 0.012
2942.63345 16.659 0.011
2943.60468 17.033 0.015
2944.58927 16.884 0.013
2945.60604 16.484 0.013
2947.61554 16.811 0.013
2949.59685 16.976 0.013
2950.64160 16.725 0.011
2951.62878 17.070 0.015
2952.65771 16.959 0.015
2954.68263 17.055 0.016
2956.62862 16.436 0.008
2958.62303 16.778 0.013
2961.59410 16.698 0.015
2968.59386 16.978 0.014
2970.61311 17.096 0.013
2972.59760 16.625 0.011
2974.59835 16.865 0.013
2976.54805 17.002 0.014
2978.57415 17.088 0.019
2980.59102 16.696 0.014
2982.53624 16.891 0.013
2984.62711 17.030 0.016
2986.63724 16.447 0.010
2988.52960 16.735 0.017
2991.60267 16.658 0.011
2994.58439 16.484 0.010
2997.55718 17.041 0.013
3001.57363 16.901 0.013
3005.53170 16.608 0.015
3008.55336 17.086 0.019
3008.55802 17.091 0.019
3011.56139 17.056 0.017
3016.58805 16.641 0.012
3018.57452 16.748 0.012
3020.60257 16.946 0.013
3021.61538 16.652 0.009
3023.57128 16.869 0.012
3025.56979 17.020 0.015
3027.60330 16.914 0.013
3029.57520 16.652 0.011
3031.57974 16.904 0.013
3033.58211 17.047 0.014
3037.52913 16.744 0.013
3164.92956 17.104 0.015
3183.91153 17.072 0.014
3193.87929 16.690 0.012
3195.93849 16.915 0.012
3197.91395 17.017 0.013
3201.87137 16.753 0.011
3203.87932 16.936 0.011
3206.81719 16.845 0.013
3210.89322 16.850 0.012
3211.88465 16.985 0.013
3215.66076 16.687 0.013
3216.72877 16.994 0.018
3217.92930 16.866 0.013
3218.91393 16.458 0.013
3223.83478 16.644 0.012
3226.82503 16.460 0.010
3229.83216 16.996 0.012
3231.81430 16.713 0.014
3239.79267 16.751 0.011
3240.78993 17.100 0.017
3241.81429 16.951 0.012
3242.71361 16.556 0.010
3243.85006 17.060 0.014
3244.82725 16.908 0.014
3245.77639 16.448 0.011
3246.76884 17.006 0.018
3247.76260 16.777 0.012
3249.72731 16.961 0.014
3251.74083 17.044 0.012
3254.72795 17.023 0.013
3257.74436 16.996 0.011
3259.66354 17.073 0.013
3261.70164 16.599 0.009
3263.68434 16.830 0.010
3265.71873 17.015 0.011
3267.70757 17.106 0.011
3269.78399 16.733 0.013
3270.74081 17.057 0.014
3271.66364 16.871 0.012
3272.72083 16.545 0.009
3274.70670 16.816 0.012
3276.71113 17.018 0.015
3277.74427 16.758 0.011
3279.67659 16.939 0.012
3281.64027 17.025 0.012
3283.64171 16.490 0.008
3287.60793 16.956 0.012
3289.61900 17.042 0.013
3293.59579 16.797 0.009
3295.61458 17.019 0.010
3297.59633 17.036 0.010
3299.65270 16.558 0.008
3301.62694 16.856 0.013
3303.68919 17.022 0.013
3306.62174 16.956 0.010
3308.60946 17.061 0.016
3310.60859 16.503 0.009
3312.65261 16.833 0.012
3314.56347 16.957 0.015
3320.60130 16.833 0.011
3327.55626 17.059 0.013
3330.55049 17.013 0.014
3335.59532 17.109 0.016
3338.59893 17.028 0.012
3349.59526 17.038 0.013
3353.57435 16.764 0.012
3359.55088 16.451 0.009
3363.55822 16.983 0.014
3367.61754 16.664 0.011
3372.54829 16.753 0.010
3376.52760 17.071 0.019
3378.59455 16.550 0.010
3386.56098 16.629 0.009
3390.57456 17.028 0.016
3398.55632 17.009 0.013
3402.54472 16.801 0.009
3528.93692 16.740 0.013
3541.92972 16.923 0.011
3547.91431 16.742 0.010
3554.92252 17.007 0.013
3560.94464 16.945 0.012
3564.90680 16.454 0.008
3568.83766 16.941 0.011
3570.77838 17.013 0.016
3571.80071 16.856 0.016
3573.83820 17.040 0.016
3574.87719 16.787 0.011
3577.83586 16.706 0.010
3578.89443 17.089 0.012
3579.79927 16.923 0.010
3581.84420 17.028 0.013
3581.86691 17.031 0.013
3582.82909 16.838 0.013
3583.83350 16.525 0.009
3586.80784 17.093 0.010
3588.82573 16.659 0.008
3589.81854 17.035 0.012
3591.87334 16.522 0.008
3593.81090 16.804 0.011
3596.89136 16.741 0.010
3601.80899 16.856 0.012
3607.81440 16.697 0.009
3614.78579 16.987 0.010
3617.76529 16.908 0.010
3619.69821 17.008 0.012
3621.71667 16.747 0.010
3624.86497 16.788 0.013
3626.71435 16.644 0.010
3629.66796 16.487 0.010
3631.73033 16.816 0.013
3633.69564 16.960 0.014
3637.64955 16.474 0.009
3639.69963 16.835 0.008
3641.69619 17.023 0.011
3643.72056 17.116 0.012
3646.65552 17.028 0.013
3650.65877 16.776 0.011
3650.68281 16.782 0.010
3651.73275 16.757 0.009
3653.72891 16.704 0.009
3655.69509 16.912 0.010
3657.64587 17.019 0.013
3658.65030 16.830 0.012
3659.63835 16.725 0.012
3660.66847 17.003 0.013
3663.55998 16.944 0.016
3665.63356 17.027 0.013
3668.57198 16.999 0.012
3669.67074 16.799 0.013
3671.62890 16.954 0.013
3673.67376 17.051 0.015
3675.65834 16.587 0.009
3683.64765 16.655 0.010
3685.65278 16.905 0.011
3687.65145 17.042 0.013
3689.59984 17.002 0.013
3692.57568 17.003 0.013
3694.55966 16.503 0.010
3696.56018 16.816 0.010
3698.59387 17.005 0.014
3700.57480 17.077 0.014
3702.58409 16.621 0.010
3704.59036 16.880 0.012
3706.61079 17.031 0.011
3708.58367 16.933 0.013
3711.59026 17.060 0.015
3714.52401 16.975 0.020
3718.60452 16.754 0.013
3721.55342 16.636 0.011
3724.56310 16.498 0.009
3726.58366 16.826 0.011
3728.55677 16.998 0.013
3734.56022 16.859 0.013
3737.57590 16.772 0.011
3742.53452 16.884 0.018
3746.55980 16.566 0.012
3751.53618 16.616 0.014
3756.55244 16.795 0.012
3761.60271 16.908 0.013
3766.52751 17.024 0.016
3772.55033 16.875 0.012
3776.55040 16.763 0.012
3871.87630 16.806 0.014
3901.93882 16.786 0.012
3906.93909 16.911 0.011
3913.91603 17.116 0.011
3918.87954 16.462 0.008
3931.91488 16.798 0.012
3934.85790 16.626 0.008
3936.86610 16.880 0.011
3938.85009 17.012 0.013
3944.89748 16.930 0.011
3946.86561 17.053 0.013
3951.88502 17.002 0.013
3955.85015 16.926 0.015
3958.82667 16.806 0.013
3960.82682 16.972 0.011
3963.82353 16.914 0.015
3965.81541 17.029 0.009
3967.83526 16.431 0.008
3969.80090 16.755 0.010
3971.77709 16.968 0.010
3974.77883 16.866 0.012
3979.73419 16.971 0.012
3980.61754 16.581 0.012
3981.64383 17.015 0.011
3983.83415 16.645 0.011
3986.69571 16.745 0.012
3987.66675 16.979 0.011
3990.79002 16.967 0.011
3993.73482 16.923 0.012
3995.74009 17.023 0.010
3999.74936 16.712 0.009
4002.72150 16.561 0.008
4004.67329 16.813 0.010
4006.69950 17.001 0.010
4007.56288 16.674 0.009
4008.57181 17.026 0.012
4009.73327 16.938 0.012
4013.69838 16.487 0.009
4015.68067 16.778 0.013
4015.69690 16.804 0.013
4018.69606 16.731 0.010
4019.68463 17.044 0.013
4021.67712 16.563 0.008
4024.65059 16.549 0.008
4026.62947 16.735 0.010
4028.62543 16.937 0.010
4030.63799 17.041 0.012
4032.69009 16.526 0.010
4037.66628 16.722 0.009
4039.60422 16.926 0.011
4041.60374 17.023 0.016
4043.58944 16.682 0.011
4046.59877 17.083 0.013
4048.56467 16.588 0.010
4050.60679 16.889 0.011
4052.55889 16.989 0.012
4054.61307 16.904 0.012
4056.58516 16.720 0.011
4058.61871 16.938 0.012
4060.51755 16.983 0.013
4064.51518 16.712 0.011
4066.55665 16.962 0.012
4069.51502 16.859 0.016
4073.59859 16.716 0.012
4077.52194 16.873 0.013
4079.52388 16.977 0.018
4082.52384 16.982 0.016
4085.56155 16.932 0.012
4092.55760 16.764 0.009
4096.58355 16.944 0.012
4100.58634 16.492 0.010
4105.55417 16.678 0.011
4108.53042 16.529 0.011
4113.60831 16.754 0.010
4120.57914 17.000 0.011
4126.57697 16.915 0.015
4252.92626 16.935 0.016
4255.84555 16.786 0.014
4268.89906 16.986 0.014
4275.92119 16.441 0.011
4279.79887 16.898 0.019
4282.80943 16.845 0.013
4283.86237 16.494 0.012
4285.91669 16.825 0.013
4291.93747 16.651 0.012
4292.85599 17.016 0.012
4295.86004 17.012 0.013
4296.88980 16.776 0.011
4297.92266 16.949 0.013
4299.85747 16.657 0.009
4300.87896 17.049 0.013
4301.89697 16.907 0.011
4302.91858 16.597 0.011
4306.86321 16.979 0.016
4307.89749 16.738 0.010
4308.65864 17.011 0.014
4308.86662 17.100 0.013
4310.83897 16.578 0.011
4311.82652 17.032 0.019
4312.90040 16.882 0.011
4314.91987 17.017 0.015
4316.82641 17.128 0.016
4319.86359 17.082 0.016
4320.89045 16.911 0.013
4326.83432 16.748 0.011
4327.81259 17.083 0.017
4328.82822 16.931 0.013
4329.83076 16.619 0.011
4330.85900 17.036 0.013
4333.86030 17.001 0.013
4338.90068 17.083 0.017
4340.77316 16.487 0.010
4341.76831 17.007 0.015
4342.82417 16.839 0.013
4343.76181 16.846 0.013
4344.74396 16.990 0.013
4345.78995 16.728 0.011
4347.77884 16.921 0.012
4349.79203 17.035 0.013
4351.72913 16.505 0.012
4353.75235 16.785 0.013
4357.70122 17.033 0.015
4359.69915 16.470 0.008
4361.70171 16.794 0.013
4362.72443 16.843 0.013
4364.58347 16.634 0.013
4367.68098 16.559 0.012
4370.67263 16.546 0.011
4372.73610 16.775 0.010
4376.65149 17.036 0.015
4378.61807 16.448 0.010
4379.64603 17.020 0.015
4380.75888 16.832 0.012
4382.68633 16.993 0.013
4386.66139 16.585 0.010
4388.66187 16.857 0.012
4390.67086 17.009 0.012
4393.64464 16.929 0.013
4395.67952 17.046 0.014
4398.64496 17.021 0.014
4400.66784 16.696 0.012
4403.69363 17.122 0.015
4407.63372 16.828 0.013
4408.67990 16.454 0.010
4410.70284 16.817 0.012
4415.68697 16.936 0.013
4418.59364 16.795 0.011
4422.65487 17.104 0.014
4424.65193 16.658 0.011
4427.53863 16.629 0.012
4429.56456 16.778 0.016
4431.56900 16.965 0.014
4433.57486 17.024 0.013
4435.56321 16.478 0.010
4437.65225 16.819 0.014
4439.56412 16.985 0.015
4441.59995 17.082 0.015
4443.59068 16.637 0.012
4449.64470 16.728 0.011
4451.59983 16.710 0.011
4453.58181 16.916 0.014
4456.58324 16.826 0.014
4459.53574 16.740 0.014
4464.57543 16.889 0.013
4465.54136 16.430 0.010
4470.56029 16.711 0.013
4474.59679 17.024 0.017
4476.57493 16.431 0.009
4479.59974 17.024 0.017
4481.58441 16.673 0.011
4484.60109 16.554 0.014
4487.62265 16.459 0.013
4609.89594 16.853 0.014
4643.88061 17.093 0.015
4649.93082 17.050 0.014
4661.89396 16.803 0.011
4662.77668 17.086 0.013
4662.89360 17.010 0.013
4663.74837 16.934 0.014
4663.93227 16.999 0.014
4665.82132 17.032 0.016
4665.91527 17.055 0.017
4666.90913 16.918 0.015
4670.90358 16.440 0.009
4671.81782 16.991 0.013
4672.87754 16.745 0.011
4675.89515 16.661 0.011
4681.87488 16.913 0.011
4683.87013 16.711 0.011
4685.85625 16.919 0.013
4688.80759 16.823 0.011
4690.73315 16.984 0.012
4691.73602 16.684 0.013
4693.89111 16.976 0.015
4696.84103 16.904 0.017
4698.75286 16.985 0.011
4699.74687 16.777 0.011
4700.78438 17.070 0.013
4701.78958 16.958 0.013
4702.84972 16.750 0.012
4703.74876 17.031 0.013
4704.76761 16.876 0.011
4705.77485 16.536 0.011
4707.76752 16.822 0.010
4708.83578 16.451 0.008
4710.75175 16.740 0.010
4716.75326 16.452 0.009
4719.74543 17.086 0.016
4721.73439 16.678 0.012
4724.76409 16.572 0.010
4726.65976 16.706 0.012
4729.67074 16.719 0.013
4731.76099 16.954 0.011
4734.74331 16.868 0.010
4736.70809 17.040 0.014
4739.64937 16.936 0.014
4741.72395 17.055 0.011
4747.59056 16.972 0.013
4749.59013 17.054 0.016
4753.65929 16.845 0.014
4755.65321 16.987 0.013
4757.63765 17.088 0.013
4759.65027 16.664 0.010
4761.62054 16.897 0.010
4763.63318 17.049 0.015
4766.60140 16.976 0.014
4769.63947 16.936 0.014
4771.55054 17.019 0.015
4773.67535 16.465 0.008
4775.66219 16.797 0.013
4777.59594 16.944 0.013
4779.63153 17.071 0.013
4781.58145 16.480 0.010
4783.56507 16.801 0.013
4785.59617 16.976 0.013
4789.53158 16.547 0.012
4790.61380 17.042 0.011
4791.61210 16.872 0.011
4793.51623 16.990 0.015
4795.53328 17.086 0.013
4797.52548 16.641 0.011
4798.58878 17.040 0.015
4800.63607 16.611 0.010
4803.52739 16.957 0.014
4804.57757 16.991 0.015
4806.58659 17.080 0.014
4808.54482 16.614 0.011
4808.61232 16.666 0.011
4810.55526 16.869 0.013
4813.59461 16.779 0.012
4815.57074 16.959 0.014
4817.58728 17.065 0.013
4819.58688 16.578 0.010
4821.62878 16.868 0.011
4823.58957 17.008 0.013
4825.61801 17.061 0.014
4832.59113 16.798 0.012
4835.57295 16.766 0.013
4839.59446 17.028 0.016
4842.56152 17.012 0.015
4844.57001 17.079 0.013
4847.62632 17.058 0.021
4849.58618 16.567 0.010
4853.58361 16.993 0.013
4856.57754 16.952 0.013
4865.55067 16.706 0.012
4936.91655 16.856 0.015
4940.89923 17.087 0.016
4940.90309 17.106 0.015
4953.89694 16.613 0.011
4954.88836 17.027 0.013
