 628.91633 18.368 0.047
 632.91661 18.416 0.044
 633.92112 18.342 0.035
 643.88499 18.402 0.035
 645.88847 18.194 0.035
 649.85778 17.888 0.032
 656.90356 18.388 0.031
 657.84475 18.409 0.042
 658.91639 18.041 0.031
 664.80776 17.962 0.026
 664.89629 18.094 0.030
 665.88325 18.216 0.029
 666.89380 18.397 0.030
 667.90462 18.428 0.036
 668.87522 18.030 0.022
 670.84085 18.216 0.034
 671.86338 18.401 0.027
 672.91689 18.349 0.027
 673.71915 18.439 0.044
 673.92087 17.920 0.022
 684.79591 18.103 0.029
 685.73447 18.190 0.025
 686.77688 18.449 0.035
 688.88172 17.988 0.025
 689.77170 18.062 0.023
 697.73772 18.421 0.031
 698.88373 18.046 0.034
 699.74023 18.094 0.023
 700.74884 18.270 0.035
 701.72128 18.361 0.035
 704.69356 18.088 0.043
 706.71732 18.418 0.056
 707.75330 18.411 0.055
 708.72082 17.873 0.038
 712.72117 18.386 0.035
 713.75890 17.947 0.023
 714.77428 18.192 0.029
 716.70789 18.422 0.030
 720.68347 18.260 0.036
 722.64874 18.461 0.039
 726.74087 18.486 0.032
 728.63963 17.887 0.022
 729.70656 18.204 0.029
 730.63067 18.312 0.043
 733.69267 17.987 0.031
 739.75760 18.282 0.044
 741.68419 18.488 0.035
 742.77461 17.880 0.030
 744.72649 18.261 0.034
 745.67775 18.389 0.031
 747.61663 18.364 0.039
 748.57818 17.861 0.027
 749.58588 18.183 0.048
 750.58042 18.328 0.038
 751.58754 18.420 0.046
 752.79013 18.014 0.032
 753.73074 18.143 0.027
 754.69732 18.301 0.040
 755.58636 18.370 0.044
 759.59239 18.208 0.032
 760.59877 18.428 0.035
 761.59572 18.477 0.036
 762.58632 18.507 0.058
 762.72082 17.962 0.034
 763.60531 18.057 0.032
 763.68592 18.149 0.032
 763.77458 18.228 0.052
 764.69250 18.396 0.065
 765.63661 18.380 0.051
 766.53283 18.456 0.067
 766.67343 18.325 0.044
 767.58190 18.432 0.061
 767.64061 17.857 0.036
 767.73531 18.061 0.044
 769.56486 18.244 0.038
 770.54247 18.391 0.043
 771.56719 18.492 0.047
 772.56589 18.390 0.042
 772.74713 18.059 0.031
 773.62775 18.108 0.030
 774.65781 18.335 0.036
 775.61010 18.425 0.035
 776.59934 18.485 0.044
 776.75195 17.946 0.032
 777.54403 18.400 0.043
 778.58184 18.163 0.046
 778.67277 18.252 0.050
 779.56220 18.350 0.055
 779.71697 18.378 0.044
 780.55423 18.534 0.065
 780.56618 18.372 0.043
 780.73515 18.434 0.048
 781.61685 18.351 0.038
 782.55139 18.031 0.035
 782.65107 18.057 0.040
 783.59722 18.161 0.026
 784.64270 18.361 0.035
 785.53909 18.417 0.040
 786.54531 18.448 0.036
 787.62697 18.002 0.032
 788.55521 18.164 0.027
 790.59477 18.425 0.039
 795.58266 18.489 0.046
 796.56991 18.400 0.073
 796.69730 17.899 0.040
 797.55076 17.910 0.029
 798.62018 18.277 0.035
 800.55534 18.471 0.035
 802.64699 18.105 0.038
 806.55309 18.481 0.043
 808.57136 18.286 0.047
 816.64762 17.974 0.027
 817.64287 18.189 0.039
 819.62204 18.404 0.034
 822.60840 18.176 0.032
 824.62840 18.429 0.055
 825.61611 18.467 0.056
 828.66145 18.380 0.046
 829.62807 18.475 0.048
 830.54556 18.356 0.065
 832.63492 18.273 0.039
 834.53715 18.497 0.065
 836.60259 18.044 0.039
 838.62146 18.357 0.046
 840.61440 18.310 0.044
 842.56999 18.148 0.032
 843.61668 18.462 0.043
 845.60088 18.192 0.027
 850.58950 18.028 0.035
 855.59426 17.938 0.042
 856.55901 18.225 0.058
 858.52693 18.391 0.066
 860.52866 18.364 0.055
 867.52486 18.278 0.055
 874.52364 18.434 0.048
 963.90712 18.330 0.038
 986.89351 18.110 0.035
 987.90573 18.371 0.042
 996.89237 18.176 0.031
 998.82470 18.407 0.047
1003.82676 18.473 0.056
1005.85097 17.954 0.034
1008.88396 18.553 0.073
1020.84720 18.102 0.030
1025.83286 18.074 0.034
1035.80057 18.093 0.029
1037.82766 18.439 0.046
1038.84580 18.322 0.042
1041.83402 18.346 0.032
1045.79836 18.176 0.031
1049.82723 18.003 0.029
1053.71856 18.430 0.038
1058.78659 18.450 0.052
1059.83225 18.053 0.035
1061.81869 18.495 0.047
1064.77513 17.995 0.032
1069.68854 17.878 0.026
1074.66974 18.009 0.029
1077.66421 18.435 0.031
1079.66623 17.939 0.029
1081.71342 18.398 0.032
1084.65239 17.928 0.023
1087.67180 18.450 0.036
1090.63980 18.180 0.042
1092.70385 18.424 0.044
1094.69966 18.105 0.032
1095.73012 18.344 0.044
1102.66898 18.392 0.034
1107.63716 18.460 0.034
1112.68030 18.342 0.040
1117.61885 18.377 0.036
1122.63322 18.400 0.040
1128.58324 17.871 0.030
1132.60919 18.381 0.032
1138.65429 18.012 0.026
1140.66269 18.438 0.038
1144.68929 18.261 0.038
1151.60060 18.520 0.046
1154.55769 18.220 0.042
1157.56743 18.458 0.046
1160.59221 18.347 0.042
1163.67064 18.177 0.036
1164.71623 18.361 0.039
1170.57118 18.375 0.036
1178.69372 18.247 0.067
1182.69217 18.184 0.038
1185.63491 18.497 0.040
1187.67141 18.117 0.034
1190.54083 18.392 0.043
1202.61648 18.137 0.035
1208.58699 18.327 0.052
1211.58939 17.922 0.036
1216.57736 17.913 0.032
1219.58179 18.428 0.058
1228.53277 18.365 0.048
1234.52821 18.446 0.063
1235.52678 18.423 0.062
1329.81922 18.316 0.059
1330.92835 18.426 0.052
1335.89953 18.397 0.051
1341.93361 18.044 0.031
1347.93127 18.320 0.047
1349.92664 18.476 0.054
1355.91949 17.927 0.038
1366.87570 18.146 0.034
1367.89771 18.284 0.051
1369.89060 18.387 0.046
1374.88448 18.442 0.054
1395.85073 18.047 0.032
1397.87351 18.380 0.044
1401.88792 18.238 0.032
1402.88562 18.420 0.036
1407.89601 18.424 0.042
1412.79467 18.408 0.047
1418.76860 18.470 0.047
1432.79112 18.441 0.036
1435.71681 18.043 0.034
1439.81459 18.033 0.025
1442.77899 18.367 0.031
1447.70790 18.336 0.059
1451.69858 18.298 0.038
1454.69686 17.780 0.026
1460.64098 18.110 0.036
1462.66487 18.444 0.050
1470.61611 18.117 0.040
1475.66390 18.210 0.036
1478.59009 18.337 0.040
1480.69848 18.247 0.039
1484.60489 17.979 0.031
1487.56404 18.442 0.051
1489.58740 17.964 0.026
1491.64954 18.444 0.048
1494.69756 18.174 0.038
1495.55062 18.142 0.032
1499.52280 17.934 0.038
1502.60768 18.451 0.050
1506.60272 18.405 0.058
1509.58628 18.059 0.029
1514.66262 18.186 0.043
1517.57932 18.344 0.039
1520.62216 18.349 0.039
1522.65086 18.519 0.065
1525.54648 18.326 0.044
1528.64442 18.039 0.029
1544.57719 18.197 0.032
1546.63364 18.404 0.039
1551.59567 18.438 0.038
1555.57385 18.365 0.055
1562.60806 17.993 0.042
1568.58152 18.230 0.040
1573.57652 18.110 0.040
1579.56009 18.344 0.040
1581.58736 18.328 0.036
1584.57220 18.341 0.043
1586.58329 18.039 0.029
1588.55680 18.297 0.074
1592.57992 18.135 0.048
1597.55542 18.095 0.034
1602.55259 18.155 0.042
1607.54279 18.156 0.043
1706.91296 18.001 0.044
1726.94560 18.011 0.048
1730.92910 18.422 0.039
1738.88014 18.373 0.044
1740.88785 18.372 0.054
1744.90471 18.463 0.052
1745.89786 18.043 0.031
1749.87849 18.420 0.032
1750.88179 17.981 0.029
1751.86234 18.128 0.029
1752.85469 18.238 0.040
1753.85549 18.431 0.043
1754.85142 18.502 0.050
1755.84769 18.116 0.050
1756.87739 18.181 0.063
1757.82643 18.232 0.046
1758.83101 18.490 0.043
1759.84413 18.445 0.040
1761.86027 18.154 0.034
1762.84267 18.248 0.039
1763.84822 18.418 0.035
1764.83795 18.416 0.034
1765.83430 17.911 0.031
1766.80803 18.084 0.038
1768.82182 18.459 0.055
1769.73700 18.443 0.043
1773.79795 18.252 0.034
1775.80947 17.871 0.025
1785.78649 17.929 0.021
1788.82164 18.524 0.056
1789.75431 18.381 0.027
1803.85793 18.343 0.038
1809.78164 18.150 0.023
1812.75553 18.446 0.036
1815.81195 18.165 0.031
1821.70853 18.200 0.035
1823.77784 18.366 0.031
1829.70291 18.000 0.032
1830.76990 18.156 0.039
1864.71425 18.051 0.030
1865.72025 18.200 0.031
1873.69282 17.950 0.029
2086.92886 18.019 0.030
2104.86099 18.465 0.032
2106.92089 17.956 0.026
2113.84132 18.259 0.035
2114.85557 18.499 0.046
2115.91948 18.482 0.048
2116.90195 17.997 0.027
2117.90764 18.215 0.032
2123.85186 18.364 0.035
2128.85517 18.381 0.046
2129.88733 18.492 0.038
2130.83621 18.444 0.043
2131.82971 17.970 0.026
2132.83589 18.186 0.032
2133.92450 18.580 0.063
2134.84083 18.454 0.043
2135.87602 18.113 0.027
2136.87654 18.063 0.035
2137.91916 18.363 0.051
2140.84509 18.273 0.039
2142.89135 18.277 0.034
2143.85211 18.404 0.036
2144.81687 18.484 0.029
2156.85506 18.091 0.030
2160.78480 17.987 0.029
2162.79136 18.312 0.030
2165.77517 17.957 0.027
2166.78614 18.123 0.025
2167.75693 18.270 0.030
2168.74346 18.444 0.035
2171.76949 18.116 0.025
2172.77606 18.344 0.031
2173.73818 18.376 0.032
2177.66980 18.236 0.034
2185.69466 17.906 0.031
2187.67723 18.248 0.042
2190.72123 17.942 0.025
2192.69079 18.287 0.023
2193.71178 18.453 0.027
2194.68300 18.357 0.030
2200.69548 17.958 0.025
2201.74914 18.217 0.025
2206.63497 18.200 0.042
2211.67361 18.222 0.035
2213.68366 18.517 0.050
2214.67003 18.489 0.054
2215.68533 18.076 0.030
2217.66297 18.431 0.048
2222.75538 18.465 0.042
2225.62463 18.047 0.023
2226.67098 18.273 0.038
2228.58638 18.427 0.040
2230.52369 17.893 0.031
2232.53742 18.293 0.035
2234.57950 18.490 0.032
2236.56900 18.191 0.029
2238.57439 18.474 0.040
2241.56118 18.192 0.032
2243.59947 18.405 0.036
2248.64388 18.421 0.032
2250.62205 18.185 0.027
2253.60092 18.332 0.032
2256.58005 18.293 0.035
2258.62050 18.538 0.031
2265.63776 18.208 0.030
2270.59595 18.218 0.029
2272.59401 18.479 0.039
2274.57785 18.044 0.032
2276.54537 18.417 0.044
2280.55795 18.210 0.040
2285.59640 18.304 0.034
2289.59333 18.062 0.025
2291.59403 18.487 0.035
2293.59472 17.899 0.025
2295.59103 18.309 0.034
2297.59420 18.377 0.035
2299.59068 18.258 0.039
2301.58335 18.453 0.048
2466.86683 18.353 0.043
2467.93072 18.066 0.031
2469.92999 18.389 0.030
2471.91956 18.220 0.031
2472.90961 18.112 0.022
2473.93580 18.264 0.030
2481.89505 17.948 0.030
2483.91870 18.236 0.026
2486.91885 17.867 0.030
2488.93421 18.332 0.044
2490.79641 18.530 0.056
2492.93310 18.174 0.032
2496.93290 18.017 0.026
2498.80420 18.262 0.029
2499.88914 18.446 0.032
2500.89760 18.464 0.039
2501.88433 17.937 0.023
2502.86450 18.163 0.032
2508.77508 18.215 0.055
2516.80655 17.942 0.027
2517.85331 18.188 0.034
2518.82568 18.343 0.039
2519.82390 18.455 0.034
2520.82208 18.500 0.036
2521.81525 17.985 0.023
2524.81379 18.477 0.044
2529.80381 18.490 0.034
2534.86444 18.429 0.044
2535.80207 18.406 0.039
2537.73215 18.175 0.039
2538.83240 18.453 0.047
2539.72960 18.400 0.038
2540.77289 18.353 0.043
2541.74148 17.984 0.025
2542.71127 18.174 0.027
2544.69203 18.495 0.034
2545.70475 18.430 0.031
2547.72272 18.209 0.029
2548.74151 18.401 0.035
2550.73679 18.379 0.036
2551.72333 18.084 0.026
2552.73930 18.291 0.029
2553.68009 18.444 0.042
2554.73244 18.468 0.032
2555.74034 18.047 0.023
2556.71945 18.089 0.026
2557.73198 18.248 0.025
2558.68842 18.431 0.035
2559.64543 18.429 0.038
2560.67844 18.493 0.034
2561.72406 18.107 0.034
2562.69674 18.282 0.034
2563.70472 18.432 0.036
2564.72111 18.442 0.039
2565.71626 17.832 0.025
2566.69121 18.123 0.029
2568.76763 18.471 0.048
2571.67761 18.114 0.030
2572.75211 18.428 0.046
2573.69019 18.460 0.048
2574.67015 18.432 0.031
2576.70488 18.121 0.030
2577.66993 18.298 0.042
2578.65746 18.386 0.038
2579.66798 18.438 0.043
2580.67609 17.921 0.025
2583.64815 18.496 0.047
2584.65460 18.431 0.035
2586.65580 18.116 0.027
2587.63846 18.292 0.034
2589.62933 18.395 0.035
2590.64610 17.927 0.025
2591.67228 18.165 0.032
2593.63553 18.411 0.035
2594.64157 18.402 0.043
2596.61520 18.161 0.035
2597.60238 18.296 0.038
2598.68256 18.458 0.046
2599.63663 18.381 0.044
2607.65672 18.393 0.042
2610.57807 17.950 0.030
2613.57185 18.533 0.046
2615.60230 18.067 0.027
2619.58677 18.464 0.044
2621.59592 18.259 0.036
2625.57850 18.075 0.036
2627.54918 18.471 0.056
2630.56300 18.096 0.036
2635.57671 18.118 0.030
2640.54192 18.079 0.031
2642.58165 18.420 0.048
2646.59303 18.336 0.038
2651.56770 18.335 0.048
2654.59519 18.015 0.034
2657.54718 18.492 0.055
2661.55321 18.316 0.026
2664.58415 18.043 0.040
2667.54294 18.458 0.042
2668.57008 18.346 0.054
2672.56209 18.452 0.048
2676.55227 18.446 0.038
2679.56698 18.076 0.030
2683.54595 17.859 0.036
2777.93270 18.474 0.058
2804.86124 18.062 0.040
2805.87853 18.291 0.062
2811.93365 18.459 0.055
2815.90734 18.401 0.035
2825.93921 18.515 0.052
2830.84647 18.304 0.035
2831.81612 18.519 0.048
2832.78917 18.385 0.038
2833.89466 18.108 0.038
2834.94529 18.199 0.034
2836.90362 18.505 0.077
2838.84669 18.144 0.036
2840.85436 18.497 0.036
2843.85571 18.115 0.025
2844.90142 18.367 0.034
2845.94844 18.406 0.081
2849.88495 18.312 0.036
2850.91770 18.470 0.042
2852.84632 17.886 0.032
2854.85766 18.330 0.040
2857.86504 17.971 0.026
2858.93865 18.268 0.035
2860.90462 18.467 0.031
2861.77610 18.448 0.032
2862.89947 18.084 0.032
2863.86415 18.153 0.044
2865.82384 18.482 0.038
2867.81326 17.945 0.021
2868.81686 18.167 0.026
2869.80338 18.322 0.031
2870.84495 18.473 0.034
2871.88802 17.940 0.023
2872.84482 18.084 0.023
2875.83572 18.480 0.040
2876.80514 18.498 0.034
2879.73164 18.345 0.027
2883.85489 18.274 0.026
2885.79021 18.463 0.026
2890.72108 18.467 0.054
2893.77254 18.205 0.027
2895.82175 18.358 0.030
2897.72529 18.026 0.026
2899.76292 18.393 0.029
2903.78198 18.274 0.019
2906.73098 17.961 0.021
2908.70798 18.245 0.030
2910.70286 18.410 0.036
2912.70819 18.114 0.023
2916.72094 17.873 0.019
2918.69783 18.231 0.031
2922.69781 18.112 0.031
2924.63875 18.436 0.032
2926.63279 18.206 0.034
2929.69399 18.420 0.039
2931.66993 17.892 0.019
2933.68036 18.326 0.023
2935.64470 18.360 0.039
2937.67029 18.201 0.042
2939.68575 18.503 0.038
2940.66292 18.424 0.026
2941.63818 17.916 0.018
2942.66298 18.172 0.030
2943.63433 18.314 0.035
2944.61869 18.383 0.039
2946.61344 17.954 0.029
2947.64506 18.169 0.032
2949.62608 18.464 0.035
2950.57761 18.340 0.032
2951.65822 18.076 0.030
2953.60616 18.318 0.034
2955.59124 18.400 0.048
2957.60486 18.168 0.026
2962.65913 18.196 0.030
2965.66180 17.875 0.022
2968.62413 18.369 0.039
2970.64294 17.874 0.022
2972.64756 18.332 0.036
2975.55560 18.542 0.039
2977.65141 18.278 0.039
2979.59130 18.504 0.046
2981.63858 18.066 0.052
2983.57209 18.472 0.055
2986.58867 18.160 0.027
2988.56065 18.381 0.034
2991.59046 18.159 0.027
2994.57533 18.350 0.035
2997.58793 18.269 0.031
3000.57995 17.962 0.025
3003.56193 18.450 0.042
3006.54920 18.196 0.029
3009.54449 18.431 0.047
3013.54686 18.458 0.039
3015.58212 18.076 0.026
3018.55923 18.493 0.048
3020.59494 18.114 0.025
3022.54859 18.523 0.052
3024.54762 18.123 0.034
3025.60720 18.103 0.027
3027.63269 18.451 0.034
3029.60438 17.941 0.029
3031.60918 18.360 0.034
3034.53942 17.853 0.021
3037.55858 18.449 0.048
3179.92091 18.129 0.023
3183.94060 17.909 0.030
3193.90852 17.969 0.022
3196.88062 18.419 0.046
3197.94302 18.390 0.046
3202.86851 18.420 0.032
3203.90859 18.018 0.019
3206.84640 18.378 0.034
3210.92241 18.469 0.035
3211.87698 18.420 0.035
3215.81219 18.423 0.055
3216.75805 18.542 0.059
3217.80803 18.511 0.051
3223.86416 18.087 0.030
3228.78286 18.044 0.030
3229.86467 18.295 0.026
3231.84617 18.438 0.050
3238.78305 18.084 0.030
3239.82662 18.290 0.030
3240.81932 18.382 0.039
3241.80280 18.322 0.031
3242.74678 18.366 0.042
3243.87940 18.141 0.035
3244.85797 18.375 0.044
3245.80573 18.456 0.046
3246.79849 18.446 0.046
3247.80684 17.949 0.030
3249.75715 18.249 0.036
3251.77075 18.440 0.029
3254.75846 18.299 0.025
3257.78272 17.928 0.018
3259.69544 18.289 0.029
3261.73149 18.420 0.029
3263.72872 18.113 0.021
3265.75008 18.427 0.036
3267.73686 17.898 0.021
3270.69029 18.533 0.043
3271.69317 18.390 0.042
3273.65150 18.120 0.039
3275.64635 18.374 0.051
3276.74078 18.488 0.048
3277.77942 18.120 0.032
3279.71102 18.331 0.029
3281.66962 18.315 0.026
3283.67130 18.146 0.019
3287.63743 17.844 0.022
3289.65237 18.280 0.025
3291.59046 18.453 0.043
3293.62596 18.112 0.026
3295.64387 18.510 0.023
3298.58178 18.132 0.026
3300.58406 18.459 0.043
3302.56103 17.857 0.025
3305.66111 18.498 0.038
3307.57337 17.963 0.035
3309.59841 18.354 0.030
3311.55003 18.436 0.038
3314.59300 18.384 0.046
3320.63081 18.420 0.030
3323.57823 18.153 0.025
3327.58576 18.126 0.023
3330.58126 18.480 0.044
3335.62523 18.400 0.040
3338.57091 18.333 0.032
3350.54522 18.404 0.030
3353.60382 18.394 0.027
3359.58568 18.438 0.032
3363.58771 18.401 0.040
3367.64734 18.369 0.043
3372.58082 18.229 0.027
3376.55696 18.126 0.025
3380.54334 17.865 0.027
3386.59028 18.138 0.022
3395.53809 18.025 0.036
3398.58578 18.555 0.055
3402.58303 18.415 0.031
3543.89658 18.509 0.048
3551.92011 18.413 0.035
3558.90365 18.133 0.022
3562.89076 18.476 0.029
3568.88187 17.930 0.021
3570.84292 18.194 0.040
3571.83383 18.439 0.046
3573.87955 17.858 0.031
3575.83531 18.305 0.027
3577.89168 18.361 0.035
3578.92775 17.991 0.022
3579.83277 18.080 0.021
3581.90186 18.443 0.036
3582.85814 18.257 0.030
3583.86838 17.891 0.019
3585.88952 18.376 0.025
3586.84166 18.411 0.023
3588.85993 17.914 0.021
3590.81599 18.315 0.023
3592.78075 18.429 0.023
3594.82024 18.133 0.023
3600.90602 18.510 0.082
3602.76459 18.458 0.044
3607.84838 18.338 0.029
3614.82059 18.211 0.019
3617.80437 18.325 0.026
3619.78250 18.238 0.022
3621.77498 18.442 0.027
3630.65377 18.267 0.042
3632.65108 18.288 0.048
3634.72398 18.253 0.026
3637.68279 18.483 0.036
3639.73273 18.244 0.019
3641.72950 18.417 0.036
3643.82794 18.216 0.036
3644.76859 18.290 0.022
3646.69964 18.464 0.036
3650.72085 18.448 0.032
3652.65597 18.309 0.025
3654.63430 18.232 0.025
3656.65798 18.396 0.030
3657.71569 17.925 0.022
3658.69298 18.154 0.029
3659.67331 18.371 0.047
3661.62201 18.484 0.047
3663.64496 18.159 0.032
3665.67727 18.444 0.036
3668.62641 18.082 0.026
3670.57713 18.524 0.046
3672.61658 17.864 0.023
3674.67542 18.434 0.029
3676.61585 18.328 0.029
3682.59255 17.810 0.025
3684.58548 18.310 0.026
3686.57536 18.345 0.032
3688.54843 18.130 0.027
3690.55431 18.434 0.040
3692.60689 17.966 0.025
3694.59344 18.323 0.032
3696.58957 18.484 0.029
3698.62818 18.266 0.040
3700.63333 18.407 0.034
3702.62424 18.064 0.025
3704.62477 18.442 0.031
3706.63964 17.848 0.018
3708.62106 18.322 0.035
3712.57756 18.073 0.023
3714.58024 18.429 0.034
3718.56370 18.257 0.031
3721.59590 17.862 0.026
3725.62476 18.456 0.031
3730.54901 18.386 0.025
3734.61972 18.456 0.029
3738.57175 18.372 0.038
3742.56894 18.265 0.036
3747.56968 18.297 0.043
3751.57748 18.111 0.039
3762.55545 18.301 0.048
3766.56068 18.153 0.026
3772.58746 18.347 0.030
3777.53478 18.341 0.040
3871.90682 18.161 0.042
3902.92716 18.408 0.038
3907.92195 18.428 0.038
3913.94752 18.409 0.034
3918.91736 18.377 0.029
3932.86852 18.484 0.038
3934.88688 17.962 0.021
3936.89519 18.335 0.030
3938.87926 18.416 0.034
3945.88616 18.218 0.023
3950.83105 18.165 0.026
3957.78658 18.515 0.056
3959.77600 17.926 0.026
3961.77017 18.272 0.039
3964.77840 17.995 0.017
3966.77066 18.371 0.026
3968.76436 18.474 0.030
3970.75601 18.161 0.019
3973.72534 18.422 0.034
3975.73760 18.203 0.027
3980.67286 18.156 0.030
3981.67260 18.345 0.027
3982.73693 18.405 0.047
3986.71028 18.396 0.035
3991.73950 18.420 0.039
3994.65190 18.085 0.027
3998.68230 18.075 0.032
4001.65311 18.384 0.026
4003.62454 18.513 0.032
4004.70432 18.146 0.022
4005.69850 18.281 0.025
4007.59176 18.532 0.034
4008.60065 18.514 0.026
4011.65112 18.475 0.032
4014.63354 18.117 0.034
4016.63035 18.451 0.039
4018.62675 17.821 0.021
4020.63020 18.244 0.035
4023.61607 17.874 0.025
4025.61641 18.299 0.030
4027.60452 18.368 0.031
4029.58684 18.140 0.026
4031.57393 18.451 0.030
4033.66816 18.068 0.026
4038.56335 17.937 0.026
4040.54361 18.274 0.035
4042.57152 18.412 0.036
4046.62763 18.388 0.046
4049.53950 18.107 0.023
4051.58914 18.511 0.038
4053.63652 18.061 0.021
4055.52920 18.433 0.046
4057.60456 17.938 0.027
4059.60298 18.280 0.027
4063.54979 18.045 0.025
4065.60009 18.436 0.029
4067.59093 17.886 0.021
4069.54378 18.228 0.031
4071.55461 18.412 0.034
4074.55072 18.244 0.034
4077.55245 17.920 0.022
4079.55264 18.261 0.032
4082.55395 17.872 0.021
4085.63130 18.490 0.044
4092.58677 18.091 0.019
4097.62930 18.132 0.035
4100.62076 18.366 0.035
4105.58477 18.551 0.038
4111.62120 17.921 0.019
4115.54066 18.356 0.035
4120.57159 18.480 0.034
4124.58863 18.407 0.032
4128.60700 18.437 0.036
4253.87645 18.476 0.069
4255.87472 18.414 0.044
4268.93305 18.450 0.036
4275.94799 17.997 0.032
4279.84483 18.360 0.048
4282.83623 18.292 0.035
4283.85527 18.384 0.047
4284.88571 18.533 0.054
4289.86032 18.520 0.042
4292.89358 18.387 0.031
4295.88706 18.094 0.026
4296.91754 18.291 0.023
4297.94949 18.587 0.066
4299.88435 18.099 0.021
4300.90609 18.096 0.023
4301.92463 18.285 0.027
4302.94653 18.427 0.048
4306.94324 18.412 0.051
4307.85783 18.422 0.029
4308.68603 18.397 0.034
4308.89396 18.360 0.032
4310.86610 18.156 0.031
4311.86598 18.404 0.056
4312.92813 18.519 0.032
4316.85511 18.254 0.035
4320.88244 18.205 0.034
4326.86466 18.414 0.042
4327.88694 18.479 0.054
4328.85696 18.452 0.040
4329.85769 17.976 0.029
4330.88763 18.200 0.031
4332.90380 18.472 0.043
4334.88084 18.020 0.032
4339.87743 18.083 0.036
4340.80413 18.179 0.031
4341.79696 18.352 0.040
4342.87120 18.405 0.038
4343.79056 18.446 0.039
4344.77263 17.960 0.025
4346.72889 18.316 0.035
4348.73472 18.370 0.032
4350.71139 18.140 0.023
4353.66950 18.403 0.039
4354.79087 18.056 0.026
4359.72850 17.991 0.027
4362.67613 18.444 0.054
4363.63544 18.430 0.038
4365.69381 18.221 0.043
4369.68775 18.001 0.035
4371.67675 18.396 0.044
4376.68020 18.430 0.038
4378.64686 18.499 0.040
4379.67813 18.098 0.034
4381.63727 18.371 0.047
4382.71584 18.392 0.032
4386.69009 18.462 0.034
4388.69084 17.909 0.025
4390.69965 18.336 0.029
4393.69415 17.884 0.025
4396.66875 18.484 0.042
4398.67374 17.899 0.027
4400.69824 18.328 0.035
4404.67526 18.136 0.036
4407.66312 18.440 0.040
4410.69303 18.407 0.035
4415.67937 18.414 0.034
4418.62491 17.974 0.022
4421.68272 18.478 0.035
4423.68716 18.098 0.029
4426.56336 18.444 0.046
4428.58005 18.004 0.036
4430.64021 18.481 0.044
4432.62615 18.332 0.031
4434.63138 18.225 0.029
4436.60773 18.478 0.035
4438.67037 18.104 0.038
4442.56500 18.496 0.051
4444.58976 18.233 0.047
4450.62223 18.477 0.052
4452.59974 17.866 0.026
4454.53681 18.268 0.039
4455.60889 18.490 0.040
4457.54444 17.975 0.032
4459.56451 18.263 0.043
4462.59595 17.938 0.026
4466.62009 18.459 0.044
4471.55474 18.443 0.042
4475.54881 18.426 0.035
4480.58984 18.522 0.044
4482.59678 18.097 0.040
4485.60664 18.498 0.056
4488.60208 18.383 0.052
4609.92442 18.412 0.040
4643.90859 18.474 0.044
4650.94747 17.962 0.031
4655.92692 17.929 0.022
4662.80529 18.236 0.026
4662.92211 18.370 0.027
4663.77690 18.466 0.046
4663.92474 18.424 0.047
4665.85001 17.881 0.029
4665.94382 18.128 0.038
4666.94299 18.207 0.040
4670.93211 18.011 0.026
4671.90202 18.176 0.031
4676.93232 18.335 0.047
4677.84795 18.361 0.027
4682.82234 18.344 0.034
4684.86024 18.447 0.038
4686.82021 18.187 0.022
4688.83616 18.451 0.030
4690.76180 17.896 0.019
4691.76483 18.118 0.030
4693.91978 18.465 0.056
4696.91654 18.267 0.050
4697.83195 18.424 0.051
4698.78154 18.449 0.025
4699.77568 18.507 0.036
4700.81039 18.061 0.023
4701.81829 18.251 0.031
4703.77751 18.383 0.034
4704.79624 18.205 0.023
4705.80375 18.102 0.029
4707.79617 18.401 0.029
4709.75197 18.463 0.035
4710.78053 18.143 0.026
4715.76054 18.142 0.031
4716.84376 18.375 0.027
4717.71370 18.460 0.036
4719.80110 17.930 0.027
4721.79398 18.379 0.038
4724.67650 18.461 0.044
4725.75601 18.138 0.027
4728.76153 18.314 0.031
4733.73816 18.371 0.030
4740.67973 18.109 0.029
4741.71508 18.318 0.025
4747.61931 18.442 0.035
4749.61897 17.970 0.030
4753.68996 18.425 0.056
4755.68198 18.189 0.030
4757.66644 18.484 0.034
4759.68115 17.997 0.019
4761.64956 18.350 0.025
4763.66680 18.457 0.042
4767.60768 18.498 0.042
4770.67628 18.243 0.042
4772.61399 18.431 0.031
4774.56856 17.924 0.026
4776.56013 18.341 0.034
4777.66209 18.471 0.035
4780.53078 18.194 0.032
4781.64473 18.496 0.038
4783.59386 18.413 0.040
4785.62927 18.341 0.046
4789.56033 18.043 0.023
4791.54190 18.361 0.040
4793.54926 18.467 0.044
4795.56197 18.260 0.027
4797.55423 18.455 0.036
4798.61755 17.870 0.025
4800.66494 18.294 0.031
4802.57402 18.410 0.034
4803.55605 17.974 0.025
4804.61115 18.125 0.038
4805.53878 18.244 0.032
4805.59798 18.334 0.032
4806.58287 18.449 0.039
4806.62294 18.399 0.040
4807.53582 18.504 0.059
4807.60948 18.394 0.048
4808.57861 17.934 0.026
4808.62014 17.958 0.026
4809.56515 18.135 0.030
4809.63423 18.173 0.029
4810.54278 18.243 0.036
4811.58703 18.481 0.042
4812.62761 18.482 0.059
4813.56398 17.932 0.029
4815.59989 18.292 0.039
4816.54697 18.560 0.042
4818.59723 18.030 0.029
4820.53874 18.306 0.034
4822.59545 18.462 0.035
4824.58028 18.190 0.034
4826.63995 18.457 0.035
4833.57937 18.107 0.026
4835.60259 18.444 0.040
4837.61352 17.849 0.032
4841.58992 18.457 0.046
4843.58411 18.118 0.038
4844.53978 18.250 0.032
4846.59322 18.352 0.035
4847.54394 17.909 0.032
4848.62944 18.228 0.029
4849.54099 18.295 0.039
4849.64449 18.376 0.038
4850.58423 18.441 0.040
4850.61693 18.469 0.040
4850.64737 18.466 0.039
4854.60822 18.401 0.034
4856.62540 18.398 0.032
4862.57329 18.025 0.023
4868.56364 18.252 0.032
4948.92118 18.098 0.034
