 466.54168 15.596 0.005
 466.55078 15.603 0.005
 466.55703 15.612 0.005
 466.56602 15.592 0.005
 466.57226 15.595 0.005
 466.59661 15.580 0.005
 466.60287 15.593 0.005
 466.62615 15.555 0.005
 466.63241 15.586 0.005
 467.54400 15.590 0.005
 467.55028 15.581 0.005
 467.57348 15.573 0.005
 467.57973 15.589 0.005
 467.60296 15.588 0.005
 467.60919 15.581 0.005
 467.63245 15.579 0.005
 467.63871 15.583 0.005
 469.55337 15.693 0.005
 469.55966 15.693 0.005
 469.59199 15.682 0.005
 469.59826 15.677 0.005
 469.62364 15.681 0.005
 469.62989 15.691 0.005
 471.60591 15.576 0.005
 471.61219 15.583 0.005
 471.62115 15.581 0.005
 471.62740 15.586 0.005
 472.53807 15.583 0.005
 472.54436 15.590 0.005
 472.55285 15.591 0.005
 472.55910 15.586 0.005
 472.56751 15.584 0.005
 472.57377 15.581 0.005
 472.58214 15.585 0.005
 472.58841 15.592 0.005
 622.88434 15.624 0.005
 624.91092 15.678 0.006
 624.91749 15.672 0.005
 625.89837 15.566 0.005
 626.86987 15.577 0.005
 627.85611 15.635 0.006
 628.89719 15.693 0.005
 628.90377 15.688 0.005
 629.89499 15.662 0.006
 629.90155 15.664 0.005
 631.92595 15.588 0.006
 631.93251 15.594 0.006
 632.86647 15.635 0.005
 632.87304 15.644 0.005
 633.90190 15.697 0.005
 633.90848 15.697 0.005
 635.89675 15.551 0.005
 635.90331 15.563 0.005
 643.86576 15.699 0.006
 643.87234 15.697 0.005
 645.83746 15.564 0.005
 645.84405 15.569 0.005
 647.79520 15.673 0.007
 647.80178 15.664 0.007
 649.79260 15.595 0.006
 649.79916 15.595 0.006
 652.83979 15.673 0.005
 656.85295 15.644 0.005
 656.85953 15.638 0.005
 657.82521 15.696 0.006
 658.86551 15.661 0.007
 658.87209 15.653 0.006
 663.77179 15.652 0.006
 663.77838 15.654 0.006
 664.87672 15.564 0.005
 664.88331 15.564 0.005
 665.82398 15.593 0.005
 665.83056 15.590 0.005
 666.83453 15.657 0.005
 666.84112 15.652 0.005
 667.85377 15.704 0.005
 667.86036 15.700 0.005
 668.82460 15.623 0.005
 668.83116 15.628 0.005
 670.79016 15.609 0.005
 670.79672 15.612 0.005
 671.81220 15.664 0.005
 671.81878 15.671 0.005
 672.81774 15.707 0.005
 672.82433 15.706 0.005
 673.78511 15.611 0.005
 684.74550 15.588 0.005
 684.75210 15.572 0.005
 685.80036 15.629 0.005
 685.80696 15.620 0.006
 686.70164 15.686 0.006
 686.70824 15.676 0.005
 687.78299 15.662 0.005
 687.78959 15.657 0.005
 688.72501 15.567 0.005
 688.73160 15.568 0.005
 689.75217 15.589 0.005
 689.75877 15.598 0.005
 697.71832 15.631 0.005
 697.72492 15.621 0.006
 698.78943 15.568 0.005
 698.79601 15.570 0.005
 699.68844 15.607 0.005
 700.72922 15.665 0.005
 700.73582 15.662 0.005
 701.70145 15.712 0.006
 701.70803 15.700 0.006
 704.72944 15.619 0.005
 704.73606 15.620 0.006
 706.69510 15.719 0.007
 707.73267 15.590 0.006
 707.73928 15.596 0.006
 708.75682 15.585 0.005
 708.76343 15.582 0.005
 712.75737 15.567 0.006
 712.76399 15.575 0.005
 713.73874 15.584 0.005
 713.74535 15.593 0.005
 714.75371 15.639 0.005
 714.76031 15.654 0.006
 715.71927 15.693 0.006
 715.72588 15.690 0.005
 716.68735 15.666 0.005
 716.69395 15.681 0.007
 726.66996 15.627 0.005
 726.69415 15.626 0.005
 728.68067 15.608 0.005
 728.68728 15.605 0.005
 729.68283 15.667 0.005
 730.66719 15.703 0.005
 730.67382 15.695 0.005
 733.63367 15.610 0.006
 733.64027 15.623 0.006
 739.65362 15.688 0.006
 739.66026 15.677 0.006
 741.61943 15.579 0.005
 742.59569 15.581 0.005
 742.60231 15.580 0.006
 744.64280 15.690 0.005
 744.64940 15.689 0.005
 745.59372 15.671 0.005
 745.60035 15.677 0.007
 746.78451 15.567 0.005
 746.79112 15.554 0.005
 747.65503 15.591 0.005
 747.66166 15.602 0.007
 748.61680 15.646 0.005
 748.62337 15.655 0.005
 749.62215 15.716 0.006
 749.62876 15.697 0.006
 750.61599 15.645 0.005
 750.62259 15.643 0.007
 751.62441 15.562 0.005
 752.73881 15.613 0.006
 752.74544 15.607 0.005
 753.67445 15.666 0.006
 753.68107 15.664 0.005
 759.63232 15.704 0.005
 759.63895 15.704 0.005
 760.65798 15.596 0.005
 760.66459 15.602 0.005
 761.63402 15.565 0.005
 761.64066 15.579 0.005
 761.73927 15.574 0.005
 761.74590 15.580 0.005
 762.62539 15.628 0.006
 762.63202 15.626 0.005
 762.65495 15.628 0.006
 762.66156 15.619 0.006
 763.64162 15.676 0.006
 763.64822 15.672 0.005
 763.75236 15.692 0.006
 763.75898 15.670 0.006
 765.57368 15.599 0.006
 765.58028 15.607 0.006
 766.61115 15.592 0.006
 766.61776 15.587 0.006
 766.71402 15.589 0.006
 766.72064 15.596 0.006
 767.61865 15.643 0.007
 767.62527 15.632 0.006
 767.68030 15.644 0.007
 767.68692 15.629 0.007
 767.76318 15.631 0.005
 769.60148 15.691 0.006
 769.67522 15.684 0.006
 769.68182 15.674 0.005
 770.60762 15.567 0.005
 770.61425 15.581 0.005
 771.64069 15.595 0.005
 771.64731 15.588 0.005
 772.60251 15.641 0.005
 773.60765 15.701 0.005
 773.61429 15.690 0.007
 773.75985 15.713 0.006
 773.76648 15.692 0.006
 774.60063 15.663 0.005
 774.60727 15.668 0.006
 775.55855 15.575 0.005
 775.56516 15.579 0.005
 776.63947 15.597 0.005
 776.64609 15.605 0.005
 777.61372 15.646 0.005
 777.62034 15.640 0.005
 778.61708 15.686 0.006
 778.62370 15.689 0.006
 779.64405 15.633 0.007
 779.65067 15.637 0.007
 779.75432 15.638 0.006
 779.76095 15.638 0.006
 780.64384 15.557 0.005
 780.65048 15.560 0.005
 781.55816 15.614 0.005
 781.56483 15.602 0.005
 781.73865 15.627 0.006
 781.74528 15.618 0.006
 782.62367 15.668 0.006
 782.63035 15.656 0.006
 782.74755 15.670 0.006
 782.75969 15.674 0.006
 783.54071 15.718 0.005
 784.58271 15.624 0.005
 784.58932 15.625 0.005
 784.67468 15.612 0.005
 785.60952 15.576 0.005
 785.61614 15.574 0.005
 785.75512 15.576 0.005
 785.76173 15.568 0.005
 786.61321 15.622 0.005
 786.61982 15.615 0.005
 786.63010 15.626 0.005
 787.69366 15.677 0.005
 787.70027 15.676 0.005
 788.62647 15.710 0.005
 788.63311 15.706 0.005
 788.65204 15.711 0.005
 788.65867 15.699 0.005
 790.57517 15.571 0.005
 790.58181 15.577 0.005
 792.55314 15.675 0.005
 795.61781 15.578 0.005
 795.62443 15.579 0.005
 796.54673 15.631 0.006
 796.55336 15.626 0.007
 796.73208 15.637 0.007
 796.73868 15.654 0.007
 797.70688 15.687 0.006
 797.71349 15.682 0.005
 798.56952 15.689 0.005
 798.57617 15.684 0.005
 799.70749 15.570 0.005
 799.71410 15.571 0.005
 800.62252 15.588 0.005
 800.62913 15.591 0.005
 802.68249 15.713 0.007
 802.68914 15.694 0.007
 805.60984 15.611 0.006
 805.61645 15.604 0.006
 806.62003 15.655 0.006
 806.62663 15.650 0.005
 808.55145 15.646 0.006
 808.55808 15.632 0.006
 816.68244 15.667 0.005
 816.68906 15.673 0.005
 817.59252 15.688 0.005
 817.59914 15.698 0.005
 819.55530 15.577 0.005
 819.56191 15.574 0.005
 820.63160 15.623 0.005
 820.63823 15.624 0.005
 822.55218 15.682 0.005
 822.55878 15.687 0.005
 824.57800 15.580 0.005
 824.58460 15.570 0.005
 825.65111 15.631 0.006
 825.65773 15.634 0.006
 828.61124 15.563 0.005
 828.61790 15.567 0.005
 829.57787 15.587 0.005
 829.58450 15.582 0.005
 832.58476 15.636 0.006
 832.59137 15.641 0.005
 833.60466 15.570 0.005
 833.61126 15.572 0.005
 834.57424 15.606 0.005
 834.58085 15.593 0.005
 836.55237 15.713 0.007
 836.55897 15.701 0.006
 838.58536 15.572 0.005
 838.59195 15.566 0.005
 840.59510 15.666 0.006
 840.60171 15.675 0.006
 845.54667 15.668 0.005
 845.55311 15.673 0.005
 850.56995 15.688 0.006
 850.57659 15.681 0.005
 855.57496 15.690 0.006
 855.58159 15.693 0.006
 859.56278 15.642 0.005
 859.56939 15.664 0.006
 866.52733 15.623 0.005
 866.53392 15.627 0.005
 962.93116 15.629 0.006
 962.93772 15.642 0.006
 966.93065 15.698 0.005
 966.93720 15.697 0.005
 970.90703 15.679 0.005
 970.91362 15.679 0.006
 976.88768 15.700 0.006
 976.89423 15.693 0.006
 986.84205 15.663 0.005
 986.84865 15.662 0.005
 987.85565 15.571 0.005
 987.86222 15.577 0.005
 991.92369 15.622 0.005
 991.93052 15.631 0.005
 996.92763 15.603 0.005
 996.93423 15.611 0.005
 998.89872 15.627 0.005
 998.90528 15.619 0.005
1004.79730 15.678 0.006
1004.80391 15.685 0.005
1006.82588 15.575 0.005
1006.83248 15.591 0.005
1020.89537 15.624 0.005
1020.90197 15.627 0.005
1025.93316 15.599 0.005
1035.74811 15.595 0.005
1035.75469 15.578 0.005
1037.77731 15.641 0.005
1037.78389 15.640 0.006
1041.78546 15.596 0.005
1041.79206 15.591 0.005
1045.74717 15.566 0.005
1045.75379 15.561 0.005
1048.72836 15.709 0.006
1052.77126 15.670 0.005
1052.77788 15.666 0.005
1055.64450 15.571 0.005
1055.65107 15.577 0.005
1058.85645 15.694 0.006
1058.86307 15.699 0.006
1059.77447 15.592 0.005
1059.78106 15.605 0.005
1061.72723 15.628 0.005
1061.73381 15.627 0.005
1064.81114 15.573 0.005
1064.81773 15.580 0.005
1068.71915 15.665 0.005
1072.69270 15.707 0.005
1072.69929 15.696 0.005
1076.67046 15.665 0.005
1076.67705 15.657 0.005
1078.68101 15.623 0.005
1078.68762 15.626 0.005
1081.69355 15.650 0.005
1081.70017 15.658 0.005
1084.63173 15.578 0.005
1084.63835 15.553 0.005
1087.65163 15.699 0.005
1087.65825 15.689 0.005
1090.70800 15.639 0.005
1090.71464 15.624 0.005
1092.74012 15.691 0.005
1092.74674 15.663 0.005
1094.64680 15.569 0.005
1094.65342 15.583 0.005
1102.61698 15.635 0.005
1106.71183 15.700 0.005
1106.71846 15.693 0.005
1110.63096 15.672 0.006
1110.63758 15.652 0.007
1116.58944 15.689 0.005
1116.59605 15.704 0.005
1120.57803 15.675 0.005
1120.58465 15.678 0.007
1126.65336 15.660 0.005
1126.65997 15.655 0.005
1129.55180 15.646 0.006
1129.55840 15.656 0.006
1132.53489 15.568 0.005
1132.54148 15.589 0.005
1135.58494 15.711 0.005
1135.59158 15.708 0.005
1138.63462 15.609 0.005
1138.64124 15.611 0.005
1140.61203 15.702 0.005
1140.61863 15.706 0.005
1144.66961 15.684 0.005
1144.67622 15.697 0.005
1151.54920 15.576 0.005
1151.55583 15.595 0.005
1155.55081 15.661 0.005
1155.55743 15.679 0.005
1159.54625 15.720 0.005
1159.55287 15.708 0.005
1162.57865 15.601 0.005
1162.58528 15.602 0.005
1164.69222 15.697 0.005
1164.69885 15.710 0.005
1170.55065 15.600 0.005
1170.55725 15.621 0.005
1178.66070 15.690 0.005
1178.66734 15.715 0.005
1182.67261 15.651 0.005
1182.67921 15.651 0.005
1183.71095 15.717 0.005
1183.71757 15.714 0.005
1185.69411 15.570 0.005
1185.70075 15.563 0.005
1188.69342 15.714 0.005
1188.70004 15.705 0.005
1191.57718 15.630 0.005
1191.58381 15.626 0.005
1202.59228 15.685 0.006
1202.59890 15.693 0.006
1205.54371 15.589 0.005
1205.55032 15.592 0.005
1211.56419 15.647 0.006
1217.57481 15.721 0.006
1217.58142 15.717 0.006
1220.57731 15.624 0.005
1229.53002 15.583 0.006
1229.53665 15.593 0.006
1238.52631 15.589 0.007
1238.53289 15.590 0.007
1327.91050 15.704 0.007
1327.91706 15.686 0.007
1330.82721 15.570 0.006
1330.83376 15.584 0.007
1335.87896 15.593 0.006
1335.88552 15.597 0.006
1340.89846 15.602 0.006
1340.90505 15.603 0.005
1348.93454 15.609 0.005
1348.94112 15.614 0.005
1354.90810 15.579 0.006
1354.91467 15.579 0.005
1360.92783 15.641 0.006
1360.93440 15.635 0.006
1365.92404 15.657 0.006
1365.93061 15.655 0.006
1367.84754 15.662 0.006
1374.91962 15.620 0.006
1374.92621 15.623 0.006
1394.85581 15.658 0.006
1394.86237 15.676 0.008
1395.88726 15.706 0.006
1395.89385 15.707 0.006
1397.80895 15.578 0.006
1397.81551 15.569 0.008
1401.83599 15.630 0.006
1401.84255 15.632 0.006
1402.92090 15.566 0.005
1402.92749 15.576 0.005
1407.84397 15.580 0.006
1407.85056 15.583 0.005
1412.73929 15.579 0.006
1412.74588 15.579 0.005
1417.89761 15.589 0.005
1417.90424 15.592 0.005
1430.73023 15.663 0.007
1430.73684 15.645 0.006
1432.74091 15.622 0.005
1432.74755 15.619 0.005
1435.69735 15.623 0.006
1435.70394 15.619 0.006
1439.66380 15.712 0.006
1439.67043 15.705 0.006
1442.66750 15.630 0.005
1442.67411 15.627 0.005
1447.74269 15.655 0.007
1447.74931 15.644 0.006
1451.67888 15.592 0.005
1451.68554 15.588 0.005
1455.69861 15.586 0.005
1455.70524 15.569 0.006
1460.73935 15.569 0.005
1460.74597 15.582 0.005
1462.64498 15.673 0.006
1462.65160 15.668 0.006
1470.65124 15.578 0.005
1470.65785 15.574 0.005
1471.77698 15.640 0.005
1472.63844 15.682 0.006
1472.64507 15.687 0.006
1475.64417 15.592 0.005
1475.65076 15.589 0.005
1477.57323 15.709 0.006
1477.57983 15.698 0.006
1481.59099 15.651 0.005
1484.63991 15.574 0.005
1484.64655 15.580 0.005
1487.63503 15.710 0.005
1487.64163 15.712 0.005
1490.67379 15.630 0.005
1490.68042 15.628 0.005
1492.57344 15.716 0.006
1492.58006 15.716 0.006
1495.53023 15.636 0.006
1495.53686 15.637 0.006
1499.55887 15.588 0.006
1499.56548 15.590 0.006
1502.55697 15.708 0.006
1502.56359 15.700 0.006
1505.62355 15.644 0.006
1505.63017 15.643 0.006
1508.55893 15.580 0.005
1508.56555 15.580 0.005
1509.53519 15.583 0.005
1509.54185 15.604 0.005
1512.63707 15.641 0.006
1512.64370 15.643 0.006
1515.61176 15.680 0.005
1515.61841 15.667 0.006
1517.61526 15.622 0.005
1517.62190 15.626 0.005
1520.60244 15.665 0.006
1520.60904 15.671 0.005
1524.55013 15.629 0.006
1524.55677 15.629 0.006
1526.59026 15.693 0.006
1526.59687 15.697 0.006
1531.64185 15.679 0.006
1531.64847 15.688 0.006
1543.59933 15.600 0.005
1543.60595 15.612 0.005
1546.61415 15.618 0.005
1546.62078 15.624 0.005
1551.57593 15.607 0.005
1551.58256 15.601 0.005
1555.60946 15.691 0.005
1555.61605 15.698 0.005
1562.58803 15.587 0.005
1562.59465 15.606 0.005
1569.56718 15.715 0.006
1569.57381 15.696 0.005
1575.59301 15.610 0.005
1575.59964 15.605 0.005
1580.56801 15.594 0.005
1580.57461 15.594 0.005
1583.57069 15.687 0.005
1583.57728 15.683 0.005
1587.55047 15.640 0.006
1587.55707 15.643 0.005
1597.53594 15.672 0.006
1597.54254 15.672 0.006
1603.54403 15.715 0.006
1603.55064 15.707 0.006
1608.51975 15.706 0.006
1608.52636 15.689 0.006
1703.90467 15.682 0.006
1703.91123 15.669 0.006
1705.91017 15.589 0.006
1705.91677 15.609 0.006
1716.87059 15.579 0.005
1716.87712 15.602 0.005
1717.88094 15.638 0.005
1717.88752 15.648 0.005
1729.91663 15.597 0.005
1729.92320 15.598 0.005
1732.88640 15.685 0.005
1732.89301 15.684 0.005
1740.83744 15.580 0.005
1740.84402 15.590 0.005
1742.88523 15.688 0.006
1742.89179 15.694 0.006
1744.85435 15.571 0.005
1744.86096 15.569 0.005
1745.87861 15.596 0.005
1745.88516 15.603 0.005
1749.85903 15.564 0.005
1749.86562 15.564 0.005
1750.83095 15.608 0.005
1750.83753 15.602 0.005
1751.84278 15.658 0.005
1751.84938 15.658 0.005
1752.80411 15.714 0.006
1752.81071 15.715 0.005
1753.80518 15.645 0.005
1753.81178 15.633 0.005
1754.83185 15.572 0.005
1754.83844 15.575 0.005
1755.79721 15.620 0.006
1755.80377 15.614 0.006
1756.82669 15.678 0.007
1756.83326 15.668 0.007
1757.77588 15.703 0.006
1757.78246 15.705 0.006
1758.78037 15.625 0.005
1758.78695 15.625 0.005
1759.82473 15.583 0.005
1759.83132 15.578 0.005
1761.80577 15.672 0.005
1761.81237 15.672 0.006
1762.79216 15.699 0.006
1762.79874 15.704 0.005
1763.79517 15.589 0.005
1763.80175 15.599 0.005
1764.78768 15.578 0.005
1764.79425 15.576 0.005
1765.78214 15.626 0.005
1765.78871 15.641 0.006
1766.72318 15.677 0.006
1766.72975 15.668 0.006
1768.80228 15.578 0.005
1768.80887 15.592 0.005
1769.71166 15.580 0.005
1769.71825 15.579 0.005
1771.82773 15.677 0.007
1771.83430 15.690 0.007
1772.77011 15.680 0.005
1772.77667 15.676 0.005
1773.73741 15.575 0.005
1773.74400 15.573 0.005
1776.76022 15.702 0.005
1776.76681 15.702 0.005
1784.73687 15.611 0.005
1784.74345 15.606 0.005
1788.80237 15.577 0.005
1788.80896 15.571 0.005
1803.76269 15.604 0.005
1803.76930 15.598 0.005
1806.75683 15.634 0.005
1806.76342 15.652 0.005
1808.82644 15.607 0.005
1808.83305 15.610 0.006
1811.75486 15.621 0.005
1811.76144 15.628 0.005
1814.80168 15.671 0.005
1814.80828 15.667 0.005
1817.76734 15.567 0.005
1817.77393 15.573 0.005
1822.64477 15.575 0.005
1822.65139 15.576 0.005
1826.79588 15.577 0.005
1826.80251 15.570 0.005
1829.73812 15.690 0.005
1829.74479 15.684 0.005
1846.78616 15.575 0.005
1846.79279 15.584 0.005
1850.74291 15.583 0.005
1850.74952 15.593 0.006
1854.79896 15.675 0.005
1854.80559 15.672 0.005
1858.72282 15.701 0.006
1858.72947 15.699 0.006
1862.72173 15.664 0.005
1862.72836 15.652 0.005
1867.74616 15.666 0.006
1867.75283 15.656 0.005
1871.75275 15.620 0.005
1871.75941 15.614 0.006
2085.90914 15.698 0.007
2086.88843 15.592 0.007
2103.89525 15.655 0.006
2105.92315 15.626 0.007
2106.89098 15.570 0.007
2112.84336 15.624 0.006
2116.87111 15.580 0.007
2123.81803 15.695 0.007
2128.82553 15.693 0.007
2129.85750 15.641 0.007
2130.84387 15.563 0.007
2131.83748 15.601 0.007
2132.80627 15.660 0.007
2133.89460 15.719 0.007
2134.81000 15.640 0.007
2135.84408 15.574 0.006
2137.89208 15.685 0.007
2140.81134 15.576 0.007
2142.75205 15.667 0.007
2143.81755 15.697 0.007
2144.82425 15.589 0.006
2155.87863 15.609 0.007
2156.82521 15.655 0.007
2160.75460 15.610 0.007
2162.76139 15.709 0.007
2166.75600 15.676 0.007
2167.76446 15.703 0.007
2168.71363 15.615 0.007
2171.73955 15.678 0.006
2172.74617 15.702 0.007
2177.63966 15.696 0.007
2184.70130 15.593 0.007
2185.66480 15.654 0.007
2186.68965 15.717 0.008
2187.68483 15.645 0.007
2188.73199 15.576 0.007
2190.69136 15.650 0.007
2191.66474 15.716 0.007
2192.66325 15.626 0.006
2193.68432 15.563 0.006
2194.65442 15.615 0.006
2203.55089 15.582 0.007
2206.60721 15.703 0.008
2211.64130 15.669 0.007
2212.64513 15.570 0.007
2213.65095 15.594 0.007
2214.64214 15.654 0.007
2215.64912 15.699 0.007
2217.63582 15.571 0.007
2219.67868 15.659 0.007
2224.71356 15.679 0.007
2226.63643 15.637 0.007
2228.55833 15.627 0.007
2229.61659 15.680 0.007
2231.64326 15.602 0.007
2232.50999 15.587 0.007
2233.61341 15.643 0.007
2235.66353 15.680 0.006
2238.54707 15.645 0.007
2240.65138 15.672 0.007
2242.61889 15.592 0.007
2248.60354 15.653 0.006
2250.57686 15.627 0.006
2253.57050 15.663 0.006
2255.60716 15.608 0.007
2258.57346 15.683 0.005
2263.58419 15.694 0.007
2266.55498 15.591 0.007
2271.56456 15.590 0.006
2273.56390 15.725 0.007
2275.59883 15.581 0.007
2276.55838 15.615 0.007
2278.59096 15.727 0.007
2280.58682 15.572 0.007
2284.58970 15.595 0.007
2290.60368 15.591 0.007
2293.56596 15.672 0.007
2295.55870 15.590 0.007
2297.56199 15.709 0.007
2299.56109 15.586 0.007
2301.55335 15.674 0.007
2445.91192 15.646 0.007
2460.87884 15.681 0.008
2463.91518 15.563 0.007
2465.92794 15.674 0.007
2467.90093 15.581 0.007
2469.90031 15.620 0.007
2471.88975 15.682 0.007
2472.91922 15.571 0.005
2473.89113 15.567 0.006
2481.90282 15.632 0.007
2483.88864 15.598 0.007
2486.88565 15.619 0.007
2488.87656 15.618 0.007
2489.92299 15.665 0.007
2492.90335 15.570 0.007
2496.90310 15.577 0.007
2497.92651 15.580 0.007
2498.77378 15.636 0.007
2499.85936 15.671 0.007
2500.86493 15.683 0.007
2501.85389 15.568 0.006
2502.83412 15.575 0.007
2508.74536 15.639 0.008
2516.77666 15.571 0.007
2517.82340 15.613 0.007
2518.79484 15.660 0.007
2519.83174 15.691 0.007
2520.79113 15.605 0.007
2521.82327 15.564 0.006
2524.82152 15.703 0.008
2526.77770 15.571 0.006
2534.83408 15.667 0.007
2535.81429 15.552 0.007
2537.70207 15.656 0.007
2538.79803 15.698 0.007
2539.70185 15.656 0.007
2540.74273 15.579 0.007
2541.71375 15.610 0.007
2542.68354 15.652 0.007
2544.66208 15.642 0.007
2545.67711 15.576 0.006
2547.69512 15.668 0.007
2548.71156 15.698 0.007
2550.70669 15.569 0.007
2551.69333 15.610 0.007
2553.64905 15.715 0.008
2554.70257 15.585 0.007
2555.71050 15.575 0.007
2556.68952 15.634 0.007
2557.70206 15.686 0.007
2558.65854 15.687 0.007
2559.61544 15.592 0.007
2560.64850 15.583 0.007
2561.67405 15.664 0.008
2562.66694 15.700 0.007
2563.67487 15.661 0.007
2564.69026 15.569 0.007
2565.68116 15.592 0.007
2566.66144 15.655 0.007
2568.69242 15.644 0.007
2571.64511 15.676 0.008
2573.65854 15.640 0.007
2574.64237 15.575 0.007
2577.62924 15.719 0.007
2578.62931 15.619 0.007
2579.63596 15.584 0.007
2580.64808 15.618 0.007
2583.61939 15.596 0.007
2584.62675 15.583 0.007
2586.62397 15.701 0.007
2587.60838 15.704 0.007
2588.71680 15.569 0.007
2589.59832 15.584 0.007
2590.61345 15.635 0.007
2591.63659 15.691 0.007
2593.60559 15.557 0.007
2594.60936 15.597 0.007
2596.58489 15.707 0.007
2597.57206 15.656 0.007
2598.64593 15.572 0.007
2599.60541 15.599 0.007
2607.62660 15.615 0.007
2610.54642 15.678 0.007
2613.54032 15.571 0.007
2615.56917 15.699 0.007
2619.55687 15.648 0.007
2621.56577 15.672 0.007
2625.54841 15.711 0.008
2628.54178 15.634 0.008
2632.54820 15.581 0.007
2636.54337 15.626 0.007
2639.54386 15.700 0.007
2642.55261 15.600 0.007
2646.56543 15.586 0.006
2651.53746 15.597 0.008
2654.55527 15.724 0.008
2657.55813 15.605 0.007
2660.55391 15.623 0.007
2671.55158 15.595 0.007
2673.56338 15.697 0.008
2676.52475 15.596 0.007
2679.53811 15.660 0.007
2682.54043 15.664 0.007
2777.90295 15.593 0.007
2804.86989 15.654 0.007
2811.90436 15.615 0.008
2814.94001 15.616 0.007
2817.92658 15.679 0.007
2831.78143 15.640 0.007
2832.74739 15.697 0.007
2832.92536 15.702 0.007
2833.86530 15.659 0.007
2835.87395 15.608 0.007
2837.87502 15.709 0.009
2838.93218 15.635 0.007
2840.82492 15.622 0.007
2843.82636 15.616 0.006
2844.87219 15.570 0.007
2845.91818 15.632 0.007
2849.85561 15.576 0.007
2850.88837 15.633 0.007
2851.93194 15.698 0.007
2852.80262 15.686 0.007
2853.94203 15.574 0.007
2856.81529 15.690 0.007
2858.90934 15.557 0.006
2860.87534 15.645 0.007
2861.74651 15.698 0.007
2862.92552 15.637 0.007
2863.83472 15.569 0.007
2865.83162 15.654 0.007
2866.88126 15.698 0.007
2867.82127 15.626 0.007
2868.76894 15.564 0.007
2869.90194 15.610 0.007
2870.81554 15.666 0.007
2871.85846 15.703 0.007
2875.79802 15.688 0.007
2876.77573 15.699 0.007
2877.79763 15.590 0.007
2879.73926 15.623 0.007
2883.82540 15.581 0.006
2885.76020 15.704 0.007
2888.80852 15.598 0.007
2892.79988 15.566 0.007
2894.72904 15.656 0.007
2896.72614 15.628 0.007
2898.74712 15.606 0.007
2900.74596 15.699 0.007
2902.74548 15.566 0.006
2905.75268 15.693 0.007
2907.75408 15.573 0.007
2909.74319 15.666 0.005
2911.73455 15.574 0.006
2915.70602 15.667 0.007
2917.73213 15.597 0.007
2921.72988 15.568 0.007
2923.75183 15.662 0.007
2925.71480 15.616 0.007
2927.71233 15.607 0.007
2930.73038 15.610 0.007
2932.73689 15.620 0.007
2934.71672 15.691 0.007
2937.64073 15.625 0.007
2939.69337 15.687 0.007
2940.63350 15.574 0.006
2941.68332 15.581 0.006
2942.63345 15.637 0.007
2943.60468 15.694 0.007
2944.58927 15.670 0.007
2945.60604 15.572 0.007
2947.61554 15.645 0.007
2949.59685 15.655 0.007
2950.64160 15.563 0.007
2951.62878 15.599 0.007
2952.65771 15.665 0.007
2954.68263 15.629 0.007
2956.62862 15.605 0.006
2958.62303 15.711 0.007
2961.59410 15.639 0.008
2968.59386 15.688 0.007
2970.61311 15.585 0.007
2972.59760 15.690 0.007
2974.59835 15.563 0.007
2976.54805 15.648 0.007
2978.57415 15.658 0.007
2980.59102 15.608 0.007
2982.53624 15.704 0.007
2984.62711 15.581 0.007
2986.63724 15.681 0.007
2988.52960 15.625 0.008
2991.60267 15.676 0.007
2994.58439 15.582 0.007
2997.55718 15.686 0.007
3001.57363 15.698 0.007
3005.53170 15.650 0.008
3008.55336 15.584 0.007
3008.55802 15.588 0.007
3011.56139 15.726 0.007
3016.58805 15.712 0.007
3018.57452 15.593 0.007
3020.60257 15.687 0.007
3021.61538 15.687 0.006
3023.57128 15.590 0.007
3025.56979 15.704 0.007
3027.60330 15.586 0.007
3029.57520 15.658 0.007
3031.57974 15.676 0.007
3033.58211 15.612 0.007
3037.52913 15.585 0.007
3164.92956 15.674 0.007
3183.91153 15.659 0.007
3193.87929 15.666 0.007
3195.93849 15.610 0.006
3197.91395 15.615 0.006
3201.87137 15.580 0.006
3203.87932 15.678 0.006
3206.81719 15.590 0.007
3210.89322 15.571 0.006
3211.88465 15.595 0.006
3215.66076 15.577 0.007
3216.72877 15.606 0.007
3217.92930 15.670 0.007
3218.91393 15.717 0.008
3223.83478 15.710 0.007
3226.82503 15.628 0.007
3229.83216 15.590 0.006
3231.81430 15.637 0.007
3239.79267 15.577 0.006
3240.78993 15.610 0.007
3241.81429 15.640 0.006
3242.71361 15.697 0.007
3243.85006 15.658 0.007
3244.82725 15.574 0.007
3245.77639 15.603 0.007
3246.76884 15.664 0.007
3247.76260 15.695 0.007
3249.72731 15.572 0.007
3251.74083 15.661 0.006
3254.72795 15.571 0.006
3257.74436 15.698 0.006
3259.66354 15.579 0.007
3261.70164 15.685 0.006
3263.68434 15.586 0.006
3265.71873 15.645 0.006
3267.70757 15.679 0.005
3269.78399 15.617 0.007
3270.74081 15.662 0.007
3271.66364 15.700 0.007
3272.72083 15.657 0.006
3274.70670 15.602 0.007
3276.71113 15.701 0.007
3277.74427 15.630 0.006
3279.67659 15.597 0.006
3281.64027 15.707 0.006
3283.64171 15.582 0.005
3287.60793 15.603 0.006
3289.61900 15.648 0.006
3293.59579 15.605 0.005
3295.61458 15.695 0.005
3297.59633 15.574 0.005
3299.65270 15.667 0.005
3301.62694 15.656 0.007
3303.68919 15.602 0.006
3306.62174 15.620 0.005
3308.60946 15.608 0.007
3310.60859 15.715 0.007
3312.65261 15.578 0.006
3314.56347 15.673 0.007
3320.60130 15.685 0.006
3327.55626 15.589 0.006
3330.55049 15.660 0.007
3335.59532 15.635 0.007
3338.59893 15.662 0.006
3349.59526 15.684 0.006
3353.57435 15.696 0.007
3359.55088 15.649 0.007
3363.55822 15.704 0.007
3367.61754 15.678 0.007
3372.54829 15.683 0.006
3376.52760 15.627 0.007
3378.59455 15.656 0.007
3386.56098 15.655 0.006
3390.57456 15.616 0.007
3398.55632 15.607 0.006
3402.54472 15.715 0.006
3528.93692 15.578 0.006
3541.92972 15.713 0.006
3547.91431 15.618 0.006
3554.92252 15.635 0.006
3560.94464 15.694 0.006
3564.90680 15.634 0.006
3568.83766 15.589 0.006
3570.77838 15.700 0.007
3571.80071 15.637 0.007
3573.83820 15.606 0.007
3574.87719 15.673 0.006
3577.83586 15.576 0.006
3578.89443 15.617 0.006
3579.79927 15.670 0.006
3581.84420 15.585 0.006
3581.86691 15.593 0.006
3582.82909 15.575 0.006
3583.83350 15.633 0.006
3586.80784 15.577 0.005
3588.82573 15.639 0.005
3589.81854 15.703 0.006
3591.87334 15.569 0.005
3593.81090 15.646 0.006
3596.89136 15.562 0.006
3601.80899 15.585 0.006
3607.81440 15.622 0.006
3614.78579 15.666 0.006
3617.76529 15.641 0.006
3619.69821 15.675 0.006
3621.71667 15.591 0.006
3624.86497 15.635 0.007
3626.71435 15.599 0.006
3629.66796 15.641 0.007
3631.73033 15.600 0.007
3633.69564 15.707 0.007
3637.64955 15.672 0.006
3639.69963 15.580 0.005
3641.69619 15.634 0.006
3643.72056 15.685 0.006
3646.65552 15.637 0.006
3650.65877 15.599 0.006
3650.68281 15.587 0.006
3651.73275 15.642 0.006
3653.72891 15.637 0.006
3655.69509 15.602 0.006
3657.64587 15.705 0.006
3658.65030 15.625 0.006
3659.63835 15.569 0.006
3660.66847 15.597 0.006
3663.55998 15.630 0.007
3665.63356 15.608 0.006
3668.57198 15.605 0.006
3669.67074 15.583 0.007
3671.62890 15.680 0.007
3673.67376 15.578 0.007
3675.65834 15.653 0.006
3683.64765 15.559 0.006
3685.65278 15.660 0.006
3687.65145 15.612 0.006
3689.59984 15.600 0.006
3692.57568 15.607 0.006
3694.55966 15.621 0.007
3696.56018 15.702 0.006
3698.59387 15.580 0.006
3700.57480 15.690 0.007
3702.58409 15.565 0.006
3704.59036 15.638 0.006
3706.61079 15.657 0.006
3708.58367 15.595 0.006
3711.59026 15.648 0.007
3714.52401 15.653 0.008
3718.60452 15.620 0.007
3721.55342 15.597 0.007
3724.56310 15.676 0.006
3726.58366 15.590 0.006
3728.55677 15.627 0.006
3734.56022 15.710 0.007
3737.57590 15.600 0.006
3742.53452 15.610 0.007
3746.55980 15.572 0.007
3751.53618 15.578 0.007
3756.55244 15.607 0.006
3761.60271 15.596 0.006
3766.52751 15.594 0.007
3772.55033 15.690 0.007
3776.55040 15.627 0.006
3871.87630 15.566 0.007
3901.93882 15.611 0.006
3906.93909 15.622 0.006
3913.91603 15.673 0.006
3918.87954 15.673 0.006
3931.91488 15.688 0.006
3934.85790 15.575 0.005
3936.86610 15.684 0.006
3938.85009 15.575 0.006
3944.89748 15.587 0.005
3946.86561 15.705 0.006
3951.88502 15.707 0.007
3955.85015 15.671 0.007
3958.82667 15.581 0.007
3960.82682 15.671 0.006
3963.82353 15.582 0.007
3965.81541 15.681 0.005
3967.83526 15.580 0.005
3969.80090 15.636 0.006
3971.77709 15.673 0.006
3974.77883 15.650 0.006
3979.73419 15.655 0.006
3980.61754 15.708 0.007
3981.64383 15.633 0.005
3983.83415 15.612 0.006
3986.69571 15.628 0.006
3987.66675 15.560 0.005
3990.79002 15.701 0.006
3993.73482 15.627 0.006
3995.74009 15.688 0.006
3999.74936 15.694 0.006
4002.72150 15.587 0.005
4004.67329 15.694 0.006
4006.69950 15.561 0.005
4007.56288 15.601 0.006
4008.57181 15.654 0.006
4009.73327 15.711 0.007
4013.69838 15.674 0.006
4015.68067 15.624 0.007
4015.69690 15.632 0.007
4018.69606 15.679 0.006
4019.68463 15.715 0.006
4021.67712 15.570 0.005
4024.65059 15.697 0.006
4026.62947 15.576 0.005
4028.62543 15.691 0.006
4030.63799 15.581 0.006
4032.69009 15.655 0.006
4037.66628 15.657 0.006
4039.60422 15.625 0.006
4041.60374 15.605 0.007
4043.58944 15.701 0.007
4046.59877 15.610 0.006
4048.56467 15.697 0.007
4050.60679 15.582 0.006
4052.55889 15.682 0.006
4054.61307 15.584 0.006
4056.58516 15.637 0.006
4058.61871 15.669 0.006
4060.51755 15.595 0.006
4064.51518 15.562 0.006
4066.55665 15.670 0.006
4069.51502 15.570 0.007
4073.59859 15.607 0.006
4077.52194 15.699 0.007
4079.52388 15.584 0.007
4082.52384 15.691 0.007
4085.56155 15.630 0.006
4092.55760 15.649 0.005
4096.58355 15.715 0.006
4100.58634 15.681 0.007
4105.55417 15.687 0.007
4108.53042 15.586 0.006
4113.60831 15.589 0.006
4120.57914 15.718 0.006
4126.57697 15.627 0.007
4252.92626 15.572 0.007
4255.84555 15.708 0.007
4268.89906 15.650 0.007
4275.92119 15.635 0.007
4279.79887 15.699 0.008
4282.80943 15.616 0.007
4283.86237 15.673 0.007
4285.91669 15.595 0.007
4291.93747 15.584 0.007
4292.85599 15.622 0.006
4295.86004 15.567 0.006
4296.88980 15.584 0.007
4297.92266 15.644 0.007
4299.85747 15.650 0.006
4300.87896 15.564 0.006
4301.89697 15.595 0.006
4302.91858 15.658 0.007
4306.86321 15.617 0.007
4307.89749 15.665 0.007
4308.65864 15.702 0.007
4308.86662 15.703 0.007
4310.83897 15.568 0.007
4311.82652 15.612 0.008
4312.90040 15.663 0.007
4314.91987 15.585 0.007
4316.82641 15.618 0.007
4319.86359 15.576 0.007
4320.89045 15.596 0.007
4326.83432 15.642 0.007
4327.81259 15.686 0.007
4328.82822 15.634 0.007
4329.83076 15.569 0.007
4330.85900 15.593 0.007
4333.86030 15.630 0.007
4338.90068 15.598 0.007
4340.77316 15.613 0.007
4341.76831 15.676 0.007
4342.82417 15.692 0.007
4343.76181 15.590 0.007
4344.74396 15.577 0.007
4345.78995 15.630 0.007
4347.77884 15.684 0.007
4349.79203 15.588 0.007
4351.72913 15.690 0.007
4353.75235 15.574 0.007
4357.70122 15.665 0.007
4359.69915 15.593 0.006
4361.70171 15.715 0.007
4362.72443 15.643 0.007
4364.58347 15.595 0.007
4367.68098 15.602 0.007
4370.67263 15.656 0.007
4372.73610 15.585 0.006
4376.65149 15.686 0.007
4378.61807 15.574 0.007
4379.64603 15.619 0.007
4380.75888 15.691 0.007
4382.68633 15.563 0.007
4386.66139 15.660 0.007
4388.66187 15.595 0.007
4390.67086 15.689 0.007
4393.64464 15.606 0.007
4395.67952 15.706 0.007
4398.64496 15.610 0.007
4400.66784 15.706 0.007
4403.69363 15.630 0.007
4407.63372 15.593 0.007
4408.67990 15.643 0.007
4410.70284 15.666 0.007
4415.68697 15.640 0.007
4418.59364 15.649 0.007
4422.65487 15.611 0.007
4424.65193 15.699 0.007
4427.53863 15.611 0.007
4429.56456 15.719 0.008
4431.56900 15.575 0.007
4433.57486 15.684 0.007
4435.56321 15.578 0.007
4437.65225 15.634 0.007
4439.56412 15.695 0.007
4441.59995 15.592 0.007
4443.59068 15.709 0.007
4449.64470 15.619 0.007
4451.59983 15.602 0.007
4453.58181 15.716 0.007
4456.58324 15.624 0.007
4459.53574 15.592 0.007
4464.57543 15.586 0.007
4465.54136 15.587 0.007
4470.56029 15.610 0.007
4474.59679 15.581 0.007
4476.57493 15.651 0.007
4479.59974 15.568 0.007
4481.58441 15.682 0.007
4484.60109 15.576 0.008
4487.62265 15.678 0.008
4609.89594 15.566 0.007
4643.88061 15.577 0.007
4649.93082 15.648 0.007
4661.89396 15.604 0.006
4662.77668 15.570 0.006
4662.89360 15.563 0.006
4663.74837 15.618 0.007
4663.93227 15.620 0.007
4665.82132 15.699 0.007
4665.91527 15.690 0.007
4666.90913 15.586 0.007
4670.90358 15.685 0.007
4671.81782 15.588 0.007
4672.87754 15.580 0.006
4675.89515 15.656 0.007
4681.87488 15.563 0.006
4683.87013 15.657 0.007
4685.85625 15.641 0.007
4688.80759 15.665 0.006
4690.73315 15.622 0.006
4691.73602 15.576 0.007
4693.89111 15.671 0.007
4696.84103 15.601 0.007
4698.75286 15.674 0.006
4699.74687 15.701 0.007
4700.78438 15.574 0.006
4701.78958 15.592 0.007
4702.84972 15.641 0.007
4703.74876 15.696 0.007
4704.76761 15.674 0.006
4705.77485 15.579 0.007
4707.76752 15.633 0.006
4708.83578 15.701 0.006
4710.75175 15.560 0.006
4716.75326 15.622 0.007
4719.74543 15.607 0.006
4721.73439 15.622 0.007
4724.76409 15.593 0.006
4726.65976 15.629 0.007
4729.67074 15.600 0.007
4731.76099 15.646 0.006
4734.74331 15.575 0.006
4736.70809 15.658 0.007
4739.64937 15.578 0.007
4741.72395 15.633 0.006
4747.59056 15.709 0.007
4749.59013 15.572 0.007
4753.65929 15.604 0.007
4755.65321 15.633 0.006
4757.63765 15.685 0.006
4759.65027 15.583 0.006
4761.62054 15.684 0.006
4763.63318 15.583 0.007
4766.60140 15.703 0.007
4769.63947 15.617 0.007
4771.55054 15.703 0.007
4773.67535 15.577 0.006
4775.66219 15.661 0.007
4777.59594 15.609 0.007
4779.63153 15.608 0.006
4781.58145 15.704 0.007
4783.56507 15.567 0.007
4785.59617 15.687 0.007
4789.53158 15.645 0.007
4790.61380 15.694 0.006
4791.61210 15.659 0.006
4793.51623 15.590 0.007
4795.53328 15.701 0.006
4797.52548 15.568 0.007
4798.58878 15.621 0.007
4800.63607 15.699 0.007
4803.52739 15.614 0.007
4804.57757 15.673 0.007
4806.58659 15.620 0.007
4808.54482 15.549 0.007
4808.61232 15.622 0.007
4810.55526 15.704 0.007
4813.59461 15.624 0.007
4815.57074 15.697 0.007
4817.58728 15.577 0.006
4819.58688 15.695 0.007
4821.62878 15.569 0.006
4823.58957 15.651 0.007
4825.61801 15.646 0.007
4832.59113 15.618 0.007
4835.57295 15.598 0.007
4839.59446 15.691 0.007
4842.56152 15.617 0.007
4844.57001 15.681 0.007
4847.62632 15.670 0.008
4849.58618 15.654 0.007
4853.58361 15.711 0.007
4856.57754 15.598 0.006
4865.55067 15.564 0.007
4936.91655 15.591 0.007
4940.89923 15.683 0.007
4940.90309 15.684 0.007
4953.89694 15.653 0.007
4954.88836 15.700 0.007
