2090.89538 17.411 0.022
2105.90002 17.336 0.015
2106.86466 17.143 0.015
2116.84855 17.280 0.015
2123.79539 17.307 0.016
2127.80858 17.195 0.021
2128.80332 16.966 0.014
2129.83531 17.293 0.016
2130.80178 17.303 0.016
2131.89030 17.143 0.017
2132.78321 16.780 0.014
2135.81974 17.067 0.013
2136.83599 16.836 0.012
2137.79293 17.332 0.020
2140.78789 17.338 0.016
2142.80021 17.054 0.013
2143.79520 16.720 0.010
2144.89127 17.353 0.016
2155.85623 17.330 0.026
2156.80287 17.094 0.014
2162.73877 17.306 0.014
2166.73323 17.232 0.014
2167.81657 17.048 0.013
2171.71804 16.865 0.010
2172.72371 17.348 0.016
2173.70423 17.233 0.013
2177.59525 17.075 0.018
2184.67828 17.157 0.017
2185.64234 16.883 0.013
2187.73680 17.310 0.018
2188.65766 17.093 0.016
2190.66871 17.355 0.015
2191.72194 17.231 0.013
2192.64155 16.947 0.011
2193.66277 17.408 0.014
2194.63105 17.306 0.015
2195.69686 17.153 0.012
2201.64445 17.332 0.015
2203.69087 16.897 0.011
2204.63701 17.353 0.022
2208.68149 17.312 0.018
2211.61864 17.373 0.019
2212.61922 17.261 0.016
2213.62744 17.047 0.015
2214.61283 16.720 0.013
2215.62727 17.321 0.018
2217.61230 16.945 0.015
2219.65693 17.300 0.017
2222.62584 17.313 0.020
2224.68163 17.038 0.015
2226.61308 17.299 0.019
2229.59566 17.345 0.018
2231.54716 16.987 0.015
2233.55191 17.292 0.018
2235.63728 16.914 0.011
2237.55678 17.264 0.019
2242.59422 16.939 0.014
2244.61587 17.298 0.017
2250.54623 17.422 0.019
2252.59681 17.127 0.014
2255.58104 17.252 0.016
2257.60164 16.949 0.012
2262.59401 17.268 0.015
2266.54898 17.136 0.017
2271.56046 16.699 0.010
2273.55876 17.185 0.019
2275.59183 17.336 0.017
2277.57619 17.126 0.013
2280.54385 17.199 0.019
2284.58432 17.165 0.015
2289.57798 16.678 0.011
2291.57766 17.191 0.015
2293.55595 17.373 0.019
2295.54661 17.080 0.016
2297.54812 17.303 0.019
2299.55367 16.938 0.015
2301.54533 17.245 0.020
2444.92465 17.399 0.020
2458.92825 16.729 0.012
2463.89188 17.295 0.018
2465.90438 16.688 0.010
2467.87832 17.180 0.015
2469.87800 17.403 0.017
2471.88605 17.089 0.014
2473.86349 17.338 0.017
2483.83582 17.309 0.015
2486.85146 16.870 0.015
2488.84306 17.254 0.020
2489.89955 17.061 0.015
2492.88105 17.179 0.017
2496.88049 17.061 0.013
2497.90367 16.780 0.011
2498.90650 17.332 0.014
2499.83697 17.187 0.017
2500.84136 16.978 0.013
2501.83139 17.419 0.016
2502.81110 17.267 0.016
2503.82655 17.069 0.013
2511.83501 16.852 0.013
2516.86911 17.306 0.018
2517.79725 17.141 0.014
2518.77159 16.850 0.011
2520.76857 17.249 0.015
2526.75506 17.341 0.013
2534.80897 17.334 0.017
2535.86941 17.153 0.016
2537.67947 17.321 0.022
2538.76809 17.216 0.017
2539.67700 16.934 0.014
2540.69847 17.382 0.023
2541.68243 17.281 0.015
2542.65854 17.086 0.014
2544.63963 17.344 0.016
2545.65255 17.199 0.015
2547.67028 17.366 0.020
2548.68912 17.320 0.016
2550.68391 16.833 0.012
2551.67055 17.344 0.016
2552.68670 17.265 0.013
2554.68000 16.997 0.012
2555.68783 17.324 0.015
2556.66690 17.125 0.015
2557.67919 16.879 0.011
2558.63603 17.317 0.017
2559.59192 17.224 0.017
2560.62578 17.017 0.013
2561.65146 16.779 0.014
2562.64406 17.324 0.016
2563.65202 17.158 0.016
2564.66762 16.947 0.014
2565.64904 17.407 0.016
2566.63642 17.261 0.015
2568.63914 16.667 0.018
2573.63345 17.272 0.018
2574.61707 17.070 0.014
2575.63437 16.753 0.009
2576.61693 17.331 0.020
2577.60276 17.184 0.020
2578.60122 16.972 0.015
2579.61083 17.368 0.018
2580.59859 17.293 0.017
2583.59419 17.341 0.021
2584.60200 17.252 0.018
2587.58547 17.317 0.017
2588.61359 17.162 0.015
2589.57069 16.826 0.012
2590.59008 17.334 0.019
2591.59134 17.290 0.017
2593.58141 16.757 0.011
2594.58578 17.319 0.020
2596.56094 16.885 0.015
2597.54917 17.370 0.023
2598.59627 17.276 0.016
2599.57852 17.064 0.017
2606.66323 17.136 0.016
2609.60612 17.213 0.018
2611.57607 17.191 0.021
2614.58142 16.878 0.011
2618.57467 16.765 0.014
2620.57243 17.184 0.019
2623.58009 17.279 0.019
2626.57169 17.396 0.024
2628.53428 16.965 0.021
2632.54077 16.762 0.012
2636.53588 17.369 0.022
2641.56003 17.246 0.016
2645.56963 17.184 0.016
2650.56621 16.716 0.011
2653.57947 17.006 0.016
2656.55882 17.077 0.020
2659.58530 17.234 0.019
2663.55000 17.172 0.020
2671.54433 16.918 0.013
2673.53758 17.253 0.022
2675.55433 16.752 0.013
2681.57089 17.107 0.018
2777.88052 17.322 0.026
2804.92340 16.984 0.018
2809.94658 17.334 0.023
2813.93201 17.312 0.017
2817.90446 17.244 0.018
2831.75565 17.254 0.022
2832.89701 17.094 0.015
2833.84247 16.755 0.013
2835.92785 17.258 0.017
2837.84838 17.252 0.022
2838.86902 17.333 0.021
2839.88225 17.137 0.014
2844.85012 16.782 0.010
2845.84647 17.327 0.019
2848.93314 17.344 0.023
2850.86587 17.094 0.017
2851.90923 16.791 0.012
2852.94243 17.319 0.020
2853.92007 17.241 0.015
2856.79303 17.275 0.020
2858.88723 16.818 0.011
2860.85326 17.222 0.014
2861.72144 16.898 0.011
2862.82880 17.303 0.018
2863.81148 17.335 0.020
2865.88481 16.912 0.014
2866.84380 17.331 0.022
2867.77977 17.227 0.015
2869.82116 16.911 0.012
2871.85454 17.176 0.014
2875.77509 17.049 0.016
2877.77529 17.314 0.015
2883.80233 16.725 0.010
2885.73745 17.165 0.015
2888.78564 17.325 0.017
2892.77751 17.249 0.020
2894.78070 17.167 0.016
2896.78210 17.127 0.013
2898.79843 17.346 0.016
2900.72262 17.008 0.011
2902.72339 17.296 0.014
2905.73052 17.350 0.015
2907.73154 17.040 0.012
2909.71894 17.322 0.014
2911.71201 16.919 0.010
2915.68364 16.692 0.010
2917.70908 17.180 0.012
2921.70417 17.083 0.015
2923.72060 17.343 0.016
2925.69182 16.989 0.012
2927.68935 17.288 0.017
2930.70718 17.359 0.016
2932.71002 17.030 0.013
2934.69378 17.323 0.014
2937.61398 17.342 0.020
2940.61083 16.997 0.011
2942.61084 17.136 0.013
2944.56676 17.329 0.016
2946.55826 17.019 0.015
2947.58029 16.777 0.012
2951.60609 17.381 0.019
2952.63314 17.284 0.016
2954.66033 16.797 0.013
2956.60625 17.218 0.013
2958.59101 17.374 0.016
2966.58491 17.320 0.014
2969.62770 17.383 0.018
2971.63536 17.059 0.014
2973.62325 17.311 0.016
2975.59754 16.949 0.013
2977.59012 17.291 0.021
2979.55620 16.692 0.012
2981.60099 17.198 0.022
2983.63733 17.096 0.017
2985.65523 17.155 0.017
2987.55292 17.314 0.017
2990.58405 17.014 0.013
2992.54653 17.114 0.016
2995.59206 17.259 0.013
2998.54813 17.335 0.020
3001.55085 17.352 0.021
3004.54160 16.718 0.012
3007.54931 16.937 0.012
3010.54857 17.104 0.014
3016.56573 17.303 0.018
3019.56954 17.336 0.016
3021.59304 17.055 0.011
3023.54741 17.341 0.018
3025.54472 16.904 0.013
3027.58095 17.314 0.017
3031.55719 17.202 0.016
3033.55994 17.379 0.017
3035.59329 17.141 0.014
3040.54010 17.219 0.020
3133.92344 17.001 0.015
3160.83573 17.297 0.021
3175.94660 17.210 0.015
3182.95081 17.243 0.015
3191.94703 16.678 0.011
3195.91642 17.392 0.015
3197.89196 17.057 0.015
3199.92542 17.309 0.018
3203.85413 17.282 0.013
3204.92012 17.126 0.015
3210.87110 17.324 0.019
3211.93571 17.149 0.015
3216.69893 17.317 0.021
3218.81537 17.116 0.021
3223.81208 17.051 0.015
3226.80115 16.929 0.013
3229.80624 17.047 0.011
3231.76058 17.282 0.020
3238.92453 17.343 0.017
3240.74887 16.933 0.013
3242.69147 17.267 0.015
3243.82416 17.130 0.013
3244.80522 16.810 0.011
3245.75065 17.365 0.017
3246.74312 17.232 0.016
3247.73826 16.979 0.014
3248.78468 17.136 0.015
3250.78784 17.143 0.012
3253.74330 17.253 0.016
3256.72610 17.316 0.015
3260.68103 17.247 0.016
3262.71302 16.784 0.009
3264.66868 17.131 0.011
3266.73973 17.383 0.017
3268.66939 17.053 0.012
3270.64315 17.333 0.018
3271.64088 17.120 0.016
3272.69785 16.922 0.012
3274.68005 17.283 0.016
3276.68873 16.753 0.011
3277.72139 17.319 0.017
3278.77901 17.245 0.018
3280.67471 17.369 0.014
3282.66544 17.133 0.010
3286.62835 17.017 0.011
3288.64204 17.331 0.013
3293.57368 16.988 0.010
3295.59203 17.323 0.010
3297.57369 16.834 0.009
3299.63061 17.260 0.012
3301.60466 16.734 0.012
3303.66690 17.173 0.016
3306.59779 17.253 0.012
3308.58742 16.714 0.012
3310.58646 17.173 0.019
3312.58872 17.413 0.016
3315.60927 16.807 0.010
3320.57248 17.342 0.019
3321.57451 17.130 0.013
3324.59880 17.282 0.014
3329.55225 16.911 0.012
3334.54269 17.287 0.018
3336.56429 16.929 0.012
3349.57261 17.250 0.012
3352.60842 17.363 0.016
3355.57740 17.405 0.014
3362.56034 17.431 0.015
3367.59005 17.201 0.015
3372.54133 16.843 0.011
3378.56796 17.167 0.014
3386.53493 16.950 0.012
3389.56976 17.133 0.014
3398.53387 17.315 0.017
3544.94196 17.063 0.013
3552.94787 16.815 0.019
3561.91554 17.213 0.011
3564.88280 17.287 0.012
3569.90138 17.024 0.011
3570.71666 17.375 0.020
3573.83444 16.865 0.012
3574.85489 17.339 0.016
3577.87297 16.690 0.010
3578.87152 17.347 0.013
3581.81803 17.335 0.013
3582.80099 17.265 0.016
3583.81502 17.054 0.012
3585.84400 17.326 0.010
3589.81074 17.283 0.012
3591.82511 16.768 0.009
3593.86056 17.260 0.014
3596.76440 17.276 0.016
3601.78312 17.002 0.012
3603.85124 17.319 0.015
3608.79395 17.026 0.010
3615.80697 17.059 0.011
3618.80422 17.209 0.012
3620.83606 17.137 0.011
3622.78772 17.117 0.012
3626.68777 16.928 0.011
3629.71429 17.114 0.015
3631.72082 17.356 0.018
3633.66558 16.993 0.013
3638.68895 17.326 0.016
3641.67354 17.027 0.011
3643.69807 17.141 0.014
3646.62576 17.233 0.013
3650.62736 17.184 0.013
3651.70647 16.966 0.011
3653.67284 17.283 0.013
3655.66832 16.722 0.010
3657.60113 17.181 0.013
3658.60274 16.932 0.013
3659.61675 17.391 0.018
3660.65627 17.300 0.016
3664.67528 17.253 0.011
3666.69879 16.751 0.009
3669.65189 16.873 0.012
3671.59727 17.184 0.014
3673.64572 16.714 0.012
3675.63564 17.150 0.012
3681.58676 17.340 0.019
3683.61672 16.938 0.011
3685.61355 17.295 0.013
3687.61856 16.767 0.011
3689.57170 17.180 0.013
3692.54324 17.282 0.014
3694.54056 16.734 0.012
3696.53279 17.191 0.012
3698.53805 17.343 0.019
3700.54979 17.133 0.013
3702.55565 17.371 0.017
3704.55654 17.023 0.012
3706.56301 17.342 0.014
3708.55644 16.922 0.012
3711.56388 17.065 0.013
3713.58624 17.328 0.015
3716.58750 17.336 0.024
3719.58674 16.814 0.012
3722.56530 16.996 0.013
3725.60590 17.158 0.011
3727.56869 17.327 0.018
3732.61361 17.206 0.013
3740.55467 16.962 0.011
3745.54792 17.359 0.020
3749.54991 17.283 0.023
3755.54924 16.766 0.014
3760.55108 17.300 0.019
3765.53937 16.970 0.010
3771.55778 17.233 0.018
3775.56268 17.113 0.015
3780.54522 16.719 0.013
3871.85575 17.351 0.023
3900.94426 17.310 0.018
3905.93895 17.095 0.012
3913.89765 16.767 0.009
3917.92709 17.079 0.012
3921.90984 17.303 0.019
3931.88097 16.705 0.010
3933.92574 17.187 0.013
3935.90412 17.395 0.013
3937.86492 17.070 0.015
3938.92463 16.832 0.011
3944.87915 17.119 0.012
3946.84404 17.347 0.012
3951.86569 17.126 0.014
3955.82706 17.020 0.015
3958.80858 17.106 0.013
3960.80868 17.349 0.015
3963.80541 16.706 0.011
3965.79725 17.161 0.010
3967.81700 17.382 0.011
3969.78290 17.107 0.012
3971.75842 17.332 0.013
3974.76062 17.427 0.015
3979.71607 17.228 0.013
3980.59869 16.845 0.013
3981.62295 17.345 0.013
3983.88433 17.180 0.015
3987.76392 17.029 0.011
3990.77116 17.164 0.011
3993.71410 17.260 0.014
3995.71871 16.713 0.009
3999.72612 17.399 0.014
4002.70330 16.706 0.009
4004.65495 17.157 0.011
4006.68136 17.365 0.012
4007.67416 17.289 0.013
4008.55340 17.016 0.011
4013.67787 17.322 0.018
4015.65894 17.111 0.018
4017.67642 17.317 0.015
4019.66538 17.011 0.012
4021.65879 17.301 0.012
4024.63217 17.352 0.014
4026.61113 17.043 0.011
4028.60689 17.357 0.012
4030.61613 16.894 0.010
4032.67111 17.285 0.015
4037.58249 16.913 0.010
4039.58578 17.263 0.012
4041.57790 16.731 0.011
4043.57098 17.169 0.016
4046.54331 17.285 0.015
4048.54626 16.742 0.011
4050.56771 17.226 0.013
4052.54011 17.394 0.014
4054.59466 17.153 0.013
4056.56664 17.347 0.015
4059.52823 17.076 0.012
4061.56370 17.142 0.011
4065.58087 17.065 0.011
4067.54125 17.337 0.016
4069.56525 16.987 0.012
4072.62251 17.150 0.013
4076.62505 17.070 0.015
4078.58364 17.331 0.013
4080.59563 16.924 0.012
4083.61775 17.071 0.015
4087.57758 16.932 0.010
4093.59712 17.203 0.012
4099.59273 17.320 0.018
4103.61965 17.313 0.018
4111.57172 17.165 0.011
4124.56660 17.341 0.016
4132.56867 17.285 0.020
4252.90775 17.015 0.016
4255.82195 17.113 0.020
4273.90729 17.133 0.018
4278.93091 16.734 0.012
4279.88256 17.300 0.021
4282.78932 17.341 0.021
4283.90624 17.261 0.019
4285.89952 16.698 0.011
4291.91996 17.104 0.016
4293.88806 17.339 0.014
4296.87229 17.370 0.014
4297.90503 17.321 0.015
4299.84013 16.774 0.010
4300.86149 17.359 0.015
4301.87956 17.238 0.012
4302.89574 17.013 0.014
4303.92009 16.724 0.011
4307.87939 17.357 0.013
4308.64106 17.154 0.014
4308.79568 17.234 0.014
4310.81958 16.931 0.014
4311.80779 17.354 0.023
4312.88214 17.185 0.012
4314.90186 17.418 0.019
4316.80899 17.048 0.015
4319.84049 17.203 0.014
4326.81437 17.215 0.016
4327.79432 16.958 0.015
4328.81009 17.334 0.018
4329.89497 17.347 0.017
4331.87649 16.892 0.014
4333.91076 17.261 0.017
4338.87898 16.943 0.015
4340.75073 17.235 0.016
4341.74678 17.011 0.015
4342.77106 16.762 0.013
4343.74012 17.349 0.016
4345.76825 16.901 0.012
4347.75717 17.270 0.014
4349.74883 16.699 0.010
4354.73767 17.275 0.017
4356.74006 16.756 0.012
4358.77000 17.214 0.017
4361.69784 17.275 0.018
4363.60079 16.753 0.013
4364.75627 17.331 0.020
4367.67702 17.355 0.020
4371.64260 17.335 0.018
4373.66090 16.989 0.012
4377.73267 16.933 0.011
4379.62437 17.226 0.019
4380.72019 17.085 0.013
4382.66432 17.345 0.018
4387.70956 17.090 0.011
4390.64930 17.200 0.013
4392.67354 17.320 0.015
4395.65492 16.831 0.013
4397.69555 17.256 0.016
4400.62504 17.313 0.019
4403.63411 17.329 0.018
4408.63720 17.157 0.014
4411.64987 17.268 0.014
4416.66463 16.974 0.012
4421.66747 17.337 0.017
4424.58747 17.410 0.019
4426.62601 17.137 0.017
4428.56495 17.338 0.022
4430.60348 17.029 0.014
4432.64748 17.345 0.019
4434.61641 16.909 0.012
4436.59276 17.278 0.015
4438.61528 16.693 0.011
4440.58878 17.211 0.018
4441.57780 16.939 0.014
4443.53726 17.281 0.015
4450.56772 17.307 0.019
4453.55970 17.338 0.019
4456.56122 17.110 0.017
4463.57321 16.713 0.013
4466.55730 16.918 0.013
4476.55787 17.125 0.015
4479.58762 17.248 0.020
4483.58066 17.154 0.017
4486.60065 17.254 0.022
4492.59805 17.386 0.018
4609.86918 17.140 0.016
4630.94714 17.297 0.024
4638.93410 17.068 0.013
4652.90902 17.139 0.015
4661.89020 17.308 0.015
4662.73716 17.174 0.018
4663.72674 16.974 0.016
4665.79984 17.281 0.018
4666.88769 17.191 0.018
4670.88195 17.074 0.014
4671.81421 16.682 0.011
4672.85619 17.318 0.016
4675.86256 17.350 0.017
4681.85349 17.017 0.011
4683.82765 17.312 0.016
4685.83477 16.874 0.014
4687.87032 17.284 0.014
4689.74365 17.365 0.015
4690.71132 17.310 0.014
4691.71436 17.135 0.017
4693.86942 17.387 0.022
4696.79102 16.745 0.014
4698.73116 17.143 0.013
4700.76256 17.368 0.015
4701.71684 17.253 0.015
4701.76771 17.276 0.014
4702.82777 17.088 0.014
4703.72705 16.722 0.010
4704.74605 17.338 0.013
4705.75322 17.201 0.014
4708.81404 17.302 0.013
4710.72771 16.731 0.009
4716.73082 17.143 0.012
4719.72365 17.236 0.018
4721.69423 17.303 0.018
4725.69956 17.322 0.017
4728.72116 16.706 0.011
4731.71822 16.925 0.011
4734.70681 17.062 0.011
4743.68143 17.322 0.014
4748.67126 17.117 0.013
4750.67305 17.340 0.017
4750.70424 17.335 0.018
4754.62991 17.321 0.019
4756.63920 16.850 0.011
4758.61964 17.225 0.013
4760.60632 16.966 0.011
4762.58272 17.152 0.016
4766.57920 17.044 0.015
4769.61687 17.172 0.018
4771.66229 17.338 0.014
4773.63328 17.098 0.012
4775.63684 17.363 0.019
4777.57119 16.950 0.014
4779.57164 17.294 0.016
4781.55970 16.759 0.011
4782.63031 17.343 0.016
4783.53998 17.204 0.018
4785.57403 17.130 0.016
4786.61401 17.317 0.018
4788.58831 16.882 0.011
4790.57055 17.232 0.012
4792.54640 16.876 0.011
4794.55022 17.150 0.013
4796.61990 17.374 0.015
4798.56575 17.064 0.014
4800.58555 17.293 0.014
4802.59155 16.978 0.013
4804.57317 17.262 0.018
4808.59010 17.228 0.016
4810.58759 16.947 0.013
4813.54918 16.841 0.013
4815.54019 17.215 0.019
4817.56537 16.729 0.010
4819.55938 17.167 0.015
4821.62028 17.382 0.015
4823.58548 17.078 0.013
4825.60612 17.325 0.017
4832.56457 17.332 0.017
4834.58964 17.031 0.016
4837.58084 17.129 0.017
4841.54667 17.035 0.014
4843.55136 17.305 0.021
4845.54895 16.951 0.014
4846.55625 17.403 0.018
4848.59679 17.102 0.013
4849.58192 16.755 0.010
4853.57957 17.285 0.016
4856.56053 16.801 0.010
4865.54695 17.262 0.017
