 627.91462 16.573 0.012
 628.92396 16.920 0.014
 632.92425 16.756 0.014
 633.92875 16.357 0.010
 635.92386 16.709 0.014
 643.89262 16.791 0.012
 645.89611 16.922 0.016
 649.86543 16.670 0.014
 656.91119 16.955 0.013
 657.85239 16.768 0.013
 658.92403 16.437 0.012
 664.81538 16.987 0.013
 664.90392 17.004 0.014
 665.89092 16.886 0.013
 666.90144 16.598 0.010
 667.91226 16.982 0.014
 668.88285 16.811 0.010
 670.84850 16.911 0.013
 671.87104 16.763 0.010
 672.92455 16.408 0.009
 673.72682 16.892 0.013
 684.80359 16.936 0.014
 685.74212 16.683 0.010
 686.78453 16.743 0.012
 688.88937 16.699 0.012
 689.77936 16.995 0.013
 697.74539 16.420 0.009
 698.89139 16.925 0.016
 699.74788 16.678 0.012
 700.75650 16.955 0.013
 701.72893 16.897 0.013
 704.70124 16.815 0.014
 706.72497 16.943 0.017
 707.76099 16.797 0.016
 708.72850 16.403 0.013
 712.72884 16.913 0.012
 713.76657 16.683 0.013
 714.78193 16.928 0.013
 716.71556 16.603 0.010
 720.69115 16.929 0.014
 722.65641 16.437 0.010
 726.74854 16.901 0.012
 728.64731 16.994 0.014
 729.71424 16.858 0.013
 730.63835 16.529 0.010
 733.70033 16.464 0.012
 739.76527 16.569 0.013
 741.69186 16.641 0.012
 742.78229 16.998 0.016
 744.73413 16.593 0.012
 745.68541 16.932 0.013
 747.62431 16.376 0.010
 748.58584 16.939 0.014
 749.59354 16.683 0.017
 750.58812 16.975 0.017
 751.59524 16.907 0.017
 752.79782 16.763 0.014
 753.73839 16.795 0.012
 754.70500 16.885 0.014
 755.59404 16.563 0.012
 759.60007 16.947 0.014
 760.60645 16.758 0.012
 761.60339 16.388 0.009
 762.59402 16.921 0.016
 762.72854 16.944 0.016
 763.61300 16.704 0.013
 763.69359 16.747 0.013
 763.78226 16.781 0.018
 764.70020 16.452 0.014
 765.64429 16.901 0.017
 766.54053 16.628 0.016
 766.68111 16.679 0.014
 767.58958 16.977 0.018
 767.64831 17.034 0.018
 767.74299 16.854 0.017
 769.57256 16.519 0.010
 770.56032 16.936 0.014
 771.57487 16.762 0.014
 772.57358 16.407 0.012
 772.75479 16.577 0.013
 773.63544 16.954 0.016
 774.66547 16.730 0.012
 775.61779 16.384 0.009
 776.60704 16.920 0.013
 776.75964 16.934 0.014
 777.55170 16.678 0.013
 778.58950 17.003 0.017
 778.68045 16.662 0.016
 779.56988 16.884 0.017
 779.72467 16.906 0.016
 780.57386 16.600 0.012
 780.74282 16.682 0.013
 781.62452 17.002 0.014
 782.55911 16.806 0.014
 782.65876 16.866 0.016
 783.60490 16.536 0.009
 784.65037 16.956 0.013
 785.54677 16.764 0.013
 786.55298 16.365 0.009
 787.63467 16.918 0.016
 788.56291 16.702 0.010
 790.60244 16.908 0.014
 795.59035 16.956 0.017
 796.57761 16.801 0.021
 796.70499 16.885 0.019
 797.55844 16.468 0.010
 798.62789 16.945 0.013
 800.56302 16.368 0.009
 802.65469 16.752 0.014
 806.56078 16.994 0.016
 808.57904 16.595 0.013
 816.65530 16.736 0.012
 817.65056 16.449 0.010
 819.62972 16.665 0.013
 822.61609 16.596 0.012
 824.63608 16.857 0.017
 825.62380 16.508 0.013
 828.66913 16.434 0.010
 829.63578 16.943 0.014
 830.55323 16.715 0.018
 832.64261 16.902 0.016
 834.54484 16.957 0.017
 836.61028 16.610 0.013
 838.62913 16.820 0.014
 840.62206 16.912 0.018
 842.63347 16.378 0.010
 843.62433 16.911 0.016
 845.60855 16.818 0.010
 850.59718 16.567 0.013
 855.60192 16.754 0.017
 856.56668 16.494 0.017
 858.53460 16.654 0.014
 860.53634 16.859 0.017
 867.53253 16.394 0.014
 874.53128 16.833 0.014
 963.91476 16.987 0.016
 986.90113 16.935 0.016
 987.91336 16.719 0.012
 996.90000 16.499 0.010
 998.83237 16.742 0.014
1003.83437 16.913 0.018
1005.85863 16.980 0.017
1008.89160 16.931 0.017
1020.85485 16.837 0.013
1025.84050 16.942 0.016
1035.80822 16.461 0.010
1037.83531 16.769 0.013
1038.85345 16.383 0.010
1041.84166 16.716 0.012
1045.80600 16.859 0.013
1049.83490 16.498 0.012
1053.72622 16.920 0.014
1058.79427 16.971 0.018
1059.83990 16.849 0.014
1061.82633 16.944 0.014
1064.78280 16.930 0.014
1069.69620 16.987 0.016
1074.67740 16.417 0.012
1077.67185 16.627 0.010
1079.67390 16.660 0.012
1081.72109 16.902 0.012
1084.66006 16.811 0.012
1087.67949 16.761 0.012
1090.64746 16.723 0.014
1092.71152 16.904 0.014
1094.70733 16.995 0.013
1095.73778 16.879 0.014
1102.67663 16.361 0.009
1107.64485 16.635 0.010
1112.68799 16.813 0.013
1117.62651 16.904 0.013
1122.64089 16.997 0.016
1128.59092 16.911 0.014
1132.61685 16.667 0.012
1138.66197 16.549 0.010
1140.67035 16.803 0.013
1144.69697 16.363 0.010
1151.60827 16.812 0.013
1154.56538 16.724 0.013
1157.57511 16.700 0.013
1160.59992 16.655 0.012
1163.67832 16.639 0.016
1164.72391 16.998 0.014
1170.57885 16.921 0.013
1178.70141 16.985 0.016
1182.69984 16.756 0.012
1185.64258 16.698 0.012
1187.67910 16.900 0.016
1190.54851 16.832 0.013
1202.62415 16.615 0.013
1208.59467 16.375 0.012
1211.59705 16.620 0.014
1216.58505 16.599 0.013
1219.58946 16.486 0.013
1228.54045 16.992 0.022
1235.53447 16.749 0.017
1329.82687 17.043 0.021
1330.93724 16.901 0.017
1335.90717 16.934 0.017
1347.93890 16.867 0.018
1349.93426 16.964 0.017
1355.92715 16.908 0.018
1366.88333 16.936 0.016
1367.90532 16.745 0.017
1369.89824 16.891 0.017
1374.89211 16.960 0.019
1395.85838 16.693 0.013
1397.88118 16.904 0.016
1401.89554 16.589 0.012
1402.89328 16.968 0.014
1407.90364 16.366 0.010
1412.80231 16.594 0.013
1418.77628 16.368 0.010
1432.79879 16.359 0.009
1435.72447 17.005 0.021
1439.82224 16.843 0.012
1442.78665 16.797 0.012
1447.71557 16.889 0.018
1451.70622 16.583 0.012
1454.70453 16.467 0.013
1460.64864 17.002 0.018
1462.67253 16.622 0.013
1470.62379 16.703 0.013
1475.67159 16.879 0.014
1478.59778 16.815 0.014
1481.61097 16.725 0.016
1484.61261 16.697 0.013
1487.57170 16.608 0.014
1489.59509 16.863 0.013
1491.65724 16.948 0.017
1494.70522 16.952 0.016
1495.55832 16.711 0.012
1499.53048 16.981 0.022
1502.61538 16.990 0.019
1506.61041 16.791 0.016
1509.59399 16.724 0.013
1514.67027 16.908 0.017
1517.58701 16.819 0.013
1520.62983 16.795 0.014
1522.65854 16.925 0.018
1525.55416 16.899 0.016
1528.65210 16.879 0.014
1544.58488 16.955 0.014
1546.64133 16.535 0.012
1551.60333 16.709 0.013
1555.58152 17.013 0.018
1562.61573 16.747 0.016
1568.58919 16.632 0.013
1573.58419 16.796 0.017
1579.56776 16.687 0.014
1581.59505 16.873 0.014
1584.57989 16.840 0.014
1586.59097 16.947 0.014
1588.56448 16.400 0.016
1592.58762 16.917 0.018
1597.56309 16.938 0.016
1602.56025 16.364 0.013
1607.55046 16.640 0.014
1706.92059 16.383 0.012
1730.93675 16.829 0.013
1738.88780 16.886 0.013
1740.89548 16.994 0.018
1744.91239 16.801 0.014
1745.90554 16.463 0.013
1749.88614 16.931 0.013
1750.88944 16.681 0.012
1751.86998 17.004 0.014
1752.86232 16.870 0.014
1753.86313 16.609 0.012
1754.85907 16.966 0.017
1755.85536 16.826 0.018
1756.88503 16.553 0.018
1757.83410 16.942 0.017
1758.83864 16.765 0.013
1759.85178 16.384 0.010
1761.86791 16.725 0.012
1762.85033 16.698 0.013
1763.85585 16.892 0.012
1764.84558 16.648 0.010
1765.84195 17.018 0.017
1766.81569 16.864 0.017
1768.82950 16.957 0.018
1769.74464 16.774 0.014
1773.80559 16.422 0.010
1775.81711 16.701 0.012
1785.79415 16.950 0.012
1788.82931 16.913 0.014
1789.76197 16.660 0.010
1803.86560 16.698 0.013
1809.78930 16.491 0.009
1812.76321 16.373 0.009
1815.81963 16.555 0.010
1821.71623 16.928 0.013
1823.78551 16.467 0.010
1829.71057 17.032 0.016
1830.77756 16.888 0.016
1843.78804 16.887 0.013
1843.82234 16.695 0.012
1847.62667 16.786 0.013
1847.71578 16.831 0.013
1848.62343 16.381 0.010
1848.73316 16.516 0.012
1851.59975 16.751 0.014
1851.70200 16.373 0.012
1852.73006 16.926 0.014
1856.54337 16.563 0.018
1856.69499 16.657 0.013
1860.74698 16.974 0.018
1861.58280 16.743 0.016
1861.69181 16.809 0.014
1864.72192 16.760 0.013
1865.62040 16.715 0.010
1865.72795 16.354 0.009
1866.58699 16.895 0.012
1869.67454 16.892 0.013
1869.73152 16.910 0.016
1870.52037 16.513 0.012
1870.66773 16.620 0.012
1873.70050 16.552 0.010
2086.92886 16.454 0.009
2104.86099 16.894 0.010
2106.92089 17.008 0.013
2113.84132 16.722 0.010
2114.85557 16.364 0.009
2115.91948 16.962 0.014
2116.90195 16.708 0.010
2117.90764 16.636 0.010
2123.85186 16.945 0.012
2128.85517 16.405 0.009
2129.88733 16.919 0.012
2130.83621 16.656 0.010
2131.82971 17.010 0.013
2132.83589 16.883 0.012
2133.92450 16.666 0.013
2134.84083 16.978 0.013
2135.87602 16.846 0.010
2136.87654 16.555 0.010
2137.91916 16.980 0.016
2140.84509 16.945 0.013
2142.89135 16.366 0.008
2143.85211 16.923 0.012
2144.81687 16.653 0.008
2156.85506 16.545 0.009
2160.78480 16.839 0.012
2162.79136 16.936 0.010
2165.77517 16.926 0.012
2166.78614 16.739 0.009
2167.75693 16.546 0.009
2168.74346 16.900 0.012
2171.76949 16.864 0.010
2172.77606 16.618 0.009
2173.73818 16.952 0.012
2177.66980 16.754 0.010
2185.69466 16.822 0.013
2187.67723 16.934 0.014
2190.72123 16.937 0.012
2192.69079 16.439 0.008
2193.71178 16.906 0.009
2194.68300 16.674 0.009
2200.69548 16.544 0.009
2201.74914 16.948 0.010
2206.63497 16.831 0.013
2211.67361 16.606 0.010
2213.68366 16.851 0.013
2214.67003 16.493 0.010
2215.68533 16.941 0.012
2217.66297 16.355 0.009
2222.75538 16.691 0.010
2225.62463 16.546 0.008
2226.67098 16.948 0.013
2228.58638 16.376 0.009
2230.52369 16.691 0.012
2232.53742 16.916 0.012
2234.57950 17.016 0.010
2236.56900 16.585 0.009
2238.57439 16.806 0.010
2241.56118 16.748 0.010
2243.59947 16.920 0.012
2248.64388 16.972 0.010
2250.62205 16.609 0.009
2253.60092 16.507 0.009
2256.58005 16.380 0.009
2258.62050 16.735 0.009
2265.63776 16.971 0.012
2270.59595 16.358 0.008
2272.59401 16.709 0.010
2274.57785 16.915 0.013
2276.54537 16.973 0.013
2280.55795 16.762 0.012
2285.59640 16.916 0.012
2289.59333 16.628 0.009
2291.59403 16.826 0.010
2293.59472 16.935 0.012
2295.59103 16.436 0.009
2297.59420 16.743 0.010
2299.59068 16.915 0.013
2301.58335 16.975 0.014
2466.86683 16.414 0.009
2467.93072 16.939 0.013
2469.92999 16.359 0.008
2471.91956 16.705 0.010
2472.90961 16.923 0.009
2473.93580 16.911 0.010
2481.89505 16.928 0.013
2483.91870 16.363 0.008
2486.91885 16.932 0.014
2488.93421 16.635 0.012
2490.79641 16.820 0.014
2492.93310 16.946 0.013
2496.93290 16.736 0.010
2498.80420 16.884 0.010
2499.88914 16.667 0.009
2500.89760 17.025 0.013
2501.88433 16.858 0.010
2502.86450 16.592 0.010
2508.77508 16.658 0.014
2516.80655 16.522 0.009
2517.85331 16.943 0.013
2518.82568 16.787 0.012
2519.82390 16.413 0.008
2520.82208 16.925 0.012
2521.81525 16.727 0.009
2524.81379 16.674 0.010
2526.80757 16.886 0.009
2529.80381 16.830 0.010
2534.86444 16.915 0.013
2535.80207 16.716 0.010
2537.73215 16.880 0.013
2538.83240 16.677 0.012
2539.72960 16.972 0.012
2540.77289 16.863 0.013
2541.74148 16.541 0.009
2542.71127 16.938 0.010
2544.69203 16.375 0.008
2545.70475 16.929 0.010
2547.72272 16.566 0.009
2548.74151 16.908 0.012
2550.73679 16.994 0.013
2551.72333 16.875 0.010
2552.73930 16.604 0.009
2553.68009 16.974 0.013
2554.73244 16.842 0.010
2555.74034 16.527 0.009
2556.71945 16.938 0.012
2557.73198 16.786 0.009
2558.68842 16.359 0.008
2559.64543 16.910 0.012
2560.67844 16.694 0.009
2561.72406 16.653 0.010
2562.69674 16.889 0.012
2563.70472 16.636 0.009
2564.72111 17.026 0.013
2565.71626 16.878 0.012
2566.69121 16.576 0.009
2568.76763 16.845 0.013
2571.67761 16.738 0.010
2572.75211 16.350 0.009
2573.69019 16.933 0.014
2574.67015 16.697 0.009
2576.70488 16.901 0.012
2577.66993 16.614 0.010
2578.65746 16.983 0.013
2579.66798 16.861 0.012
2580.67609 16.546 0.009
2583.64815 16.404 0.009
2584.65460 16.921 0.012
2586.65580 16.560 0.009
2587.63846 16.931 0.012
2589.62933 17.029 0.012
2590.64610 16.872 0.012
2591.67228 16.595 0.010
2593.63553 16.825 0.010
2594.64157 16.496 0.010
2596.61520 16.754 0.012
2597.60238 16.351 0.009
2598.68256 16.936 0.013
2599.63663 16.715 0.012
2607.65672 16.805 0.012
2610.57807 16.722 0.010
2613.57185 16.668 0.010
2615.60230 16.876 0.012
2619.58677 16.536 0.009
2621.59592 16.789 0.012
2625.57850 16.609 0.012
2627.54918 16.672 0.013
2630.56300 16.590 0.012
2635.57671 16.781 0.010
2637.57157 16.941 0.012
2640.54192 16.892 0.012
2642.58165 17.014 0.014
2646.59303 16.829 0.012
2651.56770 16.923 0.014
2654.59519 16.915 0.013
2657.54718 16.854 0.014
2661.55321 16.444 0.008
2664.58415 16.411 0.010
2667.54294 16.979 0.013
2668.57008 16.896 0.016
2672.56209 16.574 0.010
2676.55227 16.935 0.012
2679.56698 16.929 0.012
2683.54595 16.615 0.013
2777.93270 16.951 0.016
2804.86124 16.496 0.012
2805.87853 16.946 0.018
2811.93365 16.933 0.016
2815.90734 16.603 0.009
2825.93921 16.929 0.014
2830.84647 16.930 0.010
2831.81612 16.777 0.012
2832.78917 16.379 0.009
2833.89466 16.931 0.014
2834.94529 16.792 0.012
2836.90362 16.922 0.018
2838.84669 16.971 0.014
2840.85436 16.629 0.009
2843.85571 16.553 0.008
2844.90142 16.952 0.012
2845.94844 16.863 0.021
2849.88495 16.369 0.009
2850.91770 16.914 0.013
2852.84632 16.966 0.014
2854.85766 16.636 0.012
2857.86504 16.553 0.009
2858.93865 16.958 0.013
2860.90462 16.483 0.008
2861.77610 16.920 0.010
2862.89947 16.755 0.012
2863.86415 16.456 0.012
2865.82384 16.655 0.010
2867.81326 16.862 0.010
2868.81686 16.578 0.009
2869.80338 16.947 0.012
2870.84495 16.825 0.010
2871.88802 16.564 0.009
2872.84482 16.922 0.010
2875.83572 16.940 0.012
2876.80514 16.695 0.009
2879.73164 16.589 0.009
2883.85489 16.948 0.010
2885.79021 16.438 0.008
2890.72108 16.647 0.013
2893.77254 16.604 0.009
2895.82175 16.854 0.010
2897.72529 16.932 0.012
2899.76292 16.391 0.008
2903.78198 16.919 0.008
2906.73098 16.847 0.010
2908.70798 16.945 0.012
2910.70286 16.446 0.009
2912.70819 16.741 0.009
2916.72094 16.921 0.010
2918.69783 16.607 0.010
2922.69781 16.941 0.013
2924.63875 16.363 0.008
2926.63279 16.693 0.010
2929.69399 16.687 0.010
2931.66993 16.876 0.010
2933.68036 16.971 0.010
2935.64470 16.483 0.010
2937.67029 16.774 0.013
2939.68575 16.932 0.012
2940.66292 16.703 0.009
2941.63818 16.913 0.009
2942.66298 16.903 0.012
2943.63433 16.633 0.010
2944.61869 16.984 0.013
2946.61344 16.550 0.010
2947.64506 16.940 0.013
2949.62608 16.419 0.009
2950.57761 16.936 0.012
2951.65822 16.750 0.012
2953.60616 16.923 0.012
2955.59124 17.003 0.016
2957.60486 16.603 0.009
2962.65913 16.812 0.010
2965.66180 16.741 0.010
2968.62413 16.677 0.010
2970.64294 16.890 0.010
2972.64756 16.985 0.013
2975.55560 16.945 0.012
2977.65141 16.416 0.009
2979.59130 16.695 0.012
2981.63858 16.895 0.018
2983.57209 17.007 0.016
2986.58867 16.946 0.012
2988.56065 16.426 0.009
2991.59046 16.369 0.008
2994.57533 16.965 0.012
2997.58793 17.009 0.012
3000.57995 16.950 0.012
3003.56193 16.922 0.012
3006.54920 16.908 0.012
3009.54449 16.887 0.013
3013.54686 16.515 0.009
3015.58212 16.783 0.010
3018.55923 16.708 0.012
3020.59494 16.914 0.010
3022.54859 17.038 0.014
3024.54762 16.599 0.010
3025.60720 16.995 0.012
3027.63269 16.565 0.009
3029.60438 16.783 0.012
3031.60918 16.946 0.012
3034.53942 16.900 0.010
3037.55858 16.880 0.013
3179.92091 16.793 0.009
3183.94060 16.860 0.013
3193.90852 16.932 0.010
3196.88062 17.002 0.014
3197.94302 16.867 0.013
3202.86851 16.916 0.010
3203.90859 16.739 0.009
3206.84640 16.677 0.008
3210.92241 17.010 0.010
3211.87698 16.832 0.010
3215.81219 16.417 0.010
3216.75805 16.893 0.014
3217.80803 16.662 0.012
3223.86416 16.595 0.009
3228.78286 16.735 0.012
3229.86467 16.369 0.008
3231.84617 16.730 0.013
3238.78305 16.921 0.012
3239.82662 16.787 0.010
3240.81932 16.420 0.009
3241.80280 16.921 0.010
3242.74678 16.707 0.012
3243.87940 16.392 0.009
3244.85797 16.953 0.014
3245.80573 16.671 0.010
3246.79849 17.028 0.014
3247.80684 16.865 0.012
3249.75715 16.922 0.012
3251.77075 16.481 0.008
3254.75846 16.373 0.008
3257.78272 16.813 0.009
3259.69544 16.592 0.009
3261.73149 16.848 0.009
3263.72872 16.927 0.009
3265.75008 16.438 0.008
3267.73686 16.733 0.009
3270.69029 16.647 0.010
3271.69317 17.028 0.013
3273.65150 16.565 0.012
3275.64635 16.810 0.013
3276.74078 16.559 0.010
3277.77942 16.944 0.013
3279.71102 16.373 0.008
3281.66962 16.680 0.008
3283.67130 16.897 0.008
3287.63743 16.520 0.008
3289.65237 16.785 0.008
3291.59046 16.925 0.012
3293.62596 16.655 0.009
3295.64387 16.651 0.007
3298.58178 16.570 0.008
3300.58406 16.800 0.012
3302.56103 16.936 0.012
3305.66111 16.940 0.012
3307.57337 16.949 0.014
3309.59841 16.641 0.009
3311.55003 16.834 0.010
3314.59300 16.804 0.012
3320.63081 16.697 0.009
3323.57823 16.613 0.008
3327.58576 16.930 0.010
3330.58126 16.931 0.013
3335.62523 16.882 0.012
3338.57091 16.970 0.010
3350.54522 16.858 0.009
3353.60382 16.809 0.009
3359.58568 16.719 0.009
3363.58771 17.018 0.013
3367.64734 16.842 0.012
3372.58082 16.928 0.010
3376.55696 16.627 0.009
3380.54334 16.934 0.013
3386.59028 16.923 0.009
3395.53809 16.780 0.013
3398.58578 16.781 0.012
3402.58303 16.926 0.010
3543.89658 16.940 0.013
3551.92011 16.965 0.012
3558.90365 16.726 0.008
3562.89076 17.013 0.010
3568.88187 16.943 0.010
3570.84292 16.526 0.010
3571.83383 16.943 0.013
3573.87955 16.931 0.014
3575.83531 16.611 0.008
3577.89168 16.864 0.010
3578.92775 16.595 0.008
3579.83277 16.927 0.009
3581.90186 16.463 0.008
3582.85814 16.943 0.010
3583.86838 16.752 0.009
3585.88952 16.935 0.009
3586.84166 16.680 0.008
3588.85993 16.874 0.009
3590.81599 16.945 0.009
3592.78075 16.454 0.007
3594.82024 16.778 0.009
3600.90602 16.725 0.016
3602.76459 16.854 0.012
3607.84838 16.939 0.010
3614.82059 16.641 0.008
3617.80437 16.564 0.008
3619.78250 16.782 0.008
3621.77498 16.940 0.009
3630.65377 16.777 0.012
3632.65108 16.965 0.016
3634.72398 16.376 0.007
3637.68279 17.011 0.012
3639.73273 16.643 0.007
3641.72950 16.860 0.010
3643.82794 16.979 0.013
3644.76859 16.838 0.008
3646.69964 16.924 0.010
3650.72085 16.686 0.009
3652.65597 16.875 0.009
3654.63430 16.957 0.010
3656.65798 16.489 0.008
3657.71569 16.937 0.010
3658.69298 16.790 0.010
3659.67331 16.394 0.009
3661.62201 16.681 0.010
3663.64496 16.919 0.012
3665.67727 17.016 0.012
3668.62641 16.931 0.010
3670.57713 16.386 0.009
3672.61658 16.727 0.010
3674.67542 16.942 0.009
3676.61585 16.997 0.010
3682.59255 16.939 0.012
3684.58548 16.380 0.007
3686.57536 16.721 0.009
3688.54843 16.902 0.010
3690.55431 16.991 0.013
3692.60689 16.615 0.009
3694.59344 16.830 0.010
3696.58957 16.941 0.009
3698.62818 16.412 0.009
3700.63333 16.718 0.009
3702.62424 16.914 0.010
3704.62477 17.022 0.010
3706.63964 16.614 0.008
3708.62106 16.857 0.010
3712.57756 16.387 0.008
3714.58024 16.701 0.009
3718.56370 16.989 0.012
3721.59590 16.959 0.013
3725.62476 16.750 0.009
3730.54901 16.877 0.009
3734.61972 16.563 0.008
3738.57175 16.913 0.012
3742.56894 16.652 0.010
3747.56968 16.816 0.012
3751.57748 16.396 0.010
3762.55545 16.499 0.010
3766.56068 16.904 0.010
3772.58746 16.873 0.010
3777.53478 16.935 0.013
3871.90682 16.718 0.013
3902.92716 16.645 0.009
3907.92195 16.803 0.010
3913.94752 16.699 0.009
3918.91736 16.841 0.009
3932.86852 16.794 0.010
3934.88688 16.949 0.010
3936.89519 16.403 0.008
3938.87926 16.725 0.009
3945.88616 16.981 0.009
3950.83105 16.420 0.008
3957.78658 16.843 0.013
3959.77600 16.943 0.012
3961.77017 16.376 0.009
3964.77840 16.770 0.008
3966.77066 16.637 0.008
3968.76436 16.879 0.009
3970.75601 16.958 0.009
3973.72534 16.950 0.010
3975.73760 16.419 0.008
3980.67286 16.584 0.009
3981.67260 16.964 0.010
3982.73693 16.830 0.013
3986.71028 16.378 0.008
3991.73950 16.702 0.010
3994.65190 16.558 0.009
3998.68230 16.920 0.013
4001.65311 16.913 0.009
4003.62454 17.032 0.010
4004.70432 16.900 0.009
4005.69850 16.663 0.008
4007.59176 16.819 0.009
4008.60065 16.504 0.007
4011.65112 16.407 0.008
4014.63354 16.639 0.010
4016.63035 16.662 0.009
4018.62675 16.869 0.010
4020.63020 16.940 0.012
4023.61607 16.926 0.012
4025.61641 16.360 0.008
4027.60452 16.678 0.009
4029.58684 16.883 0.010
4031.57393 16.996 0.010
4033.66816 16.611 0.009
4038.56335 16.750 0.010
4040.54361 16.910 0.012
4042.57152 17.033 0.012
4046.62763 16.836 0.012
4049.53950 16.753 0.009
4051.58914 16.920 0.010
4053.63652 16.381 0.007
4055.52920 16.680 0.010
4057.60456 16.899 0.012
4059.60298 16.991 0.010
4063.54979 16.782 0.009
4065.60009 16.960 0.009
4067.59093 16.565 0.008
4069.54378 16.648 0.009
4071.55461 16.874 0.010
4074.55072 16.793 0.010
4077.55245 16.759 0.009
4079.55264 16.898 0.010
4082.55395 16.890 0.010
4085.63130 16.885 0.012
4092.58677 16.380 0.007
4097.62930 16.648 0.010
4100.62076 16.602 0.009
4105.58477 16.756 0.009
4111.62120 16.668 0.008
4115.54066 16.943 0.012
4120.57159 16.397 0.008
4124.58863 16.854 0.010
4128.60700 16.573 0.009
4253.87645 16.906 0.017
4255.87472 17.015 0.014
4268.93305 16.671 0.010
4275.94799 16.939 0.014
4279.84483 16.678 0.013
4282.83623 16.614 0.010
4283.85527 16.989 0.014
4284.88571 16.851 0.013
4289.86032 16.941 0.012
4292.89358 16.916 0.010
4295.88706 16.900 0.010
4296.91754 16.659 0.009
4297.94949 17.025 0.017
4299.88435 16.567 0.008
4300.90609 16.947 0.010
4301.92463 16.833 0.010
4302.94653 16.515 0.010
4306.94324 16.937 0.014
4307.85783 16.671 0.009
4308.68603 16.950 0.012
4308.89396 16.942 0.012
4310.86610 16.596 0.010
4311.86598 16.975 0.016
4312.92813 16.859 0.010
4316.85511 16.384 0.009
4320.88244 16.915 0.013
4326.86466 16.831 0.012
4327.88694 16.532 0.012
4328.85696 16.945 0.012
4329.85769 16.769 0.012
4330.88763 16.433 0.009
4332.90380 16.741 0.012
4334.88084 16.895 0.013
4339.87743 16.982 0.014
4340.80413 16.797 0.010
4341.79696 16.433 0.009
4342.87120 16.926 0.012
4343.79056 16.735 0.010
4344.77263 16.597 0.009
4346.72889 16.646 0.010
4348.73472 16.843 0.010
4350.71139 16.942 0.010
4353.66950 16.922 0.013
4354.79087 16.785 0.010
4359.72850 16.856 0.010
4362.67613 16.817 0.014
4363.63544 16.462 0.009
4365.69381 16.795 0.013
4369.68775 16.597 0.012
4371.67675 16.669 0.012
4376.68020 16.813 0.012
4378.64686 16.933 0.012
4379.67813 16.774 0.012
4381.63727 16.930 0.014
4382.71584 16.732 0.010
4386.69009 16.995 0.012
4388.69084 16.588 0.009
4390.69965 16.816 0.010
4393.69415 16.764 0.010
4396.66875 16.690 0.010
4398.67374 16.901 0.013
4400.69824 17.034 0.013
4404.67526 16.791 0.013
4407.66312 16.747 0.012
4410.69303 16.692 0.010
4415.67937 16.843 0.010
4418.62491 16.789 0.009
4421.68272 16.752 0.010
4423.68716 16.918 0.012
4426.56336 16.854 0.013
4428.58005 16.934 0.016
4430.64021 16.499 0.010
4432.62615 16.762 0.010
4434.63138 16.934 0.012
4436.60773 16.822 0.010
4438.67037 16.682 0.012
4442.56500 16.920 0.014
4444.58976 16.440 0.012
4450.62223 16.840 0.013
4452.59974 16.626 0.010
4454.53681 16.814 0.012
4455.60889 16.556 0.009
4457.54444 16.783 0.013
4459.56451 16.910 0.014
4462.59595 16.903 0.012
4466.62009 16.613 0.010
4471.55474 16.758 0.010
4475.54881 16.759 0.010
4480.58984 16.579 0.009
4482.59678 16.817 0.014
4485.60664 16.773 0.013
4488.60208 16.709 0.013
4609.92442 16.649 0.010
4643.90859 16.430 0.009
4650.94747 16.915 0.013
4655.92692 16.944 0.010
4662.80529 16.623 0.009
4662.92211 16.673 0.009
4663.77690 16.954 0.013
4663.92474 16.982 0.014
4665.85001 16.583 0.010
4665.94382 16.634 0.012
4666.94299 17.012 0.014
4670.93211 16.795 0.010
4671.90202 16.386 0.009
4676.93232 16.687 0.012
4677.84795 17.001 0.010
4682.82234 16.428 0.009
4684.86024 16.752 0.010
4686.82021 16.914 0.009
4688.83616 17.001 0.010
4690.76180 16.572 0.008
4691.76483 16.959 0.012
4693.91978 16.601 0.012
4696.91654 16.527 0.012
4697.83195 16.925 0.014
4698.78154 16.694 0.008
4699.77568 16.859 0.010
4700.81039 16.892 0.010
4701.81829 16.657 0.010
4703.77751 16.850 0.010
4704.79624 16.575 0.008
4705.80375 16.947 0.012
4707.79617 16.477 0.008
4709.75197 16.752 0.010
4710.78053 16.367 0.007
4715.76054 16.632 0.010
4716.84376 17.027 0.010
4717.71370 16.818 0.010
4719.80110 16.944 0.012
4721.79398 16.482 0.009
4724.67650 16.943 0.013
4725.75601 16.908 0.010
4728.76153 16.868 0.010
4733.73816 16.961 0.010
4740.67973 16.621 0.010
4741.71508 17.005 0.010
4747.61931 16.919 0.012
4749.61897 16.795 0.012
4753.68996 16.877 0.016
4755.68198 16.980 0.012
4757.66644 16.519 0.009
4759.68115 16.786 0.009
4761.64956 16.928 0.009
4763.66680 16.631 0.010
4767.60768 16.845 0.012
4770.67628 16.832 0.013
4772.61399 16.927 0.010
4774.56856 16.626 0.009
4776.56013 16.653 0.009
4777.66209 16.725 0.009
4780.53078 16.943 0.013
4781.64473 16.860 0.012
4783.59386 16.935 0.012
4785.62927 16.459 0.010
4789.56033 16.899 0.010
4791.54190 16.997 0.013
4793.54926 16.590 0.010
4795.56197 16.801 0.010
4797.55423 16.945 0.012
4798.61755 16.789 0.010
4800.66494 16.930 0.010
4802.57402 16.735 0.010
4803.55605 16.899 0.010
4804.61115 16.671 0.012
4805.53878 17.000 0.012
4805.59798 17.016 0.012
4806.58287 16.865 0.012
4806.62294 16.862 0.012
4807.53582 16.577 0.012
4807.60948 16.612 0.012
4808.57861 16.959 0.012
4808.62014 16.972 0.012
4809.56515 16.794 0.010
4809.63423 16.852 0.010
4810.54278 16.444 0.009
4811.58703 16.922 0.012
4812.62761 16.763 0.013
4813.56398 16.368 0.009
4815.59989 16.730 0.012
4816.54697 16.942 0.012
4818.59723 16.638 0.010
4820.53874 16.837 0.012
4822.59545 16.942 0.010
4824.58028 16.471 0.009
4826.63995 16.769 0.010
4833.57937 17.024 0.012
4835.60259 16.572 0.009
4837.61352 16.839 0.013
4841.58992 16.365 0.009
4843.58411 16.684 0.012
4844.53978 16.996 0.012
4846.59322 16.630 0.009
4847.54394 16.957 0.014
4848.62944 16.865 0.010
4849.54099 16.521 0.010
4849.64449 16.578 0.009
4850.58423 16.955 0.012
4850.61693 16.969 0.012
4850.64737 16.945 0.012
4854.60822 16.743 0.009
4856.62540 16.914 0.010
4862.57329 16.822 0.010
4868.56364 16.736 0.010
4948.92118 16.928 0.013
4954.92531 16.970 0.014
