 625.92433 17.272 0.014
 626.91612 17.237 0.014
 627.88181 17.167 0.013
 629.83541 17.250 0.018
 629.93944 17.027 0.013
 631.89726 17.228 0.016
 632.89202 17.152 0.015
 635.86796 17.227 0.015
 643.83727 17.257 0.014
 645.86345 17.205 0.016
 647.82125 17.031 0.018
 649.82613 17.248 0.018
 656.87864 17.029 0.011
 657.88252 17.224 0.016
 658.89124 17.232 0.016
 665.85826 17.046 0.012
 666.86035 17.167 0.012
 667.87936 17.270 0.012
 668.85016 17.193 0.011
 670.81583 16.983 0.012
 671.83826 17.250 0.011
 672.84323 17.218 0.010
 673.75628 17.145 0.011
 684.77120 17.061 0.011
 685.77172 17.273 0.013
 686.72780 17.205 0.014
 687.88909 17.166 0.012
 688.85698 17.077 0.011
 689.72354 17.254 0.012
 697.68938 17.001 0.012
 698.70463 17.230 0.017
 699.71544 17.246 0.012
 700.70053 17.220 0.013
 701.67220 17.098 0.012
 704.66673 17.225 0.014
 706.66514 17.072 0.019
 706.75961 17.073 0.015
 707.69568 17.166 0.016
 708.69316 17.217 0.018
 712.69349 17.270 0.013
 713.70772 17.253 0.013
 714.72428 17.191 0.011
 715.76511 17.118 0.012
 716.74766 16.986 0.011
 720.65465 17.005 0.014
 726.71480 17.270 0.012
 728.70790 17.166 0.012
 729.65226 17.044 0.012
 730.60364 17.202 0.017
 733.66327 17.134 0.018
 739.68546 16.985 0.012
 741.64901 17.243 0.014
 742.64284 17.145 0.013
 744.61135 17.242 0.014
 745.65123 17.272 0.012
 746.59603 17.181 0.013
 747.55384 17.077 0.017
 748.55048 17.124 0.016
 749.55688 17.253 0.023
 750.53110 17.214 0.022
 751.56124 17.125 0.016
 752.76501 17.111 0.012
 753.70477 17.015 0.011
 754.73630 17.271 0.016
 755.55998 17.229 0.016
 759.56262 17.255 0.014
 760.56695 17.159 0.014
 761.56220 17.076 0.013
 761.76569 17.115 0.017
 762.56020 17.161 0.015
 762.69043 17.012 0.015
 762.76885 17.021 0.015
 763.57917 17.265 0.017
 763.72341 17.270 0.016
 764.65720 17.244 0.022
 765.54256 17.113 0.017
 766.57948 17.017 0.015
 766.64602 17.069 0.016
 767.55388 17.267 0.022
 767.70754 17.067 0.020
 769.53878 17.204 0.014
 770.63508 17.117 0.013
 771.61128 16.992 0.011
 772.53933 17.274 0.016
 772.78719 17.118 0.014
 773.56190 17.243 0.014
 774.63176 17.173 0.014
 775.58463 17.057 0.012
 776.66559 16.996 0.013
 777.58254 17.268 0.014
 778.55568 17.212 0.017
 778.64721 17.230 0.017
 779.61506 17.124 0.014
 780.60341 17.004 0.016
 780.70895 17.051 0.014
 781.59142 17.265 0.014
 781.76477 17.061 0.014
 782.58908 17.236 0.016
 783.56880 17.187 0.013
 784.60844 17.110 0.013
 785.57927 17.051 0.012
 786.58401 17.261 0.013
 787.66439 17.263 0.013
 788.59602 17.173 0.012
 790.54601 17.253 0.015
 795.55778 17.255 0.014
 796.60739 17.257 0.017
 797.67784 17.199 0.013
 798.59532 17.074 0.012
 800.59320 17.277 0.012
 802.57370 17.142 0.014
 805.57975 17.248 0.014
 806.59053 17.194 0.015
 817.61799 17.002 0.012
 819.65910 17.264 0.013
 820.65808 17.212 0.013
 822.57801 17.051 0.012
 823.65533 17.276 0.016
 824.60343 17.245 0.017
 824.66626 17.256 0.019
 825.67663 17.157 0.017
 828.63668 17.263 0.014
 829.60326 17.225 0.016
 830.58377 17.090 0.015
 832.61018 17.254 0.015
 833.63033 17.263 0.013
 834.64452 17.219 0.015
 836.57788 17.154 0.015
 838.55099 17.221 0.021
 840.56646 17.031 0.014
 845.57212 17.018 0.011
 850.53957 17.262 0.020
 855.54626 17.287 0.020
 856.53410 17.259 0.017
 859.53377 17.140 0.014
 860.56609 17.246 0.017
 866.55338 17.208 0.016
 876.52197 17.154 0.012
 962.90266 17.085 0.014
 986.86897 17.256 0.016
 987.88124 17.193 0.016
 991.89513 17.255 0.013
 996.86133 17.253 0.008
 998.86857 17.073 0.014
1003.79971 17.001 0.015
1005.82516 17.220 0.017
1008.85831 17.073 0.015
1020.82118 17.149 0.013
1025.80083 17.084 0.013
1035.77572 17.007 0.012
1037.80294 17.260 0.016
1038.90199 17.236 0.017
1041.87240 17.264 0.012
1045.77352 17.244 0.013
1049.79394 17.007 0.013
1052.80429 17.183 0.014
1055.67403 17.241 0.013
1058.82583 17.047 0.014
1059.80471 17.243 0.017
1064.74787 17.236 0.017
1068.73969 17.235 0.013
1071.76771 17.129 0.012
1075.78480 17.185 0.012
1078.70659 17.284 0.012
1080.65262 17.101 0.011
1083.74495 17.225 0.012
1086.59545 17.211 0.013
1090.67859 17.009 0.015
1092.67864 17.236 0.015
1094.67479 17.083 0.011
1102.64340 17.208 0.013
1107.61174 17.165 0.011
1112.71791 17.150 0.013
1117.59333 17.062 0.011
1122.60489 17.010 0.012
1128.55348 17.255 0.016
1132.58384 17.159 0.013
1135.65254 17.156 0.012
1138.60532 17.261 0.013
1140.63771 17.105 0.012
1144.64070 17.192 0.014
1151.57520 17.262 0.014
1154.59473 17.065 0.012
1157.63517 17.223 0.017
1160.63199 17.230 0.015
1163.71391 17.177 0.013
1166.68096 17.281 0.012
1170.60991 17.251 0.013
1175.67103 17.222 0.017
1179.66873 17.260 0.017
1183.67759 17.026 0.014
1186.67143 17.125 0.010
1189.55997 17.248 0.013
1192.60459 17.063 0.012
1202.55116 17.276 0.019
1206.55478 17.216 0.017
1212.54629 17.249 0.018
1216.55020 17.256 0.016
1220.54854 17.240 0.017
1227.54419 17.157 0.016
1233.53176 17.013 0.017
1329.79324 17.237 0.020
1330.90337 17.209 0.017
1335.84858 17.084 0.014
1340.92444 17.090 0.014
1347.90575 17.261 0.015
1354.93462 17.096 0.014
1365.89555 17.265 0.018
1367.87310 17.148 0.017
1369.86076 17.254 0.017
1374.85967 17.242 0.015
1395.82523 17.117 0.015
1397.84862 17.253 0.016
1401.86229 17.055 0.013
1407.86959 17.288 0.014
1412.76751 17.220 0.015
1418.80761 17.122 0.013
1430.70159 17.251 0.015
1432.76649 17.084 0.012
1434.72737 17.304 0.017
1438.71936 17.265 0.012
1441.82645 17.127 0.011
1447.68286 17.230 0.020
1451.64894 17.010 0.012
1454.62317 17.142 0.016
1458.67573 17.220 0.016
1459.66875 17.125 0.013
1461.64358 17.259 0.014
1462.70196 17.292 0.015
1470.59079 17.273 0.016
1475.61484 17.291 0.017
1478.56347 17.036 0.014
1479.57962 17.262 0.016
1484.57887 17.242 0.016
1487.60592 17.084 0.013
1490.64161 17.220 0.015
1492.54439 16.945 0.015
1495.59369 17.178 0.013
1498.55956 17.286 0.017
1502.58272 17.227 0.014
1505.64985 17.160 0.018
1509.56078 17.173 0.014
1512.66294 17.251 0.017
1516.56262 17.267 0.014
1518.63253 17.186 0.015
1520.66043 16.988 0.014
1523.57776 17.195 0.022
1526.56066 17.253 0.014
1531.66796 17.252 0.015
1540.58628 17.258 0.019
1546.58408 17.158 0.012
1551.54712 17.144 0.014
1556.58787 17.085 0.014
1567.58423 17.242 0.019
1571.57871 17.044 0.012
1576.56758 17.247 0.019
1582.57829 17.238 0.014
1585.55175 17.160 0.014
1589.55397 16.958 0.013
1599.53394 17.217 0.019
1602.52376 17.090 0.018
1607.51786 17.070 0.017
1702.88844 17.244 0.018
1703.93035 17.260 0.016
1705.93611 17.142 0.017
1716.89635 17.269 0.019
1728.88783 17.126 0.015
1731.87437 17.260 0.012
1738.91915 17.047 0.012
1740.86303 17.297 0.017
1742.86459 17.119 0.015
1743.86086 17.007 0.013
1744.87992 17.257 0.017
1749.83033 17.266 0.012
1750.85679 17.213 0.015
1751.81405 17.094 0.012
1752.82982 16.978 0.012
1753.83090 17.225 0.015
1754.80309 17.245 0.016
1755.82292 17.157 0.020
1756.85208 17.068 0.019
1757.80152 17.188 0.018
1758.80610 17.285 0.016
1759.79598 17.251 0.014
1761.83536 17.038 0.013
1762.81773 17.256 0.014
1763.82341 17.242 0.012
1764.81316 17.218 0.012
1765.80932 17.106 0.013
1766.76262 17.139 0.017
1768.77360 17.218 0.017
1769.68247 17.090 0.015
1771.77575 17.248 0.018
1772.79567 17.256 0.014
1773.76292 17.197 0.013
1775.84673 17.009 0.011
1776.78581 17.199 0.014
1784.83107 16.976 0.012
1788.73440 17.071 0.013
1803.78852 17.067 0.013
1808.79744 17.225 0.012
1811.78062 17.096 0.010
1814.82744 17.253 0.013
1817.79334 17.148 0.013
1821.59520 17.215 0.019
1823.75268 17.258 0.011
1828.83917 17.239 0.015
1829.76393 17.163 0.016
1847.78764 17.179 0.013
1854.77000 17.178 0.012
1859.73398 17.220 0.015
1863.71764 17.150 0.015
1871.77844 17.098 0.013
2090.90645 17.045 0.016
2105.90431 17.276 0.015
2106.86900 17.224 0.017
2113.84931 17.052 0.013
2116.85251 17.141 0.013
2123.79926 17.254 0.016
2127.81422 17.178 0.022
2128.80717 17.257 0.018
2129.83914 17.221 0.015
2130.86372 17.139 0.014
2131.85700 16.973 0.015
2133.87603 17.280 0.022
2134.79108 17.147 0.017
2135.82375 17.056 0.012
2136.84410 17.050 0.015
2137.79775 17.296 0.016
2140.79271 16.997 0.014
2141.82752 17.242 0.020
2142.76949 17.252 0.014
2143.80029 17.201 0.015
2144.84635 17.102 0.013
2155.86014 17.229 0.022
2156.80676 17.253 0.018
2160.73173 17.265 0.017
2162.74263 17.126 0.013
2166.73725 17.177 0.013
2167.78340 17.092 0.013
2171.72201 17.128 0.012
2172.72763 17.054 0.013
2173.70817 17.252 0.014
2177.59917 17.154 0.018
2184.68234 17.193 0.018
2185.64629 17.118 0.015
2187.70370 17.256 0.020
2188.66169 17.188 0.018
2190.67272 17.085 0.012
2191.68098 17.085 0.014
2192.64577 17.274 0.013
2193.66687 17.224 0.012
2194.63500 17.127 0.013
2195.70179 17.012 0.010
2200.61254 17.068 0.014
2201.64961 17.260 0.015
2203.70608 17.168 0.012
2211.62361 17.238 0.017
2212.62461 17.179 0.016
2213.63301 17.084 0.016
2214.61722 17.142 0.017
2215.63166 17.274 0.017
2217.61865 17.127 0.018
2219.66111 17.185 0.017
2222.62968 17.115 0.018
2224.69634 17.247 0.015
2226.61688 17.185 0.017
2228.54117 17.286 0.021
2229.59938 17.241 0.017
2231.55103 17.078 0.016
2233.59528 17.275 0.015
2235.64129 17.172 0.013
2238.52990 17.264 0.020
2240.63375 17.144 0.014
2242.60155 17.251 0.017
2244.61975 17.181 0.016
2248.58257 17.229 0.012
2250.54997 17.013 0.015
2252.60744 17.274 0.018
2255.58555 16.991 0.013
2257.60724 17.251 0.014
2262.59787 17.255 0.016
2266.58731 17.265 0.018
2272.56490 17.183 0.015
2274.55052 17.213 0.016
2277.58557 17.147 0.014
2283.58242 17.059 0.014
2290.57714 17.199 0.015
2292.58769 16.981 0.015
2294.59085 17.235 0.017
2298.56767 17.260 0.022
2300.56644 17.136 0.018
2303.54996 17.214 0.021
2445.89193 17.068 0.018
2458.93304 17.202 0.017
2463.89667 17.120 0.016
2465.90934 17.241 0.015
2467.88219 17.167 0.015
2469.88184 16.984 0.013
2470.91616 17.257 0.014
2471.92738 17.238 0.016
2473.86735 17.050 0.013
2483.83976 17.142 0.014
2486.85724 17.160 0.018
2489.90382 17.256 0.017
2492.88488 16.972 0.016
2496.88449 17.049 0.013
2497.90793 17.061 0.014
2498.91078 17.271 0.014
2499.84089 17.223 0.016
2500.84534 17.130 0.014
2501.83527 16.978 0.012
2502.81508 17.272 0.017
2503.83059 17.224 0.015
2516.75779 17.256 0.019
2517.80457 17.243 0.015
2518.77555 17.144 0.014
2519.85437 17.072 0.013
2520.77256 17.249 0.016
2521.84378 17.254 0.013
2524.84155 17.007 0.016
2526.75915 17.231 0.012
2534.81620 17.234 0.015
2535.83613 17.237 0.017
2537.68350 17.055 0.019
2538.77710 17.011 0.014
2539.68434 17.275 0.016
2541.69625 17.128 0.014
2542.66605 16.972 0.012
2544.64357 17.241 0.014
2545.65977 17.174 0.013
2547.67763 17.061 0.015
2548.69307 17.267 0.016
2550.68799 17.150 0.015
2551.67470 17.007 0.012
2552.69084 17.230 0.013
2554.68402 17.203 0.014
2555.69196 17.099 0.013
2556.67087 17.005 0.013
2557.68345 17.258 0.013
2558.63995 17.249 0.016
2559.59667 17.094 0.015
2560.62987 17.026 0.013
2561.65550 17.176 0.020
2562.64833 17.282 0.015
2563.65612 17.206 0.015
2564.67174 17.125 0.015
2565.65870 16.985 0.012
2566.64369 17.255 0.016
2568.67503 17.198 0.020
2571.62651 17.242 0.021
2572.72400 17.251 0.019
2573.64103 17.145 0.017
2574.62492 16.995 0.014
2576.62455 17.302 0.021
2577.61057 17.176 0.020
2578.60887 17.092 0.016
2579.61826 17.025 0.014
2580.63034 17.270 0.015
2583.60170 17.056 0.017
2584.60921 17.189 0.019
2587.58964 17.088 0.015
2588.61850 16.980 0.014
2589.57961 17.280 0.016
2590.59439 17.250 0.018
2591.59555 17.183 0.015
2593.58615 17.121 0.013
2594.58990 17.264 0.019
2596.56607 17.127 0.018
2597.55341 16.976 0.016
2598.60633 17.265 0.016
2599.58547 17.244 0.023
2607.60638 17.151 0.018
2610.52671 17.116 0.018
2613.51888 17.234 0.017
2615.55069 17.088 0.018
2619.53015 17.128 0.018
2621.54678 17.242 0.016
2623.59473 17.206 0.016
2626.53830 17.249 0.016
2629.54488 17.028 0.018
2635.54596 17.272 0.013
2639.52641 17.111 0.024
2641.57196 17.261 0.016
2646.55782 17.201 0.019
2650.57034 17.246 0.016
2654.53775 17.240 0.022
2656.58581 17.125 0.017
2660.53155 17.184 0.020
2664.55642 17.237 0.020
2669.52911 17.179 0.017
2673.54609 17.268 0.020
2675.56197 17.120 0.016
2678.56229 17.238 0.020
2682.52203 17.229 0.025
2777.88447 17.186 0.021
2804.89045 17.244 0.021
2810.92282 17.100 0.016
2814.92038 17.177 0.015
2817.90833 17.256 0.018
2825.88407 17.012 0.016
2830.92254 17.099 0.016
2831.76280 17.254 0.021
2832.72829 17.196 0.019
2833.84637 17.118 0.018
2834.85412 16.981 0.017
2837.85229 17.192 0.020
2839.88805 17.028 0.014
2841.86874 17.231 0.015
2844.85400 17.256 0.013
2845.89996 17.248 0.019
2848.93697 17.023 0.020
2850.87007 17.222 0.017
2851.91336 17.190 0.015
2852.78400 17.012 0.013
2853.92389 17.021 0.013
2856.79707 17.130 0.018
2858.89110 17.261 0.014
2860.85718 17.191 0.015
2861.72813 17.030 0.012
2862.90715 16.973 0.015
2863.81623 17.282 0.019
2865.85017 17.139 0.013
2866.86289 17.030 0.016
2867.84384 17.218 0.016
2868.78757 17.244 0.014
2870.79725 17.091 0.013
2872.75467 17.258 0.013
2876.75744 17.250 0.015
2877.77929 17.253 0.016
2879.78805 17.114 0.012
2883.80643 17.188 0.012
2885.74162 17.181 0.015
2888.78984 17.147 0.016
2892.78146 17.199 0.018
2894.74773 17.048 0.014
2896.74486 17.234 0.015
2898.76577 17.046 0.013
2900.72775 17.247 0.013
2902.72728 17.101 0.013
2905.73445 17.241 0.015
2907.73571 17.078 0.013
2909.72470 17.261 0.013
2911.71617 17.132 0.012
2915.68756 17.185 0.014
2917.71355 17.031 0.011
2921.71145 17.021 0.013
2923.73276 17.257 0.015
2925.69630 17.116 0.013
2927.69373 17.259 0.017
2930.71161 17.059 0.014
2932.71797 17.251 0.015
2934.69806 17.112 0.013
2937.61857 17.221 0.017
2939.71219 17.097 0.014
2940.61519 17.165 0.012
2941.60882 17.249 0.013
2942.61500 17.224 0.014
2943.56739 17.097 0.016
2944.57082 16.984 0.012
2945.58759 17.266 0.021
2947.58440 17.178 0.017
2949.57856 17.112 0.014
2951.61031 17.229 0.017
2952.63771 17.160 0.015
2954.66427 17.120 0.017
2956.61034 17.208 0.013
2958.59501 16.987 0.012
2961.57582 17.134 0.019
2965.60421 17.211 0.012
2968.57532 17.262 0.017
2970.59466 17.176 0.014
2974.57313 17.230 0.016
2976.52905 17.002 0.015
2977.59605 17.185 0.017
2979.56036 17.182 0.018
2981.60539 17.006 0.019
2987.62911 17.291 0.015
2989.55140 17.140 0.015
2992.55319 17.269 0.018
2995.59605 16.996 0.011
2998.55403 17.167 0.017
3001.55533 17.270 0.016
3004.54730 16.972 0.014
3007.55342 17.185 0.014
3010.55256 17.278 0.015
3016.56968 17.198 0.016
3019.58313 17.279 0.017
3021.59706 17.170 0.012
3023.55240 17.145 0.015
3025.54974 17.209 0.016
3027.58503 17.037 0.013
3029.55695 17.255 0.016
3031.56130 17.089 0.016
3033.56379 17.281 0.015
3036.58099 17.027 0.016
3040.54401 17.092 0.016
3160.84150 17.211 0.019
3183.89340 17.242 0.014
3193.86117 17.214 0.017
3195.92015 16.978 0.013
3197.89573 17.215 0.017
3201.85317 17.247 0.014
3203.86033 17.107 0.011
3204.92393 17.018 0.013
3210.87494 17.267 0.015
3211.90321 17.229 0.013
3215.68167 17.227 0.019
3216.70294 17.123 0.019
3217.77892 17.067 0.015
3218.88896 16.952 0.017
3223.81647 17.230 0.017
3226.80497 17.084 0.016
3229.81405 17.240 0.013
3231.76471 17.011 0.016
3239.77426 17.155 0.014
3240.76361 17.064 0.015
3241.83281 17.005 0.014
3242.69530 17.245 0.014
3243.82793 17.254 0.016
3244.80901 17.128 0.015
3245.75445 17.030 0.013
3246.75073 17.242 0.014
3247.74207 17.263 0.018
3249.70918 17.071 0.014
3251.72192 17.258 0.013
3254.70926 17.017 0.012
3256.77512 17.274 0.015
3260.68530 17.246 0.016
3262.72124 17.167 0.011
3264.67293 17.222 0.012
3266.74393 17.244 0.016
3268.67724 16.993 0.011
3270.65758 17.224 0.015
3271.64504 17.177 0.015
3272.70187 17.082 0.013
3274.68403 17.250 0.015
3276.69288 17.169 0.015
3277.72570 17.052 0.014
3279.65830 17.247 0.013
3281.61774 17.059 0.011
3283.62356 17.275 0.011
3287.58963 17.265 0.015
3289.60060 17.184 0.012
3293.57761 17.219 0.012
3295.59635 17.047 0.009
3297.57764 17.286 0.012
3299.63453 17.132 0.011
3301.60864 17.232 0.018
3303.67078 17.196 0.015
3306.60342 17.284 0.011
3308.59130 17.139 0.017
3310.59043 17.223 0.017
3312.59271 17.233 0.015
3314.54508 17.006 0.018
3320.58283 17.287 0.014
3321.57855 17.217 0.015
3327.53764 17.111 0.016
3330.53156 17.235 0.017
3335.57260 17.210 0.016
3338.57963 17.247 0.014
3349.57673 17.181 0.010
3353.55408 17.239 0.016
3360.56269 17.019 0.014
3363.53457 17.151 0.016
3367.59776 17.222 0.014
3375.53075 17.281 0.019
3378.57631 17.084 0.012
3386.54267 17.178 0.012
3390.55112 17.221 0.016
3398.53811 17.280 0.015
3402.52621 17.071 0.015
3538.93504 17.256 0.015
3547.89635 17.256 0.016
3554.90454 17.187 0.016
3561.87072 17.279 0.012
3561.92372 17.272 0.011
3564.88706 17.104 0.011
3569.90914 17.025 0.012
3570.72262 17.286 0.021
3571.77940 17.319 0.023
3573.81609 17.055 0.015
3574.86256 17.018 0.012
3577.82114 17.165 0.013
3578.87931 17.060 0.011
3581.82567 17.201 0.012
3582.81005 17.102 0.013
3583.81890 17.028 0.012
3584.79054 17.280 0.014
3586.78900 17.166 0.010
3588.79298 17.175 0.011
3591.85446 17.137 0.010
3593.82864 17.255 0.014
3596.80232 17.084 0.013
3601.79071 17.031 0.012
3607.76809 17.280 0.012
3614.76595 17.117 0.010
3617.74292 17.228 0.012
3619.67427 17.058 0.013
3621.70129 17.261 0.013
3624.80284 17.067 0.013
3626.69822 17.253 0.014
3633.67595 17.038 0.016
3636.75898 17.261 0.017
3638.65246 16.987 0.012
3641.68150 17.184 0.012
3643.70219 17.092 0.012
3646.63543 17.136 0.013
3650.64026 17.192 0.013
3651.71426 17.125 0.012
3653.68544 17.237 0.012
3655.67665 17.169 0.012
3657.60506 17.280 0.014
3658.63180 17.242 0.015
3659.62102 17.235 0.016
3661.59212 17.016 0.017
3663.57883 17.238 0.019
3665.59549 17.048 0.011
3668.55345 17.184 0.013
3669.65591 17.168 0.014
3671.60873 17.281 0.016
3673.65726 17.247 0.018
3675.63963 17.020 0.011
3683.62901 17.136 0.013
3685.63043 17.272 0.013
3687.62874 17.174 0.012
3689.57971 17.211 0.013
3692.55166 17.118 0.013
3694.54504 17.260 0.017
3696.53684 17.164 0.011
3698.57890 17.049 0.015
3700.55810 17.213 0.014
3702.56523 17.012 0.013
3704.56638 17.266 0.017
3706.57590 17.125 0.011
3708.56488 17.272 0.015
3711.57153 17.055 0.013
3713.59401 17.271 0.014
3717.56195 17.266 0.020
3721.52618 17.055 0.023
3724.53127 17.131 0.014
3726.52768 17.249 0.016
3728.53419 17.203 0.015
3734.54534 17.025 0.012
3740.55873 17.256 0.013
3746.53946 17.217 0.019
3761.58737 17.168 0.014
3765.55348 17.197 0.011
3771.56542 17.052 0.013
3776.52483 16.963 0.016
3780.54912 17.138 0.017
3871.86172 17.281 0.020
3900.94809 17.278 0.021
3905.94263 17.214 0.015
3913.90154 17.264 0.012
3917.93852 17.266 0.013
3931.88474 17.247 0.017
3933.92955 17.171 0.013
3936.85132 17.249 0.013
3938.83532 17.114 0.014
3944.88302 17.013 0.011
3946.84757 17.241 0.012
3951.87013 17.224 0.013
3955.83091 17.236 0.017
3958.81232 17.201 0.016
3960.81241 17.221 0.013
3963.80913 17.246 0.018
3965.80103 17.187 0.010
3967.82072 17.025 0.010
3969.78656 17.221 0.013
3971.76223 16.996 0.010
3974.76441 17.206 0.014
3979.71982 17.139 0.013
3980.60247 16.984 0.015
3981.62950 17.269 0.012
3983.89915 17.250 0.014
3987.76770 17.230 0.013
3990.77559 17.062 0.011
3993.71850 17.102 0.013
3995.72422 17.255 0.012
3999.73442 17.027 0.010
4002.70713 17.174 0.010
4004.65882 17.258 0.012
4006.68514 17.180 0.011
4007.54651 17.032 0.012
4008.55737 17.222 0.012
4009.68088 17.240 0.013
4013.68176 17.192 0.015
4015.66616 17.206 0.020
4017.68047 16.957 0.012
4018.71980 17.202 0.013
4019.66929 17.263 0.015
4021.66269 17.078 0.011
4024.63610 17.213 0.012
4026.61506 16.990 0.011
4028.61087 17.263 0.012
4030.62001 17.086 0.011
4032.67515 17.275 0.015
4037.63539 17.272 0.012
4039.58967 17.102 0.011
4041.58195 17.243 0.015
4043.57488 17.142 0.014
4046.56770 17.246 0.015
4048.55010 17.075 0.015
4050.59238 17.264 0.013
4052.54423 17.139 0.013
4054.59858 17.008 0.012
4056.57055 17.237 0.016
4058.57207 17.044 0.014
4061.56759 17.199 0.012
4065.51713 17.249 0.016
4068.51724 17.244 0.016
4070.53581 17.184 0.015
4073.56171 17.246 0.017
4076.62889 17.113 0.015
4078.58888 17.277 0.012
4080.59951 17.191 0.014
4085.54704 17.132 0.014
4092.54199 17.251 0.012
4096.55352 17.244 0.015
4099.59664 17.125 0.014
4104.58751 17.124 0.016
4111.57548 17.258 0.011
4120.53254 17.267 0.014
4126.55741 17.130 0.015
4252.91154 17.187 0.018
4255.82730 17.275 0.023
4268.94014 17.061 0.013
4275.90759 17.187 0.017
4279.78530 17.187 0.025
4282.79591 17.281 0.018
4283.87929 17.263 0.020
4283.93413 17.275 0.018
4285.90307 17.131 0.016
4291.92358 17.042 0.016
4293.89165 17.218 0.013
4296.87616 17.271 0.013
4297.90876 17.231 0.015
4299.84378 17.086 0.012
4300.86516 17.023 0.012
4301.88320 17.278 0.013
4302.89920 17.249 0.015
4306.84685 17.272 0.016
4307.88311 17.228 0.012
4308.64468 17.033 0.015
4308.85110 17.101 0.014
4310.82475 17.268 0.018
4311.81211 17.234 0.021
4312.88598 17.170 0.013
4314.90531 17.019 0.014
4316.81231 17.204 0.016
4320.90807 17.275 0.017
4326.82031 17.155 0.015
4327.79820 17.012 0.016
4328.81384 17.228 0.016
4329.81731 17.288 0.017
4330.91317 17.222 0.017
4333.87875 17.278 0.016
4338.88277 17.269 0.019
4340.75448 17.123 0.015
4341.75059 17.003 0.016
4342.77491 17.270 0.017
4343.74392 17.227 0.014
4344.72612 17.149 0.014
4345.77211 17.072 0.015
4347.76101 17.280 0.014
4349.77421 17.127 0.013
4354.74141 17.088 0.016
4356.74449 17.260 0.016
4357.68196 17.228 0.014
4359.67990 17.013 0.015
4362.64743 17.205 0.021
4365.71965 17.294 0.021
4369.63419 17.220 0.024
4372.65763 17.115 0.012
4375.62008 17.218 0.020
4377.73666 17.111 0.012
4379.62814 17.285 0.018
4380.72397 17.237 0.014
4382.66829 17.038 0.014
4386.64329 17.054 0.013
4388.64411 17.267 0.016
4390.65312 17.149 0.013
4392.67756 17.100 0.013
4395.65876 17.116 0.016
4397.69953 17.254 0.016
4400.64995 17.080 0.016
4403.63856 17.251 0.017
4407.61578 17.277 0.016
4408.64102 17.202 0.015
4410.72455 17.011 0.013
4412.68556 17.260 0.017
4416.67068 17.272 0.014
4418.67958 17.164 0.013
4421.61319 17.250 0.017
4423.69485 17.128 0.014
4425.62571 17.271 0.022
4427.63758 17.150 0.014
4429.54647 17.276 0.022
4431.55102 17.188 0.016
4433.55699 17.049 0.014
4435.54096 17.204 0.016
4437.61311 17.072 0.016
4439.54615 17.236 0.018
4441.58189 17.123 0.016
4443.60898 17.309 0.017
4449.62587 17.234 0.014
4451.58151 17.028 0.011
4453.56385 17.269 0.018
4456.56538 17.004 0.015
4458.56629 17.236 0.017
4464.55748 17.121 0.014
4472.55162 17.234 0.014
4475.57107 17.221 0.013
4478.57770 17.148 0.016
4481.55933 17.252 0.017
4484.55987 17.089 0.018
4486.60823 17.247 0.020
4502.56048 17.005 0.015
4609.87294 17.069 0.015
4638.93787 17.119 0.014
4643.86269 17.252 0.018
4648.92879 17.269 0.016
4652.92199 17.235 0.015
4662.75900 17.258 0.016
4663.73061 17.157 0.015
4665.80358 17.003 0.015
4666.89136 17.280 0.018
4670.88564 17.054 0.014
4671.87193 17.265 0.017
4672.85988 17.228 0.015
4675.86622 17.265 0.016
4681.85720 17.249 0.013
4683.83138 17.059 0.015
4685.83852 17.239 0.018
4687.87412 17.119 0.013
4688.78974 16.995 0.011
4689.74749 17.262 0.014
4690.71516 17.227 0.012
4691.71819 17.140 0.015
4693.87325 17.007 0.015
4696.79487 17.096 0.020
4698.73499 17.269 0.015
4700.76642 17.183 0.013
4701.72060 17.053 0.015
4701.77162 17.095 0.012
4702.83173 16.994 0.012
4703.73096 17.263 0.015
4704.74984 17.243 0.013
4705.75701 17.154 0.014
4707.74914 17.273 0.013
4708.81790 17.268 0.013
4710.73153 17.099 0.011
4716.73546 17.191 0.012
4719.72758 17.170 0.017
4721.71627 17.277 0.019
4725.70371 17.124 0.014
4728.73182 17.158 0.014
4731.73296 17.267 0.014
4734.72004 17.011 0.012
4741.68620 17.230 0.012
4747.56355 17.032 0.014
4749.57211 17.253 0.019
4753.64142 17.254 0.019
4755.63017 17.166 0.014
4757.61966 17.089 0.013
4759.63232 17.216 0.014
4761.59751 17.016 0.010
4763.61510 17.274 0.016
4766.58304 17.038 0.017
4769.62141 17.149 0.016
4771.66635 17.087 0.012
4773.65753 17.224 0.014
4775.64415 17.020 0.017
4777.57607 17.259 0.018
4779.59661 17.096 0.013
4781.56352 17.251 0.016
4783.54541 17.110 0.016
4785.57802 17.259 0.017
4786.63527 17.279 0.017
4788.59339 17.086 0.013
4790.59566 17.254 0.011
4792.57381 17.157 0.013
4794.55427 17.234 0.014
4796.62422 17.244 0.015
4798.57097 16.974 0.014
4800.61815 17.264 0.013
4802.59561 17.092 0.014
4804.61874 17.247 0.019
4806.60465 17.137 0.016
4808.52613 17.283 0.021
4810.59144 17.189 0.015
4813.57669 17.283 0.017
4815.54900 17.163 0.016
4817.56942 17.131 0.013
4819.56336 17.185 0.015
4821.64699 17.046 0.011
4824.55142 17.176 0.015
4826.60118 17.008 0.013
4832.56861 17.282 0.015
4834.59359 17.110 0.017
4837.58485 17.285 0.019
4841.56102 17.284 0.018
4843.55532 17.175 0.019
4845.55283 17.256 0.018
4846.56011 17.261 0.016
4848.60068 17.126 0.013
4850.58797 17.281 0.018
4854.56907 17.139 0.016
4862.55120 17.073 0.012
4866.55206 17.147 0.016
