2104.87278 17.202 0.014
2112.91310 17.290 0.015
2115.88914 17.118 0.014
2116.91702 17.053 0.014
2117.87540 16.903 0.012
2123.87100 17.265 0.016
2128.87091 16.693 0.014
2130.80969 17.313 0.015
2131.80271 17.287 0.017
2132.84744 17.284 0.018
2133.85849 17.240 0.018
2134.85306 17.177 0.018
2135.88740 17.113 0.014
2136.89375 17.035 0.017
2140.85651 17.298 0.020
2141.76669 17.297 0.020
2142.86349 17.309 0.017
2143.86408 17.245 0.015
2144.79191 17.093 0.012
2156.71706 16.767 0.013
2160.79627 17.314 0.016
2162.80662 17.280 0.014
2165.79408 16.997 0.013
2166.79744 16.907 0.012
2167.73069 17.036 0.014
2168.75525 17.308 0.016
2172.79356 17.248 0.015
2172.81303 17.265 0.014
2173.74958 17.156 0.014
2174.73333 17.031 0.011
2177.68143 17.328 0.015
2184.74276 17.076 0.017
2185.70619 16.876 0.015
2187.65102 17.279 0.022
2189.73264 17.323 0.022
2190.73273 17.277 0.017
2192.70142 17.176 0.012
2193.72234 17.101 0.012
2194.69344 16.988 0.013
2200.70785 17.269 0.015
2203.59609 17.009 0.014
2206.64580 17.114 0.016
2211.69781 17.243 0.015
2212.68442 17.161 0.015
2214.68442 16.984 0.018
2215.72044 16.903 0.014
2217.67959 17.324 0.018
2219.71656 17.345 0.018
2222.76587 17.243 0.020
2223.67096 17.041 0.015
2225.63517 16.695 0.010
2228.59688 17.322 0.016
2230.53499 17.232 0.017
2232.54798 17.037 0.014
2234.58999 16.829 0.011
2236.57925 17.297 0.016
2239.52677 17.265 0.019
2241.57156 17.122 0.015
2243.60994 16.952 0.013
2249.56609 17.258 0.014
2251.61618 17.135 0.014
2254.56495 16.758 0.013
2256.59116 17.322 0.019
2259.61205 17.290 0.014
2262.61853 17.077 0.016
2266.61040 17.307 0.019
2271.58533 17.130 0.015
2273.58457 16.956 0.015
2276.57923 17.240 0.018
2280.57316 17.205 0.017
2285.56912 17.298 0.014
2289.60500 17.263 0.015
2291.61024 17.126 0.014
2293.60656 16.919 0.013
2295.60327 17.146 0.015
2297.60784 17.329 0.016
2299.60249 17.266 0.017
2301.59402 17.112 0.019
2460.92727 17.307 0.024
2464.88465 16.963 0.013
2466.87816 16.795 0.014
2468.87241 17.305 0.016
2470.86334 17.255 0.014
2472.88343 17.119 0.013
2481.86891 17.209 0.021
2483.93030 17.082 0.013
2486.93111 16.686 0.014
2489.81187 17.309 0.015
2497.80833 17.294 0.016
2498.81563 17.306 0.017
2499.90067 17.310 0.015
2500.90908 17.254 0.017
2501.89560 17.246 0.015
2502.87587 17.137 0.015
2508.78646 17.271 0.028
2516.81882 17.322 0.018
2517.86582 17.278 0.017
2518.84009 17.327 0.018
2519.79137 17.288 0.014
2520.83355 17.272 0.018
2521.78414 17.128 0.014
2524.78705 16.759 0.014
2526.81901 17.315 0.014
2529.77755 17.252 0.014
2535.73716 17.319 0.017
2537.74363 17.334 0.021
2538.84413 17.338 0.019
2539.74006 17.242 0.015
2540.78432 17.203 0.017
2541.75210 17.103 0.014
2542.72173 16.973 0.013
2544.70339 16.981 0.013
2545.71523 17.282 0.014
2547.73337 17.329 0.015
2548.75299 17.276 0.015
2550.74811 17.176 0.016
2551.73528 17.104 0.014
2552.75066 16.986 0.013
2553.69144 16.757 0.014
2554.74379 16.704 0.011
2555.75177 17.329 0.016
2556.73099 17.332 0.015
2557.74333 17.334 0.015
2558.69987 17.266 0.015
2559.65678 17.173 0.014
2560.68991 17.118 0.013
2562.70812 16.926 0.013
2563.71614 16.764 0.012
2564.73253 16.822 0.014
2565.72798 17.306 0.018
2566.70696 17.353 0.017
2571.69468 17.022 0.014
2572.76270 16.972 0.015
2573.70082 16.702 0.013
2574.68056 17.320 0.014
2576.72503 17.319 0.016
2577.68326 17.257 0.017
2578.66833 17.252 0.016
2579.67847 17.191 0.016
2580.68676 17.105 0.014
2583.66298 16.700 0.013
2584.66529 17.338 0.016
2587.65004 17.287 0.018
2588.66191 17.247 0.016
2589.64091 17.157 0.014
2590.65788 17.091 0.014
2591.69067 17.025 0.014
2593.64746 16.782 0.013
2594.65399 17.314 0.020
2596.62665 17.313 0.020
2597.61549 17.289 0.021
2598.69423 17.297 0.019
2599.65474 17.165 0.019
2610.59208 17.003 0.015
2613.58361 17.315 0.022
2615.61918 17.318 0.017
2620.58958 17.023 0.015
2622.53734 17.053 0.014
2625.59074 17.325 0.024
2629.53101 17.059 0.016
2632.56907 16.778 0.011
2636.56551 17.265 0.017
2639.56478 17.065 0.014
2643.53775 17.277 0.017
2649.54282 17.033 0.014
2651.57940 16.844 0.015
2655.53632 17.287 0.024
2658.55271 17.126 0.019
2661.56527 16.770 0.011
2665.53227 17.284 0.020
2669.55840 17.049 0.014
2674.54252 17.313 0.018
2676.56335 17.241 0.014
2680.53305 16.864 0.015
2683.55759 17.248 0.023
2804.83551 17.341 0.024
2805.89192 17.279 0.025
2811.94494 17.100 0.019
2815.91877 17.277 0.016
2818.92663 17.267 0.014
2829.86539 17.190 0.017
2831.85794 16.986 0.015
2832.80890 16.730 0.012
2833.90749 16.706 0.014
2835.89624 17.243 0.016
2838.88017 17.235 0.020
2840.88536 17.110 0.014
2843.87133 16.674 0.010
2844.91266 17.240 0.017
2848.81933 17.208 0.022
2849.89738 17.187 0.015
2850.92892 17.127 0.015
2852.85755 16.861 0.016
2854.86890 17.336 0.018
2857.87620 17.283 0.017
2860.91585 17.102 0.013
2861.78757 16.868 0.012
2862.87367 16.838 0.014
2863.87556 16.717 0.015
2865.79800 17.286 0.023
2867.78749 17.243 0.015
2868.82811 17.205 0.014
2869.84910 17.130 0.015
2870.85619 17.046 0.014
2872.78030 16.687 0.010
2875.84742 17.315 0.017
2876.81638 17.276 0.015
2877.84585 17.286 0.014
2879.81061 17.095 0.012
2884.76068 17.320 0.014
2886.76644 17.283 0.017
2890.73240 16.935 0.018
2893.78394 17.307 0.016
2895.79479 17.291 0.014
2897.74236 17.193 0.017
2899.77466 17.030 0.012
2903.79339 17.324 0.014
2906.74215 17.267 0.014
2908.71917 17.096 0.013
2910.71401 16.872 0.013
2912.71929 17.306 0.014
2916.73261 17.235 0.013
2918.70967 17.089 0.015
2922.70921 17.309 0.019
2924.65004 17.288 0.014
2926.64415 17.197 0.016
2929.70557 16.975 0.014
2931.68145 16.905 0.012
2933.69364 17.316 0.014
2935.65654 17.269 0.018
2937.68167 17.126 0.016
2939.65987 16.934 0.014
2940.67415 16.767 0.010
2942.67742 17.275 0.018
2943.64617 17.327 0.017
2944.62992 17.284 0.020
2946.62850 17.164 0.015
2947.65651 17.103 0.015
2949.63736 16.864 0.013
2950.58885 16.896 0.013
2951.66977 17.225 0.017
2953.61756 17.314 0.017
2955.60257 17.230 0.020
2957.61621 17.069 0.013
2965.67312 17.255 0.015
2968.63567 16.992 0.014
2971.64343 17.324 0.017
2973.63196 17.320 0.017
2975.52874 17.186 0.016
2977.62439 17.064 0.017
2979.60467 16.792 0.014
2982.55927 17.342 0.019
2986.60059 17.117 0.014
2988.57306 16.906 0.013
2990.59186 17.192 0.015
2993.59390 17.278 0.014
2997.53768 16.998 0.014
3000.59788 17.206 0.014
3003.57340 17.319 0.018
3006.56301 17.077 0.013
3009.55637 16.664 0.013
3013.56299 17.302 0.016
3017.55747 17.019 0.014
3020.53257 17.279 0.018
3022.56005 17.329 0.020
3024.55923 17.234 0.016
3026.52929 17.056 0.018
3028.53017 16.798 0.018
3030.53328 17.282 0.017
3032.55128 17.319 0.020
3034.55079 17.235 0.014
3038.54163 16.789 0.015
3179.93291 17.018 0.012
3184.89677 17.304 0.018
3193.91979 17.317 0.015
3196.89180 17.222 0.014
3202.87973 17.254 0.015
3203.92421 17.363 0.011
3206.86711 17.198 0.014
3210.93357 16.833 0.011
3211.84970 17.327 0.016
3216.76937 17.114 0.019
3217.81927 17.075 0.018
3224.81619 17.264 0.014
3228.79409 16.939 0.014
3230.76760 17.260 0.014
3238.79866 16.970 0.014
3239.83779 16.832 0.012
3240.83493 16.763 0.013
3241.77686 17.291 0.015
3242.76756 17.316 0.018
3243.89071 17.362 0.019
3244.86939 17.255 0.018
3245.81688 17.213 0.015
3246.81371 17.112 0.014
3247.81794 17.054 0.014
3249.77143 16.710 0.013
3251.78400 17.259 0.013
3254.77009 17.272 0.013
3257.79715 17.041 0.011
3261.74310 17.321 0.014
3263.74001 17.255 0.012
3265.76541 17.169 0.014
3267.74811 16.959 0.011
3270.70182 17.260 0.016
3271.70449 17.316 0.017
3273.66301 17.227 0.019
3275.65777 17.077 0.017
3276.75182 17.035 0.019
3277.79073 16.996 0.014
3279.72224 17.071 0.013
3281.68804 17.353 0.014
3283.68244 17.281 0.011
3287.64873 16.829 0.010
3289.66354 17.333 0.013
3291.60191 17.301 0.014
3294.61846 17.154 0.012
3296.58483 16.933 0.013
3298.59269 17.301 0.013
3300.59530 17.353 0.019
3302.57629 17.226 0.015
3305.67230 17.090 0.014
3307.58885 16.681 0.013
3309.60959 17.250 0.014
3311.56513 17.271 0.015
3314.60417 17.096 0.016
3320.64208 17.341 0.014
3323.59447 17.172 0.014
3327.62256 16.698 0.011
3330.59381 17.332 0.017
3335.63846 17.026 0.017
3338.54531 17.281 0.017
3350.55663 17.307 0.014
3357.59373 16.751 0.011
3361.59313 17.289 0.015
3363.59944 17.149 0.018
3369.57641 17.338 0.014
3372.59240 17.224 0.013
3376.56842 16.729 0.011
3380.55479 17.301 0.017
3386.60162 16.809 0.010
3395.55362 16.908 0.015
3399.57748 17.367 0.021
3402.59437 17.208 0.014
3543.91056 17.273 0.016
3551.93133 17.327 0.016
3558.91508 16.714 0.010
3562.90585 17.266 0.013
3568.89740 16.658 0.010
3570.85525 17.294 0.020
3571.84551 17.259 0.021
3573.89089 17.218 0.021
3575.85071 17.063 0.013
3577.90728 16.883 0.012
3579.84815 17.257 0.013
3581.91708 17.310 0.014
3582.86949 17.276 0.014
3583.88856 17.203 0.014
3586.87885 16.945 0.009
3588.87699 16.889 0.013
3590.83561 17.345 0.013
3592.79589 17.272 0.011
3594.83667 17.085 0.012
3600.92574 17.282 0.016
3602.78455 17.214 0.020
3603.74877 17.147 0.014
3608.80538 17.343 0.013
3614.83722 17.108 0.012
3615.82293 16.987 0.012
3618.82163 17.276 0.014
3620.84809 17.326 0.013
3622.80213 17.206 0.015
3625.74806 16.877 0.010
3628.76964 17.273 0.017
3630.68510 17.250 0.018
3632.66225 17.120 0.019
3634.69275 16.946 0.011
3637.69802 17.296 0.015
3640.66314 17.276 0.013
3644.69886 16.961 0.010
3646.71636 16.703 0.010
3650.73213 17.260 0.014
3652.67357 17.099 0.012
3654.64937 16.893 0.011
3656.70259 16.933 0.012
3657.73073 17.293 0.014
3658.70427 17.323 0.018
3659.68862 17.263 0.018
3660.69431 17.242 0.016
3663.68506 17.028 0.014
3665.71333 16.771 0.012
3668.64193 17.309 0.015
3668.66445 17.310 0.014
3670.65307 17.226 0.015
3672.58577 17.042 0.014
3674.74507 16.963 0.011
3676.63138 17.272 0.014
3682.60803 17.039 0.014
3684.62532 16.805 0.010
3686.59103 17.266 0.015
3688.56401 17.275 0.015
3690.57769 17.160 0.015
3693.57483 16.896 0.013
3695.57043 17.305 0.014
3698.54603 17.291 0.018
3701.59457 17.117 0.014
3703.60518 16.922 0.010
3705.57742 17.316 0.013
3707.57783 17.315 0.015
3712.59284 17.016 0.013
3715.55106 17.294 0.014
3719.63001 17.234 0.015
3722.57698 16.977 0.014
3725.65703 16.809 0.013
3730.56022 17.155 0.012
3735.56288 17.290 0.014
3738.58403 17.281 0.016
3743.53825 16.746 0.011
3748.54216 17.253 0.021
3753.53982 16.756 0.014
3758.56175 17.262 0.017
3762.56833 16.975 0.014
3768.52831 17.281 0.021
3773.52516 16.709 0.016
3777.55111 17.284 0.016
3871.92152 17.217 0.019
3902.93837 17.162 0.017
3907.93335 17.322 0.018
3915.90919 16.769 0.010
3918.92845 17.306 0.014
3934.89808 16.910 0.011
3936.90631 17.136 0.013
3938.89051 17.293 0.014
3945.86027 16.671 0.009
3950.84208 17.222 0.013
3957.79771 17.315 0.023
3959.79616 17.260 0.016
3961.78236 17.113 0.014
3964.78950 16.690 0.008
3966.78173 17.295 0.013
3968.77528 17.284 0.014
3970.76690 17.182 0.011
3973.73625 16.790 0.011
3975.75118 17.312 0.014
3980.68371 17.092 0.016
3981.68356 16.966 0.011
3982.74788 16.952 0.014
3986.72505 17.368 0.017
3989.82210 17.244 0.017
3991.76331 17.038 0.014
3994.66429 17.295 0.016
4001.66398 16.953 0.010
4003.63573 17.071 0.011
4004.72425 17.236 0.013
4005.70952 17.287 0.013
4007.60275 17.309 0.015
4008.61176 17.202 0.011
4011.66218 16.950 0.012
4014.66012 17.247 0.018
4016.64139 17.263 0.014
4018.63771 17.198 0.014
4020.67043 17.063 0.012
4023.62713 17.303 0.016
4025.62746 17.332 0.015
4027.61560 17.239 0.014
4029.59787 17.096 0.013
4031.58484 16.833 0.011
4036.62023 17.290 0.013
4038.57454 17.188 0.014
4040.55452 16.968 0.014
4042.62387 16.694 0.010
4044.66650 17.226 0.022
4047.57481 17.213 0.014
4049.55058 17.036 0.012
4051.60010 16.846 0.011
4053.61107 17.320 0.013
4055.54030 17.288 0.020
4057.57941 17.249 0.017
4059.61393 17.072 0.013
4063.60532 17.312 0.014
4066.52022 17.274 0.017
4068.58757 17.133 0.013
4071.52869 16.666 0.013
4074.56395 17.314 0.016
4077.61667 17.203 0.017
4079.56374 17.008 0.013
4083.57125 17.249 0.017
4087.59314 17.243 0.014
4095.55705 17.257 0.014
4095.59407 17.291 0.014
4098.57612 17.099 0.014
4102.54824 17.330 0.017
4107.55242 17.163 0.014
4112.55283 17.333 0.015
4119.54241 16.939 0.013
4122.56869 17.358 0.019
4128.56885 17.038 0.013
4253.89212 16.665 0.015
4255.91072 17.271 0.020
4258.92789 17.267 0.022
4273.91420 16.687 0.014
4278.94066 17.254 0.018
4281.76511 16.802 0.014
4282.90497 16.884 0.013
4283.83167 17.267 0.019
4284.89613 17.326 0.019
4289.87056 17.164 0.017
4292.90383 16.853 0.011
4295.89775 17.321 0.015
4296.93199 17.343 0.014
4298.85103 17.207 0.015
4299.89453 17.152 0.013
4300.91636 17.080 0.013
4301.93521 16.989 0.012
4303.82590 17.331 0.016
4307.72291 17.214 0.016
4308.69670 17.082 0.016
4308.90456 17.238 0.014
4310.87664 17.060 0.015
4311.87811 16.962 0.019
4312.93839 16.880 0.012
4314.80706 17.315 0.019
4316.86676 17.273 0.015
4320.85045 17.013 0.013
4326.87482 17.316 0.018
4327.89789 17.238 0.020
4328.86795 17.194 0.017
4329.86776 17.085 0.014
4330.89858 17.056 0.014
4332.91480 16.799 0.012
4334.89174 17.268 0.022
4339.86279 17.100 0.015
4340.81506 16.973 0.014
4341.80789 16.811 0.014
4342.88217 16.723 0.012
4343.80148 17.279 0.017
4344.78365 17.307 0.015
4346.75987 17.261 0.015
4348.74561 17.116 0.014
4350.72237 16.841 0.012
4353.68052 17.336 0.019
4355.73907 17.293 0.018
4358.68245 17.044 0.014
4359.73968 16.993 0.013
4362.69004 17.238 0.019
4365.66400 17.264 0.021
4369.72079 16.969 0.016
4371.68775 17.218 0.018
4376.69113 17.201 0.015
4378.65780 17.022 0.014
4379.68909 16.900 0.015
4381.64828 17.312 0.020
4383.67678 17.300 0.014
4386.70138 17.210 0.015
4388.70170 17.028 0.014
4390.71063 16.745 0.011
4394.59821 17.258 0.015
4396.68161 17.159 0.015
4398.68474 17.016 0.016
4402.66979 17.308 0.016
4404.68626 17.279 0.022
4407.69476 17.112 0.014
4409.71034 16.925 0.014
4411.70548 17.288 0.015
4415.70933 17.251 0.021
4417.65933 17.076 0.013
4420.64577 16.910 0.014
4422.67778 17.314 0.018
4424.67484 17.274 0.017
4427.56061 16.978 0.014
4429.60371 16.710 0.014
4431.59083 17.309 0.020
4433.59674 17.300 0.017
4435.58507 17.175 0.014
4438.64516 16.944 0.014
4440.61464 17.278 0.017
4442.57612 17.347 0.022
4452.61103 17.330 0.016
4454.63125 17.259 0.017
4455.57332 17.149 0.015
4457.58224 16.980 0.017
4460.53664 17.254 0.018
4462.54299 17.270 0.020
4462.55188 17.303 0.021
4462.58085 17.320 0.018
4463.53161 17.275 0.023
4463.60018 17.290 0.017
4464.54673 17.227 0.016
4465.56494 17.153 0.014
4465.59827 17.175 0.014
4466.57068 17.082 0.015
4466.60503 17.071 0.015
4467.55904 16.950 0.014
4467.58298 16.975 0.015
4468.58457 16.813 0.012
4468.61945 16.890 0.013
4469.56751 17.002 0.014
4469.60469 16.678 0.011
4470.55149 17.263 0.018
4470.58241 17.290 0.017
4471.53990 17.342 0.018
4471.56751 17.350 0.017
4472.54427 17.307 0.016
4472.57332 17.328 0.014
4473.55546 17.275 0.017
4473.57804 17.295 0.020
4474.55712 17.235 0.018
4474.58438 17.247 0.020
4474.61956 17.240 0.017
4474.64329 17.268 0.017
4475.55319 17.131 0.014
4475.59625 17.143 0.014
4475.65981 17.219 0.019
4476.57049 17.055 0.014
4476.59802 17.070 0.013
4476.64499 17.093 0.013
4477.60317 16.985 0.014
4477.64902 17.034 0.014
4478.57335 16.783 0.013
4478.63692 16.895 0.015
4479.56648 17.110 0.016
4479.62302 16.688 0.013
4480.55113 17.266 0.016
4480.59811 17.320 0.017
4481.55542 17.334 0.018
4481.60650 17.282 0.018
4481.63189 17.269 0.018
4482.56351 17.293 0.019
4482.62793 17.313 0.022
4483.58917 17.262 0.019
4483.63367 17.294 0.018
4484.58793 17.217 0.019
4485.58466 17.122 0.018
4486.57294 17.071 0.019
4486.57701 17.078 0.019
4486.62667 17.104 0.020
4487.61434 16.967 0.019
4487.61830 17.004 0.019
4487.64162 16.990 0.020
4488.57799 16.789 0.016
4488.58216 16.802 0.016
4488.61576 16.872 0.016
4489.61478 16.702 0.015
4490.61543 17.320 0.020
4491.61392 17.306 0.020
4492.58016 17.316 0.019
4492.60596 17.295 0.017
4498.54290 16.706 0.014
4502.55681 17.289 0.017
4519.51844 17.342 0.021
4519.52433 17.305 0.019
4519.52808 17.271 0.020
4519.53169 17.311 0.019
4609.93554 16.991 0.018
4643.91962 17.340 0.017
4652.94373 17.278 0.018
4655.90180 17.250 0.014
4661.91561 17.254 0.015
4662.83919 17.333 0.014
4662.93706 17.282 0.014
4663.78790 17.306 0.021
4665.86106 17.229 0.018
4670.94296 16.767 0.013
4671.83944 17.265 0.016
4673.94149 17.316 0.023
4677.85883 17.076 0.012
4682.83322 17.296 0.016
4684.87125 17.283 0.015
4686.83118 17.130 0.012
4688.84741 16.936 0.011
4690.77276 17.313 0.014
4691.77606 17.313 0.017
4694.82237 17.238 0.020
4699.78772 16.648 0.011
4700.82161 17.278 0.014
4701.82929 17.252 0.016
4703.78851 17.278 0.016
4704.80720 17.243 0.014
4705.81480 17.180 0.017
4707.83221 17.022 0.012
4709.76302 16.928 0.012
4715.77158 17.173 0.015
4717.72617 16.886 0.012
4720.70507 17.302 0.016
4722.72029 17.282 0.014
4725.72547 17.092 0.014
4730.71605 17.297 0.013
4730.77879 17.285 0.013
4733.75099 17.272 0.014
4740.69352 17.315 0.014
4743.69026 17.225 0.014
4748.67901 16.977 0.012
4750.71187 17.307 0.017
4754.63743 17.077 0.015
4755.61317 16.958 0.013
4756.64702 16.918 0.014
4758.62723 17.322 0.014
4760.61389 17.307 0.014
4762.60368 17.239 0.016
4767.63932 16.684 0.011
4770.68757 17.340 0.020
4772.62495 17.247 0.014
4774.60045 17.081 0.014
4776.57224 16.731 0.012
4778.57359 17.243 0.014
4780.57085 17.283 0.018
4782.54374 17.200 0.016
4783.60535 17.152 0.016
4789.57147 17.338 0.015
4791.55302 17.261 0.016
4793.56040 17.132 0.015
4795.57328 16.927 0.012
4797.56545 17.296 0.019
4798.62869 17.291 0.016
4801.52992 17.225 0.014
4802.61738 17.248 0.016
4803.58930 17.126 0.013
4805.52429 16.836 0.016
4807.55105 17.331 0.020
4809.57623 17.313 0.015
4811.59810 17.293 0.019
4814.55597 16.979 0.014
4816.55810 16.689 0.010
4818.57208 17.266 0.016
4820.55011 17.287 0.018
4822.60684 17.195 0.014
4824.59168 17.007 0.014
4831.56332 17.255 0.015
4833.59116 17.114 0.014
4835.61391 16.944 0.014
4839.61694 17.316 0.019
4842.58359 17.199 0.020
4844.59410 17.015 0.014
4847.64829 16.975 0.020
4849.60826 17.344 0.016
4853.60555 17.138 0.015
4855.61876 16.936 0.015
4862.59258 17.198 0.014
4868.57477 17.347 0.017
4869.53688 17.290 0.020
