2104.87278 16.817 0.010
2112.91310 16.959 0.012
2115.88914 16.942 0.013
2116.91702 16.921 0.012
2117.87540 16.732 0.010
2123.87100 16.783 0.011
2128.87091 16.964 0.015
2130.80969 16.507 0.009
2131.80271 16.961 0.013
2132.84744 16.838 0.013
2133.85849 16.619 0.012
2134.85306 16.977 0.014
2135.88740 16.905 0.011
2136.89375 16.689 0.013
2140.85651 16.970 0.015
2141.76669 16.893 0.014
2142.86349 16.726 0.011
2143.86408 16.844 0.011
2144.79191 16.901 0.010
2156.71706 16.937 0.013
2160.79627 16.871 0.012
2162.80662 16.976 0.012
2165.79408 16.963 0.013
2166.79744 16.910 0.011
2167.73069 16.678 0.010
2168.75525 16.991 0.013
2172.79356 16.923 0.012
2172.81303 16.949 0.011
2173.74958 16.751 0.010
2174.73333 16.794 0.009
2177.68143 16.741 0.010
2184.74276 16.959 0.015
2185.70619 16.849 0.013
2187.65102 17.006 0.017
2189.73264 16.656 0.013
2190.73273 16.956 0.013
2192.70142 16.659 0.008
2193.72234 16.965 0.011
2194.69344 16.896 0.011
2200.70785 16.945 0.012
2203.59609 16.912 0.013
2206.64580 16.940 0.013
2211.69781 16.583 0.010
2212.68442 16.972 0.013
2214.68442 16.617 0.013
2215.72044 16.951 0.014
2217.67959 16.662 0.011
2219.71656 16.918 0.013
2222.76587 16.934 0.015
2223.67096 16.723 0.012
2225.63517 16.913 0.011
2228.59688 16.910 0.012
2230.53499 16.889 0.013
2232.54798 16.747 0.011
2234.58999 16.933 0.011
2236.57925 16.483 0.009
2239.52677 16.501 0.011
2241.57156 16.856 0.013
2243.60994 16.970 0.013
2249.56609 16.963 0.011
2251.61618 16.735 0.010
2254.56495 16.751 0.012
2256.59116 16.918 0.013
2259.61205 16.983 0.012
2262.61853 16.981 0.014
2266.61040 16.864 0.013
2271.58533 16.978 0.013
2273.58457 16.728 0.013
2276.57923 16.735 0.012
2280.57316 16.534 0.011
2285.56912 16.822 0.010
2289.60500 16.612 0.010
2291.61024 16.885 0.011
2293.60656 16.948 0.012
2295.60327 16.689 0.011
2297.60784 16.920 0.012
2299.60249 16.872 0.013
2301.59402 16.758 0.013
2460.92727 16.946 0.017
2464.88465 16.859 0.011
2466.87816 16.970 0.015
2468.87241 16.626 0.010
2470.86334 16.895 0.011
2472.88343 16.912 0.010
2481.86891 16.510 0.012
2483.93030 16.838 0.011
2486.93111 16.848 0.014
2489.81187 16.802 0.010
2497.80833 16.941 0.013
2498.81563 16.883 0.013
2499.90067 16.726 0.011
2500.90908 16.787 0.012
2501.89560 16.918 0.012
2502.87587 16.739 0.012
2508.78646 16.733 0.017
2516.81882 16.967 0.013
2517.86582 16.879 0.013
2518.84009 16.659 0.011
2519.79137 16.957 0.012
2520.83355 16.889 0.013
2521.78414 16.640 0.010
2524.78705 16.678 0.012
2526.81901 16.911 0.010
2529.77755 16.942 0.011
2535.73716 16.941 0.013
2537.74363 16.481 0.011
2538.84413 16.994 0.014
2539.74006 16.819 0.012
2540.78432 16.554 0.011
2541.75210 16.978 0.012
2542.72173 16.844 0.011
2544.70339 16.953 0.012
2545.71523 16.863 0.011
2547.73337 16.956 0.012
2548.75299 16.894 0.012
2550.74811 16.972 0.013
2551.73528 16.913 0.012
2552.75066 16.708 0.010
2553.69144 16.976 0.014
2554.74379 16.919 0.012
2555.75177 16.760 0.011
2556.73099 16.828 0.011
2557.74333 16.933 0.011
2558.69987 16.735 0.011
2559.65678 16.864 0.012
2560.68991 16.924 0.011
2562.70812 16.463 0.009
2563.71614 16.943 0.012
2564.73253 16.825 0.013
2565.72798 16.517 0.011
2566.70696 16.956 0.013
2571.69468 16.585 0.010
2572.76270 16.962 0.014
2573.70082 16.881 0.013
2574.68056 16.627 0.009
2576.72503 16.899 0.012
2577.68326 16.695 0.012
2578.66833 16.952 0.013
2579.67847 16.896 0.013
2580.68676 16.721 0.011
2583.66298 16.729 0.012
2584.66529 16.771 0.011
2587.65004 16.532 0.011
2588.66191 16.946 0.013
2589.64091 16.786 0.011
2590.65788 16.480 0.009
2591.69067 16.961 0.013
2593.64746 16.542 0.011
2594.65399 16.980 0.014
2596.62665 16.568 0.011
2597.61549 16.962 0.015
2598.69423 16.882 0.013
2599.65474 16.640 0.013
2610.59208 16.921 0.013
2613.58361 16.947 0.015
2615.61918 16.478 0.010
2620.58958 16.819 0.013
2622.53734 17.003 0.013
2625.59074 16.989 0.018
2629.53101 16.898 0.013
2632.56907 16.904 0.011
2636.56551 16.752 0.012
2639.56478 16.792 0.011
2643.53775 16.473 0.010
2649.54282 16.589 0.010
2651.57940 16.879 0.015
2655.53632 16.689 0.014
2658.55271 16.735 0.013
2661.56527 16.756 0.010
2665.53227 16.488 0.011
2669.55840 16.948 0.013
2674.54252 16.624 0.011
2676.56335 16.867 0.011
2680.53305 16.688 0.013
2683.55759 16.748 0.015
2804.83551 16.974 0.017
2805.89192 16.868 0.017
2811.94494 16.921 0.016
2815.91877 16.793 0.012
2818.92663 16.826 0.011
2829.86539 16.959 0.013
2831.85794 16.685 0.012
2832.80890 16.959 0.013
2833.90749 16.906 0.015
2835.89624 16.819 0.012
2838.88017 16.605 0.012
2840.88536 16.782 0.011
2843.87133 16.793 0.010
2844.91266 16.547 0.011
2848.81933 16.964 0.017
2849.89738 16.879 0.012
2850.92892 16.663 0.011
2852.85755 16.884 0.015
2854.86890 16.965 0.013
2857.87620 16.948 0.013
2860.91585 16.601 0.009
2861.78757 16.920 0.012
2862.87367 16.766 0.012
2863.87556 16.520 0.013
2865.79800 16.742 0.013
2867.78749 16.924 0.012
2868.82811 16.794 0.011
2869.84910 16.504 0.010
2870.85619 16.965 0.013
2872.78030 16.486 0.009
2875.84742 16.631 0.011
2876.81638 16.965 0.012
2877.84585 16.877 0.011
2879.81061 16.973 0.011
2884.76068 16.688 0.010
2886.76644 16.910 0.013
2890.73240 16.773 0.015
2893.78394 16.771 0.011
2895.79479 16.986 0.012
2897.74236 16.477 0.011
2899.77466 16.832 0.010
2903.79339 16.640 0.009
2906.74215 16.654 0.009
2908.71917 16.902 0.011
2910.71401 16.955 0.013
2912.71929 16.709 0.009
2916.73261 16.705 0.009
2918.70967 16.779 0.012
2922.70921 16.478 0.011
2924.65004 16.804 0.011
2926.64415 16.966 0.013
2929.70557 16.977 0.013
2931.68145 16.631 0.010
2933.69364 16.894 0.010
2935.65654 16.958 0.013
2937.68167 16.729 0.012
2939.65987 16.917 0.013
2940.67415 16.725 0.010
2942.67742 16.947 0.013
2943.64617 16.746 0.011
2944.62992 16.778 0.013
2946.62850 16.770 0.012
2947.65651 16.468 0.010
2949.63736 16.796 0.011
2950.58885 16.459 0.009
2951.66977 16.973 0.013
2953.61756 16.524 0.010
2955.60257 16.855 0.014
2957.61621 16.964 0.011
2965.67312 16.740 0.011
2968.63567 16.744 0.012
2971.64343 16.789 0.012
2973.63196 16.964 0.013
2975.52874 16.575 0.011
2977.62439 16.827 0.013
2979.60467 16.990 0.015
2982.55927 16.972 0.013
2986.60059 16.894 0.012
2988.57306 16.978 0.012
2990.59186 16.714 0.011
2993.59390 16.740 0.010
2997.53768 16.715 0.012
3000.59788 16.482 0.009
3003.57340 16.529 0.011
3006.56301 16.563 0.009
3009.55637 16.653 0.012
3013.56299 16.962 0.013
3017.55747 16.923 0.013
3020.53257 16.933 0.013
3022.56005 16.528 0.011
3024.55923 16.806 0.012
3026.52929 16.944 0.016
3028.53017 16.534 0.014
3030.53328 16.840 0.012
3032.55128 16.962 0.014
3034.55079 16.638 0.009
3038.54163 17.013 0.016
3179.93291 16.587 0.009
3184.89677 16.882 0.013
3193.91979 16.945 0.012
3196.89180 16.932 0.011
3202.87973 16.978 0.012
3203.92421 16.878 0.007
3206.86711 16.861 0.011
3210.93357 16.672 0.009
3211.84970 16.969 0.012
3216.76937 16.645 0.013
3217.81927 16.957 0.016
3224.81619 16.944 0.011
3228.79409 16.808 0.012
3230.76760 16.970 0.011
3238.79866 16.657 0.011
3239.83779 16.970 0.013
3240.83493 16.938 0.014
3241.77686 16.678 0.010
3242.76756 16.952 0.013
3243.89071 16.924 0.013
3244.86939 16.765 0.013
3245.81688 16.849 0.012
3246.81371 16.928 0.012
3247.81794 16.774 0.012
3249.77143 16.926 0.013
3251.78400 16.484 0.008
3254.77009 16.483 0.008
3257.79715 16.585 0.008
3261.74310 16.977 0.011
3263.74001 16.626 0.008
3265.76541 16.904 0.012
3267.74811 16.970 0.010
3270.70182 16.973 0.013
3271.70449 16.918 0.013
3273.66301 16.961 0.015
3275.65777 16.732 0.013
3276.75182 16.484 0.012
3277.79073 16.970 0.013
3279.72224 16.491 0.009
3281.68804 16.812 0.010
3283.68244 16.977 0.009
3287.64873 16.849 0.010
3289.66354 16.965 0.010
3291.60191 16.576 0.009
3294.61846 16.642 0.009
3296.58483 16.883 0.012
3298.59269 16.951 0.010
3300.59530 16.721 0.012
3302.57629 16.906 0.012
3305.67230 16.954 0.012
3307.58885 16.573 0.012
3309.60959 16.824 0.011
3311.56513 16.947 0.012
3314.60417 16.988 0.013
3320.64208 16.962 0.011
3323.59447 16.983 0.012
3327.62256 16.942 0.013
3330.59381 16.942 0.013
3335.63846 16.543 0.012
3338.54531 16.521 0.010
3350.55663 16.699 0.010
3357.59373 16.458 0.009
3361.59313 16.964 0.012
3363.59944 16.611 0.012
3369.57641 16.648 0.009
3372.59240 16.709 0.009
3376.56842 16.903 0.012
3380.55479 16.947 0.013
3386.60162 16.971 0.010
3395.55362 16.990 0.015
3399.57748 16.950 0.014
3402.59437 16.971 0.012
3543.91056 16.964 0.013
3551.93133 16.735 0.011
3558.91508 16.466 0.008
3562.90585 16.986 0.010
3568.89740 16.961 0.011
3570.85525 16.672 0.013
3571.84551 16.956 0.015
3573.89089 16.721 0.013
3575.85071 16.916 0.011
3577.90728 16.692 0.010
3579.84815 16.730 0.009
3581.91708 16.963 0.011
3582.86949 16.784 0.009
3583.88856 16.489 0.009
3586.87885 16.531 0.007
3588.87699 16.835 0.012
3590.83561 16.951 0.010
3592.79589 16.562 0.007
3594.83667 16.879 0.010
3600.92574 16.936 0.013
3602.78455 16.961 0.015
3603.74877 16.907 0.011
3608.80538 16.485 0.008
3614.83722 16.570 0.008
3615.82293 16.959 0.011
3618.82163 16.957 0.011
3620.84809 16.672 0.008
3622.80213 16.877 0.012
3625.74806 16.911 0.010
3628.76964 16.887 0.013
3630.68510 16.979 0.014
3632.66225 16.705 0.013
3634.69275 16.911 0.010
3637.69802 16.945 0.012
3640.66314 16.946 0.010
3644.69886 16.842 0.009
3646.71636 16.974 0.012
3650.73213 16.900 0.011
3652.67357 16.950 0.010
3654.64937 16.669 0.009
3656.70259 16.928 0.012
3657.73073 16.761 0.010
3658.70427 16.742 0.012
3659.68862 16.948 0.014
3660.69431 16.784 0.012
3663.68506 16.799 0.012
3665.71333 16.981 0.013
3668.64193 16.963 0.012
3668.66445 16.973 0.011
3670.65307 16.563 0.010
3672.58577 16.836 0.013
3674.74507 16.978 0.011
3676.63138 16.643 0.009
3682.60803 16.685 0.011
3684.62532 16.924 0.010
3686.59103 16.867 0.011
3688.56401 16.749 0.010
3690.57769 16.945 0.013
3693.57483 16.974 0.013
3695.57043 16.513 0.008
3698.54603 16.543 0.011
3701.59457 16.623 0.010
3703.60518 16.892 0.010
3705.57742 16.971 0.010
3707.57783 16.714 0.010
3712.59284 16.941 0.012
3715.55106 16.939 0.012
3719.63001 16.856 0.012
3722.57698 16.834 0.012
3725.65703 16.877 0.013
3730.56022 16.962 0.010
3735.56288 16.736 0.010
3738.58403 16.776 0.012
3743.53825 16.947 0.012
3748.54216 16.594 0.012
3753.53982 16.882 0.013
3758.56175 16.905 0.013
3762.56833 16.921 0.013
3768.52831 16.916 0.015
3773.52516 16.585 0.014
3777.55111 16.968 0.013
3871.92152 16.545 0.011
3902.93837 16.687 0.012
3907.93335 16.909 0.013
3915.90919 16.458 0.008
3918.92845 16.526 0.008
3934.89808 16.848 0.011
3936.90631 16.750 0.010
3938.89051 16.940 0.011
3945.86027 16.822 0.010
3950.84208 16.964 0.010
3957.79771 16.940 0.016
3959.79616 16.942 0.013
3961.78236 16.707 0.011
3964.78950 16.749 0.008
3966.78173 16.954 0.010
3968.77528 16.502 0.008
3970.76690 16.794 0.008
3973.73625 16.837 0.011
3975.75118 16.980 0.011
3980.68371 16.604 0.011
3981.68356 16.971 0.011
3982.74788 16.911 0.013
3986.72505 16.684 0.010
3989.82210 16.796 0.012
3991.76331 16.956 0.013
3994.66429 16.943 0.013
4001.66398 16.819 0.009
4003.63573 16.967 0.010
4004.72425 16.854 0.010
4005.70952 16.622 0.008
4007.60275 16.836 0.011
4008.61176 16.561 0.008
4011.66218 16.683 0.010
4014.66012 16.714 0.012
4016.64139 16.945 0.012
4018.63771 16.913 0.011
4020.67043 16.761 0.010
4023.62713 16.785 0.011
4025.62746 16.948 0.012
4027.61560 16.484 0.008
4029.59787 16.836 0.010
4031.58484 16.977 0.011
4036.62023 16.661 0.009
4038.57454 16.878 0.011
4040.55452 16.959 0.013
4042.62387 16.735 0.010
4044.66650 16.921 0.016
4047.57481 16.923 0.012
4049.55058 16.618 0.009
4051.60010 16.827 0.011
4053.61107 16.970 0.010
4055.54030 16.501 0.011
4057.57941 16.840 0.012
4059.61393 16.991 0.012
4063.60532 16.907 0.010
4066.52022 16.867 0.013
4068.58757 16.891 0.010
4071.52869 16.889 0.013
4074.56395 16.498 0.009
4077.61667 16.542 0.011
4079.56374 16.835 0.011
4083.57125 16.601 0.011
4087.59314 16.975 0.012
4095.55705 16.770 0.010
4095.59407 16.772 0.009
4098.57612 16.790 0.011
4102.54824 16.513 0.009
4107.55242 16.868 0.011
4112.55283 16.956 0.012
4119.54241 16.956 0.012
4122.56869 16.972 0.013
4128.56885 16.983 0.012
4253.89212 16.480 0.013
4255.91072 16.834 0.013
4258.92789 16.886 0.015
4273.91420 16.952 0.016
4278.94066 16.582 0.012
4281.76511 16.450 0.010
4282.90497 16.951 0.013
4283.83167 16.854 0.013
4284.89613 16.636 0.012
4289.87056 16.891 0.013
4292.90383 16.908 0.011
4295.89775 16.915 0.012
4296.93199 16.788 0.010
4298.85103 16.931 0.013
4299.89453 16.790 0.010
4300.91636 16.502 0.009
4301.93521 16.966 0.011
4303.82590 16.485 0.010
4307.72291 16.936 0.013
4308.69670 16.801 0.013
4308.90456 16.874 0.011
4310.87664 16.959 0.013
4311.87811 16.869 0.016
4312.93839 16.692 0.010
4314.80706 16.897 0.013
4316.86676 16.930 0.012
4320.85045 16.940 0.012
4326.87482 16.959 0.013
4327.89789 16.825 0.014
4328.86795 16.544 0.011
4329.86776 16.970 0.013
4330.89858 16.866 0.012
4332.91480 16.974 0.013
4334.89174 16.660 0.013
4339.86279 16.913 0.013
4340.81506 16.663 0.011
4341.80789 16.966 0.013
4342.88217 16.949 0.013
4343.80148 16.706 0.012
4344.78365 16.958 0.012
4346.75987 16.720 0.011
4348.74561 16.910 0.012
4350.72237 16.778 0.011
4353.68052 16.678 0.012
4355.73907 16.805 0.013
4358.68245 16.813 0.012
4359.73968 16.549 0.009
4362.69004 16.589 0.012
4365.66400 16.620 0.013
4369.72079 16.975 0.015
4371.68775 16.692 0.013
4376.69113 16.937 0.013
4378.65780 16.683 0.011
4379.68909 16.955 0.015
4381.64828 16.460 0.011
4383.67678 16.816 0.010
4386.70138 16.847 0.012
4388.70170 16.953 0.013
4390.71063 16.653 0.010
4394.59821 16.955 0.013
4396.68161 16.703 0.011
4398.68474 16.918 0.014
4402.66979 16.761 0.011
4404.68626 16.952 0.016
4407.69476 16.933 0.012
4409.71034 16.577 0.010
4411.70548 16.851 0.011
4415.70933 16.682 0.013
4417.65933 16.881 0.011
4420.64577 16.902 0.013
4422.67778 16.893 0.013
4424.67484 16.734 0.011
4427.56061 16.725 0.012
4429.60371 16.930 0.016
4431.59083 16.495 0.011
4433.59674 16.795 0.012
4435.58507 16.928 0.012
4438.64516 16.980 0.013
4440.61464 16.622 0.011
4442.57612 16.877 0.014
4452.61103 16.767 0.011
4454.63125 16.903 0.013
4455.57332 16.757 0.012
4457.58224 16.925 0.015
4460.53664 16.952 0.013
4462.54299 16.519 0.011
4462.55188 16.542 0.012
4462.58085 16.544 0.011
4463.53161 16.967 0.017
4463.60018 16.944 0.013
4464.54673 16.841 0.012
4465.56494 16.597 0.010
4465.59827 16.610 0.010
4466.57068 16.967 0.013
4466.60503 16.958 0.013
4467.55904 16.852 0.013
4467.58298 16.896 0.013
4468.58457 16.648 0.010
4468.61945 16.664 0.010
4469.56751 16.960 0.013
4469.60469 16.957 0.012
4470.55149 16.890 0.013
4470.58241 16.887 0.013
4471.53990 16.672 0.011
4471.56751 16.695 0.011
4472.54427 16.959 0.013
4472.57332 16.968 0.011
4473.55546 16.900 0.013
4473.57804 16.900 0.014
4474.55712 16.729 0.013
4474.58438 16.727 0.013
4474.61956 16.722 0.012
4474.64329 16.755 0.012
4475.55319 16.935 0.012
4475.59625 16.840 0.012
4475.65981 16.529 0.011
4476.57049 16.930 0.012
4476.59802 16.927 0.011
4476.64499 16.919 0.011
4477.60317 16.761 0.012
4477.64902 16.788 0.012
4478.57335 16.637 0.011
4478.63692 16.486 0.011
4479.56648 16.924 0.013
4479.62302 16.968 0.014
4480.55113 16.784 0.012
4480.59811 16.784 0.011
4481.55542 16.480 0.010
4481.60650 16.465 0.010
4481.63189 16.476 0.010
4482.56351 16.922 0.013
4482.62793 16.998 0.015
4483.58917 16.817 0.013
4483.63367 16.859 0.013
4484.58793 16.514 0.011
4485.58466 16.944 0.014
4486.57294 16.865 0.015
4486.57701 16.848 0.015
4486.62667 16.840 0.015
4487.61434 16.605 0.013
4487.61830 16.613 0.013
4487.64162 16.611 0.014
4488.57799 16.936 0.017
4488.58216 16.933 0.017
4488.61576 16.974 0.017
4489.61478 16.873 0.016
4490.61543 16.640 0.012
4491.61392 16.958 0.014
4492.58016 16.884 0.013
4492.60596 16.877 0.013
4498.54290 16.907 0.014
4502.55681 16.758 0.012
4519.51844 16.958 0.014
4519.52433 16.925 0.013
4519.52808 16.936 0.015
4519.53169 16.967 0.014
4609.93554 16.806 0.015
4643.91962 16.876 0.013
4652.94373 16.943 0.013
4655.90180 16.957 0.012
4661.91561 16.964 0.012
4662.83919 16.831 0.010
4662.93706 16.834 0.010
4663.78790 16.482 0.012
4665.86106 16.837 0.013
4670.94296 16.974 0.013
4671.83944 16.900 0.012
4673.94149 16.853 0.015
4677.85883 16.917 0.010
4682.83322 16.507 0.010
4684.87125 16.799 0.011
4686.83118 16.968 0.010
4688.84741 16.532 0.009
4690.77276 16.810 0.010
4691.77606 16.544 0.010
4694.82237 16.669 0.013
4699.78772 16.890 0.012
4700.82161 16.713 0.010
4701.82929 16.940 0.013
4703.78851 16.711 0.011
4704.80720 16.800 0.010
4705.81480 16.911 0.013
4707.83221 16.445 0.008
4709.76302 16.761 0.010
4715.77158 16.831 0.012
4717.72617 16.959 0.012
4720.70507 16.976 0.013
4722.72029 16.606 0.009
4725.72547 16.659 0.011
4730.71605 16.906 0.010
4730.77879 16.931 0.010
4733.75099 16.949 0.011
4740.69352 16.801 0.010
4743.69026 16.836 0.011
4748.67901 16.970 0.012
4750.71187 16.693 0.011
4754.63743 16.955 0.013
4755.61317 16.880 0.012
4756.64702 16.698 0.011
4758.62723 16.900 0.011
4760.61389 16.894 0.011
4762.60368 16.739 0.012
4767.63932 16.968 0.012
4770.68757 16.953 0.014
4772.62495 16.579 0.010
4774.60045 16.830 0.011
4776.57224 16.952 0.013
4778.57359 16.634 0.010
4780.57085 16.887 0.013
4782.54374 16.963 0.013
4783.60535 16.926 0.013
4789.57147 16.938 0.011
4791.55302 16.527 0.010
4793.56040 16.798 0.012
4795.57328 16.961 0.011
4797.56545 16.555 0.011
4798.62869 16.984 0.013
4801.52992 16.936 0.011
4802.61738 16.903 0.013
4803.58930 16.641 0.009
4805.52429 16.877 0.015
4807.55105 16.969 0.014
4809.57623 16.715 0.010
4811.59810 16.947 0.013
4814.55597 16.931 0.013
4816.55810 16.475 0.009
4818.57208 16.822 0.012
4820.55011 16.959 0.013
4822.60684 16.602 0.009
4824.59168 16.879 0.012
4831.56332 16.684 0.010
4833.59116 16.911 0.011
4835.61391 16.597 0.010
4839.61694 16.942 0.013
4842.58359 16.990 0.016
4844.59410 16.543 0.010
4847.64829 16.646 0.014
4849.60826 16.863 0.012
4853.60555 16.690 0.011
4855.61876 16.915 0.014
4862.59258 16.786 0.011
4868.57477 16.825 0.012
4869.53688 16.536 0.011
