 466.54204 15.277 0.005
 466.55114 15.275 0.005
 466.56638 15.281 0.005
 466.59697 15.284 0.005
 466.62651 15.284 0.005
 467.54436 15.405 0.005
 467.57384 15.412 0.005
 467.60332 15.418 0.005
 467.63281 15.417 0.005
 469.55373 15.035 0.005
 469.59235 15.036 0.005
 469.62401 15.054 0.005
 471.60627 15.222 0.005
 471.62151 15.243 0.005
 472.53843 15.359 0.005
 472.55321 15.353 0.005
 472.56787 15.356 0.005
 472.58250 15.367 0.005
 622.88470 15.222 0.005
 624.91128 15.327 0.006
 625.89873 15.008 0.005
 626.87023 15.105 0.005
 627.85647 15.194 0.005
 628.89755 15.296 0.005
 629.89535 15.428 0.006
 631.92631 15.063 0.005
 632.86683 15.152 0.005
 633.90227 15.251 0.005
 635.89711 15.201 0.005
 643.86612 15.178 0.006
 645.83782 15.401 0.006
 647.79556 15.036 0.006
 649.79296 15.216 0.006
 652.84015 14.992 0.005
 656.85331 15.422 0.006
 657.82557 15.079 0.005
 658.86587 15.068 0.006
 663.77216 15.012 0.006
 664.87709 15.109 0.005
 665.82434 15.202 0.005
 666.83490 15.312 0.005
 667.85413 15.420 0.005
 668.82496 15.011 0.005
 670.79052 15.161 0.005
 671.81256 15.272 0.005
 672.81810 15.400 0.005
 673.78548 15.182 0.005
 684.74586 15.127 0.005
 685.80072 15.051 0.005
 686.70200 15.145 0.005
 687.78335 15.236 0.005
 688.72537 15.356 0.005
 689.75253 15.338 0.005
 697.71868 15.155 0.005
 698.78979 15.262 0.005
 699.68880 15.372 0.005
 700.72958 15.216 0.005
 701.70181 15.018 0.005
 704.72980 15.316 0.006
 706.69546 15.010 0.006
 707.73303 15.081 0.005
 708.75719 15.178 0.005
 712.75774 15.047 0.005
 713.73910 15.140 0.005
 714.75407 15.229 0.005
 715.71963 15.350 0.006
 716.68771 15.374 0.005
 726.67032 15.361 0.006
 728.68103 15.008 0.005
 729.68319 15.114 0.005
 730.66755 15.205 0.005
 733.63403 15.008 0.005
 739.65398 15.022 0.005
 741.61979 15.217 0.005
 742.59605 15.326 0.005
 744.64316 15.002 0.005
 745.59408 15.073 0.005
 746.78488 15.188 0.005
 747.65539 15.278 0.005
 748.61716 15.412 0.006
 749.62251 15.119 0.006
 750.61636 15.046 0.005
 751.62477 15.139 0.005
 752.73917 15.233 0.006
 753.67481 15.360 0.006
 759.63268 15.426 0.006
 760.65834 15.009 0.005
 761.63438 15.062 0.005
 761.73963 15.075 0.005
 762.62575 15.158 0.005
 762.65531 15.160 0.005
 763.64198 15.266 0.005
 763.75273 15.275 0.006
 765.57404 15.223 0.006
 766.61152 15.018 0.005
 766.71438 15.042 0.005
 767.61901 15.120 0.006
 767.68066 15.138 0.006
 769.60184 15.323 0.006
 769.67558 15.344 0.006
 770.60798 15.406 0.006
 771.64105 14.996 0.005
 772.60287 15.084 0.005
 773.60801 15.178 0.005
 773.76021 15.195 0.006
 774.60099 15.281 0.005
 775.55891 15.401 0.006
 776.63983 15.120 0.005
 777.61408 15.046 0.005
 778.61745 15.147 0.005
 779.64441 15.224 0.006
 779.75468 15.258 0.006
 780.64421 15.359 0.006
 781.55852 15.359 0.006
 781.73901 15.256 0.006
 782.62404 15.002 0.005
 782.74791 15.017 0.005
 783.54107 15.105 0.005
 784.58307 15.195 0.005
 784.67505 15.205 0.005
 785.60988 15.296 0.005
 785.75548 15.324 0.005
 786.61357 15.428 0.006
 786.63046 15.430 0.006
 787.69402 15.011 0.005
 788.62683 15.065 0.005
 788.65240 15.066 0.005
 790.57554 15.244 0.005
 792.55350 15.249 0.005
 795.61818 15.216 0.005
 796.54709 15.316 0.006
 796.73244 15.347 0.006
 797.70724 15.391 0.006
 798.56989 15.002 0.005
 799.70785 15.091 0.005
 800.62288 15.180 0.005
 802.68285 15.403 0.006
 805.61020 15.133 0.005
 806.62039 15.234 0.006
 808.55181 15.371 0.006
 816.68280 15.157 0.005
 817.59288 15.241 0.005
 819.55566 15.268 0.005
 820.63196 15.030 0.005
 822.55254 15.205 0.005
 824.57836 15.417 0.006
 825.65147 15.000 0.005
 828.61160 15.271 0.005
 829.57824 15.400 0.005
 832.58513 15.125 0.005
 833.60502 15.228 0.005
 834.57460 15.352 0.006
 836.55273 14.999 0.005
 838.58572 15.192 0.005
 840.59547 15.406 0.006
 845.54703 15.353 0.006
 850.57031 15.300 0.006
 855.57532 15.259 0.006
 859.56314 15.118 0.005
 866.52769 15.276 0.005
 962.93152 15.191 0.005
 966.93101 15.062 0.005
 970.90739 15.243 0.005
 976.88804 15.016 0.005
 986.84241 15.397 0.006
 987.85602 14.997 0.005
 991.92405 15.418 0.005
 996.92800 15.373 0.005
 998.89908 15.016 0.005
1004.79766 15.060 0.005
1006.82625 15.253 0.005
1020.89573 15.039 0.005
1025.93352 15.019 0.005
1035.74847 15.248 0.005
1037.77767 15.117 0.005
1041.78582 14.999 0.005
1045.74753 15.399 0.005
1048.72872 15.103 0.006
1052.77162 14.999 0.005
1055.64487 15.280 0.005
1058.85682 15.055 0.005
1059.77483 15.148 0.005
1061.72759 15.379 0.006
1064.81150 15.116 0.005
1068.71290 15.024 0.005
1072.69306 15.386 0.005
1076.67082 15.220 0.005
1078.68137 15.405 0.005
1081.69391 15.183 0.005
1084.63209 15.143 0.005
1087.65199 15.229 0.005
1090.70836 15.015 0.005
1092.74048 15.203 0.005
1094.64716 15.424 0.005
1102.61734 15.111 0.005
1106.71219 15.004 0.005
1110.63132 15.399 0.006
1116.58980 15.370 0.005
1120.57839 15.281 0.005
1126.65372 15.370 0.005
1129.55216 15.095 0.005
1132.53525 15.418 0.006
1135.58531 15.161 0.005
1138.63498 15.161 0.005
1140.61239 15.130 0.005
1144.66997 15.001 0.005
1151.54956 15.137 0.005
1155.55117 15.012 0.005
1159.54661 15.433 0.006
1162.57901 15.174 0.005
1164.69258 15.394 0.006
1170.55102 15.397 0.005
1178.66106 15.148 0.005
1182.67297 15.012 0.005
1183.71132 15.111 0.005
1185.69447 15.303 0.005
1188.69378 15.079 0.005
1191.57754 15.391 0.006
1202.59265 15.406 0.006
1205.54407 15.128 0.005
1211.56456 15.186 0.006
1217.57518 15.255 0.006
1220.57767 15.018 0.005
1229.53039 15.387 0.006
1238.52667 15.189 0.006
1327.91086 15.099 0.006
1330.82757 15.233 0.006
1335.87932 15.203 0.006
1340.89882 15.155 0.006
1348.93490 15.400 0.006
1354.90846 15.108 0.005
1360.92819 15.006 0.005
1365.92440 15.020 0.005
1367.84790 15.156 0.006
1374.91998 15.316 0.006
1394.85617 15.147 0.006
1395.88762 15.253 0.006
1397.80932 15.262 0.006
1401.83635 15.316 0.006
1402.92126 15.408 0.006
1407.84433 15.395 0.006
1412.73965 15.312 0.006
1417.89797 15.290 0.006
1430.73059 15.031 0.006
1432.74127 15.157 0.005
1435.69772 15.238 0.006
1439.66416 15.312 0.006
1442.66786 15.079 0.005
1447.74305 15.037 0.006
1451.67925 15.362 0.006
1455.69897 15.294 0.005
1460.73971 15.246 0.005
1462.64534 15.281 0.006
1470.65160 15.169 0.005
1472.63880 15.403 0.006
1475.64453 15.113 0.005
1477.57359 15.324 0.006
1481.59135 15.172 0.005
1484.64027 15.101 0.005
1487.63539 15.245 0.005
1490.67415 15.004 0.005
1492.57380 15.193 0.006
1495.53059 15.051 0.005
1499.55924 15.382 0.006
1502.55733 15.110 0.005
1505.62392 15.395 0.006
1508.55930 15.177 0.005
1509.53555 15.263 0.006
1512.63743 15.044 0.005
1515.61212 15.360 0.006
1517.61563 15.004 0.005
1520.60280 15.302 0.006
1524.55050 15.161 0.005
1526.59062 15.384 0.006
1531.64221 15.327 0.006
1543.59969 15.358 0.006
1546.61451 15.194 0.005
1551.57629 15.149 0.005
1555.60982 15.018 0.005
1562.58839 15.179 0.005
1569.56754 15.355 0.006
1575.59337 15.425 0.005
1580.56837 15.374 0.006
1583.57105 15.103 0.005
1587.55083 15.003 0.005
1597.53631 15.384 0.006
1603.54439 15.100 0.005
1608.52011 15.301 0.006
1703.90503 15.242 0.006
1705.91053 15.234 0.006
1716.87095 15.171 0.005
1717.88130 15.029 0.005
1729.91699 15.150 0.005
1732.88676 15.264 0.005
1740.83780 15.169 0.005
1742.88559 15.384 0.006
1744.85471 15.028 0.005
1745.87897 15.129 0.005
1749.85939 14.999 0.005
1750.83131 15.081 0.005
1751.84314 15.188 0.005
1752.80447 15.276 0.006
1753.80554 15.433 0.006
1754.83221 15.115 0.005
1755.79757 15.047 0.005
1756.82705 15.140 0.006
1757.77624 15.234 0.006
1758.78073 15.351 0.005
1759.82510 15.318 0.006
1761.80614 15.099 0.005
1762.79252 15.191 0.005
1763.79553 15.296 0.005
1764.78804 15.428 0.005
1765.78250 15.044 0.005
1766.72354 15.060 0.005
1768.80264 15.257 0.006
1769.71202 15.358 0.006
1771.82810 15.019 0.006
1772.77047 15.117 0.005
1773.73778 15.215 0.005
1776.76058 14.996 0.005
1784.73723 15.220 0.005
1788.80273 15.101 0.005
1803.76305 15.007 0.005
1806.75719 15.264 0.005
1808.82680 15.148 0.005
1811.75522 15.220 0.005
1814.80204 14.995 0.005
1817.76770 15.291 0.005
1822.64514 15.233 0.005
1826.79624 15.116 0.005
1829.73848 15.422 0.006
1846.78652 15.071 0.005
1850.74327 15.358 0.006
1854.79933 15.208 0.005
1858.72319 15.054 0.005
1862.72209 15.191 0.005
1867.74652 15.388 0.006
1871.75312 15.279 0.005
2085.90914 15.081 0.006
2086.88843 15.171 0.006
2103.89525 15.248 0.006
2105.92315 15.196 0.006
2106.89098 15.030 0.006
2112.84336 15.079 0.006
2116.87111 15.147 0.006
2123.81803 15.084 0.006
2128.82553 15.051 0.006
2129.85750 15.145 0.006
2130.84387 15.243 0.006
2131.83748 15.368 0.006
2132.80627 15.263 0.006
2133.89460 15.023 0.006
2134.81000 15.120 0.006
2135.84408 15.186 0.006
2137.89208 15.413 0.007
2140.81134 15.165 0.006
2142.75205 15.397 0.006
2143.81755 15.169 0.006
2144.82425 15.021 0.006
2155.87863 15.052 0.006
2156.82521 15.154 0.006
2160.75460 15.013 0.006
2162.76139 15.198 0.006
2166.75600 15.051 0.006
2167.76446 15.168 0.006
2168.71363 15.251 0.006
2171.73955 15.020 0.005
2172.74617 15.116 0.006
2177.63966 15.071 0.006
2184.70130 15.220 0.006
2185.66480 15.339 0.006
2186.68965 15.357 0.007
2187.68483 14.999 0.006
2188.73199 15.101 0.006
2190.69136 15.293 0.006
2191.66474 15.414 0.006
2192.66325 15.059 0.006
2193.68432 15.054 0.006
2194.65442 15.141 0.006
2203.55089 15.043 0.006
2206.60721 15.257 0.006
2211.64130 15.217 0.006
2212.64513 15.339 0.006
2213.65095 15.398 0.006
2214.64214 15.001 0.006
2215.64912 15.094 0.006
2217.63582 15.289 0.006
2219.67868 15.070 0.006
2224.71356 15.242 0.006
2226.63643 15.112 0.006
2228.55833 15.297 0.006
2229.61659 15.429 0.006
2231.64326 15.070 0.006
2232.50999 15.152 0.006
2233.61341 15.258 0.006
2235.66353 15.178 0.006
2238.54707 15.210 0.006
2240.65138 15.392 0.006
2242.61889 15.081 0.006
2248.60354 15.126 0.006
2250.57686 15.349 0.006
2253.57050 15.092 0.006
2255.60716 15.298 0.006
2258.57346 15.058 0.005
2263.58419 15.020 0.006
2266.55498 15.304 0.006
2271.56456 15.261 0.006
2273.56390 15.153 0.006
2275.59883 15.134 0.006
2276.55838 15.229 0.006
2278.59096 15.357 0.006
2280.58682 15.091 0.006
2284.58970 15.055 0.006
2290.60368 15.018 0.006
2293.56596 15.309 0.006
2295.55870 15.003 0.006
2297.56199 15.164 0.006
2299.56109 15.393 0.006
2301.55335 15.032 0.006
2445.91192 15.421 0.007
2460.87884 15.282 0.007
2463.91518 15.046 0.006
2465.92794 15.243 0.006
2467.90093 15.257 0.006
2469.90031 15.108 0.006
2471.88975 15.312 0.006
2472.91922 15.419 0.006
2473.89113 15.005 0.005
2481.90282 15.229 0.006
2483.88864 15.372 0.006
2486.88565 15.180 0.006
2488.87656 15.402 0.007
2489.92299 15.072 0.006
2492.90335 15.239 0.006
2496.90310 15.096 0.006
2497.92651 15.211 0.006
2498.77378 15.294 0.006
2499.85936 15.436 0.006
2500.86493 15.020 0.006
2501.85389 15.059 0.006
2502.83412 15.159 0.006
2508.74536 15.207 0.007
2516.77666 15.136 0.006
2517.82340 15.045 0.006
2518.79484 15.127 0.006
2519.83174 15.234 0.006
2520.79113 15.347 0.006
2521.82327 15.335 0.006
2524.82152 15.200 0.007
2526.77770 15.428 0.006
2534.83408 15.114 0.006
2535.81429 15.206 0.006
2537.70207 15.418 0.007
2538.79803 14.999 0.006
2539.70185 15.063 0.006
2540.74273 15.187 0.006
2541.71375 15.245 0.006
2542.68354 15.390 0.006
2544.66208 15.019 0.006
2545.67711 15.114 0.006
2547.69512 15.325 0.006
2548.71156 15.384 0.006
2550.70669 15.084 0.006
2551.69333 15.171 0.006
2553.64905 15.412 0.007
2554.70257 15.098 0.006
2555.71050 15.045 0.006
2556.68952 15.132 0.006
2557.70206 15.237 0.006
2558.65854 15.357 0.006
2559.61544 15.359 0.006
2560.64850 15.002 0.006
2561.67405 15.098 0.006
2562.66694 15.192 0.006
2563.67487 15.298 0.006
2564.69026 15.429 0.006
2565.68116 15.024 0.006
2566.66144 15.061 0.006
2568.69242 15.254 0.006
2571.64511 15.015 0.006
2573.65854 15.221 0.006
2574.64237 15.311 0.006
2577.62924 15.070 0.006
2578.62931 15.168 0.006
2579.63596 15.267 0.006
2580.64808 15.406 0.006
2583.61939 15.122 0.006
2584.62675 15.220 0.006
2586.62397 15.359 0.006
2587.60838 14.998 0.006
2588.71680 15.102 0.006
2589.59832 15.186 0.006
2590.61345 15.285 0.006
2591.63659 15.423 0.006
2593.60559 15.046 0.006
2594.60936 15.150 0.006
2596.58489 15.364 0.007
2597.57206 15.273 0.006
2598.64593 15.021 0.006
2599.60541 15.105 0.006
2607.62660 15.405 0.007
2610.54642 15.123 0.006
2613.54032 15.393 0.007
2615.56917 15.097 0.006
2619.55687 15.107 0.006
2621.56577 15.133 0.006
2625.54841 15.016 0.006
2628.54178 15.297 0.007
2632.54820 15.155 0.006
2636.54337 15.022 0.006
2639.54386 15.321 0.006
2642.55261 15.075 0.006
2646.56543 15.098 0.006
2651.53746 15.338 0.007
2654.55527 15.198 0.006
2657.55813 15.011 0.006
2660.55391 15.251 0.006
2671.55158 15.288 0.006
2673.56338 15.141 0.006
2676.52475 15.232 0.007
2679.53811 15.018 0.006
2682.54043 15.319 0.007
2777.90295 15.105 0.006
2804.86989 15.101 0.006
2811.90436 15.262 0.007
2814.94001 15.032 0.006
2817.92658 15.331 0.006
2831.78143 15.082 0.006
2832.74739 15.181 0.006
2832.92536 15.198 0.006
2833.86530 15.298 0.007
2835.87395 15.039 0.006
2837.87502 15.160 0.007
2838.93218 15.268 0.007
2840.82492 15.247 0.006
2843.82636 15.207 0.006
2844.87219 15.323 0.006
2845.91818 15.401 0.007
2849.85561 15.272 0.006
2850.88837 15.410 0.007
2851.93194 15.112 0.006
2852.80262 15.036 0.006
2853.94203 15.135 0.006
2856.81529 15.369 0.007
2858.90934 15.083 0.006
2860.87534 15.296 0.006
2861.74651 15.406 0.006
2862.92552 15.023 0.006
2863.83472 15.055 0.006
2865.83162 15.242 0.006
2866.88126 15.377 0.007
2867.82127 15.250 0.006
2868.76894 15.008 0.006
2869.90194 15.117 0.006
2870.81554 15.205 0.006
2871.85846 15.313 0.006
2875.79802 15.190 0.006
2876.77573 15.259 0.006
2877.79763 15.402 0.006
2879.73926 15.018 0.006
2883.82540 15.374 0.006
2885.76020 15.082 0.006
2888.80852 15.416 0.006
2892.79988 15.247 0.007
2894.72904 15.331 0.006
2896.72614 15.101 0.006
2898.74712 15.294 0.006
2900.74596 15.024 0.006
2902.74548 15.156 0.006
2905.75268 15.201 0.006
2907.75408 15.112 0.006
2909.74319 15.320 0.005
2911.73455 15.000 0.006
2915.70602 15.405 0.006
2917.73213 15.044 0.006
2921.72988 15.345 0.006
2923.75183 15.101 0.006
2925.71480 15.286 0.006
2927.71233 15.045 0.006
2930.73038 15.245 0.006
2932.73689 15.212 0.006
2934.71672 15.116 0.006
2937.64073 15.417 0.006
2939.69337 15.071 0.006
2940.63350 15.159 0.006
2941.68332 15.266 0.006
2942.63345 15.396 0.006
2943.60468 15.181 0.006
2944.58927 15.016 0.006
2945.60604 15.120 0.006
2947.61554 15.326 0.006
2949.59685 14.987 0.006
2950.64160 15.091 0.006
2951.62878 15.187 0.006
2952.65771 15.287 0.006
2954.68263 15.076 0.006
2956.62862 15.138 0.006
2958.62303 15.358 0.006
2961.59410 15.112 0.006
2968.59386 15.255 0.006
2970.61311 15.191 0.006
2972.59760 15.114 0.006
2974.59835 15.320 0.006
2976.54805 14.999 0.006
2978.57415 15.185 0.006
2980.59102 15.422 0.007
2982.53624 15.042 0.006
2984.62711 15.235 0.006
2986.63724 15.318 0.006
2988.52960 15.113 0.006
2991.60267 15.426 0.006
2994.58439 15.154 0.006
2997.55718 15.232 0.006
3001.57363 15.319 0.006
3005.53170 15.180 0.007
3008.55336 15.157 0.006
3008.55802 15.167 0.006
3011.56139 15.226 0.006
3016.58805 15.188 0.006
3018.57452 15.421 0.006
3020.60257 15.056 0.006
3021.61538 15.159 0.006
3023.57128 15.378 0.006
3025.56979 15.019 0.006
3027.60330 15.203 0.006
3029.57520 15.409 0.006
3031.57974 15.074 0.006
3033.58211 15.271 0.006
3037.52913 15.123 0.006
3164.92956 15.351 0.006
3183.91153 15.163 0.006
3193.87929 15.093 0.006
3195.93849 15.292 0.006
3197.91395 15.052 0.006
3201.87137 15.376 0.006
3203.87932 15.016 0.005
3206.81719 15.291 0.006
3210.89322 15.162 0.006
3211.88465 15.256 0.006
3215.66076 15.096 0.006
3216.72877 15.215 0.006
3217.92930 15.347 0.006
3218.91393 15.366 0.007
3223.83478 15.420 0.006
3226.82503 15.143 0.006
3229.83216 15.307 0.006
3231.81430 15.112 0.006
3239.79267 15.379 0.006
3240.78993 15.207 0.006
3241.81429 15.019 0.006
3242.71361 15.103 0.006
3243.85006 15.212 0.006
3244.82725 15.341 0.006
3245.77639 15.417 0.006
3246.76884 15.015 0.006
3247.76260 15.072 0.006
3249.72731 15.259 0.006
3251.74083 15.168 0.006
3254.72795 15.233 0.006
3257.74436 14.993 0.005
3259.66354 15.181 0.006
3261.70164 15.426 0.006
3263.68434 15.049 0.006
3265.71873 15.259 0.006
3267.70757 15.295 0.005
3269.78399 15.138 0.006
3270.74081 15.217 0.006
3271.66364 15.299 0.006
3272.72083 15.426 0.006
3274.70670 15.072 0.006
3276.71113 15.257 0.006
3277.74427 15.405 0.006
3279.67659 15.024 0.006
3281.64027 15.219 0.006
3283.64171 15.401 0.006
3287.60793 15.272 0.006
3289.61900 15.143 0.006
3293.59579 15.345 0.006
3295.61458 14.996 0.005
3297.59633 15.190 0.005
3299.65270 15.435 0.005
3301.62694 15.061 0.006
3303.68919 15.243 0.006
3306.62174 15.003 0.005
3308.60946 15.205 0.006
3310.60859 15.406 0.006
3312.65261 15.075 0.006
3314.56347 15.266 0.006
3320.60130 15.329 0.006
3327.55626 15.094 0.006
3330.55049 15.237 0.006
3335.59532 15.216 0.006
3338.59893 15.010 0.005
3349.59526 14.965 0.005
3353.57435 15.424 0.006
3359.55088 15.305 0.006
3363.55822 15.303 0.006
3367.61754 15.170 0.006
3372.54829 15.121 0.006
3376.52760 14.985 0.006
3378.59455 15.192 0.006
3386.56098 15.315 0.006
3390.57456 15.311 0.006
3398.55632 15.028 0.006
3402.54472 15.405 0.006
3528.93692 15.088 0.006
3541.92972 15.303 0.006
3547.91431 15.394 0.006
3554.92252 14.997 0.006
3560.94464 15.051 0.006
3564.90680 15.311 0.006
3568.83766 15.290 0.006
3570.77838 15.086 0.006
3571.80071 15.051 0.006
3573.83820 15.254 0.006
3574.87719 15.375 0.006
3577.83586 15.111 0.006
3578.89443 15.203 0.006
3579.79927 15.324 0.006
3581.84420 15.002 0.005
3581.86691 15.001 0.005
3582.82909 15.083 0.006
3583.83350 15.173 0.006
3586.80784 15.157 0.005
3588.82573 15.127 0.005
3589.81854 15.221 0.006
3591.87334 15.329 0.005
3593.81090 15.088 0.006
3596.89136 15.415 0.006
3601.80899 15.358 0.006
3607.81440 15.420 0.006
3614.78579 15.024 0.005
3617.76529 15.333 0.006
3619.69821 14.992 0.005
3621.71667 15.182 0.006
3624.86497 15.062 0.006
3626.71435 15.133 0.006
3629.66796 15.354 0.006
3631.73033 15.105 0.006
3633.69564 15.296 0.006
3637.64955 15.145 0.006
3639.69963 15.373 0.006
3641.69619 15.031 0.005
3643.72056 15.207 0.006
3646.65552 15.006 0.006
3650.65877 15.401 0.006
3650.68281 15.411 0.006
3651.73275 15.128 0.005
3653.72891 15.136 0.006
3655.69509 15.350 0.006
3657.64587 14.995 0.005
3658.65030 15.083 0.006
3659.63835 15.175 0.006
3660.66847 15.276 0.006
3663.55998 15.039 0.006
3665.63356 15.223 0.006
3668.57198 15.003 0.005
3669.67074 15.111 0.006
3671.62890 15.304 0.006
3673.67376 15.013 0.006
3675.65834 15.164 0.006
3683.64765 15.381 0.006
3685.65278 15.085 0.005
3687.65145 15.267 0.006
3689.59984 15.111 0.006
3692.57568 15.237 0.006
3694.55966 15.347 0.006
3696.56018 15.105 0.006
3698.59387 15.288 0.006
3700.57480 15.031 0.006
3702.58409 15.155 0.006
3704.59036 15.396 0.006
3706.61079 15.032 0.005
3708.58367 15.212 0.006
3711.59026 15.005 0.006
3714.52401 15.280 0.007
3718.60452 15.137 0.006
3721.55342 15.358 0.006
3724.56310 15.197 0.006
3726.58366 15.425 0.006
3728.55677 15.052 0.006
3734.56022 15.128 0.006
3737.57590 15.409 0.006
3742.53452 15.404 0.007
3746.55980 15.230 0.006
3751.53618 15.198 0.006
3756.55244 15.161 0.006
3761.60271 15.113 0.006
3766.52751 15.071 0.006
3772.55033 15.133 0.006
3776.55040 15.001 0.006
3871.87630 15.359 0.006
3901.93882 15.097 0.006
3906.93909 15.062 0.005
3913.91603 15.202 0.005
3918.87954 15.166 0.006
3931.91488 15.431 0.006
3934.85790 15.146 0.005
3936.86610 15.366 0.006
3938.85009 15.013 0.006
3944.89748 15.066 0.005
3946.86561 15.256 0.006
3951.88502 15.224 0.006
3955.85015 15.082 0.006
3958.82667 15.415 0.006
3960.82682 15.035 0.005
3963.82353 15.354 0.006
3965.81541 15.012 0.005
3967.83526 15.200 0.006
3969.80090 15.418 0.006
3971.77709 15.060 0.005
3974.77883 15.381 0.006
3979.73419 15.325 0.006
3980.61754 15.412 0.006
3981.64383 15.026 0.005
3983.83415 15.186 0.006
3986.69571 15.165 0.006
3987.66675 15.031 0.005
3990.79002 15.345 0.006
3993.73482 15.092 0.006
3995.74009 15.293 0.006
3999.74936 15.148 0.005
4002.72150 15.258 0.005
4004.67329 15.112 0.005
4006.69950 15.310 0.006
4007.56288 15.413 0.006
4008.57181 15.061 0.005
4009.73327 15.077 0.006
4013.69838 15.181 0.006
4015.68067 15.123 0.006
4015.69690 15.124 0.006
4018.69606 15.387 0.006
4019.68463 14.997 0.005
4021.67712 15.183 0.006
4024.65059 15.116 0.006
4026.62947 15.134 0.005
4028.62543 15.344 0.006
4030.63799 15.006 0.005
4032.69009 15.204 0.006
4037.66628 15.160 0.005
4039.60422 15.373 0.006
4041.60374 15.022 0.006
4043.58944 15.200 0.006
4046.59877 15.003 0.005
4048.56467 15.175 0.006
4050.60679 15.392 0.006
4052.55889 15.026 0.005
4054.61307 15.231 0.006
4056.58516 15.359 0.006
4058.61871 15.096 0.006
4060.51755 15.288 0.006
4064.51518 15.137 0.006
4066.55665 15.361 0.006
4069.51502 15.120 0.006
4073.59859 15.022 0.006
4077.52194 15.380 0.006
4079.52388 15.032 0.006
4082.52384 15.333 0.006
4085.56155 15.098 0.006
4092.55760 15.237 0.006
4096.58355 15.110 0.005
4100.58634 15.021 0.006
4105.55417 15.198 0.006
4108.53042 15.218 0.006
4113.60831 15.192 0.006
4120.57914 15.365 0.006
4126.57697 15.423 0.006
4252.92626 15.076 0.006
4255.84555 15.400 0.007
4268.89906 15.047 0.006
4275.92119 15.209 0.006
4279.79887 15.058 0.006
4282.80943 15.381 0.006
4283.86237 15.208 0.006
4285.91669 15.129 0.006
4291.93747 15.187 0.006
4292.85599 15.268 0.006
4295.86004 15.033 0.006
4296.88980 15.138 0.006
4297.92266 15.236 0.006
4299.85747 15.338 0.006
4300.87896 15.000 0.006
4301.89697 15.106 0.006
4302.91858 15.203 0.006
4306.86321 15.072 0.006
4307.89749 15.159 0.006
4308.65864 15.227 0.006
4308.86662 15.248 0.006
4310.83897 15.223 0.006
4311.82652 15.025 0.006
4312.90040 15.132 0.006
4314.91987 15.327 0.006
4316.82641 15.000 0.006
4319.86359 15.272 0.006
4320.89045 15.419 0.007
4326.83432 15.351 0.006
4327.81259 14.999 0.006
4328.82822 15.091 0.006
4329.83076 15.191 0.006
4330.85900 15.299 0.006
4333.86030 15.072 0.006
4338.90068 15.021 0.006
4340.77316 15.200 0.006
4341.76831 15.308 0.006
4342.82417 15.415 0.006
4343.76181 15.011 0.006
4344.74396 15.066 0.006
4345.78995 15.169 0.006
4347.77884 15.389 0.006
4349.79203 15.026 0.006
4351.72913 15.226 0.006
4353.75235 15.398 0.007
4357.70122 15.266 0.006
4359.69915 15.128 0.006
4361.70171 15.131 0.006
4362.72443 15.239 0.006
4364.58347 15.385 0.007
4367.68098 15.186 0.006
4370.67263 15.055 0.006
4372.73610 15.157 0.006
4376.65149 15.016 0.006
4378.61807 15.205 0.006
4379.64603 15.311 0.006
4380.75888 15.403 0.006
4382.68633 15.078 0.006
4386.66139 15.154 0.006
4388.66187 15.118 0.006
4390.67086 15.339 0.006
4393.64464 15.094 0.006
4395.67952 15.290 0.006
4398.64496 15.055 0.006
4400.66784 15.248 0.006
4403.69363 15.020 0.006
4407.63372 15.433 0.007
4408.67990 15.003 0.006
4410.70284 15.169 0.006
4415.68697 15.123 0.006
4418.59364 15.392 0.006
4422.65487 15.285 0.006
4424.65193 15.085 0.006
4427.53863 15.238 0.006
4429.56456 15.343 0.007
4431.56900 15.103 0.006
4433.57486 15.302 0.006
4435.56321 15.040 0.006
4437.65225 15.168 0.006
4439.56412 15.383 0.006
4441.59995 15.037 0.006
4443.59068 15.226 0.006
4449.64470 15.279 0.006
4451.59983 15.123 0.006
4453.58181 15.139 0.006
4456.58324 15.348 0.006
4459.53574 15.202 0.006
4464.57543 15.155 0.006
4465.54136 15.254 0.006
4470.56029 15.210 0.006
4474.59679 15.089 0.006
4476.57493 15.271 0.006
4479.59974 15.050 0.006
4481.58441 15.236 0.006
4484.60109 15.008 0.006
4487.62265 15.302 0.007
4609.89594 15.112 0.006
4643.88061 15.253 0.006
4649.93082 15.324 0.006
4661.89396 15.362 0.006
4662.77668 15.002 0.006
4662.89360 15.006 0.006
4663.74837 15.084 0.006
4663.93227 15.104 0.006
4665.82132 15.285 0.006
4665.91527 15.295 0.006
4666.90913 15.432 0.007
4670.90358 15.250 0.006
4671.81782 15.356 0.006
4672.87754 15.261 0.006
4675.89515 15.205 0.006
4681.87488 15.258 0.006
4683.87013 15.174 0.006
4685.85625 15.122 0.006
4688.80759 15.392 0.006
4690.73315 15.084 0.006
4691.73602 15.184 0.006
4693.89111 15.428 0.006
4696.84103 15.152 0.006
4698.75286 15.347 0.006
4699.74687 15.363 0.006
4700.78438 15.007 0.006
4701.78958 15.112 0.006
4702.84972 15.198 0.006
4703.74876 15.299 0.006
4704.76761 15.426 0.006
4705.77485 15.044 0.006
4707.76752 15.158 0.006
4708.83578 15.258 0.006
4710.75175 15.230 0.006
4716.75326 15.007 0.006
4719.74543 15.272 0.006
4721.73439 15.162 0.006
4724.76409 15.227 0.006
4726.65976 15.401 0.006
4729.67074 15.198 0.006
4731.76099 15.421 0.006
4734.74331 15.154 0.006
4736.70809 15.376 0.006
4739.64937 15.107 0.006
4741.72395 15.305 0.006
4747.59056 15.375 0.006
4749.59013 15.030 0.006
4753.65929 15.400 0.007
4755.65321 15.088 0.006
4757.63765 15.284 0.006
4759.65027 15.124 0.006
4761.62054 15.133 0.006
4763.63318 15.363 0.006
4766.60140 15.101 0.006
4769.63947 15.428 0.006
4771.55054 15.051 0.006
4773.67535 15.251 0.006
4775.66219 15.203 0.006
4777.59594 15.115 0.006
4779.63153 15.326 0.006
4781.58145 15.010 0.006
4783.56507 15.173 0.006
4785.59617 15.406 0.006
4789.53158 15.237 0.006
4790.61380 15.346 0.006
4791.61210 15.366 0.006
4793.51623 15.091 0.006
4795.53328 15.285 0.006
4797.52548 15.098 0.006
4798.58878 15.062 0.006
4800.63607 15.250 0.006
4803.52739 15.003 0.006
4804.57757 15.114 0.006
4806.58659 15.312 0.006
4808.54482 15.018 0.006
4808.61232 14.999 0.006
4810.55526 15.162 0.006
4813.59461 15.167 0.006
4815.57074 15.140 0.006
4817.58728 15.345 0.006
4819.58688 15.006 0.006
4821.62878 15.193 0.006
4823.58957 15.424 0.006
4825.61801 15.072 0.006
4832.59113 15.204 0.006
4835.57295 15.014 0.006
4839.59446 15.407 0.006
4842.56152 15.127 0.006
4844.57001 15.328 0.006
4847.62632 15.098 0.006
4849.58618 15.286 0.006
4853.58361 15.146 0.006
4856.57754 15.291 0.006
4865.55067 15.248 0.006
4936.91655 15.402 0.007
4940.89923 15.226 0.006
4940.90309 15.219 0.006
4953.89694 15.253 0.006
4954.88836 14.992 0.006
