2086.92153 17.523 0.020
2104.85361 17.460 0.015
2106.91348 17.489 0.019
2113.83393 17.452 0.020
2114.84820 17.409 0.020
2115.90842 17.038 0.013
2116.89452 17.021 0.011
2117.90023 17.048 0.012
2123.84320 17.054 0.013
2128.84777 17.162 0.017
2129.87992 17.219 0.015
2130.82878 17.185 0.015
2131.82228 17.193 0.015
2132.82847 17.202 0.016
2133.91705 17.289 0.022
2134.83340 17.267 0.017
2135.86858 17.295 0.014
2136.86775 17.304 0.019
2137.91239 17.369 0.022
2140.83763 17.346 0.017
2142.88455 17.392 0.017
2143.83858 17.391 0.016
2144.81010 17.368 0.013
2155.90109 17.514 0.026
2156.84762 17.517 0.019
2162.78389 17.525 0.015
2166.77868 17.516 0.016
2167.74947 17.515 0.017
2168.73598 17.516 0.018
2171.76202 17.501 0.016
2172.76860 17.514 0.018
2173.73069 17.506 0.016
2177.66232 17.498 0.019
2184.72372 17.492 0.023
2185.68718 17.467 0.021
2187.66977 17.436 0.022
2190.71373 17.488 0.018
2191.65554 17.519 0.018
2192.68396 17.487 0.013
2193.70496 17.408 0.013
2194.67620 17.461 0.016
2200.68718 17.048 0.012
2201.74231 17.107 0.012
2206.62815 17.068 0.018
2211.66680 17.174 0.013
2212.66586 17.222 0.016
2213.67685 17.260 0.019
2214.66322 17.249 0.019
2215.67850 17.275 0.016
2217.65616 17.225 0.018
2219.69933 17.340 0.016
2222.74855 17.432 0.022
2223.68828 17.361 0.018
2225.61782 17.351 0.014
2226.66414 17.400 0.018
2228.57957 17.359 0.016
2230.51686 17.309 0.022
2232.53064 17.360 0.017
2234.57271 17.438 0.016
2236.56221 17.418 0.016
2238.56759 17.474 0.018
2241.55440 17.485 0.021
2243.59267 17.513 0.017
2248.63710 17.515 0.016
2250.61151 17.517 0.016
2253.59101 17.548 0.019
2256.57329 17.533 0.020
2258.61374 17.483 0.015
2263.60502 17.515 0.021
2265.63101 17.506 0.016
2270.58923 17.416 0.015
2272.58728 17.293 0.016
2274.57113 17.186 0.016
2276.53865 17.195 0.015
2280.55122 17.011 0.016
2285.58971 17.178 0.014
2289.58665 17.258 0.015
2291.58735 17.267 0.014
2293.58791 17.317 0.016
2295.58425 17.330 0.017
2297.58741 17.341 0.017
2299.58389 17.359 0.018
2301.57657 17.398 0.020
2460.90851 17.047 0.017
2463.93761 17.074 0.013
2466.85945 17.048 0.015
2467.92334 17.171 0.015
2469.92262 17.189 0.012
2471.91215 17.203 0.014
2472.90223 17.204 0.011
2473.92843 17.264 0.013
2481.88768 17.345 0.019
2483.91131 17.383 0.014
2486.91145 17.422 0.022
2488.91341 17.409 0.022
2492.92571 17.468 0.018
2496.92549 17.541 0.018
2498.79675 17.494 0.017
2499.88173 17.536 0.017
2500.89014 17.516 0.020
2501.87689 17.508 0.016
2502.85706 17.524 0.021
2508.76765 17.517 0.030
2516.79912 17.566 0.022
2517.84587 17.510 0.020
2518.81819 17.509 0.019
2519.81645 17.489 0.015
2520.81462 17.493 0.019
2521.80778 17.471 0.015
2524.80631 17.452 0.020
2526.80011 17.499 0.013
2529.79635 17.514 0.017
2534.85695 17.027 0.015
2535.79458 17.117 0.014
2537.72465 17.364 0.020
2538.82549 17.019 0.015
2539.72265 17.229 0.015
2540.76541 17.014 0.016
2541.73454 17.026 0.012
2542.70435 17.081 0.012
2544.68455 17.079 0.012
2545.69781 17.022 0.011
2547.71580 17.066 0.013
2548.73404 17.107 0.013
2550.72932 17.169 0.013
2551.71584 17.163 0.013
2552.73183 17.204 0.012
2553.67260 17.147 0.016
2554.72497 17.244 0.014
2555.73288 17.240 0.014
2556.71196 17.236 0.013
2557.72450 17.269 0.013
2558.68095 17.213 0.014
2559.63798 17.216 0.015
2560.67095 17.272 0.013
2561.71657 17.349 0.018
2562.68930 17.297 0.015
2563.69722 17.302 0.016
2564.71362 17.339 0.018
2565.70935 17.352 0.017
2566.68429 17.357 0.016
2568.75335 17.411 0.023
2571.67013 17.392 0.017
2572.77733 17.478 0.025
2573.68325 17.405 0.021
2574.66321 17.425 0.015
2576.69796 17.482 0.020
2577.66299 17.441 0.021
2578.65052 17.480 0.019
2579.66106 17.499 0.020
2580.66917 17.489 0.017
2583.64121 17.505 0.021
2584.64769 17.528 0.020
2586.66313 17.495 0.017
2587.63100 17.521 0.019
2589.62189 17.523 0.018
2590.63867 17.508 0.020
2591.66483 17.513 0.020
2593.62810 17.517 0.018
2594.63411 17.562 0.023
2596.60776 17.536 0.022
2597.59493 17.538 0.025
2598.67513 17.471 0.020
2599.62921 17.530 0.023
2607.64930 17.534 0.022
2610.57065 17.493 0.019
2613.56455 17.507 0.018
2615.59498 17.391 0.015
2619.57948 17.134 0.014
2621.58853 17.031 0.015
2625.57120 17.047 0.016
2627.54189 17.053 0.016
2630.55615 17.125 0.019
2635.56986 17.227 0.013
2637.56475 17.270 0.014
2640.53508 17.300 0.016
2642.57483 17.341 0.018
2646.58618 17.401 0.017
2651.56047 17.433 0.021
2654.58456 17.509 0.024
2657.54036 17.459 0.022
2661.53687 17.513 0.015
2664.57735 17.531 0.023
2667.53616 17.525 0.023
2672.55530 17.537 0.025
2676.54550 17.518 0.019
2679.56021 17.496 0.017
2683.53877 17.578 0.025
2777.92553 17.542 0.023
2804.85406 17.394 0.027
2805.87134 17.246 0.024
2811.92647 17.137 0.017
2815.90009 17.171 0.013
2817.94873 17.241 0.027
2825.93196 17.363 0.020
2830.83926 17.384 0.017
2831.80886 17.318 0.018
2832.76957 17.321 0.017
2832.94747 17.458 0.021
2833.88741 17.432 0.023
2834.93806 17.483 0.021
2838.83943 17.409 0.022
2840.84711 17.492 0.018
2843.84842 17.512 0.016
2844.89415 17.504 0.017
2845.94117 17.515 0.023
2849.87768 17.510 0.019
2850.91043 17.527 0.021
2852.83903 17.537 0.025
2854.85034 17.515 0.023
2857.85776 17.511 0.018
2858.93138 17.455 0.015
2860.89731 17.477 0.017
2861.76875 17.485 0.016
2862.89217 17.457 0.020
2863.85684 17.480 0.024
2865.81655 17.499 0.018
2867.80597 17.475 0.015
2868.80956 17.444 0.016
2869.79609 17.471 0.017
2870.83760 17.498 0.016
2871.88072 17.421 0.016
2872.83755 17.471 0.015
2875.82839 17.394 0.017
2876.79780 17.472 0.015
2879.72431 17.497 0.016
2883.84753 17.057 0.011
2885.78286 17.027 0.011
2890.71377 17.034 0.018
2893.76519 17.140 0.013
2895.81442 17.234 0.013
2897.71794 17.178 0.014
2899.75560 17.246 0.013
2903.77136 17.324 0.011
2906.72361 17.305 0.013
2908.70062 17.329 0.016
2910.69548 17.352 0.016
2912.70084 17.374 0.014
2916.71358 17.439 0.015
2918.69046 17.450 0.017
2922.69044 17.498 0.020
2924.63142 17.463 0.019
2926.62544 17.437 0.019
2929.68661 17.513 0.019
2931.66256 17.505 0.015
2933.67302 17.513 0.014
2935.63736 17.520 0.021
2937.66296 17.496 0.021
2939.67843 17.488 0.019
2940.65556 17.508 0.014
2941.63083 17.489 0.014
2942.65562 17.499 0.018
2943.62697 17.541 0.020
2944.61135 17.508 0.019
2946.60608 17.524 0.020
2947.63769 17.448 0.018
2949.61876 17.469 0.017
2950.57032 17.500 0.020
2951.65088 17.517 0.020
2953.59882 17.481 0.018
2955.58392 17.531 0.022
2957.59754 17.499 0.015
2960.61667 17.294 0.016
2962.65182 17.064 0.013
2965.65449 17.059 0.013
2968.61683 17.086 0.016
2970.63565 17.121 0.013
2972.64021 17.168 0.016
2975.54830 17.081 0.013
2977.64410 17.251 0.019
2979.58399 17.230 0.016
2981.63128 17.266 0.025
2983.56480 17.288 0.016
2986.58140 17.317 0.015
2988.55338 17.329 0.017
2991.57953 17.379 0.017
2994.56595 17.452 0.017
2997.58066 17.471 0.016
3000.57236 17.503 0.018
3003.55468 17.494 0.020
3006.54197 17.499 0.017
3009.53724 17.550 0.025
3013.53965 17.510 0.020
3015.57491 17.473 0.018
3018.55200 17.563 0.021
3020.58772 17.462 0.017
3024.54039 17.440 0.021
3025.60001 17.490 0.017
3027.62550 17.417 0.016
3029.59718 17.412 0.017
3031.60201 17.198 0.014
3034.53225 17.381 0.017
3037.55144 17.063 0.016
3183.93344 17.506 0.020
3193.90132 17.541 0.017
3196.87341 17.516 0.016
3197.93581 17.508 0.020
3199.93449 17.541 0.026
3202.86127 17.497 0.017
3203.90135 17.487 0.013
3204.94686 17.468 0.020
3206.83917 17.482 0.017
3210.91514 17.483 0.017
3211.86974 17.525 0.018
3215.80488 17.541 0.025
3216.75078 17.456 0.023
3217.80073 17.480 0.021
3223.85690 17.064 0.014
3228.77557 17.101 0.014
3229.85740 17.109 0.011
3231.83890 17.111 0.016
3238.77575 17.180 0.013
3239.81930 17.252 0.013
3240.81200 17.271 0.017
3241.79549 17.244 0.013
3242.73945 17.222 0.014
3243.87206 17.356 0.018
3244.85067 17.344 0.021
3245.79842 17.327 0.017
3246.79117 17.293 0.015
3247.79953 17.346 0.017
3249.74984 17.304 0.017
3251.76341 17.357 0.012
3254.75108 17.393 0.014
3257.77540 17.446 0.013
3259.68813 17.405 0.014
3261.72417 17.441 0.014
3263.72140 17.461 0.013
3265.74273 17.489 0.017
3267.72949 17.545 0.015
3270.68294 17.482 0.017
3271.68586 17.525 0.019
3273.64418 17.520 0.022
3275.63007 17.506 0.022
3276.73343 17.515 0.020
3277.77208 17.546 0.019
3279.70370 17.494 0.015
3281.66225 17.505 0.012
3283.66393 17.520 0.012
3287.63009 17.529 0.017
3289.64504 17.482 0.013
3291.57800 17.634 0.020
3295.63653 17.497 0.011
3298.57442 17.507 0.013
3300.57673 17.497 0.019
3302.55371 17.526 0.020
3305.65373 17.096 0.013
3307.56602 17.447 0.023
3309.59110 17.130 0.012
3311.54272 17.258 0.014
3314.58567 17.098 0.018
3320.62349 17.202 0.012
3323.57092 17.243 0.014
3327.57844 17.261 0.012
3330.57393 17.308 0.017
3335.61794 17.384 0.018
3338.56361 17.378 0.014
3350.53794 17.474 0.014
3353.59651 17.553 0.016
3359.57838 17.510 0.017
3363.58049 17.506 0.019
3367.64009 17.501 0.019
3372.57356 17.534 0.016
3376.54970 17.492 0.014
3380.53613 17.317 0.020
3386.58308 17.088 0.011
3395.53091 17.202 0.020
3398.57862 17.293 0.016
3402.57585 17.309 0.015
3543.88948 17.537 0.019
3551.91296 17.437 0.016
3554.94420 17.491 0.019
3561.95140 17.045 0.015
3564.92910 17.048 0.010
3568.87470 17.017 0.011
3570.83573 17.094 0.016
3571.82667 17.081 0.017
3573.87237 17.133 0.018
3575.82813 17.062 0.011
3577.88450 17.220 0.014
3578.92054 17.272 0.012
3579.82559 17.163 0.011
3581.89467 17.274 0.016
3582.85097 17.192 0.017
3583.86119 17.256 0.012
3585.88230 17.347 0.011
3586.83446 17.303 0.011
3588.85274 17.336 0.013
3590.80879 17.328 0.012
3592.77354 17.310 0.011
3594.81303 17.389 0.013
3597.85295 17.405 0.015
3600.88915 17.526 0.025
3602.75000 17.398 0.020
3607.84113 17.532 0.014
3614.81334 17.502 0.013
3617.79714 17.510 0.013
3619.77522 17.497 0.014
3621.76772 17.503 0.015
3628.79458 17.492 0.023
3630.64647 17.567 0.022
3632.64381 17.529 0.024
3634.71671 17.501 0.015
3637.67552 17.476 0.017
3639.72545 17.498 0.011
3641.72221 17.474 0.016
3643.82063 17.036 0.013
3644.76131 17.074 0.010
3646.69235 17.254 0.014
3650.71358 17.033 0.011
3652.64871 17.035 0.011
3654.62702 17.051 0.011
3656.65072 17.055 0.012
3657.70841 17.194 0.012
3658.68572 17.178 0.015
3659.66604 17.151 0.015
3661.61473 17.116 0.015
3663.63769 17.217 0.016
3665.67000 17.258 0.013
3668.61917 17.254 0.016
3670.56986 17.252 0.016
3672.60931 17.291 0.015
3674.66816 17.378 0.013
3676.60857 17.352 0.015
3682.58531 17.425 0.016
3684.57820 17.419 0.014
3686.56809 17.437 0.016
3688.54115 17.441 0.015
3690.54705 17.492 0.022
3692.59962 17.499 0.018
3694.58619 17.534 0.015
3696.58233 17.538 0.014
3698.61606 17.505 0.020
3700.62609 17.497 0.017
3702.61702 17.533 0.017
3704.61753 17.536 0.018
3706.63241 17.510 0.014
3708.61381 17.470 0.018
3712.57033 17.451 0.014
3714.57303 17.479 0.017
3718.55650 17.517 0.018
3721.58868 17.375 0.017
3725.61758 17.029 0.011
3730.54182 17.043 0.011
3734.61251 17.190 0.011
3738.56458 17.201 0.014
3742.56175 17.305 0.018
3747.56253 17.317 0.018
3751.57033 17.396 0.021
3762.54834 17.509 0.023
3766.55357 17.523 0.015
3772.58033 17.494 0.015
3777.52767 17.534 0.023
3871.89974 17.436 0.021
3902.92003 17.477 0.019
3907.91487 17.150 0.013
3913.94042 17.094 0.011
3918.91019 17.164 0.011
3931.94175 17.362 0.018
3934.87970 17.325 0.013
3936.88802 17.389 0.015
3938.87205 17.391 0.016
3945.87897 17.466 0.014
3950.82390 17.497 0.015
3957.77944 17.564 0.025
3959.76889 17.539 0.019
3961.76302 17.519 0.021
3964.77127 17.512 0.013
3966.76352 17.518 0.013
3968.75719 17.517 0.014
3970.74888 17.518 0.013
3973.71818 17.507 0.017
3975.73044 17.532 0.015
3980.66569 17.546 0.018
3981.66545 17.504 0.016
3982.72979 17.564 0.021
3986.70312 17.494 0.018
3991.73234 17.056 0.013
3994.64474 17.297 0.015
3998.67513 17.025 0.013
4001.64593 17.038 0.011
4003.61736 17.054 0.012
4004.69715 17.222 0.012
4005.69130 17.201 0.011
4007.58456 17.097 0.011
4008.59344 17.107 0.011
4011.64394 17.243 0.013
4014.62637 17.255 0.019
4016.62315 17.306 0.014
4018.61955 17.311 0.014
4020.62300 17.329 0.017
4023.60886 17.337 0.016
4025.60923 17.413 0.016
4027.59736 17.486 0.017
4029.57966 17.446 0.015
4031.56675 17.464 0.014
4033.66099 17.500 0.015
4038.55618 17.500 0.019
4042.56434 17.491 0.017
4044.58735 17.537 0.025
4046.62044 17.611 0.020
4049.53237 17.549 0.014
4051.58195 17.555 0.017
4053.62938 17.456 0.013
4055.52203 17.445 0.022
4057.59738 17.481 0.022
4059.59585 17.474 0.014
4063.54088 17.513 0.016
4065.59293 17.421 0.014
4067.58378 17.332 0.014
4069.53666 17.453 0.017
4071.54748 17.160 0.013
4074.54357 17.057 0.012
4077.54530 17.046 0.011
4079.54548 17.105 0.012
4082.54683 17.172 0.012
4085.62418 17.292 0.016
4092.57966 17.359 0.011
4097.62224 17.437 0.017
4100.61370 17.460 0.016
4105.57770 17.474 0.017
4111.61414 17.542 0.013
4115.53361 17.536 0.019
4120.56452 17.505 0.015
4124.58160 17.489 0.015
4128.59999 17.506 0.016
4252.94769 17.044 0.016
4255.86769 17.249 0.017
4268.92644 17.240 0.014
4275.94137 17.330 0.019
4279.83820 17.306 0.021
4282.82960 17.314 0.017
4283.84865 17.374 0.021
4284.87907 17.431 0.021
4285.94449 17.505 0.021
4292.88693 17.504 0.015
4295.88040 17.510 0.017
4296.91088 17.528 0.015
4297.94282 17.507 0.017
4299.87768 17.515 0.015
4300.89942 17.505 0.015
4301.91797 17.499 0.014
4302.93987 17.525 0.019
4306.93658 17.488 0.019
4307.85114 17.482 0.015
4308.67933 17.502 0.019
4308.88727 17.517 0.017
4310.85942 17.499 0.018
4311.85928 17.461 0.025
4312.92146 17.483 0.016
4314.94054 17.506 0.025
4316.84842 17.453 0.021
4320.87573 17.481 0.018
4326.85794 17.137 0.016
4327.83410 17.214 0.021
4328.84984 17.061 0.013
4329.85096 17.029 0.013
4330.88048 17.042 0.012
4332.89669 17.105 0.014
4334.87368 17.113 0.015
4338.92611 17.269 0.017
4340.79695 17.143 0.014
4341.78983 17.142 0.016
4342.86400 17.249 0.016
4343.78338 17.163 0.013
4344.76546 17.193 0.015
4346.72175 17.175 0.016
4348.72754 17.203 0.014
4350.70420 17.200 0.013
4352.80632 17.343 0.018
4353.66233 17.201 0.015
4354.78367 17.347 0.015
4357.76735 17.373 0.018
4359.72131 17.343 0.016
4362.66896 17.309 0.022
4363.62824 17.366 0.017
4365.68662 17.396 0.021
4369.68060 17.424 0.023
4371.66955 17.468 0.020
4376.67301 17.516 0.019
4378.63963 17.551 0.020
4379.67093 17.557 0.024
4381.63008 17.508 0.023
4382.70864 17.501 0.017
4386.68289 17.498 0.017
4388.68361 17.468 0.017
4390.69245 17.529 0.016
4393.68700 17.493 0.019
4396.66156 17.445 0.019
4398.66655 17.487 0.019
4400.69106 17.508 0.019
4404.66806 17.470 0.020
4407.65595 17.339 0.016
4410.68586 17.043 0.013
4415.67219 17.070 0.012
4418.61771 17.054 0.011
4421.67552 17.211 0.014
4423.67997 17.262 0.017
4426.55618 17.138 0.016
4428.57287 17.207 0.019
4430.63309 17.288 0.016
4432.61899 17.295 0.014
4434.62426 17.335 0.015
4436.60056 17.325 0.015
4438.66322 17.411 0.020
4440.59635 17.404 0.019
4442.55787 17.382 0.021
4444.58267 17.386 0.022
4450.61510 17.532 0.024
4452.59264 17.529 0.019
4454.52968 17.491 0.026
4455.60178 17.538 0.019
4457.53731 17.537 0.025
4459.55740 17.506 0.021
4462.58885 17.513 0.019
4466.61300 17.491 0.019
4471.54766 17.507 0.020
4475.54173 17.452 0.020
4480.58275 17.407 0.018
4482.58971 17.261 0.020
4485.59278 17.034 0.016
4488.59503 17.043 0.017
4609.91743 17.162 0.016
4643.90154 17.530 0.020
4650.94042 17.493 0.016
4655.91983 17.471 0.015
4662.79821 17.481 0.015
4662.91503 17.511 0.016
4663.76980 17.501 0.020
4663.91765 17.464 0.019
4665.84291 17.535 0.023
4665.93674 17.220 0.016
4666.93588 17.143 0.016
4670.92500 17.039 0.012
4671.89492 17.033 0.013
4676.92519 17.182 0.017
4677.84080 17.009 0.011
4682.81523 17.110 0.012
4684.85309 17.201 0.013
4686.81308 17.180 0.011
4688.82904 17.230 0.012
4690.75464 17.181 0.012
4691.75767 17.209 0.016
4693.91264 17.372 0.019
4696.88632 17.435 0.025
4697.82483 17.366 0.019
4698.77439 17.325 0.012
4699.76852 17.339 0.014
4700.80323 17.380 0.015
4701.81114 17.391 0.016
4703.77036 17.387 0.016
4704.78910 17.400 0.014
4705.79660 17.437 0.018
4707.78899 17.451 0.014
4709.74481 17.456 0.015
4710.77338 17.529 0.014
4715.75334 17.505 0.017
4716.77905 17.500 0.011
4717.70510 17.532 0.017
4719.79393 17.518 0.023
4721.78677 17.487 0.023
4724.66933 17.508 0.020
4725.74880 17.488 0.017
4728.75439 17.523 0.017
4733.73096 17.543 0.016
4740.67253 17.496 0.017
4741.70791 17.512 0.014
4743.75648 17.472 0.014
4747.61211 17.479 0.018
4749.61179 17.519 0.022
4753.68276 17.124 0.016
4755.67478 17.059 0.012
4757.65927 17.036 0.012
4759.67397 17.044 0.011
4761.64235 17.063 0.011
4763.65960 17.150 0.015
4767.60052 17.117 0.013
4770.66906 17.245 0.016
4772.60680 17.238 0.013
4774.56136 17.215 0.014
4776.55297 17.229 0.014
4777.65491 17.322 0.016
4780.52361 17.256 0.016
4781.63756 17.359 0.016
4783.58669 17.357 0.017
4785.62207 17.461 0.021
4789.55318 17.385 0.015
4791.53470 17.386 0.018
4793.54212 17.431 0.017
4795.55482 17.451 0.015
4797.54708 17.507 0.019
4798.61042 17.514 0.019
4800.65780 17.544 0.017
4803.54891 17.524 0.017
4804.60400 17.533 0.023
4805.59086 17.522 0.018
4807.52867 17.563 0.026
4809.55802 17.495 0.017
4811.57992 17.509 0.019
4813.55685 17.533 0.023
4815.59277 17.493 0.021
4816.53985 17.533 0.019
4818.59012 17.523 0.020
4820.53162 17.427 0.020
4822.58838 17.520 0.017
4824.57320 17.512 0.022
4826.63284 17.098 0.012
4833.57228 17.034 0.012
4835.59549 17.112 0.015
4836.63561 17.169 0.016
4837.56251 17.029 0.017
4837.60646 17.158 0.017
4838.60656 17.179 0.015
4839.58508 17.174 0.017
4841.55724 17.185 0.016
4841.58281 17.173 0.016
4842.53474 17.156 0.020
4842.60683 17.260 0.019
4843.52893 17.178 0.024
4843.57704 17.194 0.017
4844.52683 17.217 0.026
4844.61721 17.295 0.015
4846.58616 17.273 0.015
4847.62249 17.303 0.020
4848.62240 17.350 0.014
4850.60987 17.364 0.017
4854.60110 17.406 0.016
4856.61834 17.423 0.015
4862.56626 17.440 0.015
4868.55663 17.529 0.019
4935.91263 17.508 0.021
4937.91334 17.516 0.018
4940.91475 17.455 0.018
4954.91770 17.181 0.014
