 466.56007 15.906 0.006
 466.57530 15.896 0.006
 466.60591 15.920 0.006
 466.63545 15.949 0.006
 467.55332 16.564 0.008
 467.58277 16.574 0.008
 467.61223 16.552 0.007
 467.64175 16.565 0.007
 469.56270 16.615 0.009
 469.60130 16.608 0.008
 469.63293 16.642 0.008
 471.61523 15.913 0.006
 471.63044 15.889 0.006
 472.54740 16.525 0.008
 472.56214 16.549 0.009
 472.57681 16.556 0.008
 472.59145 16.544 0.008
 622.89397 16.608 0.009
 624.92053 16.031 0.006
 625.90799 16.526 0.009
 626.87949 16.147 0.007
 627.86573 16.581 0.009
 628.90681 16.367 0.008
 629.90459 16.511 0.009
 631.93555 16.154 0.008
 632.87608 16.599 0.009
 633.91151 16.351 0.008
 635.90635 16.481 0.008
 643.87538 16.245 0.007
 645.84708 16.427 0.008
 647.80482 16.555 0.012
 649.80220 16.586 0.010
 656.86256 16.551 0.008
 657.83485 16.505 0.009
 658.87513 16.132 0.008
 663.78141 15.959 0.007
 664.88635 16.573 0.008
 665.83360 16.279 0.006
 666.84416 16.685 0.008
 667.86340 16.486 0.007
 668.83420 15.924 0.006
 670.79976 16.218 0.007
 671.82182 16.616 0.007
 672.82737 16.425 0.006
 673.79474 16.008 0.006
 684.75514 16.490 0.007
 685.81000 16.081 0.007
 686.71128 16.559 0.008
 687.79263 16.312 0.007
 688.73464 16.664 0.008
 689.76181 16.458 0.007
 697.72796 16.196 0.007
 698.79905 16.634 0.009
 699.69808 16.376 0.007
 700.73886 16.144 0.006
 701.71107 16.531 0.009
 704.73910 16.402 0.009
 706.70475 16.511 0.009
 707.74232 16.130 0.008
 708.76647 16.577 0.009
 712.76703 16.066 0.006
 713.74839 16.584 0.008
 714.76335 16.328 0.007
 715.72892 16.698 0.009
 716.69699 16.464 0.008
 726.69719 16.406 0.007
 728.69032 16.543 0.008
 729.69248 16.158 0.007
 730.67686 16.579 0.008
 733.64331 16.499 0.009
 739.66330 15.991 0.006
 741.62910 16.258 0.006
 742.60535 16.637 0.009
 744.65244 15.916 0.006
 745.60339 16.560 0.008
 746.79416 16.321 0.007
 747.66470 16.627 0.008
 748.62641 16.427 0.008
 749.63180 15.987 0.007
 750.62563 16.543 0.009
 751.63409 16.184 0.008
 752.74848 16.665 0.009
 753.68411 16.412 0.008
 759.64199 16.595 0.009
 760.66763 16.541 0.008
 761.64370 16.072 0.006
 761.74894 16.174 0.008
 762.63506 16.578 0.009
 762.66460 16.593 0.010
 763.65126 16.323 0.008
 763.76202 16.384 0.009
 765.58332 16.469 0.009
 766.62080 15.990 0.007
 766.72368 16.098 0.008
 767.62830 16.560 0.009
 767.68996 16.585 0.011
 767.76622 16.598 0.009
 769.61114 16.648 0.009
 769.68486 16.696 0.009
 770.61729 16.438 0.008
 771.65035 15.948 0.006
 772.61219 16.560 0.009
 773.61733 16.237 0.007
 773.76952 16.323 0.008
 774.61031 16.614 0.009
 775.56820 16.390 0.008
 776.64912 15.888 0.006
 777.62338 16.559 0.008
 778.62674 16.206 0.007
 779.65370 16.618 0.009
 779.76399 16.700 0.009
 780.65351 16.406 0.009
 781.56787 16.519 0.008
 781.74832 15.929 0.007
 782.63339 16.561 0.010
 782.76273 16.584 0.011
 783.55036 16.072 0.006
 784.59236 16.582 0.008
 785.61918 16.355 0.008
 785.76477 16.436 0.008
 786.62286 16.531 0.007
 787.70330 16.532 0.009
 788.63615 16.115 0.006
 788.66171 16.132 0.007
 790.58484 16.304 0.008
 792.56280 16.466 0.009
 795.62747 16.306 0.008
 796.55640 16.648 0.010
 796.74172 16.493 0.012
 797.71652 16.507 0.009
 798.57920 15.926 0.006
 799.71714 16.583 0.009
 800.63217 16.264 0.007
 802.69218 16.494 0.010
 805.61949 16.243 0.008
 806.62967 16.630 0.009
 808.56111 16.366 0.009
 816.69210 16.612 0.008
 817.60218 16.335 0.007
 819.56495 16.472 0.008
 820.64127 16.097 0.006
 822.56182 16.277 0.007
 824.58764 16.463 0.009
 825.66077 16.078 0.008
 828.62094 16.672 0.008
 829.58754 16.434 0.007
 832.59441 16.221 0.007
 833.61430 16.625 0.008
 834.58388 16.418 0.008
 836.56201 16.557 0.009
 838.59499 16.590 0.009
 840.60475 16.196 0.007
 845.55615 16.672 0.009
 850.57963 16.689 0.009
 855.58463 16.680 0.011
 859.57243 16.251 0.007
 866.53696 16.393 0.008
 962.94076 16.543 0.009
 966.94024 16.535 0.009
 970.91665 16.325 0.007
 976.89727 16.649 0.009
 986.85169 16.582 0.009
 987.86526 16.368 0.008
 991.93356 16.585 0.009
 996.93727 16.610 0.009
 998.90832 16.669 0.009
1004.80694 16.406 0.008
1006.83552 16.554 0.009
1020.90501 16.327 0.008
1035.75773 16.597 0.009
1037.78693 16.079 0.007
1041.79510 16.379 0.007
1045.75683 16.576 0.008
1052.78092 16.707 0.009
1055.65411 16.539 0.008
1058.86611 16.487 0.010
1059.78410 15.916 0.006
1061.73685 16.199 0.007
1064.82077 15.904 0.007
1068.72219 16.340 0.008
1072.70232 16.572 0.008
1076.68009 15.963 0.006
1078.69066 16.272 0.007
1081.70321 15.922 0.006
1084.64139 16.596 0.008
1087.66129 16.551 0.008
1090.71768 16.406 0.008
1092.74978 16.554 0.009
1094.65646 16.584 0.008
1102.62661 16.461 0.008
1106.72150 16.704 0.008
1110.64062 16.246 0.008
1116.59909 16.593 0.008
1120.58769 16.087 0.007
1126.66301 16.571 0.008
1129.56144 16.435 0.008
1132.54452 16.225 0.007
1135.59461 15.911 0.006
1138.64428 16.637 0.008
1140.62166 15.904 0.006
1144.67926 16.429 0.008
1151.55887 16.494 0.009
1155.56047 16.698 0.009
1159.55591 16.258 0.007
1162.58832 15.913 0.006
1164.70189 16.310 0.008
1170.56029 16.592 0.008
1178.67038 16.558 0.009
1182.68225 16.319 0.007
1183.72061 16.546 0.009
1185.70379 16.595 0.008
1188.70307 16.523 0.008
1191.58685 16.281 0.008
1202.60194 16.601 0.009
1205.55336 16.516 0.009
1211.57383 16.056 0.008
1217.58445 16.583 0.009
1220.58696 16.464 0.008
1229.53969 16.597 0.010
1238.53593 16.089 0.009
1327.92010 16.143 0.009
1330.83680 16.711 0.011
1335.88855 16.672 0.010
1340.90809 16.673 0.009
1348.94416 16.563 0.009
1354.91771 16.154 0.008
1360.93744 16.577 0.009
1365.93365 16.578 0.009
1367.85715 16.669 0.010
1374.92925 15.949 0.008
1394.86541 16.709 0.010
1395.89689 16.492 0.009
1397.81855 16.569 0.010
1401.84559 15.905 0.006
1402.93053 16.585 0.009
1407.85360 16.537 0.009
1412.74891 16.479 0.009
1417.90728 16.532 0.009
1430.73988 16.185 0.009
1432.75059 16.372 0.007
1435.70698 16.068 0.007
1439.67347 16.471 0.009
1442.67715 16.272 0.007
1447.75235 16.278 0.009
1451.68858 16.553 0.009
1455.70828 16.151 0.008
1460.74901 16.251 0.007
1462.65464 16.055 0.007
1470.66089 16.672 0.009
1471.78002 16.511 0.008
1472.64811 15.914 0.006
1475.65380 16.615 0.009
1477.58287 16.370 0.009
1481.60063 16.374 0.009
1484.64958 16.141 0.007
1487.64466 16.593 0.008
1490.68346 16.574 0.009
1492.58310 16.667 0.010
1495.53989 16.573 0.009
1499.56852 15.920 0.008
1502.56663 16.593 0.009
1505.63321 16.553 0.009
1508.56859 16.351 0.008
1509.54488 16.626 0.009
1512.64674 16.607 0.009
1515.62144 16.512 0.009
1517.62493 16.565 0.009
1520.61208 16.494 0.009
1524.55980 16.653 0.010
1526.59991 15.954 0.007
1531.65151 15.940 0.007
1543.60899 16.119 0.007
1546.62382 16.611 0.009
1551.58560 16.694 0.009
1555.61909 16.280 0.007
1562.59769 16.436 0.009
1569.57685 16.525 0.008
1575.60268 16.095 0.006
1580.57765 15.987 0.006
1583.58032 16.669 0.009
1587.56011 16.237 0.008
1597.54558 16.148 0.008
1603.55368 16.568 0.009
1608.52940 16.578 0.009
1703.91426 16.272 0.008
1705.91981 16.468 0.009
1716.88016 16.364 0.008
1717.89056 16.528 0.009
1729.92624 16.580 0.008
1732.89605 16.463 0.008
1740.84706 16.172 0.008
1742.89483 16.396 0.009
1744.86400 16.542 0.009
1745.88820 16.180 0.008
1749.86866 16.520 0.007
1750.84056 16.072 0.007
1751.85242 16.588 0.008
1752.81375 16.291 0.007
1753.81482 16.675 0.009
1754.84148 16.504 0.009
1755.80681 15.964 0.007
1756.83630 16.575 0.011
1757.78550 16.232 0.008
1758.78999 16.636 0.009
1759.83435 16.461 0.008
1761.81541 16.546 0.008
1762.80178 16.208 0.007
1763.80479 16.613 0.009
1764.79729 16.390 0.007
1765.79175 16.080 0.007
1766.73279 16.521 0.009
1768.81191 16.592 0.009
1769.72129 16.333 0.008
1771.83734 16.543 0.010
1772.77971 16.094 0.006
1773.74704 16.561 0.009
1776.76984 16.497 0.008
1784.74649 16.235 0.007
1788.81200 16.567 0.008
1803.77234 16.506 0.008
1806.76646 16.312 0.008
1808.83609 16.536 0.009
1811.76448 16.292 0.006
1814.81132 15.990 0.006
1817.77697 16.646 0.008
1822.65443 16.579 0.008
1826.80555 16.211 0.007
1829.74783 16.575 0.009
1846.79583 15.940 0.006
1850.75256 16.431 0.009
1854.80863 16.610 0.008
1858.73250 16.111 0.008
1862.73140 16.492 0.008
1867.75586 16.473 0.008
1871.76245 16.674 0.009
2086.89212 16.493 0.011
2103.89894 16.544 0.009
2105.92315 16.632 0.011
2105.92907 16.634 0.010
2106.89468 16.390 0.009
2112.84706 16.648 0.010
2116.87482 16.329 0.009
2123.81803 16.446 0.010
2123.82175 16.440 0.009
2128.82925 16.425 0.010
2129.86123 15.886 0.007
2130.84761 16.531 0.010
2131.84169 16.218 0.009
2132.81000 16.587 0.011
2133.89832 16.420 0.011
2135.84783 16.524 0.009
2137.89546 16.590 0.011
2140.81508 16.495 0.009
2142.75544 16.561 0.009
2143.82093 16.317 0.009
2144.82762 16.671 0.009
2155.88236 16.458 0.011
2156.82895 15.898 0.007
2162.76516 16.522 0.009
2166.75600 16.651 0.010
2166.75976 16.640 0.009
2167.76821 16.504 0.009
2168.71739 16.019 0.008
2171.74329 16.672 0.009
2172.74992 16.466 0.009
2177.63966 16.394 0.010
2177.64342 16.394 0.009
2184.70505 16.529 0.011
2185.66858 16.117 0.009
2186.69341 16.577 0.013
2187.68858 16.341 0.009
2190.69514 16.083 0.008
2192.66667 16.309 0.008
2193.68773 16.682 0.009
2194.65785 16.471 0.009
2203.55089 16.581 0.011
2203.55431 16.578 0.010
2206.60721 16.530 0.013
2206.61061 16.548 0.013
2211.64470 16.529 0.009
2212.64513 16.132 0.009
2212.64853 16.133 0.009
2213.65095 16.597 0.012
2213.65435 16.586 0.010
2214.64214 16.334 0.010
2214.64555 16.357 0.009
2215.65251 16.609 0.010
2217.63922 16.056 0.009
2219.68209 16.347 0.009
2222.73065 16.116 0.009
2224.71696 16.331 0.009
2228.55833 16.553 0.011
2228.56173 16.552 0.010
2231.64666 16.432 0.009
2232.51339 16.559 0.012
2233.61680 16.555 0.009
2235.66692 16.629 0.009
2238.54707 16.489 0.010
2238.55046 16.501 0.010
2240.65476 16.577 0.010
2242.62229 16.563 0.012
2248.61159 16.481 0.009
2250.58026 16.564 0.009
2253.57389 16.427 0.009
2255.61054 16.566 0.010
2258.57683 16.419 0.008
2263.58757 16.390 0.009
2266.56354 16.131 0.009
2271.56792 16.060 0.008
2273.56725 16.324 0.010
2275.60218 16.494 0.010
2276.56174 16.009 0.009
2278.59433 16.288 0.009
2280.59016 16.466 0.010
2284.59304 16.661 0.011
2290.60701 16.419 0.009
2293.56930 16.165 0.009
2295.56208 16.378 0.009
2297.56538 16.516 0.011
2299.56448 16.587 0.012
2301.55676 16.688 0.012
2445.91531 16.549 0.011
2460.88253 16.457 0.012
2463.91886 16.268 0.009
2465.92794 16.442 0.009
2465.93162 16.448 0.009
2467.90093 16.552 0.010
2467.90462 16.566 0.010
2469.90031 16.609 0.010
2469.90399 16.610 0.009
2471.89345 16.038 0.008
2472.91922 16.572 0.009
2472.92292 16.552 0.008
2473.89113 16.156 0.008
2473.89484 16.182 0.008
2481.90282 16.622 0.014
2481.90712 16.605 0.012
2483.89236 16.050 0.007
2486.88565 16.699 0.013
2486.88935 16.681 0.012
2488.88159 15.991 0.009
2489.92299 16.577 0.011
2489.92672 16.579 0.011
2492.90335 16.458 0.010
2492.90709 16.456 0.010
2496.90310 16.639 0.011
2496.90682 16.640 0.010
2497.92651 16.444 0.010
2497.93022 16.434 0.009
2498.77750 16.553 0.010
2499.85936 16.547 0.010
2499.86311 16.549 0.009
2500.86493 16.169 0.009
2500.86864 16.184 0.008
2501.85389 16.604 0.010
2501.85763 16.579 0.009
2502.83412 16.362 0.010
2502.83783 16.367 0.009
2508.74912 16.649 0.015
2516.78041 16.549 0.011
2517.82340 16.267 0.009
2517.82715 16.246 0.009
2518.79484 16.646 0.012
2518.79856 16.624 0.011
2519.83174 16.437 0.009
2519.83550 16.431 0.009
2520.79113 15.912 0.008
2520.79487 15.901 0.007
2521.82327 16.541 0.009
2521.82700 16.574 0.009
2524.82152 16.416 0.012
2524.82526 16.407 0.011
2526.77770 16.519 0.009
2526.78146 16.533 0.009
2534.83784 16.350 0.009
2535.81429 16.644 0.011
2535.81805 16.660 0.010
2537.70582 15.932 0.009
2538.79803 16.569 0.011
2538.80180 16.578 0.011
2539.70185 16.238 0.009
2539.70530 16.240 0.009
2540.74273 16.689 0.015
2541.71375 16.428 0.009
2541.71721 16.429 0.009
2542.68354 15.957 0.008
2542.68700 15.946 0.007
2544.66208 16.165 0.009
2544.66584 16.165 0.008
2545.67711 16.595 0.010
2545.68057 16.592 0.009
2547.69512 16.274 0.009
2547.69857 16.251 0.009
2548.71156 16.529 0.009
2548.71532 16.535 0.009
2550.70669 16.593 0.011
2550.71045 16.582 0.010
2551.69333 16.370 0.009
2552.71316 16.491 0.009
2553.64905 16.513 0.013
2554.70257 16.096 0.009
2554.70631 16.095 0.008
2555.71050 16.592 0.011
2555.71424 16.571 0.009
2556.68952 16.321 0.009
2556.69327 16.319 0.009
2557.70206 16.680 0.010
2557.70580 16.678 0.009
2558.65854 16.467 0.010
2558.66229 16.471 0.009
2559.61544 15.922 0.008
2559.61920 15.914 0.007
2560.64850 16.574 0.010
2560.65225 16.586 0.009
2561.67405 16.309 0.012
2562.66694 16.679 0.012
2562.67069 16.649 0.010
2563.67487 16.457 0.010
2563.67865 16.459 0.009
2564.69026 15.954 0.008
2564.69400 15.953 0.008
2565.68116 16.573 0.011
2565.68463 16.551 0.010
2566.66144 16.229 0.009
2566.66490 16.212 0.009
2568.69242 16.452 0.012
2568.69589 16.431 0.011
2571.64887 16.177 0.009
2573.65854 16.414 0.011
2573.66199 16.383 0.010
2574.64237 16.381 0.010
2574.64581 16.331 0.009
2576.65896 16.151 0.009
2577.62924 16.596 0.013
2577.63269 16.597 0.012
2578.62931 16.349 0.009
2578.63276 16.340 0.009
2579.63596 16.654 0.012
2579.63942 16.630 0.011
2580.64808 16.521 0.010
2580.65155 16.510 0.009
2583.61939 16.299 0.010
2583.62286 16.295 0.009
2584.62675 16.678 0.012
2584.63021 16.691 0.012
2586.62811 15.976 0.007
2587.60838 16.565 0.011
2587.61212 16.573 0.010
2588.72054 16.320 0.009
2589.59832 16.656 0.012
2589.60208 16.636 0.010
2591.64032 15.932 0.007
2593.60935 16.211 0.008
2594.61311 16.612 0.012
2596.58489 16.127 0.010
2596.58865 16.119 0.009
2597.57206 16.510 0.011
2597.57581 16.540 0.011
2598.64593 16.213 0.009
2598.64966 16.207 0.009
2599.60541 16.598 0.013
2599.60914 16.590 0.011
2607.62660 16.551 0.013
2607.63035 16.509 0.011
2610.55013 16.264 0.010
2613.54399 15.922 0.008
2615.57285 16.278 0.009
2619.56051 16.575 0.012
2621.56947 16.622 0.010
2625.55207 16.179 0.010
2628.54520 16.513 0.014
2632.55162 16.347 0.009
2636.54702 16.573 0.012
2639.54727 16.478 0.009
2642.55626 16.288 0.010
2646.56883 16.555 0.010
2651.54112 16.541 0.013
2654.55866 16.391 0.010
2657.56154 16.152 0.009
2660.55731 16.551 0.010
2671.55497 16.480 0.010
2673.56338 16.583 0.013
2673.56676 16.573 0.012
2676.52813 16.423 0.011
2679.54150 16.223 0.009
2777.90653 16.551 0.012
2804.87353 16.538 0.011
2811.90798 16.600 0.013
2814.94365 16.528 0.010
2817.93020 16.348 0.010
2831.78504 16.529 0.011
2832.75103 16.094 0.009
2832.92898 16.236 0.009
2833.86895 16.607 0.012
2835.87758 16.163 0.009
2837.87866 16.176 0.010
2838.93584 16.602 0.014
2840.82858 16.669 0.012
2843.83003 16.578 0.009
2844.87583 16.343 0.009
2845.92182 16.565 0.011
2849.85927 16.289 0.009
2850.89202 16.683 0.012
2851.93559 16.514 0.011
2852.80626 15.895 0.008
2853.94568 16.587 0.014
2854.83200 16.241 0.009
2856.81895 16.425 0.011
2858.91300 16.572 0.009
2860.87899 16.626 0.010
2861.75017 16.348 0.009
2862.92917 15.908 0.008
2863.83841 16.549 0.013
2865.83527 16.597 0.010
2866.88493 16.400 0.010
2867.82496 16.588 0.010
2868.77261 16.487 0.010
2869.90194 16.153 0.009
2869.90560 16.167 0.009
2870.81920 16.578 0.009
2871.86213 16.355 0.009
2875.80850 16.581 0.011
2876.77940 16.267 0.009
2877.79763 16.676 0.011
2879.74292 15.909 0.007
2883.82909 16.436 0.009
2885.76388 16.557 0.009
2888.81219 16.395 0.010
2892.80358 16.593 0.013
2894.73275 16.675 0.012
2896.72983 16.024 0.008
2898.75079 16.308 0.009
2900.74966 16.473 0.009
2902.74918 16.563 0.009
2905.75637 16.445 0.009
2907.75776 16.570 0.009
2909.74687 16.645 0.008
2911.73824 15.978 0.007
2915.70971 16.372 0.009
2917.73582 16.526 0.009
2921.73358 16.648 0.011
2923.75551 16.084 0.008
2925.71850 16.302 0.009
2927.71599 16.474 0.010
2930.73409 16.283 0.009
2932.74060 16.469 0.009
2934.72040 16.564 0.009
2937.64443 16.374 0.009
2939.69708 16.537 0.010
2940.63717 16.111 0.007
2941.68702 16.592 0.009
2942.63717 16.341 0.009
2943.60836 16.689 0.011
2944.59297 16.481 0.009
2945.60974 16.047 0.010
2947.61923 16.297 0.009
2949.60053 16.453 0.009
2950.64530 16.003 0.007
2951.63247 16.570 0.011
2952.66138 16.293 0.009
2954.68631 16.456 0.011
2956.63229 16.575 0.009
2958.62669 16.634 0.011
2961.59780 16.543 0.013
2965.63620 16.173 0.008
2968.59754 16.583 0.011
2970.61679 16.600 0.011
2972.60128 16.065 0.008
2974.60201 16.307 0.009
2976.55172 16.454 0.010
2978.57781 16.584 0.011
2980.59466 16.652 0.013
2982.53987 15.909 0.007
2984.63077 16.262 0.009
2986.64088 16.455 0.010
2988.53325 16.552 0.012
2991.60632 16.380 0.009
2994.58863 16.138 0.009
2997.56080 16.640 0.010
3001.57728 16.319 0.009
3005.53533 16.544 0.012
3008.56164 16.469 0.012
3011.56503 16.242 0.009
3016.59169 16.232 0.009
3018.57813 16.429 0.009
3020.60619 16.569 0.010
3021.61901 16.197 0.007
3023.57491 16.362 0.009
3025.57339 16.532 0.009
3027.60691 16.594 0.010
3029.57880 16.659 0.011
3031.58336 16.075 0.008
3033.58571 16.311 0.009
3037.53274 16.584 0.011
3164.93313 16.286 0.009
3183.91512 16.505 0.009
3193.88290 16.445 0.009
3195.94210 16.565 0.009
3197.91757 16.626 0.010
3201.87501 16.149 0.006
3203.88297 16.373 0.008
3206.82083 16.047 0.008
3210.89688 16.524 0.009
3211.88828 16.069 0.008
3215.66442 16.382 0.011
3216.73243 16.168 0.009
3217.93293 16.576 0.011
3218.91758 16.288 0.011
3223.83842 16.227 0.009
3226.82868 16.276 0.008
3229.83216 16.605 0.009
3229.83583 16.595 0.009
3231.81795 16.603 0.012
3239.79267 16.590 0.010
3239.79634 16.576 0.009
3240.79359 16.283 0.009
3241.81795 16.659 0.010
3242.71728 16.410 0.009
3243.85373 16.000 0.008
3244.82725 16.586 0.011
3244.83092 16.588 0.010
3245.78006 16.233 0.009
3246.77250 16.631 0.011
3247.76629 16.391 0.009
3249.73097 16.559 0.009
3251.74449 16.587 0.009
3254.73162 16.514 0.009
3257.74804 16.335 0.007
3259.66723 16.479 0.009
3261.70531 16.585 0.009
3263.68801 16.655 0.009
3265.72242 15.942 0.006
3267.71125 16.248 0.006
3269.78767 16.459 0.010
3270.74450 15.918 0.007
3271.66732 16.546 0.010
3272.72452 16.210 0.008
3274.71039 16.397 0.009
3276.71483 16.544 0.010
3277.75362 16.205 0.008
3279.68517 16.357 0.008
3281.64393 16.488 0.008
3283.64540 16.581 0.008
3287.61161 15.926 0.006
3289.61900 16.251 0.008
3289.62268 16.249 0.007
3293.59946 16.555 0.008
3295.61825 16.604 0.008
3297.60003 16.326 0.006
3299.65638 16.194 0.006
3301.63060 16.392 0.009
3303.69287 16.556 0.009
3306.62541 16.340 0.007
3308.61315 16.496 0.010
3310.61228 16.569 0.009
3312.65632 16.699 0.010
3314.56711 15.930 0.008
3320.60497 16.564 0.009
3323.54845 16.384 0.008
3327.55993 16.587 0.009
3330.55418 16.517 0.009
3335.59899 16.529 0.010
3338.60260 16.305 0.008
3349.59890 16.644 0.009
3353.57801 16.171 0.008
3359.55452 16.614 0.010
3363.56188 16.061 0.008
3367.62118 16.499 0.009
3372.55193 16.444 0.009
3376.53124 16.617 0.010
3378.59816 15.901 0.007
3386.56462 16.575 0.008
3390.57818 16.139 0.009
3398.55995 16.675 0.010
3402.54833 16.262 0.007
3528.94050 16.264 0.009
3541.93329 16.418 0.008
3547.91431 16.489 0.009
3547.91789 16.492 0.009
3554.92252 16.589 0.010
3554.92610 16.564 0.009
3560.94464 16.238 0.008
3560.94825 16.278 0.008
3564.90680 16.553 0.009
3564.91042 16.564 0.008
3568.84127 16.678 0.009
3570.78198 15.991 0.008
3571.80432 16.566 0.012
3573.84180 16.690 0.010
3574.87719 16.507 0.009
3574.88082 16.516 0.009
3577.83947 16.293 0.008
3578.89443 16.693 0.009
3578.89804 16.713 0.009
3579.79927 16.414 0.009
3579.80287 16.441 0.008
3581.84420 16.574 0.009
3581.84782 16.581 0.009
3581.86691 16.563 0.009
3581.87054 16.574 0.009
3582.82909 16.226 0.009
3582.83269 16.274 0.008
3583.83350 16.632 0.010
3583.83713 16.628 0.009
3586.80784 16.530 0.008
3586.81146 16.564 0.008
3588.82573 16.580 0.009
3588.82936 16.601 0.009
3589.81854 16.374 0.008
3589.82217 16.397 0.008
3591.87334 16.526 0.008
3591.87696 16.563 0.008
3593.81090 16.579 0.009
3593.81453 16.577 0.009
3596.89136 16.542 0.009
3596.89498 16.540 0.008
3601.80899 16.481 0.009
3601.81260 16.486 0.009
3607.81440 15.938 0.007
3607.81804 15.942 0.006
3614.78579 16.197 0.007
3614.78944 16.179 0.006
3617.76894 16.427 0.007
3619.69821 16.035 0.007
3619.70186 16.048 0.006
3621.71667 16.319 0.008
3621.72033 16.331 0.007
3624.86862 16.175 0.009
3626.71435 16.279 0.008
3626.71801 16.291 0.008
3629.66796 15.886 0.008
3629.67159 15.878 0.007
3631.73033 16.258 0.009
3631.73398 16.265 0.009
3633.71023 16.430 0.009
3637.65323 16.602 0.009
3639.70330 16.255 0.006
3641.69619 16.133 0.007
3641.69985 16.151 0.007
3643.72056 16.373 0.008
3643.72422 16.380 0.007
3646.65552 16.031 0.007
3646.65916 16.045 0.007
3650.65877 16.488 0.009
3650.66243 16.486 0.009
3650.68281 16.485 0.009
3650.68648 16.489 0.009
3651.73641 16.077 0.007
3653.73257 16.318 0.008
3655.69509 16.445 0.008
3655.69874 16.462 0.008
3657.64587 16.551 0.009
3657.64953 16.575 0.009
3658.65030 16.236 0.008
3658.65396 16.242 0.008
3659.63835 16.625 0.011
3659.64199 16.635 0.010
3660.66847 16.410 0.009
3660.67214 16.441 0.009
3663.55998 16.110 0.009
3663.56363 16.105 0.009
3665.63356 16.373 0.009
3665.63720 16.395 0.009
3668.57198 16.056 0.007
3668.57565 16.073 0.007
3669.67074 16.597 0.010
3669.70650 16.583 0.010
3671.62890 16.680 0.010
3671.63255 16.666 0.009
3673.67376 16.097 0.008
3673.67741 16.115 0.008
3675.65834 16.330 0.008
3675.66199 16.352 0.008
3683.64765 15.937 0.007
3683.65130 15.928 0.006
3685.65278 16.243 0.008
3685.65646 16.257 0.007
3687.65145 16.433 0.009
3687.65509 16.433 0.009
3689.59984 16.543 0.009
3689.60351 16.565 0.009
3692.57568 16.381 0.009
3692.57931 16.362 0.009
3694.55966 16.526 0.010
3694.56330 16.501 0.009
3696.56381 16.600 0.009
3698.59387 16.646 0.010
3698.59749 16.641 0.010
3700.57480 16.036 0.008
3700.57842 16.035 0.007
3702.58409 16.291 0.008
3702.58773 16.313 0.008
3704.59399 16.457 0.008
3706.61079 16.561 0.009
3706.61444 16.593 0.008
3708.58731 16.649 0.010
3711.59026 16.558 0.011
3711.59390 16.568 0.010
3714.52763 16.383 0.010
3718.60816 16.573 0.011
3721.56174 16.517 0.009
3724.56673 16.336 0.008
3726.58727 16.530 0.009
3728.55677 16.599 0.011
3728.56038 16.575 0.009
3734.56384 16.298 0.008
3737.57951 15.943 0.007
3742.53814 15.990 0.009
3746.55980 16.405 0.010
3746.56340 16.404 0.010
3751.54328 16.360 0.011
3756.55603 16.339 0.009
3761.60627 16.331 0.008
3766.53109 16.247 0.008
3772.55392 16.627 0.009
3776.55397 16.169 0.008
3871.87630 16.563 0.012
3871.87986 16.601 0.012
3901.93882 16.564 0.010
3901.94239 16.528 0.009
3906.94269 16.517 0.009
3913.91962 16.569 0.008
3918.87954 16.586 0.009
3918.88313 16.561 0.009
3931.91488 16.396 0.009
3931.91846 16.395 0.009
3934.86150 16.067 0.006
3936.86610 16.316 0.008
3936.86968 16.327 0.008
3938.85009 16.484 0.009
3938.85371 16.479 0.009
3944.89748 15.979 0.007
3944.90109 15.979 0.006
3946.86561 16.261 0.008
3946.86923 16.260 0.007
3951.88502 16.241 0.009
3951.88858 16.237 0.007
3955.85015 16.529 0.011
3955.85373 16.542 0.010
3958.82667 16.362 0.010
3958.83324 16.334 0.009
3960.83041 16.511 0.009
3963.82712 16.342 0.009
3965.81899 16.487 0.007
3967.83884 16.562 0.008
3969.80449 16.673 0.009
3971.77709 15.894 0.006
3971.78068 15.902 0.006
3974.78243 16.618 0.009
3979.73780 16.592 0.009
3980.61754 16.290 0.009
3980.62114 16.294 0.009
3981.64383 16.686 0.009
3981.64740 16.690 0.009
3983.83774 16.177 0.007
3987.78626 16.486 0.009
3990.79361 16.318 0.007
3993.73482 15.968 0.007
3993.73842 15.935 0.006
3995.74009 16.258 0.007
3995.74370 16.259 0.007
3999.75300 16.554 0.008
4002.72150 16.382 0.007
4002.72511 16.408 0.007
4004.67329 16.517 0.009
4004.67688 16.520 0.008
4006.69950 16.565 0.008
4006.70313 16.591 0.008
4007.56650 16.268 0.007
4008.57181 16.694 0.009
4008.57543 16.662 0.009
4009.73327 16.548 0.009
4009.74377 16.546 0.009
4013.69838 16.692 0.010
4013.70198 16.697 0.010
4015.68067 16.009 0.008
4015.68427 15.995 0.010
4015.69690 16.012 0.008
4015.70052 16.010 0.008
4018.69606 16.685 0.010
4018.69968 16.667 0.009
4019.68463 16.477 0.009
4019.68825 16.456 0.009
4021.67712 16.564 0.009
4021.68072 16.587 0.008
4024.65059 16.414 0.009
4024.65421 16.413 0.008
4026.62947 16.541 0.009
4026.63309 16.556 0.008
4028.62543 16.590 0.009
4028.62905 16.598 0.008
4030.63799 16.450 0.009
4030.64160 16.412 0.008
4032.69009 16.172 0.008
4032.69370 16.182 0.008
4037.66628 16.093 0.007
4037.66988 16.082 0.006
4039.60422 16.302 0.008
4039.60781 16.294 0.007
4041.60374 16.452 0.010
4041.60735 16.454 0.009
4043.58944 16.572 0.010
4043.59306 16.568 0.009
4046.59877 16.451 0.009
4046.60238 16.430 0.009
4048.56467 16.561 0.010
4048.56830 16.534 0.009
4050.60679 16.618 0.009
4050.61040 16.594 0.009
4052.55889 16.357 0.008
4052.56249 16.340 0.008
4054.61307 16.182 0.008
4054.61667 16.203 0.008
4056.58516 16.371 0.009
4058.61871 16.521 0.009
4058.62231 16.532 0.009
4060.52114 16.566 0.009
4064.51877 15.936 0.006
4066.55665 16.281 0.008
4066.56024 16.279 0.007
4069.51861 15.902 0.007
4073.60218 16.425 0.009
4077.52552 16.590 0.009
4079.52747 16.323 0.010
4082.52740 16.593 0.010
4085.56513 16.509 0.009
4092.56117 16.597 0.008
4096.58713 16.034 0.007
4100.58992 16.475 0.009
4105.55771 16.420 0.009
4108.53042 16.161 0.009
4108.53396 16.187 0.008
4113.61185 16.181 0.007
4120.57914 16.345 0.008
4120.58269 16.347 0.008
4126.58051 16.632 0.011
4252.92975 16.679 0.012
4255.84907 16.548 0.012
4268.90236 16.340 0.009
4275.92451 16.495 0.010
4279.80223 16.613 0.016
4282.81273 16.549 0.011
4283.86567 16.221 0.009
4285.92000 16.465 0.010
4291.94079 15.902 0.008
4292.85932 16.531 0.009
4295.86335 16.358 0.009
4296.88980 16.473 0.011
4296.89311 16.464 0.009
4297.92266 16.533 0.010
4297.92597 16.528 0.009
4299.86081 16.580 0.009
4300.87896 16.274 0.009
4300.88229 16.338 0.009
4301.89697 16.639 0.009
4301.90029 16.655 0.009
4302.91858 16.522 0.010
4302.92192 16.522 0.010
4306.86321 16.686 0.014
4307.89749 16.475 0.009
4307.90082 16.474 0.009
4308.66197 16.603 0.010
4308.86997 15.947 0.007
4310.83897 16.225 0.009
4310.84231 16.239 0.009
4311.82986 16.599 0.015
4312.90040 16.444 0.009
4312.90373 16.436 0.009
4314.91987 16.571 0.011
4314.92320 16.566 0.011
4316.82974 16.597 0.011
4319.86692 16.544 0.011
4320.89045 16.205 0.009
4320.89381 16.197 0.009
4326.83432 16.563 0.010
4326.83769 16.575 0.010
4327.81259 16.322 0.010
4327.81618 16.330 0.010
4328.82822 16.682 0.011
4328.83182 16.667 0.011
4329.83410 16.484 0.009
4330.85900 16.049 0.008
4330.86261 16.062 0.008
4333.86389 16.686 0.011
4338.90068 16.684 0.013
4338.90427 16.679 0.012
4340.77316 16.003 0.008
4340.77674 16.000 0.008
4341.76831 16.533 0.012
4341.77191 16.547 0.010
4342.82417 16.214 0.009
4342.82779 16.216 0.009
4343.76181 16.595 0.011
4343.76542 16.602 0.010
4344.74396 16.353 0.009
4344.74756 16.360 0.009
4345.78995 16.306 0.009
4345.79352 16.288 0.009
4347.77884 16.120 0.008
4347.78245 16.125 0.008
4349.79203 16.359 0.009
4349.79565 16.365 0.009
4351.72913 16.483 0.012
4351.82288 16.525 0.010
4353.75235 16.592 0.012
4353.75595 16.585 0.011
4357.70122 15.913 0.009
4357.70482 15.917 0.008
4359.69915 16.230 0.008
4359.70276 16.228 0.008
4361.70171 16.417 0.010
4361.70532 16.415 0.010
4362.72443 15.910 0.008
4362.72805 15.899 0.007
4364.58347 16.076 0.009
4364.58709 16.087 0.009
4367.68098 16.411 0.011
4367.68460 16.376 0.010
4370.67626 16.569 0.011
4372.73610 16.409 0.009
4372.73970 16.391 0.009
4376.65149 16.301 0.010
4376.65508 16.301 0.009
4378.61807 16.458 0.010
4378.62167 16.451 0.009
4379.64603 15.952 0.008
4379.64964 15.959 0.008
4380.75888 16.572 0.010
4380.76248 16.574 0.009
4382.68633 16.683 0.011
4382.68995 16.681 0.010
4386.66139 16.225 0.009
4386.66500 16.228 0.009
4388.66187 16.413 0.009
4388.66549 16.418 0.009
4390.67086 16.553 0.009
4390.67447 16.559 0.009
4393.64827 16.386 0.009
4395.67952 16.552 0.010
4395.68313 16.537 0.010
4398.64496 16.317 0.009
4398.64858 16.343 0.009
4400.66784 16.521 0.011
4400.67145 16.519 0.010
4403.69363 16.345 0.009
4403.69725 16.346 0.009
4407.63733 16.577 0.010
4408.67990 16.313 0.009
4408.68352 16.297 0.009
4410.70284 16.487 0.010
4410.70644 16.479 0.010
4415.68697 16.445 0.009
4415.69059 16.447 0.009
4418.59725 16.170 0.008
4422.65487 16.538 0.012
4422.65845 16.551 0.009
4424.65193 16.597 0.011
4424.65553 16.597 0.010
4427.53863 16.479 0.011
4427.54220 16.479 0.010
4429.56456 16.609 0.015
4429.56815 16.562 0.014
4431.57262 16.678 0.011
4433.57486 15.950 0.008
4433.57845 15.955 0.007
4435.56321 16.245 0.009
4435.56679 16.249 0.009
4437.65225 16.465 0.012
4437.65585 16.470 0.011
4439.56769 16.551 0.011
4441.59995 16.628 0.012
4441.60354 16.578 0.011
4443.59068 15.945 0.008
4443.59425 15.937 0.008
4449.64470 16.554 0.010
4449.64828 16.560 0.010
4451.59983 16.580 0.010
4451.60341 16.592 0.010
4453.58181 16.630 0.012
4453.58538 16.594 0.011
4456.58324 16.584 0.013
4456.58680 16.584 0.012
4459.53574 16.473 0.014
4459.53933 16.475 0.010
4464.54257 16.439 0.010
4464.57543 16.476 0.009
4464.57900 16.463 0.009
4464.59443 16.486 0.010
4465.54136 15.884 0.008
4465.54495 15.909 0.008
4465.59436 15.948 0.008
4466.56666 16.547 0.010
4466.59627 16.586 0.011
4467.56304 16.245 0.009
4468.58828 16.657 0.010
4468.62316 16.682 0.010
4469.58202 16.434 0.010
4469.60822 16.460 0.010
4470.54760 15.949 0.008
4470.56029 15.930 0.009
4470.56385 15.910 0.008
4471.53571 16.550 0.011
4472.54790 16.194 0.008
4472.56954 16.197 0.008
4474.59679 16.415 0.011
4476.57493 16.550 0.010
4476.57848 16.562 0.010
4479.59974 16.398 0.011
4479.60329 16.392 0.010
4481.58796 16.528 0.010
4484.60109 16.360 0.012
4484.60464 16.374 0.012
4487.62265 16.117 0.009
4487.62618 16.139 0.010
4609.89945 16.598 0.010
4643.88061 16.654 0.012
4643.88417 16.674 0.011
4649.93437 16.429 0.009
4655.94586 15.895 0.007
4661.89753 16.519 0.009
4662.78023 15.962 0.007
4662.89717 16.122 0.008
4663.75193 16.563 0.010
4663.93227 16.583 0.011
4663.93583 16.575 0.011
4665.82490 16.690 0.012
4665.91527 16.615 0.013
4665.91883 16.602 0.012
4666.90913 16.505 0.011
4666.91270 16.500 0.011
4670.90358 16.677 0.011
4670.90713 16.685 0.010
4671.82138 16.438 0.009
4672.87754 15.961 0.007
4672.88111 15.956 0.007
4675.89515 16.666 0.011
4675.89873 16.662 0.010
4681.87847 16.409 0.009
4683.87013 16.557 0.010
4683.87371 16.534 0.009
4685.85625 16.596 0.010
4685.85982 16.583 0.010
4688.80759 16.501 0.009
4688.81121 16.487 0.009
4690.73315 16.553 0.009
4690.73673 16.575 0.009
4691.73963 16.275 0.010
4693.89111 16.518 0.011
4693.89470 16.502 0.011
4696.84103 16.307 0.011
4696.84464 16.297 0.010
4698.75286 16.423 0.009
4698.75645 16.420 0.008
4699.74687 15.909 0.007
4699.75045 15.905 0.007
4700.78438 16.563 0.009
4700.78795 16.559 0.009
4701.78958 16.237 0.009
4701.79316 16.228 0.009
4702.84972 16.659 0.011
4702.85331 16.652 0.010
4703.74876 16.409 0.009
4703.75236 16.388 0.009
4704.76761 16.089 0.008
4704.77121 16.053 0.007
4705.77485 16.562 0.011
4705.77846 16.537 0.010
4707.76752 16.600 0.009
4707.77113 16.580 0.009
4708.83578 16.415 0.009
4708.83935 16.412 0.009
4710.75175 16.516 0.009
4710.75536 16.534 0.009
4716.75326 16.030 0.008
4716.75687 16.036 0.007
4719.74543 16.684 0.012
4719.74902 16.687 0.010
4721.73439 15.946 0.008
4721.73799 15.933 0.009
4724.76409 16.659 0.011
4724.76768 16.642 0.010
4726.65976 16.207 0.009
4726.66336 16.191 0.009
4729.67074 16.590 0.012
4729.67438 16.594 0.011
4730.70298 16.387 0.008
4731.72747 16.114 0.007
4731.76099 15.929 0.007
4731.76460 15.921 0.006
4733.70945 16.153 0.008
4733.80495 16.227 0.008
4734.66637 16.575 0.009
4734.74331 16.601 0.009
4734.74691 16.589 0.009
4736.67069 16.666 0.011
4736.71168 16.549 0.010
4738.75240 16.155 0.009
4739.64937 16.595 0.011
4739.65299 16.563 0.010
4741.72395 16.683 0.009
4741.72755 16.662 0.009
4747.59056 16.406 0.009
4747.59416 16.406 0.009
4749.59013 16.538 0.011
4749.59377 16.550 0.011
4753.65929 15.991 0.009
4753.66287 15.940 0.007
4755.65321 16.177 0.008
4755.65682 16.174 0.008
4757.63765 16.378 0.009
4757.64128 16.355 0.008
4759.65027 16.524 0.010
4759.65387 16.523 0.009
4761.62054 16.578 0.009
4761.62416 16.575 0.008
4763.63318 16.663 0.012
4763.63679 16.661 0.011
4766.60140 16.591 0.011
4766.60499 16.582 0.011
4769.63947 16.496 0.010
4769.64307 16.486 0.011
4771.55412 16.561 0.011
4772.59926 16.252 0.008
4772.67595 16.294 0.009
4773.56342 16.611 0.009
4773.67535 16.694 0.010
4773.67897 16.705 0.010
4774.53234 16.405 0.009
4774.65539 16.447 0.009
4775.53198 16.200 0.009
4775.66219 15.933 0.008
4775.66582 15.963 0.008
4776.54130 16.531 0.011
4777.50938 16.162 0.009
4777.59594 16.215 0.009
4777.59955 16.206 0.008
4779.63153 16.441 0.010
4779.63515 16.409 0.009
4781.58145 16.553 0.010
4781.58504 16.547 0.009
4783.56507 16.591 0.011
4783.56867 16.575 0.010
4785.59617 16.483 0.010
4785.59977 16.473 0.010
4789.53519 16.323 0.009
4790.61380 16.627 0.009
4790.61740 16.614 0.009
4791.61210 16.508 0.009
4791.61568 16.503 0.009
4793.51623 16.534 0.011
4793.51981 16.570 0.010
4795.53687 16.663 0.009
4797.52548 15.899 0.008
4797.52907 15.907 0.007
4798.58878 16.592 0.012
4798.59236 16.563 0.012
4800.63607 16.689 0.010
4800.63966 16.673 0.010
4803.53098 16.545 0.010
4804.57757 16.228 0.009
4804.58117 16.220 0.009
4805.54289 16.588 0.010
4806.58659 16.395 0.009
4806.59018 16.412 0.009
4806.62668 16.432 0.010
4807.54336 16.236 0.009
4807.60545 15.912 0.009
4808.54482 16.552 0.011
4808.54841 16.533 0.010
4808.61232 16.547 0.010
4808.61620 16.550 0.010
4809.55051 16.154 0.008
4809.63039 16.216 0.008
4810.55526 16.604 0.011
4810.55883 16.582 0.010
4811.56374 16.357 0.009
4812.63156 16.025 0.010
4813.59461 16.525 0.010
4813.59818 16.502 0.010
4815.57074 16.606 0.011
4815.57433 16.561 0.011
4817.58728 16.593 0.009
4817.59084 16.586 0.009
4819.58688 16.076 0.008
4819.59045 16.085 0.008
4821.62878 16.343 0.008
4821.63235 16.353 0.008
4822.57254 16.693 0.010
4823.53713 16.461 0.010
4823.58957 16.500 0.009
4823.59314 16.494 0.009
4824.54550 15.946 0.008
4824.62841 16.056 0.008
4825.56977 16.563 0.010
4825.61801 16.584 0.011
4825.62160 16.591 0.010
4826.58470 16.293 0.009
4832.59113 16.653 0.011
4832.59470 16.652 0.011
4835.57295 16.548 0.011
4835.57652 16.564 0.011
4839.59804 15.995 0.009
4842.56152 16.597 0.012
4842.56509 16.588 0.011
4844.57001 16.538 0.009
4844.57356 16.505 0.009
4847.62632 16.628 0.015
4847.62986 16.628 0.015
4849.58618 16.634 0.010
4849.58972 16.647 0.010
4853.58361 16.335 0.009
4853.58713 16.314 0.009
4856.57754 15.976 0.007
4856.58110 15.983 0.007
4865.55420 16.405 0.009
4935.92066 16.140 0.009
4936.91655 16.582 0.012
4937.92098 16.368 0.009
4940.89923 16.060 0.008
4940.90309 16.054 0.008
4940.92254 16.092 0.009
4952.92202 16.248 0.009
4954.88836 16.395 0.009
