 621.84829 16.938 0.015
 626.93127 16.940 0.011
 627.89694 16.863 0.010
 631.91242 16.469 0.008
 632.90716 16.915 0.012
 635.88309 16.859 0.010
 643.85247 16.851 0.011
 645.87861 16.957 0.012
 649.84129 16.725 0.011
 656.89379 16.927 0.009
 657.89766 16.754 0.011
 658.90643 16.708 0.011
 665.87345 16.736 0.008
 666.87555 16.735 0.008
 667.89457 16.890 0.008
 668.86533 16.667 0.007
 670.83101 16.826 0.010
 671.85347 16.529 0.007
 672.85842 16.927 0.008
 673.77147 16.698 0.008
 684.78642 16.633 0.008
 685.78693 16.955 0.011
 686.74300 16.799 0.009
 687.90430 16.591 0.008
 688.87222 16.943 0.009
 689.73875 16.722 0.008
 697.70461 16.726 0.009
 698.71986 16.941 0.012
 699.73068 16.886 0.009
 700.71576 16.637 0.008
 701.68743 16.962 0.010
 704.68201 16.914 0.012
 706.68036 16.970 0.012
 706.77485 16.674 0.012
 707.71092 16.873 0.012
 708.70844 16.651 0.010
 712.70879 16.927 0.012
 713.72299 16.746 0.008
 714.73954 16.707 0.008
 715.78040 16.915 0.010
 716.76293 16.669 0.008
 720.66995 16.906 0.010
 726.73010 16.833 0.009
 728.72321 16.926 0.010
 729.66760 16.751 0.009
 730.61894 16.948 0.011
 733.67854 16.974 0.012
 739.70075 16.926 0.011
 741.66435 16.972 0.011
 742.65816 16.831 0.010
 744.62667 16.912 0.010
 745.66657 16.752 0.009
 746.61137 16.807 0.009
 747.56913 16.881 0.012
 748.56581 16.634 0.010
 749.57224 16.954 0.016
 750.54646 16.803 0.012
 751.57658 16.494 0.010
 752.78035 16.979 0.011
 753.72010 16.773 0.009
 754.75163 16.508 0.010
 755.57532 16.902 0.010
 759.57795 16.509 0.008
 760.58228 16.935 0.010
 761.57753 16.734 0.009
 762.57553 16.746 0.011
 762.70579 16.469 0.009
 762.78420 16.563 0.012
 763.59453 16.901 0.012
 763.73878 16.925 0.012
 764.67256 16.714 0.013
 765.55788 16.970 0.013
 766.59481 16.804 0.012
 766.66135 16.856 0.012
 767.56924 16.526 0.010
 767.72288 16.652 0.012
 769.55416 16.735 0.009
 770.65046 16.459 0.008
 771.62662 16.907 0.009
 772.55470 16.666 0.009
 773.57728 16.986 0.010
 774.64710 16.860 0.010
 775.60000 16.569 0.008
 776.68095 16.954 0.011
 777.59788 16.787 0.010
 778.57104 16.612 0.011
 778.66253 16.472 0.010
 779.63042 16.915 0.012
 780.63022 16.701 0.010
 780.72435 16.753 0.010
 781.60679 16.990 0.011
 782.60445 16.866 0.012
 783.58420 16.575 0.008
 784.62379 16.946 0.011
 785.59465 16.765 0.009
 786.59937 16.468 0.007
 787.67977 16.923 0.010
 788.61138 16.714 0.009
 790.56139 16.859 0.010
 795.57315 16.921 0.011
 796.62274 16.727 0.011
 797.69323 16.670 0.009
 798.61064 16.874 0.009
 800.60855 16.953 0.010
 802.58908 16.467 0.009
 805.59513 16.919 0.012
 806.60590 16.865 0.012
 817.63335 16.830 0.010
 819.67444 16.953 0.009
 820.67345 16.780 0.009
 822.59339 16.876 0.010
 823.67066 16.691 0.009
 824.61880 16.982 0.012
 824.68162 17.015 0.014
 825.69199 16.846 0.015
 828.65203 16.780 0.010
 829.61862 16.565 0.009
 832.62555 17.004 0.011
 833.64565 16.849 0.009
 834.65983 16.589 0.010
 836.59322 16.781 0.011
 838.56634 16.886 0.012
 840.58177 16.988 0.012
 845.58743 16.516 0.008
 850.55489 16.558 0.009
 855.56156 16.681 0.011
 856.54944 17.008 0.012
 859.54907 16.930 0.012
 860.58139 16.760 0.011
 866.56868 16.607 0.010
 876.53723 16.795 0.009
 962.91781 16.890 0.012
 986.88409 16.906 0.011
 987.89639 16.664 0.009
 991.91028 16.918 0.011
 996.87803 16.986 0.007
 998.88371 16.552 0.009
1003.81490 16.657 0.010
1005.84031 16.826 0.012
1008.87346 16.766 0.011
1020.83636 17.003 0.011
1025.81600 16.626 0.011
1035.79088 16.685 0.009
1037.81814 16.849 0.011
1038.91716 16.651 0.011
1041.88759 16.489 0.007
1045.78873 16.848 0.009
1049.80915 16.456 0.008
1052.81954 16.953 0.012
1055.68928 16.927 0.010
1058.84109 16.907 0.012
1059.81995 16.714 0.010
1064.76309 16.798 0.011
1068.75496 16.998 0.011
1071.78294 16.956 0.011
1075.80009 16.738 0.008
1078.72186 16.633 0.007
1080.66790 16.779 0.010
1083.76021 16.729 0.008
1086.61077 16.539 0.008
1090.69385 16.906 0.012
1092.69395 16.957 0.012
1094.69010 16.627 0.008
1102.65872 16.623 0.008
1107.62704 16.704 0.008
1112.73323 16.828 0.009
1117.60865 16.863 0.010
1122.62024 16.938 0.011
1128.56883 16.797 0.012
1132.59920 16.916 0.010
1135.66788 16.996 0.010
1138.62066 16.944 0.010
1140.65303 16.637 0.009
1144.65605 16.834 0.010
1151.59052 17.003 0.011
1154.61011 16.923 0.011
1157.65586 16.898 0.011
1160.64737 16.857 0.012
1163.72929 16.825 0.010
1166.69634 16.739 0.008
1170.62525 16.924 0.010
1175.68638 16.830 0.013
1179.68409 16.815 0.011
1183.69296 16.712 0.010
1186.68679 16.971 0.009
1189.57534 16.911 0.009
1192.61994 16.871 0.010
1202.56649 16.946 0.012
1206.57011 16.715 0.011
1212.56168 16.490 0.010
1216.56772 16.889 0.012
1220.56391 16.516 0.009
1227.55951 16.828 0.011
1233.54704 16.659 0.011
1329.80839 16.862 0.014
1330.91853 16.694 0.011
1335.86367 16.764 0.011
1341.92452 16.602 0.009
1347.92088 16.922 0.012
1355.90977 16.884 0.012
1365.91068 16.644 0.010
1367.88824 16.807 0.012
1369.87592 16.917 0.012
1374.87484 16.976 0.012
1395.84043 16.710 0.010
1397.86381 16.674 0.011
1401.87748 16.947 0.010
1407.88478 16.861 0.012
1412.78274 16.903 0.012
1418.82284 16.757 0.010
1430.71685 16.985 0.011
1432.78171 16.565 0.008
1438.73460 16.968 0.010
1441.84172 16.961 0.010
1447.69818 16.831 0.012
1451.66423 16.739 0.010
1454.63846 16.978 0.012
1459.68405 16.576 0.010
1461.65887 16.663 0.010
1462.71724 16.997 0.011
1470.60611 17.000 0.013
1475.63019 16.606 0.010
1478.57877 16.959 0.012
1479.59495 16.861 0.012
1484.59418 16.912 0.011
1487.62124 16.829 0.009
1490.65696 16.787 0.010
1492.55973 16.886 0.012
1495.60901 16.843 0.010
1499.57768 16.515 0.010
1502.59812 16.981 0.012
1505.66520 16.946 0.012
1509.57614 16.693 0.009
1512.67828 16.652 0.011
1516.57801 16.931 0.010
1518.64793 16.769 0.010
1520.67579 16.674 0.010
1523.59313 16.505 0.011
1526.57604 16.910 0.011
1531.68333 16.556 0.009
1546.59944 16.843 0.010
1551.56246 16.879 0.010
1556.60320 16.906 0.013
1567.59956 16.897 0.014
1571.59406 16.617 0.009
1576.58291 16.721 0.010
1580.58766 16.934 0.010
1583.58973 16.932 0.011
1587.57880 16.598 0.008
1592.57082 16.702 0.010
1599.54920 16.913 0.013
1602.53901 16.862 0.013
1607.53312 16.890 0.012
1716.91150 16.698 0.010
1728.90295 16.965 0.012
1731.88953 16.917 0.009
1740.87818 16.688 0.011
1742.90264 16.840 0.012
1743.87601 16.602 0.011
1744.89511 16.928 0.012
1749.84544 16.988 0.009
1750.87195 16.880 0.011
1751.82921 16.583 0.008
1752.84498 16.925 0.011
1753.84603 16.775 0.010
1754.81825 16.467 0.008
1755.83812 16.939 0.015
1756.86726 16.720 0.013
1757.81666 16.960 0.013
1758.82130 16.846 0.010
1759.81116 16.596 0.009
1761.85053 16.803 0.010
1762.83293 16.456 0.008
1763.83859 16.915 0.009
1764.82835 16.715 0.008
1765.82453 16.977 0.011
1766.77779 16.807 0.012
1768.78879 16.946 0.012
1769.69765 16.761 0.012
1771.79096 16.937 0.015
1772.81085 16.724 0.009
1773.77809 16.987 0.011
1775.86197 16.665 0.009
1784.84632 16.965 0.012
1788.74965 16.693 0.009
1803.80380 16.910 0.010
1808.81272 16.996 0.012
1811.79588 16.928 0.009
1814.84272 16.910 0.010
1817.80859 16.831 0.008
1821.61049 16.989 0.014
1823.76800 16.679 0.007
1828.85445 16.788 0.010
1829.77929 16.482 0.008
1847.80296 16.720 0.008
1854.78533 16.911 0.010
1859.74934 16.931 0.012
1863.73302 16.707 0.010
1871.79378 16.757 0.009
2086.91788 16.642 0.012
2104.84997 16.801 0.011
2106.90981 16.921 0.013
2115.90479 16.770 0.012
2116.89092 16.492 0.009
2117.89659 16.923 0.012
2123.83959 16.734 0.011
2128.84414 16.849 0.013
2129.87626 16.597 0.010
2130.82514 16.931 0.012
2131.81866 16.755 0.012
2132.82488 16.539 0.011
2133.91343 16.908 0.016
2134.82976 16.701 0.012
2135.86420 16.975 0.012
2136.86411 16.860 0.013
2137.90908 16.630 0.013
2140.83398 16.451 0.010
2142.88122 16.696 0.011
2143.83528 16.992 0.012
2144.80679 16.851 0.010
2155.89748 16.817 0.016
2156.84401 16.481 0.010
2160.77372 16.847 0.012
2162.78028 16.938 0.012
2166.77505 16.699 0.010
2167.74587 16.989 0.012
2168.73237 16.848 0.012
2171.75844 16.802 0.010
2172.76501 16.457 0.010
2173.72710 16.902 0.011
2177.65875 16.537 0.010
2184.72010 16.851 0.013
2185.68358 16.573 0.011
2187.66619 16.776 0.013
2190.71010 16.702 0.012
2191.65193 17.023 0.014
2192.68069 16.860 0.010
2193.70166 16.610 0.009
2194.67294 16.937 0.012
2201.73902 16.630 0.010
2206.62485 16.694 0.014
2211.66350 16.787 0.011
2212.66257 16.463 0.011
2213.67355 16.917 0.015
2214.65992 16.714 0.012
2215.67521 16.887 0.013
2217.65287 16.612 0.012
2219.69602 16.825 0.014
2222.74525 16.750 0.012
2223.68499 16.745 0.012
2225.61452 16.613 0.010
2226.66086 16.948 0.014
2228.57626 16.468 0.010
2230.51353 16.679 0.015
2232.52733 16.843 0.013
2234.56941 16.953 0.012
2236.55890 16.455 0.009
2238.56428 16.711 0.012
2241.55111 16.600 0.012
2243.58935 16.791 0.012
2248.63379 16.884 0.011
2250.59981 16.966 0.012
2253.58770 16.933 0.012
2256.56998 16.876 0.013
2258.61041 16.996 0.012
2263.60167 16.620 0.012
2265.62769 16.680 0.010
2270.58588 16.745 0.011
2272.58395 16.927 0.012
2274.56780 16.964 0.015
2276.53139 16.535 0.013
2280.54787 16.906 0.016
2285.58638 16.938 0.012
2289.58329 16.689 0.011
2291.58400 16.856 0.012
2293.58450 16.935 0.014
2295.58081 16.460 0.010
2297.58399 16.714 0.013
2299.58047 16.827 0.012
2301.57316 16.932 0.016
2448.90478 16.598 0.013
2460.90484 16.904 0.016
2463.93393 16.888 0.012
2466.85579 16.804 0.014
2467.91966 16.510 0.011
2469.91896 16.737 0.011
2471.90850 16.887 0.012
2472.89857 16.625 0.008
2473.92476 16.985 0.011
2481.88403 16.979 0.017
2483.90769 16.531 0.009
2486.90780 16.657 0.013
2488.90976 16.671 0.013
2492.92209 16.908 0.013
2496.92186 16.669 0.011
2498.79311 16.797 0.012
2499.87810 16.541 0.010
2500.88653 16.925 0.013
2501.87328 16.752 0.011
2502.85344 16.656 0.012
2508.76406 16.924 0.019
2516.79550 16.919 0.015
2517.84227 16.771 0.012
2518.81456 16.626 0.011
2519.81284 16.885 0.012
2520.81101 16.665 0.012
2521.79929 16.961 0.012
2524.80269 16.926 0.015
2526.79652 16.595 0.008
2529.79274 16.987 0.012
2534.85334 16.468 0.011
2535.79098 16.890 0.012
2537.72106 16.957 0.016
2538.82214 16.881 0.013
2539.71930 16.525 0.011
2540.76180 16.912 0.016
2541.73118 16.736 0.011
2542.70100 16.758 0.011
2544.68093 16.634 0.011
2545.69446 16.977 0.012
2547.71245 16.537 0.010
2548.73044 16.937 0.012
2550.72571 16.584 0.010
2551.71224 16.888 0.012
2552.72825 16.674 0.010
2554.72135 16.839 0.012
2555.72929 16.563 0.010
2556.70836 16.923 0.012
2557.72088 16.759 0.010
2558.67736 16.688 0.011
2559.63441 16.841 0.012
2560.66734 16.652 0.010
2561.71296 17.007 0.014
2562.68572 16.828 0.012
2563.69365 16.565 0.011
2564.71001 16.929 0.013
2565.70601 16.765 0.012
2566.68095 16.567 0.011
2568.75000 16.700 0.012
2571.66655 16.559 0.010
2572.74181 16.953 0.014
2573.67988 16.741 0.014
2574.65986 16.554 0.010
2576.69460 16.707 0.012
2577.65966 16.990 0.015
2578.64716 16.841 0.013
2579.65768 16.577 0.011
2580.66582 16.944 0.012
2583.63787 16.907 0.014
2584.64432 16.662 0.011
2586.64552 16.845 0.012
2587.62740 16.557 0.010
2589.61831 16.762 0.012
2590.63505 16.464 0.010
2591.66123 16.877 0.013
2593.62450 17.012 0.014
2594.63052 16.854 0.014
2596.60414 16.934 0.014
2597.59131 16.765 0.013
2598.67151 16.472 0.011
2599.62558 16.898 0.016
2607.64568 16.940 0.015
2610.56701 16.848 0.013
2613.56101 16.776 0.012
2615.59140 16.920 0.012
2619.57591 16.597 0.011
2621.58490 16.803 0.014
2625.56764 16.974 0.018
2627.53833 16.596 0.012
2630.55276 16.472 0.012
2635.56647 16.622 0.010
2637.56136 16.814 0.013
2640.53168 16.723 0.013
2642.57143 16.871 0.014
2646.58278 16.522 0.011
2651.55685 16.653 0.013
2654.57706 16.531 0.013
2657.53693 16.803 0.016
2661.53346 16.820 0.011
2664.57393 16.738 0.014
2672.55188 16.727 0.017
2676.54208 16.992 0.015
2679.55678 16.940 0.013
2683.53515 16.691 0.016
2777.92190 16.802 0.013
2804.85045 16.712 0.016
2805.86773 16.878 0.020
2811.92285 16.943 0.016
2815.89647 16.664 0.011
2817.94510 16.856 0.015
2830.83565 16.896 0.013
2831.80530 16.647 0.013
2832.76599 16.973 0.014
2832.94386 16.979 0.014
2833.88382 16.841 0.015
2834.93447 16.623 0.012
2838.83584 16.901 0.014
2840.84353 17.026 0.013
2843.84485 16.929 0.012
2844.89057 16.780 0.011
2845.93760 16.495 0.012
2849.87410 16.862 0.012
2850.90685 16.621 0.012
2852.83544 16.752 0.014
2854.84679 16.931 0.016
2857.85421 16.851 0.013
2858.92783 16.646 0.011
2860.89376 16.802 0.012
2861.76519 16.616 0.010
2862.88863 16.924 0.014
2865.81300 16.872 0.012
2866.89972 16.638 0.015
2867.80240 16.940 0.013
2868.80602 16.771 0.012
2869.79255 16.463 0.010
2870.83404 16.918 0.012
2871.87716 16.734 0.012
2872.83399 16.932 0.012
2875.82483 16.939 0.014
2876.79424 16.794 0.012
2879.72076 16.681 0.011
2883.84398 16.978 0.012
2885.77933 16.453 0.009
2890.71021 16.566 0.014
2893.76166 16.468 0.010
2895.81088 16.734 0.011
2897.71437 16.861 0.012
2899.75206 16.964 0.012
2903.76784 16.723 0.008
2906.72005 16.619 0.010
2908.69706 16.778 0.012
2910.69195 16.914 0.013
2912.69729 16.964 0.012
2916.71004 16.789 0.011
2918.68693 16.926 0.012
2922.68690 16.626 0.012
2924.62789 16.784 0.012
2926.62189 16.910 0.013
2929.68310 16.874 0.012
2931.65902 16.951 0.012
2933.66948 16.481 0.009
2935.63383 16.709 0.012
2937.65942 16.880 0.013
2939.67488 16.973 0.013
2940.65205 16.806 0.010
2941.62729 16.485 0.009
2942.65210 16.919 0.012
2943.62343 16.718 0.012
2944.60779 16.944 0.012
2946.56257 16.606 0.011
2946.60253 16.617 0.011
2947.63414 16.966 0.013
2949.61524 16.475 0.010
2950.56678 16.901 0.012
2951.64736 16.736 0.012
2953.59527 16.859 0.012
2955.58041 16.950 0.015
2957.59399 16.484 0.009
2960.60844 16.778 0.013
2962.64828 16.680 0.011
2965.65094 16.561 0.010
2968.61328 16.699 0.012
2970.63211 16.680 0.011
2972.63667 16.843 0.012
2975.54474 16.737 0.011
2977.64055 16.894 0.015
2979.58044 16.991 0.014
2983.56125 16.744 0.012
2986.57784 16.676 0.011
2988.54983 16.843 0.013
2991.57597 16.763 0.012
2994.56171 16.657 0.012
2997.57710 16.572 0.010
3000.56823 16.513 0.010
3003.55109 17.000 0.015
3006.53839 16.930 0.012
3009.53367 16.904 0.017
3013.53610 16.575 0.012
3015.57133 16.782 0.012
3018.54843 16.694 0.013
3020.58414 16.884 0.012
3022.53702 16.940 0.017
3024.53679 16.450 0.012
3025.59639 16.911 0.012
3027.62189 16.729 0.012
3029.59359 16.643 0.011
3031.59841 16.818 0.011
3034.52866 16.708 0.012
3037.54783 16.634 0.013
3183.92985 16.769 0.012
3193.89773 16.657 0.012
3196.86979 16.492 0.009
3197.93221 16.911 0.013
3202.85771 16.980 0.013
3203.89774 16.843 0.010
3206.83557 16.726 0.012
3210.91158 17.000 0.013
3211.86619 16.855 0.012
3215.80130 16.864 0.017
3217.79717 16.621 0.012
3223.85333 16.598 0.011
3228.77203 16.499 0.011
3229.85386 16.932 0.012
3231.83533 16.595 0.012
3238.77219 16.733 0.011
3239.81573 16.560 0.010
3240.80846 16.899 0.013
3241.79193 16.654 0.012
3242.73593 16.958 0.013
3243.86853 16.834 0.012
3244.84712 16.600 0.013
3245.79486 16.931 0.014
3246.78762 16.763 0.012
3247.79600 16.579 0.012
3249.74630 16.662 0.012
3251.75986 16.837 0.010
3254.74755 16.747 0.010
3259.68459 16.837 0.012
3261.72064 16.928 0.011
3263.71786 16.656 0.009
3265.73920 16.675 0.011
3267.72596 16.856 0.011
3269.82047 16.959 0.014
3270.67941 16.747 0.012
3271.68234 16.704 0.011
3273.64065 16.653 0.012
3275.62651 16.814 0.012
3276.72991 16.610 0.012
3277.76855 16.961 0.012
3279.70017 16.540 0.009
3281.65874 16.652 0.009
3283.66041 16.827 0.009
3287.62654 16.722 0.012
3289.64152 16.630 0.009
3293.61508 16.947 0.012
3295.63301 16.618 0.007
3298.57091 16.972 0.011
3300.57321 16.525 0.011
3302.55018 16.740 0.012
3305.65020 16.692 0.011
3307.56249 16.826 0.013
3309.58759 16.932 0.012
3311.53920 16.750 0.012
3314.58215 16.998 0.017
3320.61995 16.930 0.012
3323.56739 16.855 0.012
3327.57491 16.493 0.009
3330.57040 16.999 0.015
3335.61440 16.488 0.011
3338.56007 16.981 0.012
3350.53438 16.769 0.010
3353.59297 16.723 0.010
3359.57002 16.509 0.009
3363.57693 16.903 0.012
3367.63652 16.588 0.010
3372.56999 16.662 0.010
3376.54611 16.944 0.011
3380.53252 16.645 0.015
3386.57950 16.504 0.008
3395.52729 16.885 0.022
3398.57501 16.848 0.012
3402.57225 16.470 0.009
3543.88591 16.927 0.012
3551.90940 16.903 0.016
3554.94062 16.833 0.012
3561.94786 16.840 0.012
3564.92553 16.956 0.010
3568.87116 16.687 0.010
3570.83216 16.845 0.014
3571.82311 16.605 0.012
3573.86881 16.806 0.014
3575.82459 16.909 0.012
3577.88097 16.883 0.012
3578.91699 16.898 0.010
3579.82205 16.588 0.009
3581.89113 16.831 0.012
3582.84743 16.454 0.010
3583.85766 16.919 0.011
3585.87875 16.829 0.009
3586.83092 16.846 0.009
3588.84922 16.970 0.012
3590.80526 16.453 0.008
3592.77001 16.684 0.008
3594.80950 16.879 0.010
3597.84945 16.819 0.012
3600.88561 16.761 0.014
3602.74651 16.861 0.014
3607.83761 16.920 0.011
3617.79363 16.785 0.009
3619.77173 16.648 0.009
3621.76422 16.803 0.009
3628.79109 16.987 0.014
3630.64295 16.472 0.010
3632.64031 16.699 0.012
3634.71321 16.871 0.011
3637.67204 16.760 0.010
3639.72195 16.942 0.009
3641.71873 16.769 0.011
3643.81714 16.707 0.012
3644.75780 17.024 0.010
3646.68884 16.513 0.009
3650.71007 16.912 0.010
3652.64523 16.966 0.011
3654.61568 16.479 0.009
3656.64723 16.722 0.011
3657.70494 16.679 0.009
3658.67986 16.912 0.012
3659.66256 16.663 0.012
3661.61124 16.803 0.012
3663.63418 16.928 0.014
3665.66652 16.704 0.010
3668.61568 16.958 0.012
3670.56638 16.484 0.011
3672.60581 16.748 0.011
3674.63507 16.900 0.010
3676.59289 16.981 0.012
3682.58183 16.898 0.012
3684.57469 16.980 0.012
3686.56458 16.513 0.009
3688.53766 16.738 0.010
3690.54357 16.871 0.013
3692.59612 16.977 0.013
3694.58270 16.546 0.009
3696.57883 16.741 0.010
3698.61253 16.907 0.013
3700.62258 17.016 0.012
3702.61350 16.581 0.010
3704.61402 16.782 0.010
3706.62888 16.936 0.011
3708.61028 16.995 0.013
3712.56681 16.745 0.011
3714.56948 16.909 0.012
3718.55296 16.574 0.010
3721.58516 16.458 0.010
3725.61403 16.864 0.011
3730.53829 16.903 0.010
3734.60896 16.644 0.010
3738.56103 16.918 0.012
3742.55821 16.640 0.012
3747.55798 16.723 0.012
3751.56677 16.963 0.015
3762.54475 16.894 0.017
3766.55000 16.664 0.010
3772.57675 16.561 0.010
3777.52409 16.531 0.012
3871.89614 16.695 0.013
3902.91644 16.915 0.014
3907.91130 16.991 0.013
3913.93685 16.910 0.010
3918.90664 16.936 0.011
3931.93820 16.978 0.013
3934.87617 16.938 0.011
3936.88445 16.558 0.010
3938.86851 16.685 0.011
3945.87547 16.908 0.011
3950.82042 16.934 0.010
3957.77596 16.519 0.012
3959.76543 16.750 0.011
3961.75956 16.893 0.013
3964.76779 16.839 0.009
3966.76004 16.949 0.011
3968.75372 16.654 0.009
3970.74541 16.694 0.008
3973.71474 16.533 0.010
3975.72698 16.757 0.010
3980.66221 16.830 0.012
3981.66195 16.507 0.009
3982.72633 16.939 0.014
3986.69968 16.678 0.011
3991.72887 16.803 0.012
3994.64129 16.694 0.012
3998.67166 16.957 0.012
4001.64248 16.921 0.010
4003.61392 16.986 0.012
4004.69372 16.850 0.011
4005.68785 16.587 0.009
4007.58110 16.758 0.010
4008.59000 16.804 0.009
4011.64048 16.970 0.011
4014.62292 16.932 0.015
4016.61971 16.596 0.009
4018.61612 16.667 0.011
4020.61956 16.884 0.013
4023.60541 16.725 0.011
4025.60578 16.886 0.012
4027.59390 16.995 0.012
4029.57620 16.557 0.009
4031.56328 16.778 0.010
4033.65756 16.922 0.011
4040.53300 16.683 0.012
4042.56089 16.691 0.011
4044.58389 16.875 0.015
4046.61698 16.964 0.013
4049.52892 16.914 0.011
4051.57850 16.976 0.012
4053.62593 16.642 0.009
4055.51857 16.778 0.014
4057.59394 16.924 0.013
4059.59237 16.915 0.011
4063.53741 16.779 0.011
4065.58704 16.920 0.011
4067.58031 16.889 0.011
4069.53318 16.623 0.010
4071.54400 16.801 0.011
4074.54011 16.742 0.011
4077.54182 16.627 0.009
4079.54200 16.784 0.011
4082.54336 16.729 0.009
4085.62069 16.669 0.011
4092.57619 16.922 0.010
4097.61878 16.919 0.012
4100.61020 16.926 0.012
4105.57419 16.909 0.012
4111.61065 16.851 0.010
4115.53011 16.521 0.011
4120.56100 16.598 0.009
4124.57249 16.932 0.012
4128.59647 16.620 0.010
4252.94414 16.600 0.012
4255.86414 16.685 0.012
4268.92311 16.611 0.012
4275.93802 16.899 0.013
4279.83488 16.499 0.012
4282.82628 17.005 0.014
4283.84533 16.846 0.014
4284.87573 16.601 0.012
4285.94115 16.981 0.014
4292.88361 16.621 0.010
4295.87707 16.482 0.010
4296.90756 16.918 0.012
4297.93949 16.757 0.011
4299.87436 16.887 0.011
4300.89610 16.645 0.010
4301.91467 16.980 0.011
4302.93655 16.826 0.012
4306.93326 16.595 0.011
4307.84785 16.883 0.011
4308.67605 16.524 0.010
4308.88395 16.652 0.011
4310.85613 16.808 0.012
4311.85598 16.515 0.013
4312.91815 16.944 0.012
4314.93723 16.519 0.012
4316.84512 16.674 0.013
4320.87243 16.919 0.012
4326.85465 16.847 0.012
4327.83061 16.530 0.012
4328.84636 16.912 0.013
4329.84769 16.776 0.012
4330.87702 16.522 0.010
4332.89323 16.702 0.012
4334.87019 16.853 0.013
4338.92266 16.472 0.010
4340.79350 16.660 0.011
4341.78636 17.003 0.014
4342.86055 16.849 0.013
4343.77992 16.534 0.011
4344.76199 16.947 0.013
4346.71830 16.880 0.013
4348.72407 16.631 0.011
4350.70071 16.794 0.011
4352.80288 16.947 0.013
4353.65885 16.701 0.012
4354.78018 16.604 0.011
4357.76390 17.018 0.015
4359.71785 16.520 0.011
4362.66551 16.909 0.016
4363.62481 16.868 0.013
4365.68317 16.987 0.015
4369.67713 16.732 0.012
4371.66608 16.894 0.014
4376.66957 16.935 0.012
4378.63617 16.839 0.013
4379.66748 16.897 0.016
4381.62663 16.957 0.016
4382.70518 16.831 0.011
4386.67945 16.625 0.011
4388.68017 16.671 0.011
4390.68899 16.856 0.011
4393.68355 16.769 0.012
4396.65811 16.680 0.012
4398.66309 16.835 0.012
4400.68761 16.944 0.013
4404.66459 16.690 0.012
4407.65248 16.595 0.011
4410.68241 16.466 0.010
4415.66874 16.606 0.010
4418.61426 16.497 0.009
4421.67204 16.935 0.012
4423.67651 16.626 0.012
4426.55272 16.628 0.012
4428.56942 16.671 0.013
4430.62964 16.859 0.012
4432.61551 16.949 0.012
4434.62079 16.484 0.010
4436.59710 16.702 0.011
4438.65976 16.895 0.014
4440.59287 16.976 0.014
4442.55437 16.494 0.012
4444.57918 16.728 0.014
4450.61160 16.508 0.012
4452.58914 16.712 0.012
4454.52620 16.845 0.022
4455.59830 16.633 0.011
4457.53381 16.790 0.015
4459.55392 16.943 0.013
4462.58536 16.888 0.013
4466.60949 16.558 0.011
4471.54414 16.630 0.012
4475.53680 16.908 0.014
4480.57922 17.013 0.013
4482.58618 16.576 0.012
4485.58926 16.573 0.012
4488.59149 16.991 0.016
4609.91387 16.901 0.012
4643.89803 16.686 0.012
4650.93691 16.905 0.012
4655.91632 16.955 0.012
4662.79470 16.522 0.009
4662.91153 16.619 0.010
4663.76632 16.953 0.017
4663.91414 16.937 0.013
4665.83940 16.536 0.011
4665.93323 16.467 0.011
4666.92850 16.973 0.015
4666.93239 16.939 0.015
4670.92150 16.643 0.011
4671.89140 16.942 0.013
4673.87344 16.462 0.009
4674.80185 16.902 0.014
4674.86205 16.940 0.014
4676.92169 16.822 0.014
4677.83729 16.879 0.011
4682.81176 16.900 0.012
4684.84962 16.968 0.012
4686.80960 16.594 0.009
4688.82556 16.779 0.011
4690.75115 16.891 0.011
4691.75417 16.672 0.012
4693.90918 16.892 0.014
4696.88282 16.818 0.014
4697.82134 16.499 0.012
4698.77094 16.904 0.011
4699.76504 16.692 0.011
4700.79978 16.961 0.012
4701.80767 16.882 0.012
4703.76688 16.932 0.012
4704.78564 16.791 0.010
4705.79312 16.488 0.010
4707.78554 16.703 0.009
4709.74133 16.845 0.012
4710.76990 16.621 0.009
4715.74991 16.721 0.011
4716.77560 16.905 0.011
4717.70037 16.860 0.012
4719.78965 16.986 0.013
4721.78330 16.491 0.011
4724.66589 16.994 0.014
4725.74535 16.869 0.012
4728.75092 16.814 0.012
4733.72748 16.880 0.012
4740.66908 16.972 0.012
4741.70446 16.858 0.010
4747.60865 16.711 0.012
4749.60833 16.861 0.015
4753.67932 16.490 0.011
4755.67131 16.725 0.011
4757.65583 16.886 0.012
4759.67052 16.968 0.011
4761.63889 16.485 0.008
4763.65132 16.730 0.012
4767.59707 16.931 0.013
4770.66561 16.944 0.013
4772.60337 16.906 0.012
4774.55792 16.605 0.010
4776.54951 16.765 0.012
4777.65146 16.542 0.012
4780.52014 16.992 0.015
4781.61430 16.874 0.014
4783.58323 16.967 0.013
4785.61859 16.542 0.012
4789.54971 16.862 0.012
4791.53126 16.959 0.013
4793.53867 16.491 0.010
4795.55134 16.724 0.010
4797.54359 16.878 0.012
4798.60694 16.677 0.012
4800.65432 16.841 0.012
4803.54545 16.764 0.011
4804.60055 16.598 0.012
4805.58740 16.910 0.012
4807.52518 16.966 0.021
4809.55453 16.547 0.010
4811.57643 16.774 0.012
4813.55337 16.922 0.015
4815.58928 17.035 0.015
4816.53637 16.824 0.012
4818.58665 16.936 0.013
4820.52814 16.650 0.014
4822.58489 16.707 0.011
4824.56971 16.875 0.014
4826.61935 16.952 0.012
4833.56875 16.612 0.010
4835.59200 16.814 0.013
4837.60295 16.941 0.016
4841.57929 16.652 0.012
4843.57354 16.805 0.013
4846.58263 16.712 0.011
4848.61887 16.882 0.011
4850.60635 16.992 0.013
4854.59759 16.746 0.011
4856.61483 16.877 0.012
4862.56274 16.729 0.010
4868.55309 16.519 0.010
