 466.55762 16.026 0.006
 466.57285 16.029 0.006
 466.60346 16.034 0.006
 466.63300 16.048 0.006
 467.55087 16.313 0.007
 467.58031 16.310 0.007
 467.60978 16.304 0.007
 467.63929 16.308 0.007
 469.56025 16.126 0.007
 469.59885 16.118 0.007
 469.63048 16.147 0.007
 471.61278 15.843 0.006
 471.62799 15.849 0.007
 472.54495 16.193 0.007
 472.55968 16.222 0.010
 472.57436 16.200 0.007
 472.58900 16.205 0.007
 622.89152 15.673 0.007
 624.91808 16.359 0.008
 625.90553 15.817 0.007
 626.87704 16.206 0.007
 627.86328 16.412 0.009
 628.90436 15.978 0.007
 629.90213 16.275 0.008
 631.93309 16.099 0.007
 632.87362 16.328 0.008
 633.90906 15.745 0.007
 635.90389 16.392 0.008
 643.87293 16.379 0.008
 645.84463 16.213 0.007
 647.80236 15.978 0.008
 649.79975 16.075 0.008
 656.86011 16.240 0.007
 657.83240 16.272 0.009
 658.87268 16.071 0.008
 663.77896 15.816 0.007
 664.88389 16.233 0.007
 665.83115 16.390 0.007
 666.84170 15.994 0.007
 667.86095 16.288 0.007
 668.83174 15.775 0.006
 670.79730 16.340 0.008
 671.81937 15.746 0.006
 672.82492 16.177 0.007
 673.79229 16.401 0.007
 684.75269 16.395 0.007
 685.80755 16.023 0.007
 686.70883 16.282 0.007
 687.79018 15.758 0.006
 688.73219 16.087 0.007
 689.75936 16.344 0.007
 697.72550 16.301 0.007
 698.79660 15.695 0.006
 699.69563 16.127 0.007
 700.73640 16.374 0.007
 701.70861 15.825 0.007
 704.73665 15.992 0.007
 706.70230 15.893 0.008
 707.73986 16.110 0.007
 708.76401 16.350 0.008
 712.76457 15.958 0.007
 713.74593 16.270 0.007
 714.76090 16.117 0.007
 715.72647 16.059 0.007
 716.69454 16.316 0.008
 726.69473 16.117 0.007
 728.68786 15.760 0.006
 729.69002 16.186 0.007
 730.67441 16.400 0.008
 733.64086 16.274 0.008
 739.66084 15.844 0.007
 741.62664 16.374 0.007
 742.60290 15.968 0.007
 744.64999 15.737 0.006
 745.60093 16.080 0.007
 746.79170 16.390 0.008
 747.66225 15.785 0.007
 748.62395 16.189 0.007
 749.62935 16.376 0.008
 750.62317 15.925 0.007
 751.63164 16.266 0.008
 752.74602 15.810 0.007
 753.68165 16.075 0.007
 759.63954 16.234 0.007
 760.66518 16.318 0.007
 761.64124 16.010 0.007
 761.74648 16.068 0.007
 762.63260 16.304 0.008
 762.66215 16.311 0.009
 763.64881 15.672 0.006
 763.75957 15.682 0.007
 765.58087 16.344 0.009
 766.61835 15.782 0.007
 766.72123 15.834 0.007
 767.62585 16.217 0.009
 767.68750 16.262 0.011
 767.76376 16.229 0.008
 769.60869 15.950 0.007
 769.68241 15.980 0.007
 770.61484 16.277 0.007
 771.64789 15.983 0.007
 772.60974 16.072 0.007
 773.61487 16.329 0.007
 773.76707 16.372 0.009
 774.60785 15.708 0.006
 775.56574 16.154 0.007
 776.64667 16.383 0.008
 777.62093 15.892 0.007
 778.62429 16.230 0.008
 779.65125 16.287 0.007
 779.76154 16.010 0.007
 780.65106 16.043 0.007
 781.56541 16.298 0.007
 781.74587 16.322 0.008
 782.63094 15.691 0.007
 782.76027 15.725 0.007
 783.54791 16.097 0.007
 784.58990 16.353 0.007
 785.61673 15.813 0.006
 785.76231 15.887 0.007
 786.62041 16.203 0.007
 787.70085 16.355 0.007
 788.63370 15.975 0.007
 788.65925 15.987 0.007
 790.58239 16.056 0.007
 792.56034 16.323 0.008
 795.62502 16.390 0.008
 796.55395 15.877 0.007
 796.73927 15.976 0.008
 797.71407 16.272 0.007
 798.57675 16.315 0.007
 799.71469 16.086 0.007
 800.62972 16.322 0.007
 802.68973 16.167 0.009
 805.61704 16.224 0.009
 806.62722 16.360 0.008
 808.55866 16.286 0.009
 816.68965 16.293 0.007
 817.59972 16.202 0.007
 819.56250 16.298 0.007
 820.63882 15.702 0.006
 822.55936 16.386 0.008
 824.58519 16.210 0.008
 825.65832 16.309 0.009
 828.61849 15.682 0.006
 829.58508 16.108 0.007
 832.59196 16.206 0.007
 833.61185 16.385 0.008
 834.58143 15.943 0.007
 836.55955 16.185 0.008
 838.59254 16.339 0.008
 840.60230 16.164 0.007
 845.55370 16.033 0.007
 850.57718 15.799 0.007
 855.58217 15.951 0.007
 859.56997 16.181 0.007
 866.53451 15.671 0.006
 962.93831 16.301 0.008
 966.93779 15.766 0.007
 970.91420 16.241 0.007
 976.89482 16.389 0.009
 986.84924 16.194 0.007
 987.86281 16.370 0.008
 991.93111 16.082 0.007
 996.93481 15.902 0.007
 998.90586 16.331 0.007
1004.80449 15.730 0.007
1006.83307 16.397 0.008
1020.90256 15.674 0.006
1035.75528 16.224 0.007
1037.78448 16.022 0.007
1041.79265 16.351 0.007
1045.75438 15.949 0.007
1052.77847 16.402 0.008
1055.65166 16.388 0.007
1058.86366 15.714 0.007
1059.78165 16.140 0.007
1061.73440 15.784 0.007
1064.81832 16.015 0.007
1068.71974 16.337 0.008
1072.69987 15.874 0.007
1076.67764 16.305 0.007
1078.68821 16.127 0.007
1081.70075 16.195 0.007
1084.63894 16.268 0.007
1087.65884 16.330 0.007
1090.71523 16.408 0.008
1092.74733 16.263 0.008
1094.65401 16.027 0.007
1106.71904 16.353 0.007
1110.63816 15.909 0.007
1116.59664 16.125 0.007
1120.58524 16.399 0.008
1126.66056 15.755 0.006
1129.55899 15.883 0.007
1132.54207 16.023 0.007
1135.59216 16.137 0.007
1138.64183 16.222 0.007
1140.61921 15.984 0.007
1144.67680 16.359 0.008
1151.55641 16.045 0.007
1155.55801 16.362 0.007
1159.55345 15.990 0.007
1162.58587 16.108 0.007
1164.69943 15.843 0.007
1170.55784 16.079 0.007
1178.66793 16.056 0.007
1182.67980 16.368 0.007
1183.71815 15.874 0.007
1185.70133 16.339 0.007
1188.70062 15.680 0.006
1191.58440 15.727 0.006
1202.59949 15.851 0.007
1205.55091 15.969 0.007
1211.57137 16.174 0.008
1217.58200 16.332 0.008
1220.58451 16.381 0.008
1229.53724 15.772 0.007
1238.53348 16.200 0.014
1327.91765 16.170 0.010
1330.83435 16.202 0.008
1335.88610 16.109 0.008
1340.90564 15.960 0.007
1348.94171 15.921 0.007
1354.91525 16.132 0.007
1360.93498 16.271 0.008
1365.93120 16.177 0.008
1367.85470 15.910 0.007
1374.92680 16.377 0.009
1394.86296 15.879 0.007
1395.89444 16.244 0.007
1397.81610 16.004 0.008
1401.84313 16.341 0.008
1402.92808 15.831 0.007
1407.85115 16.101 0.007
1412.74646 16.371 0.008
1417.90482 16.322 0.008
1430.73742 16.162 0.008
1432.74814 15.849 0.007
1435.70453 16.002 0.007
1439.67101 16.326 0.008
1442.67470 16.407 0.008
1447.74989 16.315 0.010
1451.68612 15.850 0.007
1455.70583 16.296 0.008
1460.74655 16.189 0.007
1462.65219 15.913 0.007
1470.65844 15.857 0.007
1471.77757 16.253 0.007
1472.64566 16.387 0.008
1475.65134 15.708 0.007
1477.58042 16.329 0.009
1481.59818 15.916 0.007
1484.64713 16.070 0.007
1487.64221 16.168 0.007
1490.68101 16.249 0.007
1492.58065 15.986 0.007
1495.53744 16.080 0.007
1499.56607 16.411 0.009
1502.56417 16.212 0.008
1505.63076 15.713 0.007
1508.56614 15.861 0.007
1509.54243 16.212 0.008
1512.64429 16.314 0.009
1515.61899 16.365 0.009
1517.62248 16.214 0.007
1520.60963 16.272 0.007
1524.55735 15.713 0.007
1526.59746 16.410 0.008
1531.64906 16.323 0.009
1543.60653 15.763 0.007
1546.62136 15.932 0.007
1551.58315 15.688 0.006
1555.61664 16.236 0.007
1562.59524 15.780 0.007
1569.57440 16.315 0.008
1575.60023 16.319 0.007
1580.57520 16.356 0.008
1583.57786 16.403 0.008
1587.55766 16.077 0.007
1597.54313 15.687 0.007
1603.55123 15.983 0.007
1608.52695 15.724 0.007
1703.91181 16.069 0.007
1705.91735 15.691 0.007
1716.87771 15.768 0.007
1717.88811 16.186 0.007
1729.92379 16.309 0.007
1732.89359 15.678 0.006
1740.84461 16.090 0.007
1742.89238 16.330 0.008
1744.86154 16.157 0.007
1745.88574 16.399 0.009
1749.86621 16.028 0.007
1750.83811 16.307 0.008
1751.84997 15.670 0.006
1752.81129 16.120 0.007
1753.81236 16.346 0.008
1754.83902 15.791 0.007
1755.80436 16.207 0.008
1756.83384 16.374 0.011
1757.78305 15.961 0.007
1758.78754 16.269 0.007
1759.83190 15.970 0.007
1761.81295 16.329 0.008
1762.79933 15.704 0.007
1763.80234 16.168 0.007
1764.79483 16.371 0.007
1765.78930 15.894 0.007
1766.73033 16.244 0.008
1768.80945 16.024 0.007
1769.71884 16.279 0.007
1771.83488 16.124 0.009
1772.77726 16.355 0.007
1773.74459 15.777 0.007
1776.76739 15.963 0.007
1784.74403 15.886 0.007
1788.80955 16.329 0.007
1803.76989 15.926 0.007
1806.76400 16.054 0.007
1808.83364 15.746 0.007
1811.76203 15.859 0.006
1814.80887 16.026 0.007
1817.77452 16.115 0.007
1822.65198 15.888 0.007
1826.80310 16.333 0.008
1829.74538 16.400 0.008
1846.79338 15.738 0.007
1850.75010 16.255 0.009
1854.80618 15.688 0.006
1858.73005 16.219 0.008
1862.72895 15.891 0.007
1867.75341 16.382 0.008
1871.76000 16.062 0.007
2085.90914 16.150 0.011
2086.88843 16.360 0.011
2086.92153 16.387 0.010
2103.89525 15.694 0.007
2104.85361 16.150 0.007
2105.92315 16.381 0.010
2106.89098 15.873 0.008
2106.91348 15.884 0.007
2112.84336 16.107 0.008
2113.83393 16.350 0.010
2114.84820 15.758 0.007
2115.90842 16.199 0.008
2116.87111 16.400 0.010
2116.89452 16.403 0.008
2117.90023 15.962 0.007
2123.81803 16.149 0.009
2123.84320 16.151 0.008
2128.82553 16.008 0.009
2128.84777 16.009 0.008
2129.85750 16.295 0.010
2129.87992 16.302 0.009
2130.82878 15.720 0.007
2130.84387 15.696 0.007
2131.82228 16.114 0.008
2131.83748 16.107 0.009
2132.80627 16.342 0.011
2132.82847 16.358 0.010
2133.89460 15.829 0.009
2133.91705 15.840 0.009
2134.81000 16.190 0.010
2134.83340 16.192 0.009
2135.84408 16.407 0.011
2135.86858 16.409 0.008
2136.86775 15.982 0.008
2137.89208 16.271 0.011
2137.91239 16.289 0.011
2140.81134 16.330 0.010
2140.83763 16.328 0.009
2142.88455 16.187 0.008
2143.81755 16.399 0.010
2143.83858 16.403 0.009
2144.81010 15.873 0.007
2144.82425 15.884 0.007
2155.87863 15.989 0.010
2155.90109 16.013 0.010
2156.82521 16.281 0.010
2156.84762 16.283 0.009
2160.75460 15.711 0.008
2162.76139 16.381 0.010
2162.78389 16.395 0.008
2166.75600 16.020 0.008
2166.77868 16.027 0.007
2167.74947 16.295 0.008
2167.76446 16.300 0.009
2168.71363 15.755 0.007
2168.73598 15.711 0.007
2171.73955 15.773 0.007
2171.76202 15.800 0.007
2172.74617 16.195 0.009
2172.76860 16.201 0.008
2173.73069 16.410 0.008
2177.63966 16.042 0.009
2177.66232 16.051 0.008
2184.70130 16.331 0.011
2184.72372 16.343 0.010
2185.66480 15.999 0.009
2185.68718 16.024 0.008
2186.68965 16.311 0.012
2187.66977 15.749 0.007
2187.68483 15.727 0.008
2188.73199 16.139 0.009
2190.69136 15.773 0.007
2190.71373 15.807 0.007
2191.65554 16.184 0.008
2191.66474 16.188 0.009
2192.66325 16.384 0.009
2192.68396 16.406 0.008
2193.68432 15.947 0.007
2193.70496 15.959 0.007
2194.65442 16.252 0.009
2194.67620 16.265 0.008
2200.68718 16.395 0.009
2201.74231 15.916 0.007
2203.55089 16.398 0.011
2206.60721 15.788 0.009
2206.62815 15.743 0.008
2211.64130 16.379 0.010
2211.66680 16.406 0.008
2212.64513 15.949 0.008
2212.66586 15.971 0.007
2213.65095 16.259 0.010
2213.67685 16.287 0.010
2214.64214 16.092 0.010
2214.66322 16.031 0.009
2215.64912 16.076 0.008
2215.67850 16.098 0.008
2217.63582 15.703 0.007
2217.65616 15.722 0.007
2219.67868 16.384 0.010
2219.69933 16.412 0.009
2222.74855 16.129 0.009
2223.68828 16.051 0.008
2224.71356 16.319 0.009
2225.61782 15.683 0.007
2226.63643 16.122 0.010
2226.66414 16.148 0.009
2228.55833 15.754 0.007
2228.57957 15.771 0.007
2229.61659 16.189 0.009
2230.51686 16.418 0.012
2231.64326 15.984 0.008
2232.50999 16.226 0.012
2232.53064 16.257 0.009
2233.61341 16.031 0.008
2234.57271 16.082 0.007
2235.66353 16.339 0.009
2236.56221 15.702 0.007
2238.54707 16.357 0.010
2238.56759 16.389 0.009
2240.65138 16.241 0.010
2241.55440 16.383 0.010
2242.61889 16.043 0.009
2243.59267 16.305 0.009
2248.60354 16.202 0.008
2248.63710 16.240 0.008
2250.57686 15.963 0.008
2250.61151 15.983 0.007
2253.57050 16.072 0.008
2253.59101 16.099 0.008
2255.60716 15.753 0.007
2256.57329 16.165 0.008
2258.57346 15.899 0.007
2258.61374 15.920 0.007
2263.58419 15.683 0.007
2263.60502 15.687 0.007
2265.63101 16.391 0.008
2266.55498 15.817 0.007
2270.58923 16.288 0.008
2271.56456 15.845 0.007
2272.58728 16.115 0.008
2273.56390 16.336 0.013
2274.57113 15.741 0.007
2275.59883 16.184 0.010
2276.53865 16.394 0.009
2276.55838 16.411 0.012
2278.59096 16.247 0.010
2280.55122 16.061 0.009
2280.58682 16.069 0.009
2284.58970 16.376 0.010
2285.58971 15.869 0.007
2289.58665 16.289 0.009
2290.60368 15.703 0.007
2291.58735 16.115 0.008
2293.56596 15.786 0.007
2293.58791 15.802 0.007
2295.55870 16.409 0.010
2295.58425 16.408 0.010
2297.56199 16.260 0.011
2297.58741 16.285 0.009
2299.56109 16.075 0.009
2299.58389 16.070 0.008
2301.55335 15.698 0.008
2301.57657 15.706 0.007
2445.91192 16.132 0.010
2460.87884 16.336 0.013
2460.90851 16.319 0.011
2463.91518 15.669 0.007
2463.93761 15.668 0.007
2465.92794 16.360 0.010
2466.85945 15.806 0.008
2467.90093 16.211 0.009
2467.92334 16.225 0.009
2469.90031 15.977 0.008
2469.92262 15.991 0.007
2471.88975 15.900 0.007
2471.91215 15.823 0.007
2472.90223 16.098 0.006
2472.91922 16.101 0.007
2473.89113 16.321 0.009
2473.92843 16.356 0.008
2481.88768 16.314 0.010
2481.90282 16.310 0.011
2483.88864 16.143 0.008
2483.91131 16.151 0.007
2486.88565 16.217 0.010
2486.91145 16.231 0.010
2488.87656 16.015 0.010
2488.91341 16.018 0.009
2489.92299 16.284 0.010
2492.90335 16.318 0.009
2492.92571 16.351 0.009
2496.90310 15.946 0.008
2496.92549 15.962 0.007
2497.92651 16.269 0.009
2498.77378 16.344 0.010
2498.79675 16.341 0.009
2499.85936 16.047 0.008
2499.88173 16.066 0.007
2500.86493 16.312 0.009
2500.89014 16.327 0.010
2501.85389 15.675 0.007
2501.87689 15.681 0.007
2502.83412 16.138 0.009
2502.85706 16.140 0.009
2508.74536 16.287 0.013
2508.76765 16.288 0.013
2516.77666 16.234 0.011
2516.79912 16.250 0.010
2517.82340 16.192 0.009
2517.84587 16.148 0.009
2518.79484 16.048 0.009
2518.81819 16.059 0.008
2519.81645 16.314 0.008
2519.83174 16.314 0.009
2520.79113 15.674 0.007
2520.81462 15.689 0.007
2521.80778 16.155 0.008
2521.82327 16.141 0.008
2524.80631 16.233 0.009
2524.82152 16.205 0.011
2526.77770 15.986 0.007
2526.80011 15.998 0.007
2529.79635 16.107 0.008
2534.83408 15.973 0.009
2534.85695 15.965 0.008
2535.79458 16.262 0.009
2535.81429 16.264 0.009
2537.70207 16.039 0.010
2537.72465 16.044 0.009
2538.79803 16.317 0.010
2538.82549 16.343 0.010
2539.70185 15.677 0.007
2539.72265 15.672 0.007
2540.74273 16.150 0.015
2540.76541 16.155 0.010
2541.71375 16.358 0.009
2541.73454 16.370 0.009
2542.68354 15.809 0.007
2542.70435 15.816 0.007
2544.66208 16.408 0.010
2544.68455 16.400 0.009
2545.67711 15.981 0.007
2545.69781 15.967 0.007
2547.69512 15.879 0.008
2547.71580 15.820 0.007
2548.71156 16.090 0.008
2548.73404 16.107 0.008
2550.70669 15.750 0.007
2550.72932 15.763 0.007
2551.69333 16.177 0.009
2551.71584 16.184 0.008
2552.73183 16.404 0.008
2553.64905 15.897 0.010
2553.67260 15.918 0.008
2554.70257 16.244 0.009
2554.72497 16.271 0.009
2555.71050 16.204 0.009
2555.73288 16.187 0.008
2556.68952 16.054 0.008
2556.71196 16.062 0.007
2557.70206 16.309 0.009
2557.72450 16.328 0.008
2558.65854 15.675 0.007
2558.68095 15.670 0.007
2559.61544 16.125 0.009
2559.63798 16.135 0.008
2560.64850 16.344 0.009
2560.67095 16.366 0.008
2561.67405 15.835 0.012
2561.71657 15.873 0.007
2562.66694 16.202 0.009
2562.68930 16.234 0.008
2563.67487 16.392 0.010
2563.69722 16.384 0.009
2564.69026 15.993 0.008
2564.71362 16.017 0.008
2565.68116 16.279 0.010
2565.70935 16.294 0.009
2566.66144 15.828 0.007
2566.68429 15.768 0.007
2568.69242 16.327 0.012
2568.75335 16.358 0.011
2571.64511 16.382 0.013
2571.67013 16.426 0.010
2572.77733 15.983 0.009
2573.65854 16.250 0.011
2573.68325 16.263 0.010
2574.64237 16.254 0.011
2574.66321 16.219 0.008
2576.69796 16.336 0.010
2577.62924 15.680 0.008
2577.66299 15.696 0.007
2578.62931 16.138 0.009
2578.65052 16.148 0.008
2579.63596 16.371 0.015
2579.66106 16.389 0.010
2580.66917 15.830 0.007
2583.64121 16.014 0.008
2584.62675 16.274 0.010
2584.64769 16.303 0.009
2586.62397 16.101 0.008
2586.66313 16.118 0.008
2587.60838 16.339 0.010
2587.63100 16.355 0.009
2588.71680 15.809 0.008
2589.59832 16.173 0.009
2589.62189 16.189 0.008
2590.61345 16.391 0.011
2590.63867 16.394 0.010
2591.63659 15.941 0.008
2591.66483 15.960 0.008
2593.60559 16.235 0.009
2593.62810 16.199 0.008
2594.60936 16.059 0.010
2594.63411 16.080 0.009
2596.58489 15.679 0.008
2596.60776 15.682 0.007
2597.57206 16.129 0.009
2597.59493 16.147 0.009
2598.64593 16.386 0.011
2598.67513 16.395 0.010
2599.60541 15.859 0.009
2599.62921 15.872 0.008
2607.62660 15.809 0.008
2607.64930 15.805 0.008
2610.54642 15.934 0.009
2610.57065 15.939 0.008
2613.54032 16.048 0.009
2613.56455 16.054 0.008
2615.56917 15.698 0.007
2615.59498 15.699 0.007
2619.55687 16.214 0.010
2619.57948 16.210 0.009
2621.56577 16.014 0.008
2621.58853 16.016 0.009
2625.54841 16.350 0.012
2625.57120 16.355 0.012
2627.54189 16.185 0.010
2628.54178 16.388 0.015
2630.55615 16.272 0.011
2632.54820 16.073 0.009
2635.56986 16.165 0.008
2636.54337 16.371 0.012
2639.54386 16.340 0.011
2640.53508 16.016 0.008
2642.55261 15.693 0.008
2642.57483 15.666 0.007
2646.56543 16.210 0.009
2646.58618 16.223 0.009
2651.53746 16.084 0.011
2651.56047 16.089 0.009
2654.55527 16.175 0.010
2654.58456 16.173 0.010
2657.54036 16.233 0.010
2657.55813 16.252 0.010
2660.55391 16.302 0.010
2661.53687 15.667 0.007
2664.57735 15.848 0.008
2667.53616 15.985 0.009
2671.55158 16.328 0.011
2672.55530 15.746 0.008
2673.56338 16.176 0.011
2676.52475 16.238 0.011
2676.54550 16.273 0.009
2679.53811 16.311 0.010
2679.56021 16.308 0.009
2682.54043 16.341 0.012
2683.53877 15.842 0.009
2777.90295 15.695 0.008
2777.92553 15.673 0.007
2804.85406 16.027 0.010
2804.86989 15.980 0.010
2805.87134 16.086 0.011
2811.90436 16.252 0.013
2811.92647 16.263 0.010
2814.94001 16.310 0.010
2815.90009 15.678 0.007
2817.92658 16.374 0.011
2817.94873 16.406 0.016
2825.93196 16.357 0.011
2830.83926 16.252 0.008
2831.78143 16.326 0.011
2831.80886 16.316 0.010
2832.74739 16.012 0.009
2832.76957 16.012 0.008
2832.92536 16.065 0.009
2832.94747 16.094 0.009
2833.86530 16.311 0.012
2833.88741 16.313 0.011
2834.93806 15.708 0.007
2835.87395 16.152 0.010
2837.87502 15.873 0.010
2838.83943 16.221 0.010
2838.93218 16.259 0.012
2840.82492 16.003 0.010
2840.84711 15.989 0.007
2843.82636 16.103 0.008
2843.84842 16.103 0.007
2844.87219 16.354 0.010
2844.89415 16.361 0.009
2845.91818 15.832 0.009
2845.94117 15.836 0.008
2849.87768 16.282 0.009
2850.88837 16.003 0.009
2850.91043 15.917 0.008
2851.93194 16.093 0.010
2852.80262 16.318 0.011
2852.83903 16.327 0.011
2853.94203 15.758 0.007
2854.85034 16.142 0.010
2856.81529 15.864 0.008
2857.85776 16.247 0.009
2858.90934 16.262 0.009
2858.93138 16.227 0.008
2860.87534 16.300 0.010
2860.89731 16.315 0.009
2861.74651 15.888 0.007
2862.89217 16.134 0.009
2862.92552 16.145 0.010
2863.83472 16.339 0.013
2863.85684 16.376 0.011
2865.81655 16.198 0.008
2865.83162 16.199 0.009
2866.88126 16.392 0.012
2867.80597 15.947 0.007
2867.82127 15.955 0.008
2868.76894 16.264 0.010
2868.80956 16.273 0.009
2869.79609 16.151 0.008
2869.90194 15.783 0.008
2870.81554 16.074 0.008
2870.83760 16.078 0.008
2871.85846 16.338 0.010
2871.88072 16.335 0.009
2872.83755 15.727 0.007
2875.79802 15.891 0.009
2875.82839 15.902 0.007
2876.77573 16.231 0.009
2876.79780 16.236 0.008
2879.72431 16.292 0.009
2879.73926 16.287 0.009
2883.82540 15.827 0.007
2883.84753 15.822 0.007
2885.76020 16.401 0.011
2885.78286 16.407 0.008
2888.80852 15.946 0.008
2890.71377 16.318 0.012
2892.79988 16.181 0.011
2893.76519 16.388 0.009
2894.72904 15.873 0.008
2895.81442 16.247 0.008
2896.72614 16.361 0.010
2897.71794 16.012 0.008
2898.74712 16.301 0.010
2899.75560 15.674 0.007
2900.74596 16.127 0.008
2902.74548 15.809 0.007
2903.77136 16.209 0.007
2905.75268 15.966 0.008
2906.72361 16.274 0.008
2907.75408 15.968 0.008
2908.70062 16.060 0.008
2909.74319 16.321 0.007
2910.69548 15.689 0.007
2911.73455 16.165 0.008
2912.70084 16.402 0.008
2915.70602 16.332 0.009
2916.71358 16.019 0.007
2917.73213 16.316 0.009
2918.69046 15.675 0.007
2921.72988 15.823 0.008
2922.69044 16.188 0.009
2923.75183 16.381 0.011
2924.63142 15.928 0.007
2925.71480 16.277 0.009
2926.62544 16.225 0.009
2927.71233 16.091 0.009
2929.68661 15.705 0.007
2930.73038 16.168 0.009
2931.66256 16.382 0.008
2932.73689 15.922 0.008
2933.67302 16.240 0.007
2934.71672 16.260 0.009
2935.63736 16.009 0.008
2937.64073 15.698 0.007
2937.66296 15.680 0.007
2939.67843 16.376 0.010
2939.69337 16.375 0.010
2940.63350 15.783 0.007
2940.65556 15.804 0.007
2941.63083 16.193 0.007
2941.68332 16.217 0.008
2942.63345 16.404 0.011
2942.65562 16.406 0.009
2943.60468 15.961 0.009
2943.62697 15.953 0.008
2944.58927 16.265 0.009
2944.61135 16.269 0.009
2945.60604 16.161 0.011
2946.60608 16.071 0.008
2947.61554 16.328 0.011
2947.63769 16.320 0.009
2949.59685 16.162 0.009
2949.61876 16.148 0.008
2950.57032 16.373 0.010
2950.64160 16.376 0.010
2951.62878 15.893 0.008
2951.65088 15.916 0.008
2952.65771 16.276 0.011
2953.59882 16.349 0.009
2954.68263 16.058 0.009
2955.58392 16.309 0.010
2956.62862 15.680 0.007
2957.59754 16.116 0.007
2958.62303 16.376 0.011
2960.61667 16.201 0.008
2961.59410 16.382 0.014
2962.65182 15.992 0.007
2965.65449 16.108 0.008
2968.59386 16.180 0.010
2968.61683 16.179 0.009
2970.61311 15.921 0.008
2970.63565 15.912 0.007
2972.59760 16.314 0.010
2972.64021 16.234 0.009
2974.59835 16.311 0.010
2975.54830 15.693 0.007
2976.54805 16.128 0.009
2977.64410 16.374 0.011
2978.57415 15.839 0.009
2979.58399 16.209 0.009
2980.59102 16.399 0.013
2981.63128 16.001 0.011
2982.53624 16.277 0.010
2983.56480 15.963 0.008
2984.62711 16.117 0.010
2986.58140 15.736 0.007
2986.63724 15.791 0.008
2988.52960 16.379 0.014
2988.55338 16.383 0.010
2991.57953 16.259 0.009
2991.60267 16.218 0.009
2994.56595 15.667 0.007
2994.58439 15.693 0.007
2997.55718 15.842 0.007
2997.58066 15.846 0.007
3000.57236 15.993 0.008
3001.57363 16.294 0.010
3003.55468 16.107 0.008
3005.53170 15.758 0.009
3006.54197 16.175 0.008
3008.55336 15.951 0.010
3008.55802 15.962 0.010
3009.53724 16.247 0.010
3011.56139 16.067 0.010
3013.53965 15.689 0.007
3015.57491 16.406 0.010
3016.58805 15.902 0.008
3018.55200 16.372 0.010
3018.57452 16.356 0.010
3020.58772 16.305 0.009
3020.60257 16.294 0.009
3021.61538 15.675 0.007
3023.57128 16.360 0.010
3024.54039 15.776 0.007
3025.56979 16.206 0.010
3025.60001 16.204 0.008
3027.60330 15.970 0.008
3027.62550 15.982 0.007
3029.57520 16.014 0.008
3029.59718 15.936 0.007
3031.57974 16.321 0.010
3031.60201 16.335 0.009
3033.58211 16.161 0.009
3034.53225 16.371 0.009
3037.52913 16.356 0.011
3037.55144 16.317 0.011
3164.92956 16.082 0.009
3183.91153 15.966 0.008
3183.93344 15.880 0.007
3193.87929 16.296 0.010
3193.90132 16.313 0.008
3195.93849 16.145 0.008
3196.87341 16.364 0.008
3197.91395 15.845 0.007
3197.93581 15.846 0.007
3199.93449 16.393 0.012
3201.87137 16.274 0.009
3202.86127 15.972 0.007
3203.87932 16.100 0.007
3203.90135 16.099 0.007
3204.94686 16.370 0.010
3206.81719 16.153 0.009
3206.83917 16.153 0.008
3210.89322 16.238 0.009
3210.91514 16.191 0.008
3211.86974 16.051 0.007
3211.88465 16.052 0.008
3215.66076 16.328 0.012
3216.72877 15.747 0.008
3216.75078 15.766 0.007
3217.80073 16.197 0.009
3217.92930 16.225 0.010
3218.91393 16.344 0.013
3223.83478 16.340 0.010
3223.85690 16.351 0.010
3226.82503 16.397 0.010
3228.77557 16.243 0.009
3229.85740 16.202 0.007
3231.83890 16.302 0.010
3238.77575 15.970 0.007
3239.81930 16.288 0.008
3240.78993 15.888 0.008
3240.81200 15.793 0.007
3241.79549 16.102 0.007
3241.81429 16.096 0.008
3242.71361 16.314 0.010
3242.73945 16.328 0.008
3243.85006 15.785 0.007
3243.87206 15.785 0.007
3244.85067 16.189 0.010
3245.77639 16.388 0.011
3245.79842 16.404 0.010
3246.76884 15.932 0.009
3246.79117 15.923 0.007
3247.76260 16.250 0.009
3247.79953 16.278 0.009
3249.72731 16.026 0.008
3249.74984 16.024 0.008
3251.74083 15.690 0.007
3251.76341 15.667 0.006
3254.72795 15.823 0.007
3254.75108 15.837 0.007
3257.74436 15.977 0.007
3257.77540 15.989 0.007
3259.66354 16.162 0.009
3259.68813 16.067 0.007
3261.70164 16.323 0.009
3261.72417 16.328 0.008
3263.68434 16.164 0.007
3263.72140 16.155 0.007
3265.71873 15.908 0.007
3265.74273 15.922 0.007
3267.70757 16.281 0.007
3267.72949 16.252 0.007
3269.78399 16.311 0.011
3270.68294 15.664 0.007
3270.74081 15.687 0.007
3271.66364 16.133 0.008
3271.68586 16.131 0.008
3272.72083 16.372 0.009
3273.64418 15.792 0.007
3274.70670 16.209 0.009
3275.63007 16.410 0.011
3276.71113 16.003 0.009
3276.73343 16.020 0.008
3277.74427 16.287 0.009
3277.77208 16.300 0.008
3279.67659 16.085 0.008
3279.70370 16.098 0.007
3281.64027 15.725 0.007
3281.66225 15.724 0.006
3283.64171 16.395 0.008
3283.66393 16.378 0.007
3287.60793 16.025 0.007
3287.63009 16.005 0.007
3289.61900 15.691 0.007
3289.64504 15.675 0.006
3291.57800 16.371 0.008
3293.59579 16.168 0.007
3295.61458 15.968 0.007
3295.63653 15.991 0.006
3297.59633 16.049 0.007
3298.57442 16.087 0.007
3299.65270 16.315 0.007
3300.57673 15.700 0.007
3301.62694 16.168 0.009
3302.55371 16.376 0.010
3303.68919 15.941 0.008
3305.65373 16.220 0.008
3306.62174 16.056 0.007
3307.56602 16.312 0.011
3308.60946 15.685 0.007
3309.59110 16.137 0.007
3310.60859 16.373 0.010
3311.54272 15.803 0.007
3312.65261 16.223 0.009
3314.56347 15.976 0.009
3314.58567 15.977 0.009
3320.60130 16.184 0.008
3320.62349 16.186 0.007
3323.57092 16.250 0.008
3327.55626 15.687 0.007
3327.57844 15.669 0.007
3330.55049 15.842 0.007
3330.57393 15.847 0.007
3335.59532 15.718 0.007
3335.61794 15.702 0.007
3338.56361 15.744 0.007
3338.59893 15.780 0.007
3349.59526 15.886 0.007
3350.53794 16.230 0.007
3353.57435 16.291 0.009
3353.59651 16.305 0.008
3359.55088 16.383 0.010
3359.57838 16.403 0.009
3363.55822 16.080 0.009
3363.58049 16.095 0.008
3367.61754 16.390 0.010
3367.64009 16.397 0.009
3372.54829 16.279 0.008
3372.57356 16.310 0.008
3376.52760 15.795 0.009
3376.54970 15.803 0.007
3378.59455 16.366 0.010
3380.53613 16.265 0.010
3386.56098 16.393 0.008
3386.58308 16.393 0.007
3390.57456 16.066 0.009
3395.53091 15.841 0.008
3398.55632 15.998 0.008
3398.57862 15.998 0.008
3402.54472 16.319 0.008
3402.57585 16.340 0.009
3528.93692 16.159 0.009
3541.92972 15.948 0.007
3543.88948 16.223 0.008
3547.91431 16.152 0.008
3551.91296 16.366 0.008
3554.92252 15.695 0.007
3554.94420 15.672 0.007
3560.94464 15.977 0.007
3564.90680 16.322 0.008
3564.92910 16.319 0.007
3568.83766 15.858 0.007
3568.87470 15.879 0.007
3570.77838 16.390 0.012
3571.80071 16.002 0.009
3571.82667 15.998 0.008
3573.83820 15.727 0.007
3573.87237 15.680 0.007
3574.87719 16.116 0.008
3575.82813 16.336 0.008
3577.83586 16.189 0.008
3577.88450 16.195 0.008
3578.89443 16.381 0.008
3579.79927 15.933 0.007
3579.82559 15.902 0.007
3581.84420 16.096 0.008
3581.86691 16.002 0.007
3581.89467 15.892 0.007
3582.82909 16.067 0.011
3582.85097 16.067 0.008
3583.83350 16.302 0.009
3583.86119 16.335 0.008
3585.88230 16.152 0.007
3586.80784 16.373 0.008
3586.83446 16.378 0.007
3588.82573 16.230 0.007
3588.85274 16.233 0.007
3589.81854 16.336 0.011
3590.80879 16.000 0.007
3591.87334 16.296 0.007
3592.77354 15.742 0.006
3593.81090 16.122 0.008
3594.81303 16.359 0.007
3596.89136 16.201 0.008
3597.85295 16.404 0.009
3600.88915 15.744 0.007
3601.80899 16.076 0.008
3602.75000 16.322 0.010
3607.81440 16.246 0.008
3607.84113 16.244 0.007
3614.78579 15.809 0.007
3614.81334 15.814 0.007
3617.76529 15.954 0.007
3617.79714 15.962 0.007
3619.69821 16.216 0.008
3619.77522 15.980 0.007
3621.71667 16.297 0.008
3621.76772 16.339 0.007
3624.86497 16.396 0.011
3626.71435 16.230 0.008
3628.79458 16.055 0.009
3629.66796 16.285 0.010
3630.64647 15.827 0.007
3631.73033 16.114 0.009
3632.64381 16.305 0.010
3633.69564 15.795 0.007
3634.71671 16.197 0.007
3637.64955 16.269 0.009
3637.67552 16.262 0.008
3639.69963 16.078 0.007
3639.72545 16.073 0.007
3641.69619 15.715 0.007
3641.72221 15.705 0.007
3643.72056 16.400 0.011
3643.82063 16.390 0.010
3644.76131 15.911 0.006
3646.65552 16.354 0.009
3646.69235 16.308 0.008
3650.65877 16.108 0.008
3650.68281 16.120 0.008
3650.71358 16.126 0.007
3651.73275 16.361 0.008
3652.64871 15.777 0.006
3653.72891 16.214 0.008
3654.62702 16.417 0.008
3655.69509 15.977 0.007
3656.65072 16.259 0.008
3657.64587 16.096 0.008
3657.70841 15.865 0.007
3658.65030 16.067 0.008
3658.68572 16.076 0.008
3659.63835 16.306 0.010
3659.66604 16.323 0.009
3660.66847 15.712 0.007
3661.61473 16.148 0.008
3663.63769 15.873 0.007
3665.63356 16.343 0.009
3665.67000 16.286 0.008
3668.57198 15.764 0.007
3668.61917 15.697 0.007
3669.67074 16.137 0.011
3670.56986 16.349 0.009
3671.62890 15.809 0.007
3672.60931 16.185 0.008
3673.67376 16.375 0.011
3674.66816 15.953 0.007
3675.65834 16.278 0.009
3676.60857 16.080 0.007
3682.58531 15.873 0.007
3683.64765 16.231 0.008
3684.57820 16.358 0.008
3685.65278 16.041 0.007
3686.56809 16.270 0.008
3687.65145 15.675 0.007
3688.54115 16.104 0.007
3689.59984 16.345 0.009
3690.54705 15.794 0.007
3692.57568 16.394 0.010
3692.59962 16.415 0.009
3694.55966 16.267 0.010
3694.58619 16.274 0.007
3696.56018 16.069 0.007
3696.58233 16.086 0.007
3698.59387 15.730 0.007
3698.61606 15.740 0.007
3700.57480 16.364 0.010
3700.62609 16.404 0.009
3702.58409 16.246 0.009
3702.61702 16.250 0.008
3704.59036 16.044 0.008
3704.61753 16.068 0.007
3706.61079 15.683 0.007
3706.63241 15.692 0.006
3708.58367 16.375 0.010
3708.61381 16.367 0.009
3711.59026 16.372 0.011
3712.57033 15.984 0.007
3714.52401 16.044 0.012
3714.57303 15.844 0.007
3718.55650 16.178 0.008
3718.60452 16.184 0.009
3721.55342 16.241 0.010
3721.58868 16.264 0.009
3724.56310 16.312 0.009
3725.61758 15.698 0.006
3726.58366 16.151 0.008
3728.55677 15.843 0.007
3730.54182 16.378 0.007
3734.56022 16.122 0.009
3734.61251 16.115 0.007
3737.57590 16.191 0.008
3738.56458 16.414 0.009
3742.53452 16.063 0.011
3742.56175 16.074 0.008
3746.55980 16.398 0.012
3747.56253 15.880 0.007
3751.53618 16.273 0.012
3751.57033 16.303 0.010
3756.55244 16.197 0.009
3761.60271 16.100 0.008
3762.54834 16.337 0.010
3766.52751 15.895 0.008
3766.55357 15.903 0.007
3772.55033 16.127 0.008
3772.58033 16.136 0.007
3776.55040 16.396 0.010
3777.52767 15.981 0.008
3871.87630 15.740 0.008
3871.89974 15.758 0.007
3901.93882 15.900 0.008
3902.92003 16.236 0.008
3906.93909 15.675 0.007
3907.91487 16.137 0.007
3913.91603 16.270 0.008
3913.94042 16.281 0.007
3918.87954 16.159 0.008
3918.91019 16.187 0.007
3931.91488 16.016 0.008
3934.85790 16.092 0.007
3934.87970 16.084 0.007
3936.86610 15.729 0.007
3936.88802 15.751 0.007
3938.85009 16.385 0.010
3938.87205 16.430 0.009
3944.89748 15.694 0.007
3945.87897 16.140 0.007
3946.86561 16.368 0.009
3950.82390 15.985 0.007
3951.88502 16.306 0.009
3955.85015 15.763 0.008
3957.77944 16.397 0.011
3958.82667 15.926 0.008
3959.76889 16.245 0.008
3960.82682 16.222 0.008
3961.76302 16.032 0.008
3963.82353 15.692 0.007
3964.77127 16.142 0.007
3965.81541 16.377 0.007
3966.76352 15.822 0.007
3967.83526 16.224 0.007
3968.75719 16.396 0.008
3969.80090 15.994 0.007
3970.74888 16.276 0.007
3971.77709 15.846 0.007
3973.71818 16.335 0.008
3974.77883 15.756 0.007
3975.73044 16.163 0.007
3979.73419 16.301 0.008
3980.61754 15.995 0.009
3980.66569 16.015 0.007
3981.64383 16.289 0.008
3981.66545 16.299 0.008
3982.72979 15.689 0.007
3983.83415 16.158 0.009
3986.69571 16.192 0.009
3986.70312 16.195 0.008
3987.66675 16.398 0.009
3990.79002 15.702 0.007
3991.73234 16.114 0.008
3993.73482 15.753 0.007
3994.64474 16.155 0.008
3995.74009 16.386 0.008
3998.67513 16.323 0.009
3999.74936 16.060 0.007
4001.64593 15.691 0.006
4002.72150 16.139 0.007
4003.61736 16.363 0.009
4004.67329 15.824 0.007
4004.69715 15.824 0.007
4005.69130 16.218 0.007
4006.69950 16.385 0.008
4007.56288 15.923 0.007
4007.58456 15.938 0.007
4008.57181 16.260 0.008
4008.59344 16.276 0.007
4009.73327 15.728 0.007
4011.64394 16.344 0.008
4013.69838 16.165 0.008
4014.62637 16.427 0.011
4015.68067 15.923 0.008
4015.69690 15.929 0.008
4016.62315 16.246 0.008
4018.61955 16.046 0.007
4018.69606 16.061 0.008
4019.68463 16.316 0.009
4020.62300 15.684 0.007
4021.67712 16.135 0.008
4023.60886 15.809 0.007
4024.65059 16.225 0.008
4025.60923 16.405 0.009
4026.62947 15.996 0.007
4027.59736 16.283 0.008
4028.62543 15.876 0.007
4029.57966 16.086 0.007
4030.63799 16.326 0.009
4031.56675 15.697 0.006
4032.69009 16.191 0.009
4033.66099 16.396 0.008
4037.66628 16.064 0.007
4038.55618 16.317 0.009
4039.60422 15.676 0.007
4041.60374 16.374 0.011
4042.56434 15.813 0.007
4043.58944 16.211 0.009
4044.58735 16.379 0.011
4046.59877 16.274 0.009
4046.62044 16.263 0.008
4048.56467 16.087 0.008
4049.53237 16.319 0.007
4050.60679 15.767 0.007
4052.55889 16.370 0.011
4054.61307 16.255 0.009
4055.52203 16.323 0.010
4056.58516 16.046 0.008
4057.59738 16.326 0.010
4058.61871 15.711 0.007
4059.59585 16.158 0.007
4060.51755 16.361 0.010
4063.54088 16.395 0.008
4064.51518 15.968 0.007
4065.59293 16.295 0.007
4066.55665 15.788 0.007
4067.58378 16.121 0.007
4069.51502 15.732 0.008
4069.53666 15.728 0.007
4071.54748 16.394 0.008
4073.59859 16.267 0.009
4074.54357 16.222 0.008
4077.52194 15.678 0.007
4077.54530 15.680 0.006
4079.52388 16.388 0.012
4079.54548 16.358 0.008
4082.52384 16.400 0.012
4082.54683 16.368 0.008
4085.56155 15.699 0.007
4085.62418 15.683 0.007
4092.55760 16.276 0.008
4092.57966 16.292 0.007
4096.58355 15.731 0.007
4097.62224 16.187 0.008
4100.58634 16.243 0.009
4100.61370 16.245 0.008
4105.55417 16.128 0.008
4105.57770 16.123 0.008
4108.53042 16.187 0.009
4111.61414 16.280 0.007
4113.60831 16.119 0.007
4115.53361 15.726 0.007
4120.56452 16.206 0.007
4120.57914 16.196 0.007
4124.58160 16.161 0.007
4126.57697 15.868 0.008
4128.59999 16.336 0.008
4252.92626 16.399 0.012
4255.84555 16.330 0.011
4255.86769 16.317 0.010
4268.89906 16.340 0.010
4268.92644 16.348 0.009
4275.92119 16.069 0.009
4275.94137 16.057 0.008
4279.79887 16.360 0.014
4282.80943 16.391 0.011
4283.86237 16.000 0.009
4284.87907 16.303 0.010
4285.91669 15.685 0.007
4285.94449 15.658 0.007
4291.93747 15.978 0.009
4292.85599 16.259 0.009
4292.88693 16.262 0.008
4295.86004 16.330 0.009
4295.88040 16.320 0.009
4296.88980 15.709 0.007
4296.91088 15.698 0.007
4297.92266 16.170 0.009
4297.94282 16.165 0.009
4299.85747 15.872 0.007
4299.87768 15.852 0.007
4300.87896 16.229 0.009
4300.89942 16.221 0.008
4301.89697 16.297 0.009
4301.91797 16.245 0.008
4302.91858 16.043 0.009
4302.93987 16.038 0.008
4306.86321 16.346 0.012
4306.93658 16.381 0.010
4307.85114 15.757 0.007
4307.89749 15.829 0.007
4308.65864 16.150 0.009
4308.67933 16.153 0.008
4308.86662 16.196 0.009
4308.88727 16.190 0.008
4310.83897 15.949 0.008
4310.85942 15.936 0.007
4311.82652 16.269 0.013
4311.85928 16.255 0.011
4312.90040 15.831 0.007
4312.92146 15.737 0.007
4314.91987 16.337 0.011
4314.94054 16.361 0.011
4316.82641 16.154 0.009
4316.84842 16.157 0.009
4319.86359 16.250 0.010
4320.89045 16.244 0.010
4326.83432 15.821 0.007
4327.81259 16.203 0.011
4327.83410 16.209 0.011
4328.82822 16.400 0.010
4328.84984 16.386 0.009
4329.83076 15.975 0.008
4329.85096 15.965 0.007
4330.85900 16.274 0.009
4330.88048 16.276 0.009
4332.89669 16.108 0.008
4333.86030 16.329 0.010
4334.87368 15.759 0.007
4338.90068 16.278 0.011
4338.92611 16.288 0.010
4340.77316 16.027 0.008
4340.79695 16.027 0.008
4341.76831 16.300 0.011
4341.78983 16.306 0.010
4342.82417 15.675 0.007
4342.86400 15.670 0.007
4343.76181 16.116 0.009
4343.78338 16.122 0.008
4344.74396 16.317 0.015
4344.76546 16.358 0.009
4345.78995 15.817 0.007
4346.72175 16.209 0.009
4347.77884 16.399 0.016
4348.72754 15.953 0.007
4349.79203 16.279 0.010
4350.70420 16.179 0.008
4351.72913 16.091 0.010
4352.80632 16.340 0.010
4353.66233 15.679 0.007
4353.75235 15.747 0.008
4354.78367 16.177 0.008
4357.70122 16.233 0.010
4357.76735 16.242 0.009
4359.69915 16.007 0.007
4359.72131 16.010 0.007
4361.70171 15.697 0.007
4362.66896 16.144 0.010
4362.72443 16.135 0.010
4363.62824 16.338 0.010
4364.58347 15.725 0.008
4365.68662 16.191 0.010
4367.68098 15.944 0.009
4369.68060 16.101 0.010
4370.67263 16.063 0.009
4371.66955 16.329 0.010
4372.73610 15.745 0.007
4376.65149 16.223 0.010
4376.67301 16.232 0.009
4378.61807 16.005 0.008
4378.63963 16.009 0.008
4379.64603 16.289 0.010
4379.67093 16.327 0.011
4380.75888 15.677 0.007
4381.63008 16.115 0.009
4382.68633 16.353 0.010
4382.70864 16.355 0.009
4386.66139 15.960 0.008
4386.68289 15.971 0.007
4388.66187 15.989 0.008
4388.68361 15.904 0.007
4390.67086 16.322 0.009
4390.69245 16.338 0.008
4393.64464 16.376 0.010
4393.68700 16.405 0.010
4395.67952 16.254 0.010
4396.66156 16.298 0.010
4398.64496 16.295 0.010
4398.66655 16.303 0.009
4400.66784 16.144 0.009
4400.69106 16.136 0.008
4403.69363 16.231 0.010
4404.66806 16.388 0.010
4407.63372 15.912 0.008
4407.65595 15.826 0.007
4408.67990 16.098 0.009
4410.68586 15.759 0.007
4410.70284 15.793 0.007
4415.67219 16.194 0.008
4415.68697 16.145 0.009
4418.59364 15.676 0.007
4418.61771 15.667 0.007
4421.67552 15.869 0.007
4422.65487 16.207 0.009
4423.67997 16.361 0.010
4424.65193 16.002 0.008
4426.55618 16.014 0.008
4427.53863 16.078 0.009
4428.57287 16.332 0.011
4429.56456 15.741 0.009
4430.63309 16.183 0.008
4431.56900 16.397 0.011
4432.61899 15.929 0.007
4433.57486 16.247 0.009
4434.62426 16.181 0.008
4435.56321 16.035 0.008
4436.60056 16.318 0.008
4437.65225 15.704 0.008
4438.66322 16.162 0.009
4439.56412 16.366 0.011
4440.59635 15.860 0.007
4441.59995 16.226 0.010
4442.55787 16.387 0.011
4443.59068 16.014 0.009
4444.58267 16.292 0.011
4449.64470 16.201 0.009
4450.61510 16.410 0.011
4451.59983 15.941 0.008
4452.59264 16.272 0.009
4453.58181 16.170 0.010
4454.52968 16.038 0.010
4455.60178 16.332 0.009
4456.58324 15.698 0.008
4457.53731 16.143 0.009
4459.53574 15.830 0.009
4459.55740 15.855 0.007
4462.58885 16.023 0.008
4465.54136 16.099 0.009
4466.61300 16.357 0.009
4470.56029 15.954 0.009
4471.54766 16.262 0.009
4474.59679 16.322 0.012
4475.54173 15.695 0.007
4476.57493 16.161 0.009
4479.59974 16.258 0.011
4480.58275 16.294 0.009
4481.58441 16.055 0.008
4482.58971 16.317 0.011
4484.60109 16.111 0.011
4485.59278 16.347 0.011
4487.62265 16.218 0.012
4488.59503 16.398 0.011
4609.89594 16.310 0.011
4609.91743 16.309 0.010
4643.88061 15.980 0.008
4643.90154 15.967 0.008
4649.93082 16.170 0.009
4650.94042 16.391 0.009
4661.89396 16.375 0.009
4662.77668 15.951 0.007
4662.79821 15.955 0.007
4662.89360 16.008 0.008
4662.91503 16.005 0.007
4663.74837 16.261 0.010
4663.76980 16.285 0.010
4663.91765 16.299 0.009
4663.93227 16.285 0.010
4665.82132 16.092 0.010
4665.91527 16.108 0.010
4665.93674 16.096 0.009
4666.90913 16.347 0.011
4670.90358 15.958 0.008
4671.81782 16.237 0.010
4672.87754 16.181 0.008
4675.89515 15.694 0.007
4676.92519 16.161 0.009
4677.84080 16.357 0.008
4681.87488 16.007 0.007
4682.81523 16.266 0.008
4683.87013 15.705 0.007
4684.85309 16.116 0.007
4685.85625 16.351 0.010
4686.81308 15.745 0.007
4688.80759 16.404 0.009
4688.82904 16.399 0.008
4690.73315 16.236 0.008
4690.75464 16.232 0.008
4691.73602 16.315 0.010
4691.75767 16.303 0.010
4693.89111 16.347 0.011
4693.91264 16.339 0.010
4696.84103 16.373 0.013
4696.88632 16.379 0.012
4697.82483 15.866 0.007
4698.75286 16.197 0.008
4698.77439 16.211 0.007
4699.74687 16.385 0.010
4699.76852 16.405 0.009
4700.78438 15.994 0.007
4700.80323 15.989 0.007
4701.78958 16.279 0.010
4701.81114 16.279 0.009
4702.84972 15.687 0.007
4703.74876 16.097 0.009
4703.77036 16.108 0.008
4704.76761 16.329 0.009
4704.78910 16.335 0.008
4705.77485 15.774 0.007
4705.79660 15.766 0.007
4707.76752 16.397 0.009
4707.78899 16.387 0.008
4708.83578 15.962 0.007
4709.74481 16.244 0.008
4710.75175 16.249 0.009
4710.77338 16.201 0.007
4715.75334 16.389 0.009
4716.75326 15.859 0.007
4716.77905 15.879 0.006
4717.70510 16.204 0.007
4719.74543 16.011 0.008
4719.79393 16.022 0.008
4721.73439 15.761 0.007
4721.78677 15.687 0.007
4724.66933 15.721 0.007
4724.76409 15.806 0.009
4725.74880 16.181 0.008
4726.65976 16.385 0.011
4728.75439 16.265 0.008
4729.67074 16.290 0.011
4731.76099 16.309 0.009
4733.73096 16.154 0.007
4734.74331 16.374 0.009
4736.70809 16.215 0.009
4739.64937 16.262 0.010
4740.67253 15.811 0.007
4741.70791 16.102 0.007
4741.72395 16.108 0.007
4743.75648 15.810 0.007
4747.59056 16.226 0.009
4747.61211 16.252 0.009
4749.59013 16.033 0.010
4749.61179 16.047 0.009
4753.68276 16.368 0.010
4755.65321 16.209 0.009
4755.67478 16.227 0.008
4757.63765 15.993 0.007
4757.65927 15.999 0.007
4759.65027 15.742 0.007
4759.67397 15.698 0.007
4761.62054 16.324 0.008
4761.64235 16.337 0.007
4763.63318 16.184 0.010
4763.65960 16.192 0.009
4766.60140 16.248 0.010
4767.60052 16.265 0.008
4769.63947 16.317 0.010
4770.66906 15.717 0.007
4771.55054 16.132 0.009
4772.60680 16.357 0.008
4774.56136 16.203 0.008
4775.66219 16.329 0.010
4776.55297 15.974 0.007
4777.59594 16.278 0.009
4777.65491 16.288 0.009
4780.52361 16.334 0.010
4781.58145 15.764 0.007
4781.63756 15.776 0.007
4783.56507 16.383 0.011
4785.59617 16.274 0.010
4785.62207 16.267 0.009
4789.53158 15.674 0.007
4789.55318 15.673 0.007
4790.61380 16.144 0.007
4791.53470 16.362 0.010
4791.61210 16.386 0.009
4793.51623 16.206 0.010
4793.54212 16.232 0.008
4795.53328 15.985 0.007
4795.55482 15.999 0.007
4797.52548 15.839 0.007
4797.54708 15.765 0.007
4798.58878 16.124 0.009
4798.61042 16.126 0.008
4800.63607 15.821 0.007
4800.65780 15.825 0.007
4803.52739 15.923 0.008
4803.54891 15.922 0.007
4804.57757 16.273 0.011
4804.60400 16.307 0.010
4805.59086 16.028 0.007
4806.58659 16.081 0.008
4807.52867 16.311 0.011
4808.54482 15.691 0.007
4809.55802 16.154 0.008
4810.55526 16.372 0.011
4811.57992 15.876 0.007
4813.55685 16.336 0.010
4813.59461 16.299 0.010
4815.57074 16.296 0.010
4815.59277 16.298 0.009
4816.53985 15.691 0.007
4817.58728 16.134 0.008
4818.59012 16.375 0.009
4819.58688 15.834 0.007
4820.53162 16.171 0.009
4821.62878 16.377 0.009
4822.58838 15.972 0.007
4823.58957 16.274 0.009
4824.57320 15.923 0.008
4825.61801 16.117 0.009
4826.63284 16.332 0.008
4832.59113 16.223 0.010
4833.57228 16.050 0.007
4835.57295 15.689 0.007
4835.59549 15.670 0.007
4836.63561 16.166 0.009
4837.56251 16.377 0.011
4837.60646 16.380 0.010
4838.60656 15.866 0.007
4839.58508 16.250 0.009
4839.59446 16.224 0.010
4841.55724 16.008 0.008
4841.58281 16.006 0.008
4842.53474 16.290 0.011
4842.56152 16.288 0.011
4842.60683 16.321 0.010
4843.52893 15.893 0.009
4843.57704 15.744 0.007
4844.52683 16.088 0.011
4844.57001 16.106 0.008
4844.61721 16.119 0.008
4846.58616 15.759 0.007
4847.62249 16.182 0.009
4847.62632 16.195 0.012
4848.62240 16.387 0.008
4850.60987 16.265 0.009
4853.58361 16.323 0.010
4854.60110 15.702 0.007
4856.57754 16.379 0.010
4856.61834 16.400 0.008
4862.56626 15.693 0.007
4865.55067 15.770 0.007
4868.55663 15.951 0.007
4936.91655 16.173 0.010
4940.89923 16.210 0.009
4940.90309 16.195 0.009
4953.89694 16.349 0.010
4954.88836 15.768 0.007
