 621.87156 13.421 0.006
 627.92076 12.962 0.006
 628.93008 12.915 0.006
 632.93040 13.131 0.006
 633.93487 13.165 0.006
 635.92999 13.258 0.006
 643.89875 13.088 0.006
 645.90225 12.936 0.006
 649.87156 13.132 0.006
 656.91733 13.342 0.006
 657.85854 13.305 0.006
 664.82154 13.088 0.006
 664.91007 13.079 0.006
 665.89706 13.107 0.006
 666.90759 13.139 0.006
 667.91843 13.189 0.006
 668.88898 13.228 0.006
 670.85462 13.333 0.006
 671.87719 13.357 0.006
 672.93071 13.362 0.006
 673.73296 13.346 0.006
 684.80973 13.193 0.006
 685.74827 13.229 0.006
 686.79068 13.295 0.006
 688.89552 13.363 0.006
 689.78554 13.358 0.006
 697.75151 13.074 0.006
 698.89757 13.104 0.006
 699.75403 13.124 0.006
 700.76265 13.163 0.006
 701.73509 13.203 0.006
 704.70740 13.358 0.006
 706.73112 13.371 0.006
 707.76713 13.318 0.006
 708.73463 13.282 0.006
 712.73501 12.925 0.006
 713.77270 13.031 0.006
 714.78812 13.086 0.006
 716.72174 13.128 0.006
 720.69730 13.334 0.006
 722.66257 13.386 0.006
 726.75469 13.180 0.006
 728.65348 12.914 0.006
 729.72038 12.953 0.006
 730.64451 13.037 0.006
 733.70652 13.146 0.006
 739.77148 13.394 0.006
 741.69802 13.283 0.006
 742.78845 13.231 0.006
 744.74029 12.967 0.006
 745.69159 12.915 0.006
 747.63049 13.061 0.006
 748.59202 13.086 0.006
 749.59971 13.106 0.006
 750.59430 13.147 0.006
 751.60142 13.204 0.006
 752.80399 13.265 0.006
 753.74455 13.311 0.006
 754.71116 13.348 0.006
 755.60023 13.388 0.006
 759.60623 13.220 0.006
 760.61262 13.115 0.006
 761.60960 12.941 0.006
 762.60018 12.919 0.006
 762.73473 12.922 0.006
 763.61916 12.995 0.006
 763.69976 12.999 0.006
 763.78843 13.021 0.006
 764.70638 13.077 0.006
 765.65050 13.089 0.006
 766.54669 13.135 0.006
 766.68732 13.124 0.006
 767.59577 13.171 0.006
 767.65450 13.167 0.006
 767.74914 13.174 0.006
 769.57874 13.261 0.006
 770.56649 13.313 0.006
 771.58105 13.376 0.006
 772.57977 13.385 0.006
 772.76098 13.398 0.006
 773.64162 13.352 0.006
 775.62396 13.261 0.006
 776.61322 13.208 0.006
 776.76581 13.196 0.006
 777.55787 13.088 0.006
 778.59569 12.918 0.006
 778.68662 12.924 0.006
 779.57603 12.934 0.006
 779.73082 12.940 0.006
 780.58005 13.030 0.006
 780.74901 13.043 0.006
 781.63071 13.086 0.006
 782.56530 13.119 0.006
 782.66492 13.131 0.006
 783.61106 13.146 0.006
 784.65654 13.194 0.006
 785.55293 13.228 0.006
 786.55916 13.287 0.006
 787.64084 13.334 0.006
 788.56908 13.370 0.006
 790.60864 13.353 0.006
 795.59655 12.898 0.006
 796.58376 12.986 0.006
 796.71115 12.984 0.006
 797.56463 13.059 0.006
 798.63408 13.098 0.006
 800.56921 13.156 0.006
 802.66085 13.263 0.006
 806.56695 13.368 0.006
 808.58519 13.279 0.006
 816.66148 13.127 0.006
 817.65677 13.167 0.006
 819.63588 13.244 0.006
 822.62227 13.376 0.006
 824.64226 13.318 0.006
 825.62999 13.258 0.006
 828.67531 12.934 0.006
 829.64197 12.941 0.006
 830.55945 13.043 0.006
 832.64877 13.103 0.006
 834.55103 13.181 0.006
 836.61646 13.279 0.006
 838.63530 13.358 0.006
 840.62823 13.371 0.006
 842.63964 13.229 0.006
 843.63048 13.184 0.006
 845.62134 12.919 0.006
 850.60333 13.149 0.006
 855.60808 13.381 0.006
 856.57284 13.379 0.006
 858.54077 13.297 0.006
 860.54251 13.159 0.006
 867.53868 13.184 0.006
 874.53743 13.314 0.006
 963.92088 12.990 0.006
 986.90727 13.288 0.006
 987.91951 13.337 0.006
 996.90612 12.963 0.006
 998.83848 13.100 0.006
1003.84050 13.315 0.006
1005.86479 13.378 0.006
1008.89773 13.266 0.006
1020.86099 13.319 0.006
1025.84662 13.262 0.006
1035.81435 13.213 0.006
1037.84147 13.323 0.006
1038.85961 13.357 0.006
1041.84779 13.290 0.006
1045.81215 12.944 0.006
1049.84107 13.114 0.006
1053.73234 13.274 0.006
1058.80043 13.296 0.006
1059.84603 13.259 0.006
1061.83248 13.011 0.006
1064.78896 13.046 0.006
1069.70237 13.224 0.006
1074.68353 13.344 0.006
1077.67799 13.155 0.006
1079.68006 12.921 0.006
1081.72725 13.059 0.006
1084.66620 13.149 0.006
1087.68566 13.307 0.006
1090.65364 13.376 0.006
1092.71770 13.283 0.006
1095.74395 12.926 0.006
1102.68277 13.217 0.006
1107.65100 13.367 0.006
1112.69415 12.919 0.006
1117.63266 13.153 0.006
1122.64705 13.381 0.006
1128.59712 12.990 0.006
1132.62302 13.116 0.006
1138.66815 13.360 0.006
1140.67651 13.387 0.006
1144.70315 13.093 0.006
1151.61442 13.188 0.006
1154.57157 13.339 0.006
1157.58127 13.362 0.006
1160.60609 13.212 0.006
1163.68450 12.998 0.006
1164.73007 13.066 0.006
1170.58501 13.292 0.006
1178.70758 13.025 0.006
1182.70603 13.098 0.006
1185.64874 13.194 0.006
1187.68527 13.297 0.006
1190.55464 13.372 0.006
1202.63030 13.200 0.006
1208.60083 13.315 0.006
1211.60324 13.080 0.006
1216.59121 13.103 0.006
1219.59560 13.220 0.006
1228.54663 13.057 0.006
1235.54065 13.197 0.006
1329.83298 12.925 0.006
1335.91331 13.202 0.006
1349.94038 13.100 0.006
1355.93328 13.366 0.006
1366.88947 13.109 0.006
1367.91148 13.147 0.006
1369.90438 13.232 0.006
1374.89824 13.350 0.006
1395.86453 12.974 0.006
1397.88734 12.995 0.006
1401.90168 13.166 0.006
1402.89942 13.217 0.006
1407.90981 13.372 0.006
1412.80844 12.952 0.006
1418.78241 13.175 0.006
1432.80493 13.091 0.006
1435.73062 13.193 0.006
1439.82840 13.367 0.006
1442.79279 13.265 0.006
1447.72174 12.975 0.006
1451.71238 13.160 0.006
1454.71069 13.340 0.006
1460.65481 13.248 0.006
1462.67869 12.957 0.006
1470.62998 13.257 0.006
1475.67773 13.304 0.006
1478.60398 13.080 0.006
1481.61711 13.027 0.006
1484.61875 13.138 0.006
1487.57788 13.280 0.006
1489.60127 13.360 0.006
1491.66343 13.354 0.006
1494.71137 13.172 0.006
1495.56453 13.028 0.006
1499.53668 13.103 0.006
1502.62156 13.208 0.006
1506.61660 13.388 0.006
1509.60016 13.272 0.006
1514.67645 12.994 0.006
1517.59318 13.136 0.006
1520.63600 13.267 0.006
1522.66470 13.361 0.006
1525.56033 13.323 0.006
1528.65830 13.099 0.006
1544.59107 13.211 0.006
1546.64753 12.929 0.006
1551.60953 13.146 0.006
1555.58769 13.333 0.006
1562.62188 13.017 0.006
1568.59540 13.157 0.006
1573.59036 13.384 0.006
1579.57395 12.981 0.006
1581.60121 13.017 0.006
1584.58605 13.126 0.006
1586.59716 13.217 0.006
1588.57068 13.337 0.006
1590.56782 13.385 0.006
1597.56925 12.945 0.006
1602.56643 13.201 0.006
1607.55665 13.396 0.006
1706.92671 13.382 0.006
1730.94575 12.943 0.006
1738.89395 13.331 0.006
1740.90163 13.386 0.006
1744.91852 13.202 0.006
1745.91170 13.041 0.006
1749.89228 13.088 0.006
1750.89558 13.124 0.006
1751.87611 13.157 0.006
1752.86848 13.196 0.006
1753.86927 13.244 0.006
1754.86519 13.311 0.006
1755.86148 13.339 0.006
1756.89117 13.381 0.006
1757.84024 13.397 0.006
1758.84478 13.345 0.006
1759.85790 13.285 0.006
1761.87405 13.171 0.006
1762.85648 13.010 0.006
1763.86197 12.926 0.006
1764.85170 12.981 0.006
1765.84809 13.064 0.006
1766.82183 13.113 0.006
1768.83563 13.173 0.006
1769.75077 13.213 0.006
1773.81173 13.371 0.006
1775.82328 13.322 0.006
1785.80031 13.175 0.006
1788.83547 13.320 0.006
1789.76812 13.350 0.006
1803.87175 13.227 0.006
1809.79548 13.286 0.006
1812.76936 13.034 0.006
1815.82578 13.056 0.006
1821.72239 13.284 0.006
1823.79167 13.366 0.006
1829.71674 12.995 0.006
1830.78373 12.938 0.006
1864.72809 12.955 0.006
1865.73413 13.051 0.006
1873.70671 13.371 0.006
2104.88015 13.263 0.006
2112.92050 13.074 0.006
2115.89654 13.032 0.006
2116.92441 13.089 0.006
2117.88280 13.124 0.006
2123.87839 13.357 0.006
2128.87832 13.188 0.006
2130.81712 12.940 0.006
2131.81013 12.959 0.006
2132.85489 13.052 0.006
2133.86739 13.102 0.006
2134.86050 13.129 0.006
2135.89742 13.153 0.006
2136.90121 13.189 0.006
2140.86393 13.355 0.006
2141.77415 13.371 0.006
2142.87404 13.338 0.006
2143.88310 13.288 0.006
2144.79872 13.248 0.006
2156.72451 13.344 0.006
2160.80374 13.282 0.006
2162.81406 13.123 0.006
2166.80491 13.058 0.006
2167.73814 13.086 0.006
2168.76273 13.117 0.006
2172.80103 13.298 0.006
2173.75706 13.354 0.006
2174.74079 13.366 0.006
2177.68892 13.287 0.006
2184.75021 13.095 0.006
2186.73851 13.175 0.006
2187.65851 13.228 0.006
2189.74013 13.327 0.006
2190.74023 13.366 0.006
2191.64436 13.383 0.006
2192.70825 13.354 0.006
2193.73545 13.302 0.006
2194.70029 13.257 0.006
2200.71467 13.073 0.006
2203.60292 13.188 0.006
2206.65263 13.341 0.006
2208.69672 13.387 0.006
2211.70464 13.223 0.006
2212.69125 13.142 0.006
2214.69127 12.897 0.006
2215.72725 12.984 0.006
2217.68642 13.093 0.006
2219.72340 13.167 0.006
2222.77270 13.331 0.006
2223.67776 13.361 0.006
2228.60369 13.214 0.006
2230.54177 12.944 0.006
2232.55478 12.998 0.006
2234.59680 13.110 0.006
2236.58602 13.174 0.006
2239.53357 13.333 0.006
2241.57835 13.395 0.006
2243.61670 13.295 0.006
2249.57288 13.038 0.006
2251.62684 13.122 0.006
2254.58061 13.238 0.006
2256.59795 13.348 0.006
2259.61878 13.349 0.006
2262.62526 13.159 0.006
2266.61713 13.064 0.006
2271.59206 13.254 0.006
2273.59129 13.366 0.006
2276.58597 13.320 0.006
2280.57988 12.959 0.006
2285.57584 13.141 0.006
2289.61168 13.316 0.006
2291.61693 13.375 0.006
2293.61336 13.306 0.006
2295.61006 13.194 0.006
2297.61462 12.925 0.006
2299.60926 13.046 0.006
2301.60080 13.115 0.006
2453.88795 13.198 0.006
2460.93465 13.283 0.006
2464.89199 12.891 0.006
2466.88549 13.048 0.006
2468.87974 13.116 0.006
2470.87073 13.204 0.006
2472.89082 13.314 0.006
2481.87633 12.913 0.006
2483.93777 13.075 0.006
2486.93850 13.174 0.006
2489.82052 13.320 0.006
2490.81676 13.375 0.006
2496.80048 13.073 0.006
2497.82277 12.933 0.006
2498.82307 12.947 0.006
2499.90810 13.029 0.006
2500.91648 13.092 0.006
2501.91118 13.114 0.006
2502.88328 13.142 0.006
2508.79388 13.386 0.006
2516.82627 13.048 0.006
2517.87328 13.092 0.006
2518.84754 13.117 0.006
2519.79884 13.152 0.006
2520.84100 13.188 0.006
2521.79160 13.227 0.006
2524.79451 13.367 0.006
2526.82647 13.324 0.006
2529.78500 13.163 0.006
2535.74461 13.126 0.006
2537.75111 13.207 0.006
2538.85159 13.239 0.006
2539.74700 13.293 0.006
2540.79179 13.361 0.006
2541.75901 13.368 0.006
2542.72867 13.363 0.006
2544.71085 13.264 0.006
2545.72215 13.233 0.006
2547.74029 12.936 0.006
2548.76046 12.913 0.006
2550.75560 13.064 0.006
2551.74273 13.085 0.006
2552.75810 13.123 0.006
2553.69890 13.173 0.006
2554.75125 13.208 0.006
2555.75922 13.261 0.006
2556.73845 13.317 0.006
2557.75078 13.357 0.006
2558.70733 13.378 0.006
2559.66429 13.359 0.006
2560.69739 13.299 0.006
2561.74295 13.262 0.006
2562.71559 13.200 0.006
2563.72363 13.042 0.006
2564.74001 12.901 0.006
2565.73491 12.954 0.006
2566.71390 13.019 0.006
2571.70216 13.227 0.006
2572.76963 13.306 0.006
2573.70779 13.343 0.006
2574.68749 13.357 0.006
2576.73195 13.342 0.006
2577.69019 13.295 0.006
2578.67524 13.246 0.006
2579.68541 13.165 0.006
2580.69368 13.005 0.006
2583.66992 13.038 0.006
2584.67222 13.080 0.006
2587.65751 13.205 0.006
2588.66941 13.251 0.006
2589.66249 13.298 0.006
2590.67036 13.350 0.006
2591.69812 13.377 0.006
2593.65493 13.338 0.006
2594.66146 13.262 0.006
2596.63413 13.119 0.006
2597.62298 12.964 0.006
2598.70168 12.924 0.006
2599.66221 12.995 0.006
2608.56289 13.411 0.006
2610.59948 13.308 0.006
2613.59088 13.095 0.006
2615.62649 12.935 0.006
2620.59687 13.191 0.006
2622.54465 13.272 0.006
2625.59803 13.389 0.006
2629.53785 13.203 0.006
2632.57591 12.958 0.006
2636.57235 13.151 0.006
2639.57162 13.287 0.006
2643.54459 13.340 0.006
2649.55003 12.974 0.006
2651.58786 13.093 0.006
2655.54767 13.253 0.006
2658.55950 13.394 0.006
2661.57617 13.282 0.006
2665.53905 12.910 0.006
2669.56520 13.133 0.006
2674.54997 13.362 0.006
2676.57011 13.370 0.006
2677.53331 13.323 0.006
2680.54056 13.058 0.006
2683.56478 13.029 0.006
2804.84270 13.199 0.006
2805.89912 13.274 0.006
2811.95213 13.264 0.006
2815.92597 12.931 0.006
2818.93855 13.146 0.006
2829.87262 13.203 0.006
2831.86515 12.934 0.006
2832.81614 12.946 0.006
2833.91475 13.040 0.006
2835.90349 13.148 0.006
2837.90922 13.199 0.006
2840.89262 13.341 0.006
2843.87863 13.341 0.006
2844.91992 13.291 0.006
2848.82660 12.922 0.006
2849.90464 12.993 0.006
2850.93618 13.071 0.006
2852.86483 13.126 0.006
2854.87617 13.197 0.006
2857.88348 13.360 0.006
2859.87077 13.376 0.006
2860.92313 13.322 0.006
2861.79488 13.301 0.006
2862.88097 13.246 0.006
2863.88287 13.126 0.006
2865.80530 12.940 0.006
2867.79478 13.073 0.006
2868.83541 13.137 0.006
2869.85601 13.151 0.006
2870.86351 13.185 0.006
2872.78757 13.286 0.006
2875.85476 13.388 0.006
2876.88074 13.374 0.006
2877.85314 13.308 0.006
2879.81793 13.220 0.006
2884.76798 13.075 0.006
2886.78076 13.134 0.006
2890.73969 13.336 0.006
2893.79129 13.354 0.006
2895.80215 13.307 0.006
2897.74972 13.011 0.006
2899.78203 13.230 0.006
2903.80074 13.167 0.006
2906.74949 13.286 0.006
2908.72650 13.374 0.006
2910.72139 13.345 0.006
2912.72731 13.243 0.006
2916.73996 13.040 0.006
2918.71701 13.114 0.006
2922.71660 13.264 0.006
2924.71588 13.365 0.006
2926.65153 13.387 0.006
2929.71289 13.223 0.006
2931.68882 12.981 0.006
2933.70097 13.093 0.006
2935.66390 13.119 0.006
2937.68902 13.189 0.006
2939.66722 13.277 0.006
2940.68149 13.340 0.006
2941.65720 13.363 0.006
2942.68480 13.385 0.006
2943.65353 13.355 0.006
2944.63726 13.298 0.006
2946.63586 13.204 0.006
2947.66383 13.050 0.006
2949.64469 12.991 0.006
2950.59619 13.094 0.006
2951.67708 13.097 0.006
2953.62491 13.155 0.006
2955.60987 13.247 0.006
2957.62355 13.345 0.006
2965.68043 12.939 0.006
2968.64295 13.098 0.006
2971.65073 13.208 0.006
2973.63924 13.307 0.006
2975.53604 13.378 0.006
2977.63169 13.346 0.006
2979.61197 13.245 0.006
2982.56656 12.931 0.006
2986.60784 13.130 0.006
2988.58030 13.208 0.006
2990.59915 13.311 0.006
2993.60193 13.368 0.006
2997.54793 13.105 0.006
3000.60514 13.025 0.006
3003.58064 13.140 0.006
3006.57024 13.301 0.006
3009.56358 13.387 0.006
3013.57023 13.208 0.006
3017.56465 13.046 0.006
3020.53981 13.150 0.006
3022.56724 13.259 0.006
3024.56644 13.346 0.006
3026.53648 13.384 0.006
3028.53739 13.310 0.006
3030.54048 13.154 0.006
3032.55843 12.913 0.006
3034.55795 13.059 0.006
3038.54878 13.220 0.006
3179.94009 13.236 0.006
3184.90394 13.066 0.006
3193.92701 13.373 0.006
3196.89901 13.218 0.006
3202.89156 13.114 0.006
3203.93144 13.232 0.006
3206.87433 13.293 0.006
3210.94082 13.337 0.006
3211.85695 13.288 0.006
3216.77663 12.961 0.006
3217.82652 13.046 0.006
3224.82348 13.356 0.006
3228.80135 13.276 0.006
3230.77484 13.143 0.006
3238.80595 13.195 0.006
3239.84507 13.259 0.006
3240.84224 13.323 0.006
3241.78420 13.351 0.006
3242.77484 13.372 0.006
3243.89800 13.389 0.006
3244.87669 13.314 0.006
3245.82419 13.252 0.006
3246.82106 13.221 0.006
3247.82528 13.117 0.006
3249.77873 12.939 0.006
3251.79130 13.094 0.006
3254.77742 13.167 0.006
3257.80449 13.319 0.006
3261.75039 13.307 0.006
3263.74738 13.276 0.006
3265.77500 12.938 0.006
3267.75544 13.031 0.006
3270.70913 13.142 0.006
3271.71183 13.187 0.006
3273.67034 13.276 0.006
3275.66513 13.365 0.006
3276.75916 13.384 0.006
3277.79803 13.340 0.006
3279.72955 13.262 0.006
3281.69535 13.023 0.006
3283.68978 12.995 0.006
3287.65607 13.159 0.006
3289.67090 13.235 0.006
3291.60927 13.341 0.006
3294.62585 13.337 0.006
3296.59218 13.261 0.006
3300.60260 12.990 0.006
3302.58362 13.095 0.006
3305.67963 13.210 0.006
3307.59618 13.320 0.006
3309.61692 13.380 0.006
3311.57244 13.331 0.006
3314.61610 13.104 0.006
3320.64939 13.147 0.006
3323.60180 13.267 0.006
3327.62986 13.369 0.006
3330.60116 13.201 0.006
3335.64575 13.104 0.006
3338.55259 13.198 0.006
3350.56392 12.988 0.006
3357.60213 13.310 0.006
3361.60041 13.328 0.006
3363.60672 13.247 0.006
3369.58365 13.112 0.006
3372.59961 13.213 0.006
3376.57564 13.383 0.006
3380.56197 13.235 0.006
3386.60882 13.108 0.006
3395.56081 13.310 0.006
3399.58462 12.914 0.006
3402.60155 13.083 0.006
3543.91768 13.378 0.006
3551.94034 13.062 0.006
3558.92226 13.365 0.006
3562.91301 13.273 0.006
3568.90457 13.068 0.006
3570.86619 13.123 0.006
3571.85269 13.162 0.006
3573.89807 13.275 0.006
3575.85790 13.357 0.006
3577.91446 13.369 0.006
3579.85536 13.259 0.006
3581.92430 13.056 0.006
3582.87668 12.930 0.006
3583.89577 12.929 0.006
3585.85657 13.101 0.006
3586.88604 13.105 0.006
3588.88421 13.177 0.006
3590.84281 13.277 0.006
3592.80312 13.370 0.006
3594.84391 13.343 0.006
3600.93294 12.970 0.006
3603.75602 13.117 0.006
3608.81265 13.343 0.006
3614.84444 13.143 0.006
3615.84927 12.963 0.006
3618.82891 13.078 0.006
3620.85538 13.133 0.006
3622.80940 13.200 0.006
3625.75535 13.344 0.006
3628.77691 13.310 0.006
3630.69236 13.229 0.006
3632.66953 12.956 0.006
3634.70451 13.007 0.006
3637.70529 13.136 0.006
3640.67160 13.264 0.006
3644.70610 13.356 0.006
3646.72366 13.253 0.006
3650.73940 12.941 0.006
3652.68087 13.109 0.006
3654.65664 13.158 0.006
3656.70987 13.231 0.006
3657.73801 13.283 0.006
3658.71155 13.341 0.006
3659.69593 13.371 0.006
3660.70158 13.374 0.006
3663.69235 13.253 0.006
3665.72062 12.998 0.006
3668.64917 13.046 0.006
3668.67173 13.037 0.006
3670.66036 13.104 0.006
3672.59307 13.202 0.006
3674.75237 13.301 0.006
3676.63864 13.375 0.006
3682.61528 12.968 0.006
3684.63261 13.014 0.006
3686.59829 13.070 0.006
3688.57126 13.192 0.006
3690.58498 13.263 0.006
3693.58210 13.388 0.006
3695.57768 13.326 0.006
3698.55910 13.096 0.006
3701.60180 13.025 0.006
3703.61243 13.109 0.006
3705.58462 13.178 0.006
3707.58509 13.287 0.006
3712.60004 13.302 0.006
3715.55827 13.028 0.006
3719.63723 13.092 0.006
3722.58415 13.199 0.006
3725.66423 13.352 0.006
3730.56743 13.252 0.006
3735.57007 13.063 0.006
3739.56976 13.209 0.006
3743.54543 13.381 0.006
3748.54931 13.098 0.006
3753.54697 13.116 0.006
3758.56888 13.337 0.006
3762.57544 13.297 0.006
3768.53542 13.036 0.006
3773.53226 13.224 0.006
3777.55821 13.381 0.006
3871.92860 13.158 0.006
3902.94547 13.087 0.006
3907.94047 13.281 0.006
3915.91631 13.031 0.006
3918.93557 13.051 0.006
3933.82326 12.923 0.006
3934.90525 12.991 0.006
3936.91349 13.083 0.006
3938.89769 13.155 0.006
3945.86747 13.315 0.006
3950.84919 12.926 0.006
3957.80483 13.272 0.006
3959.80331 13.353 0.006
3961.78949 13.369 0.006
3964.79665 13.211 0.006
3966.78887 12.925 0.006
3968.78241 13.025 0.006
3970.77404 13.100 0.006
3973.74502 13.224 0.006
3975.75834 13.334 0.006
3980.69083 13.262 0.006
3981.69072 13.164 0.006
3982.75504 13.000 0.006
3986.73222 13.086 0.006
3989.82929 13.207 0.006
3991.77048 13.309 0.006
3994.67152 13.397 0.006
4001.67118 12.977 0.006
4003.64289 13.098 0.006
4004.73144 13.136 0.006
4005.71671 13.173 0.006
4007.60991 13.274 0.006
4008.61896 13.316 0.006
4011.66935 13.376 0.006
4014.66730 13.209 0.006
4016.64859 12.933 0.006
4018.64490 13.007 0.006
4020.68384 13.124 0.006
4023.63431 13.225 0.006
4025.63467 13.320 0.006
4027.62281 13.373 0.006
4029.60503 13.284 0.006
4031.59201 13.186 0.006
4036.62740 13.095 0.006
4038.58172 13.155 0.006
4040.56170 13.222 0.006
4042.63105 13.336 0.006
4044.67368 13.378 0.006
4047.58513 13.232 0.006
4049.55773 13.030 0.006
4051.60729 12.982 0.006
4053.61827 13.095 0.006
4055.54750 13.148 0.006
4057.58657 13.251 0.006
4059.62111 13.341 0.006
4063.61247 13.274 0.006
4066.52737 12.976 0.006
4068.59474 13.007 0.006
4071.53588 13.129 0.006
4074.57108 13.244 0.006
4077.62376 13.383 0.006
4079.57084 13.304 0.006
4083.57835 12.933 0.006
4087.60027 13.098 0.006
4095.56413 13.347 0.006
4095.60117 13.339 0.006
4098.58319 13.192 0.006
4102.55534 13.049 0.006
4107.55947 13.245 0.006
4112.55989 13.329 0.006
4119.54944 13.067 0.006
4122.57575 13.175 0.006
4128.57587 13.356 0.006
4253.89912 13.104 0.006
4255.91774 13.173 0.006
4258.93449 13.333 0.006
4273.92083 13.234 0.006
4279.77400 13.283 0.006
4282.74731 13.093 0.006
4282.91158 13.076 0.006
4283.83833 12.954 0.006
4284.90611 12.982 0.006
4289.87719 13.180 0.006
4292.91048 13.320 0.006
4295.90441 13.329 0.006
4296.93867 13.295 0.006
4298.85770 13.190 0.006
4299.90120 13.050 0.006
4300.92303 13.002 0.006
4301.94185 12.985 0.006
4303.83258 13.092 0.006
4307.72959 13.224 0.006
4308.70336 13.281 0.006
4308.91122 13.288 0.006
4310.88329 13.363 0.006
4311.88481 13.366 0.006
4314.81377 13.245 0.006
4316.87345 12.987 0.006
4320.85715 13.079 0.006
4326.88154 13.354 0.006
4327.90507 13.393 0.006
4328.87506 13.377 0.006
4329.87448 13.327 0.006
4330.90570 13.287 0.006
4332.92196 13.092 0.006
4334.91525 12.936 0.006
4339.86996 13.171 0.006
4340.82220 13.215 0.006
4341.81506 13.269 0.006
4342.88933 13.320 0.006
4343.80864 13.367 0.006
4344.79079 13.387 0.006
4346.76707 13.313 0.006
4348.75279 13.201 0.006
4350.72959 12.926 0.006
4353.68772 13.075 0.006
4355.74627 13.144 0.006
4358.68962 13.283 0.006
4359.74685 13.350 0.006
4362.69719 13.359 0.006
4365.67119 13.173 0.006
4369.72798 13.052 0.006
4371.69496 13.132 0.006
4376.69832 13.360 0.006
4378.66502 13.382 0.006
4379.69629 13.338 0.006
4381.65548 13.219 0.006
4383.68398 12.955 0.006
4386.70858 13.076 0.006
4388.70887 13.142 0.006
4390.71781 13.224 0.006
4394.60541 13.394 0.006
4396.68883 13.299 0.006
4398.69193 13.200 0.006
4402.67698 13.042 0.006
4404.69344 13.133 0.006
4407.70196 13.236 0.006
4409.71754 13.336 0.006
4411.71266 13.380 0.006
4415.71651 13.170 0.006
4417.66651 12.927 0.006
4420.65292 13.092 0.006
4422.68494 13.154 0.006
4424.68205 13.250 0.006
4427.56778 13.366 0.006
4429.61089 13.338 0.006
4431.59800 13.241 0.006
4433.60388 12.980 0.006
4435.59222 12.993 0.006
4438.65230 13.131 0.006
4440.62180 13.215 0.006
4442.58325 13.311 0.006
4444.60797 13.389 0.006
4452.61818 13.010 0.006
4454.63838 13.102 0.006
4455.58045 13.139 0.006
4457.58935 13.222 0.006
4460.54375 13.367 0.006
4463.60727 13.311 0.006
4467.59008 12.921 0.006
4470.58948 13.092 0.006
4474.63604 13.240 0.006
4476.61436 13.336 0.006
4481.62207 13.226 0.006
4483.64070 12.971 0.006
4485.62217 12.989 0.006
4488.62279 13.119 0.006
4492.61304 13.317 0.006
4643.92671 13.363 0.006
4655.90888 13.139 0.006
4661.92269 13.385 0.006
4662.84626 13.367 0.006
4662.94413 13.392 0.006
4663.79500 13.317 0.006
4665.86815 13.199 0.006
4671.84655 13.110 0.006
4677.86593 13.371 0.006
4682.84035 13.182 0.006
4684.87836 12.944 0.006
4686.83832 13.082 0.006
4688.85456 13.113 0.006
4690.77989 13.187 0.006
4691.78322 13.245 0.006
4694.82950 13.374 0.006
4697.77385 13.308 0.006
4699.79488 13.163 0.006
4700.82877 12.967 0.006
4701.83645 12.922 0.006
4703.79565 13.057 0.006
4704.81438 13.092 0.006
4705.82199 13.136 0.006
4707.83940 13.215 0.006
4709.77020 13.320 0.006
4715.77878 13.226 0.006
4717.73337 12.945 0.006
4720.71224 13.066 0.006
4722.72748 13.142 0.006
4725.73268 13.277 0.006
4730.72325 13.301 0.006
4730.78595 13.299 0.006
4733.75817 13.014 0.006
4736.67487 13.039 0.006
4738.76766 13.123 0.006
4739.62192 13.156 0.006
4740.64989 13.193 0.006
4740.70075 13.197 0.006
4741.66360 13.234 0.006
4743.69745 13.343 0.006
4747.58202 13.286 0.006
4748.63104 13.237 0.006
4748.68621 13.227 0.006
4749.65155 13.156 0.006
4750.71907 12.973 0.006
4753.62052 13.064 0.006
4754.59359 13.108 0.006
4754.64462 13.100 0.006
4755.62647 13.133 0.006
4756.65422 13.166 0.006
4757.60705 13.205 0.006
4758.63443 13.255 0.006
4759.62854 13.315 0.006
4760.62110 13.354 0.006
4762.61090 13.371 0.006
4767.64649 12.967 0.006
4770.69477 13.092 0.006
4772.63213 13.134 0.006
4774.60762 13.205 0.006
4776.57940 13.293 0.006
4778.58077 13.369 0.006
4780.57801 13.303 0.006
4782.55091 13.216 0.006
4783.61250 13.082 0.006
4786.53282 13.036 0.006
4789.57864 13.136 0.006
4791.56020 13.222 0.006
4793.56755 13.319 0.006
4795.58042 13.374 0.006
4797.57259 13.298 0.006
4798.63582 13.264 0.006
4801.53706 12.923 0.006
4802.62452 12.969 0.006
4803.59645 13.046 0.006
4805.53146 13.118 0.006
4807.55819 13.189 0.006
4809.58333 13.285 0.006
4811.60524 13.369 0.006
4814.56307 13.295 0.006
4816.56526 13.164 0.006
4818.57919 12.925 0.006
4820.55718 13.063 0.006
4822.61397 13.119 0.006
4824.59880 13.210 0.006
4831.57041 13.285 0.006
4833.59828 13.090 0.006
4835.62100 12.926 0.006
4839.62403 13.135 0.006
4842.59068 13.269 0.006
4844.60113 13.375 0.006
4847.65535 13.320 0.006
4849.61534 13.191 0.006
4853.61260 13.034 0.006
4854.54170 13.077 0.006
4855.62582 13.116 0.006
4856.53299 13.142 0.006
4859.52760 13.302 0.006
4862.52504 13.395 0.006
4862.52865 13.396 0.006
4862.58499 13.399 0.006
4862.59963 13.398 0.006
4863.53531 13.357 0.006
4864.52963 13.283 0.006
4864.56974 13.280 0.006
4865.52740 13.237 0.006
4865.57255 13.237 0.006
4866.53437 13.148 0.006
4866.54343 13.139 0.006
4866.57465 13.139 0.006
4867.58212 12.960 0.006
4868.54477 12.905 0.006
4868.58178 12.892 0.006
4870.52433 13.059 0.006
4871.52270 13.093 0.006
4874.51953 13.213 0.006
4876.54323 13.305 0.006
4947.92041 13.298 0.006
4953.92420 13.059 0.006
