 621.85521 16.080 0.009
 626.93839 16.544 0.009
 627.90436 16.017 0.007
 628.91375 16.539 0.009
 632.91402 16.497 0.009
 633.91854 15.908 0.007
 643.88241 16.434 0.008
 656.90098 16.338 0.008
 657.84216 16.615 0.010
 658.91380 16.344 0.009
 664.80517 16.199 0.007
 664.89370 16.255 0.008
 665.88067 16.590 0.009
 666.89121 16.225 0.007
 667.90203 16.567 0.008
 668.87263 16.195 0.006
 670.83826 16.123 0.007
 671.86079 16.566 0.008
 672.91430 16.154 0.007
 673.71657 16.512 0.009
 673.91828 16.531 0.007
 684.79332 15.872 0.006
 685.73189 16.467 0.008
 686.77429 15.952 0.006
 688.87913 15.879 0.006
 689.76912 16.447 0.008
 697.73513 16.371 0.008
 698.88115 16.524 0.009
 699.73764 16.347 0.007
 700.74625 16.670 0.009
 701.71870 16.309 0.008
 706.71474 16.607 0.011
 707.75071 16.294 0.009
 708.71823 16.584 0.016
 712.71858 16.576 0.009
 713.75631 16.211 0.007
 714.77169 16.581 0.009
 716.70531 16.557 0.008
 720.68088 16.550 0.009
 722.64615 16.540 0.009
 726.73828 16.553 0.009
 728.63704 16.493 0.008
 729.70397 15.902 0.006
 730.62808 16.497 0.009
 733.69008 15.872 0.007
 739.75502 15.997 0.008
 741.68160 16.538 0.009
 742.77202 16.459 0.009
 744.72390 16.413 0.008
 745.67517 16.653 0.009
 747.61404 16.673 0.009
 748.57559 16.326 0.009
 749.58329 16.640 0.011
 750.57783 16.293 0.008
 751.58495 16.629 0.010
 752.78754 16.376 0.009
 753.72815 16.658 0.009
 754.69473 16.318 0.009
 755.58378 16.612 0.009
 759.58980 16.568 0.009
 760.59618 16.184 0.007
 761.59313 16.560 0.009
 762.58374 16.166 0.009
 762.71823 16.249 0.009
 763.60272 16.563 0.009
 763.68333 16.573 0.009
 763.77200 16.603 0.011
 764.68991 16.211 0.010
 765.63402 16.560 0.010
 766.53025 16.048 0.009
 766.67084 16.177 0.008
 767.57931 16.548 0.010
 767.63802 16.538 0.011
 767.73272 16.535 0.011
 769.56227 16.552 0.009
 770.53988 15.992 0.007
 772.56331 15.979 0.008
 772.74454 16.149 0.008
 773.62516 16.533 0.009
 774.65522 16.037 0.007
 775.60751 16.512 0.008
 776.59675 15.945 0.007
 776.74936 16.076 0.007
 777.54144 16.482 0.009
 778.57926 15.878 0.008
 778.67018 15.985 0.008
 779.55961 16.508 0.010
 779.71438 16.550 0.009
 780.55164 15.915 0.009
 780.56359 15.878 0.007
 780.73256 15.987 0.007
 781.61426 16.496 0.008
 782.54880 16.027 0.008
 782.64848 15.883 0.007
 783.59463 16.482 0.008
 784.64011 15.869 0.006
 785.53650 16.447 0.009
 786.54272 16.453 0.008
 787.62438 16.468 0.009
 788.55263 16.539 0.008
 795.58008 16.383 0.008
 796.56732 16.675 0.011
 796.69472 16.577 0.010
 797.54817 16.350 0.008
 798.61759 16.667 0.009
 800.55275 16.648 0.009
 802.64440 16.678 0.010
 806.55050 16.605 0.009
 808.56877 16.596 0.010
 816.64503 16.567 0.009
 817.64028 16.183 0.008
 819.61945 16.137 0.007
 822.60581 16.546 0.009
 824.62581 16.554 0.009
 825.61352 16.027 0.008
 828.65886 16.547 0.009
 829.62548 15.972 0.007
 830.54297 16.531 0.009
 832.63233 16.499 0.009
 834.53456 16.485 0.010
 836.60001 16.514 0.009
 838.61887 16.467 0.009
 842.56740 16.421 0.008
 845.59829 16.593 0.008
 850.58691 16.364 0.009
 855.59167 16.639 0.012
 860.52608 16.242 0.009
 867.52227 16.563 0.009
 874.52105 16.018 0.008
 963.90453 16.239 0.008
 986.89092 16.221 0.008
 996.88978 16.106 0.007
 998.82212 15.994 0.008
1003.82417 16.500 0.010
1025.83028 16.351 0.011
1035.79798 16.199 0.009
1038.84321 16.596 0.010
1045.79577 16.097 0.007
1049.82465 16.054 0.007
1058.78400 16.495 0.009
1059.82966 15.882 0.007
1061.81610 15.876 0.007
1069.68595 16.678 0.009
1074.66715 16.310 0.008
1077.66162 16.617 0.008
1079.66364 16.625 0.009
1084.64980 16.193 0.007
1087.66921 16.549 0.008
1090.63721 16.110 0.008
1092.70127 16.119 0.007
1095.72753 16.565 0.009
1102.66639 15.890 0.006
1112.67771 16.289 0.008
1122.63063 16.670 0.009
1132.60660 16.591 0.009
1138.65170 16.560 0.008
1140.66010 16.567 0.009
1144.68670 16.545 0.009
1151.59801 15.898 0.009
1160.58962 16.461 0.009
1182.68958 16.272 0.009
1185.63232 16.597 0.009
1187.66882 16.609 0.009
1190.53824 16.099 0.007
1208.58440 15.859 0.008
1211.58681 16.476 0.009
1216.57478 16.479 0.009
1219.57920 16.403 0.009
1228.53018 16.637 0.010
1234.52562 16.606 0.012
1235.52419 16.223 0.009
1329.81663 16.489 0.011
1330.92576 15.899 0.007
1341.93103 16.450 0.009
1349.92405 16.368 0.009
1355.91690 16.318 0.009
1366.87311 16.560 0.009
1367.89512 16.156 0.009
1369.88802 16.119 0.008
1374.88189 16.545 0.009
1395.84814 16.642 0.009
1397.87092 16.677 0.010
1401.88533 16.678 0.009
1402.88303 16.348 0.009
1407.89343 16.661 0.010
1418.76601 16.083 0.007
1435.71422 16.447 0.009
1439.81200 16.448 0.008
1442.77641 16.559 0.009
1462.66228 16.579 0.010
1475.66131 15.916 0.007
1478.58751 16.504 0.009
1484.60230 16.454 0.009
1487.56146 16.645 0.009
1494.69497 16.407 0.009
1502.60510 16.292 0.009
1509.58369 16.569 0.009
1544.57461 16.684 0.009
1546.63105 16.663 0.009
1551.59308 16.319 0.008
1555.57126 16.273 0.009
1562.60548 16.592 0.010
1568.57893 16.549 0.009
1573.57393 16.016 0.008
1579.55750 15.900 0.007
1581.58478 15.874 0.006
1584.56961 16.472 0.009
1586.58070 16.472 0.009
1588.55421 16.462 0.011
1592.57733 16.415 0.009
1602.55000 16.334 0.009
1607.54020 16.595 0.010
1738.87756 16.185 0.008
1745.89527 16.552 0.009
1768.81923 16.661 0.014
1773.79537 16.346 0.008
1785.78390 16.214 0.007
1788.81906 16.590 0.009
1789.75172 16.129 0.007
1803.85535 15.983 0.007
1809.77905 15.911 0.006
1812.75295 16.459 0.008
1815.80936 16.349 0.008
1821.70594 16.681 0.009
1823.77525 16.669 0.009
1829.70033 16.615 0.009
1830.76731 16.302 0.009
1864.71166 16.383 0.008
1865.71766 16.413 0.008
1873.69023 16.345 0.008
2086.91788 16.103 0.009
2104.84997 16.615 0.010
2106.90981 16.628 0.011
2115.90479 16.185 0.009
2116.89092 16.563 0.009
2117.89659 16.144 0.009
2123.83959 15.994 0.008
2128.84414 16.517 0.011
2129.87626 15.907 0.008
2130.82514 16.489 0.010
2131.81866 15.884 0.008
2132.82488 16.465 0.010
2133.91343 15.888 0.009
2134.82976 16.458 0.011
2135.86420 15.936 0.008
2136.86411 16.473 0.011
2137.90908 15.928 0.009
2140.83398 16.429 0.009
2142.88122 16.444 0.010
2143.83528 16.640 0.011
2144.80679 16.375 0.009
2155.89748 16.657 0.014
2156.84401 16.288 0.009
2160.77372 16.195 0.009
2162.78028 16.191 0.008
2166.77505 16.109 0.008
2167.74587 16.535 0.009
2168.73237 16.047 0.008
2171.75844 16.531 0.009
2172.76501 16.004 0.008
2173.72710 16.521 0.009
2177.65875 16.484 0.010
2184.72010 16.245 0.009
2185.68358 16.420 0.010
2187.66619 16.400 0.011
2190.71010 16.658 0.011
2191.65193 16.369 0.010
2192.68069 16.691 0.009
2193.70166 16.368 0.009
2194.67294 16.676 0.010
2201.73902 16.308 0.009
2206.62485 16.565 0.014
2211.66350 16.154 0.009
2212.66257 16.559 0.011
2213.67355 16.142 0.009
2214.65992 16.554 0.012
2215.67521 16.111 0.009
2217.65287 16.053 0.009
2219.69602 16.079 0.009
2222.74525 16.547 0.011
2223.68499 15.974 0.009
2225.61452 15.873 0.007
2226.66086 16.505 0.011
2228.57626 16.459 0.010
2230.51353 16.424 0.013
2232.52733 16.413 0.010
2234.56941 16.442 0.009
2236.55890 16.396 0.009
2238.56428 16.392 0.009
2241.55111 16.701 0.013
2243.58935 16.685 0.011
2248.63379 16.319 0.009
2250.59981 16.281 0.009
2253.58770 16.611 0.010
2256.56998 16.210 0.009
2258.61041 16.204 0.008
2263.60167 16.542 0.011
2265.62769 16.544 0.009
2270.58588 15.994 0.008
2272.58395 15.956 0.008
2274.56780 15.903 0.009
2276.53139 15.879 0.009
2280.54787 16.026 0.009
2285.58638 16.456 0.009
2289.58329 16.423 0.009
2291.58400 16.393 0.009
2293.58450 16.382 0.010
2295.58081 16.368 0.009
2297.58399 16.350 0.010
2299.58047 16.310 0.009
2301.57316 16.282 0.011
2448.90478 16.503 0.012
2460.90484 16.462 0.012
2463.93393 16.290 0.009
2466.85579 16.378 0.011
2467.91966 16.595 0.011
2469.91896 16.657 0.010
2471.90850 16.664 0.011
2472.89857 16.354 0.007
2473.92476 16.685 0.009
2481.88403 16.596 0.013
2483.90769 16.603 0.010
2486.90780 16.220 0.010
2488.90976 16.185 0.010
2492.92209 16.143 0.009
2496.92186 16.087 0.009
2498.79311 15.928 0.008
2499.87810 16.548 0.010
2500.88653 15.990 0.009
2501.87328 16.523 0.009
2502.85344 15.916 0.009
2508.76406 16.318 0.013
2516.79550 16.637 0.013
2517.84227 16.403 0.010
2518.81456 16.675 0.011
2519.81284 16.382 0.009
2520.81101 16.665 0.012
2521.79929 16.343 0.009
2524.80269 16.676 0.013
2526.79652 16.641 0.009
2529.79274 16.262 0.009
2534.85334 16.578 0.011
2535.79098 16.204 0.009
2537.72106 16.120 0.009
2538.82214 16.571 0.012
2539.71930 16.099 0.009
2540.76180 16.546 0.013
2541.73118 16.076 0.009
2542.70100 16.520 0.010
2544.68093 16.530 0.010
2545.69446 15.950 0.008
2547.71245 15.940 0.008
2548.73044 16.518 0.010
2550.72571 16.503 0.010
2551.71224 15.875 0.008
2552.72825 16.505 0.009
2554.72135 16.482 0.009
2555.72929 15.890 0.008
2556.70836 16.471 0.009
2557.72088 16.068 0.008
2558.67736 16.425 0.009
2559.63441 16.585 0.010
2560.66734 16.405 0.009
2561.71296 16.476 0.011
2562.68572 16.403 0.009
2563.69365 16.603 0.011
2564.71001 16.394 0.010
2565.70601 16.653 0.012
2566.68095 16.366 0.009
2568.75000 16.389 0.010
2571.66655 16.658 0.011
2572.74181 16.340 0.010
2573.67988 16.647 0.014
2574.65986 16.278 0.009
2576.69460 16.302 0.010
2577.65966 16.565 0.012
2578.64716 16.243 0.009
2579.65768 16.574 0.011
2580.66582 16.225 0.009
2583.63787 16.552 0.011
2584.64432 16.163 0.009
2586.64552 16.125 0.008
2587.62740 16.547 0.010
2589.61831 16.542 0.010
2590.63505 16.066 0.009
2591.66123 16.558 0.011
2593.62450 16.536 0.010
2594.63052 15.989 0.009
2596.60414 15.933 0.009
2597.59131 16.496 0.011
2598.67151 15.949 0.009
2599.62558 16.503 0.012
2607.64568 16.470 0.011
2610.56701 16.624 0.011
2613.56101 16.378 0.009
2615.59140 16.367 0.009
2619.57591 16.322 0.009
2621.58490 16.325 0.010
2625.56764 16.265 0.011
2627.53833 16.217 0.010
2630.55276 16.565 0.014
2635.56647 16.136 0.008
2637.56136 16.110 0.009
2640.53168 16.539 0.012
2642.57143 16.538 0.011
2646.58278 16.530 0.011
2651.55685 15.875 0.009
2654.57706 16.489 0.012
2657.53693 16.358 0.012
2661.53346 16.589 0.009
2664.57393 16.405 0.011
2672.55188 16.332 0.012
2676.54208 16.277 0.009
2679.55678 16.600 0.010
2683.53515 16.579 0.015
2777.92190 15.863 0.009
2804.85045 16.212 0.011
2805.86773 16.574 0.016
2811.92285 16.564 0.013
2815.89647 16.558 0.010
2817.94510 16.550 0.013
2830.83565 16.012 0.009
2831.80530 16.441 0.011
2832.76599 16.529 0.011
2832.94386 15.869 0.008
2833.88382 16.478 0.012
2834.93447 15.929 0.009
2838.83584 16.622 0.013
2840.84353 16.661 0.011
2843.84485 16.364 0.009
2844.89057 16.671 0.010
2845.93760 16.402 0.011
2849.87410 16.310 0.009
2850.90685 16.689 0.013
2852.83544 16.617 0.013
2854.84679 16.576 0.013
2857.85421 16.236 0.009
2858.92783 16.609 0.010
2860.89376 16.573 0.010
2861.76519 16.114 0.009
2862.88863 16.558 0.011
2865.81300 16.083 0.009
2866.89972 16.559 0.014
2867.80240 16.047 0.009
2868.80602 16.550 0.010
2869.79255 16.000 0.008
2870.83404 16.546 0.010
2871.87716 16.043 0.009
2872.83399 16.533 0.009
2875.82483 15.924 0.009
2876.79424 16.501 0.010
2879.72076 16.199 0.009
2883.84398 15.936 0.008
2885.77933 16.453 0.009
2890.71021 16.371 0.012
2893.76166 16.684 0.011
2895.81088 16.666 0.010
2897.71437 16.602 0.011
2899.75206 16.636 0.010
2903.76784 16.602 0.008
2906.72005 16.206 0.009
2908.69706 16.152 0.009
2910.69195 16.141 0.009
2912.69729 16.094 0.009
2916.71004 16.031 0.008
2918.68693 15.980 0.008
2922.68690 15.893 0.009
2924.62789 15.869 0.008
2926.62189 16.031 0.009
2929.68310 16.461 0.010
2931.65902 16.439 0.009
2933.66948 16.432 0.009
2935.63383 16.398 0.010
2937.65942 16.393 0.010
2939.67488 16.380 0.010
2940.65205 16.680 0.009
2941.62729 16.343 0.009
2942.65210 16.669 0.011
2943.62343 16.326 0.009
2944.60779 16.634 0.011
2946.56257 16.608 0.011
2946.60253 16.634 0.012
2947.63414 16.296 0.009
2949.61524 16.254 0.009
2950.56678 16.578 0.011
2951.64736 16.259 0.009
2953.59527 16.201 0.009
2955.58041 16.171 0.009
2957.59399 16.141 0.009
2960.60844 16.554 0.012
2962.64828 16.561 0.010
2965.65094 16.072 0.009
2968.61328 16.509 0.011
2970.63211 16.518 0.010
2972.63667 16.520 0.010
2975.54474 15.992 0.008
2977.64055 15.886 0.009
2979.58044 16.250 0.009
2983.56125 16.579 0.011
2986.57784 16.388 0.009
2988.54983 16.372 0.010
2991.57597 16.658 0.011
2994.56171 16.307 0.010
2997.57710 16.612 0.010
3000.56823 16.257 0.009
3003.55109 16.565 0.012
3006.53839 16.160 0.009
3009.53367 16.542 0.014
3013.53610 16.534 0.011
3015.57133 16.543 0.010
3018.54843 15.985 0.009
3020.58414 15.971 0.008
3022.53702 15.902 0.009
3024.53679 15.884 0.009
3025.59639 16.496 0.010
3027.62189 16.498 0.010
3029.59359 16.473 0.010
3031.59841 16.483 0.009
3034.52866 16.534 0.012
3037.54783 16.415 0.011
3183.92985 16.236 0.009
3193.89773 16.046 0.009
3196.86979 16.544 0.009
3197.93221 16.006 0.009
3202.85771 16.487 0.010
3203.89774 15.881 0.007
3206.83557 16.469 0.011
3210.91158 16.473 0.010
3211.86619 16.459 0.010
3215.80130 16.685 0.015
3217.79717 16.681 0.012
3223.85333 16.662 0.011
3228.77203 16.236 0.009
3229.85386 16.599 0.009
3231.83533 16.585 0.012
3238.77219 16.095 0.008
3239.81573 16.551 0.010
3240.80846 16.074 0.009
3241.79193 16.560 0.011
3242.73593 15.982 0.009
3243.86853 16.536 0.011
3244.84712 16.073 0.009
3245.79486 16.522 0.011
3246.78762 15.949 0.008
3247.79600 16.492 0.011
3249.74630 16.493 0.010
3251.75986 16.490 0.009
3254.74755 16.088 0.008
3259.68459 16.393 0.009
3261.72064 16.399 0.009
3263.71786 16.377 0.009
3265.73920 16.352 0.009
3267.72596 16.355 0.009
3269.82047 16.372 0.010
3270.67941 16.624 0.011
3271.68234 16.296 0.009
3273.64065 16.244 0.009
3275.62651 16.202 0.009
3276.72991 16.594 0.012
3277.76855 16.274 0.009
3279.70017 16.209 0.008
3281.65874 16.168 0.007
3283.66041 16.124 0.007
3287.62654 16.042 0.008
3289.64152 16.010 0.007
3293.61508 15.928 0.007
3295.63301 15.899 0.006
3298.57091 16.453 0.008
3300.57321 16.461 0.010
3302.55018 16.427 0.010
3305.65020 16.364 0.009
3307.56249 16.669 0.012
3309.58759 16.669 0.010
3311.53920 16.677 0.011
3314.58215 16.348 0.011
3320.61995 16.294 0.009
3323.56739 16.578 0.010
3327.57491 16.571 0.009
3330.57040 16.162 0.009
3335.61440 16.531 0.011
3338.56007 16.001 0.008
3350.53438 16.106 0.007
3353.59297 16.463 0.009
3359.57002 16.422 0.009
3363.57693 16.389 0.009
3367.63652 16.372 0.009
3372.56999 16.636 0.010
3376.54611 16.595 0.009
3380.53252 16.559 0.015
3386.57950 16.554 0.009
3395.52729 15.908 0.010
3398.57501 16.510 0.010
3402.57225 16.490 0.009
3543.88591 16.669 0.011
3551.90940 16.612 0.013
3554.94062 16.268 0.009
3561.94786 16.555 0.010
3564.92553 16.124 0.007
3568.87116 16.024 0.008
3570.83216 15.948 0.009
3571.82311 16.497 0.012
3573.86881 16.517 0.012
3575.82459 16.502 0.010
3577.88097 16.486 0.009
3578.91699 15.884 0.007
3579.82205 16.454 0.009
3581.89113 16.468 0.009
3582.84743 16.283 0.009
3583.85766 16.463 0.009
3585.87875 16.444 0.008
3586.83092 16.584 0.009
3588.84922 16.645 0.009
3590.80526 16.668 0.009
3592.77001 16.662 0.009
3594.80950 16.660 0.009
3597.84945 16.321 0.009
3600.88561 16.664 0.013
3602.74651 16.568 0.012
3607.83761 16.205 0.008
3617.79363 16.016 0.007
3619.77173 15.964 0.007
3621.76422 15.924 0.007
3628.79109 16.487 0.010
3630.64295 16.416 0.010
3632.64031 16.416 0.010
3634.71321 16.403 0.009
3637.67204 16.685 0.010
3639.72195 16.672 0.009
3641.71873 16.676 0.010
3643.81714 16.682 0.011
3644.75780 16.338 0.008
3646.68884 16.285 0.009
3650.71007 16.241 0.008
3652.64523 16.193 0.008
3654.61568 16.139 0.008
3656.64723 16.138 0.008
3657.70494 16.569 0.009
3658.67986 16.138 0.008
3659.66256 16.566 0.011
3661.61124 16.527 0.011
3663.63418 16.539 0.011
3665.66652 16.544 0.009
3668.61568 15.902 0.008
3670.56638 15.894 0.008
3672.60581 15.893 0.007
3674.63507 15.901 0.007
3676.59289 16.312 0.009
3682.58183 16.665 0.010
3684.57469 16.675 0.010
3686.56458 16.686 0.011
3688.53766 16.675 0.010
3690.54357 16.630 0.012
3692.59612 16.649 0.011
3694.58270 16.625 0.009
3696.57883 16.592 0.009
3698.61253 16.604 0.011
3700.62258 16.588 0.009
3702.61350 16.570 0.010
3704.61402 16.566 0.009
3706.62888 16.551 0.009
3708.61028 16.554 0.010
3712.56681 16.521 0.009
3714.56948 16.524 0.010
3718.55296 16.513 0.010
3721.58516 15.899 0.008
3725.61403 15.877 0.007
3730.53829 16.429 0.009
3734.60896 16.417 0.009
3738.56103 16.354 0.009
3742.55821 16.329 0.010
3747.55798 16.617 0.012
3751.56677 16.602 0.012
3762.54475 16.062 0.009
3766.55000 15.997 0.007
3772.57675 15.923 0.007
3777.52409 16.493 0.012
3871.89614 16.609 0.013
3902.91644 15.900 0.008
3907.91130 16.430 0.009
3913.93685 16.408 0.008
3918.90664 16.671 0.009
3931.93820 16.250 0.009
3934.87617 16.565 0.009
3936.88445 16.573 0.010
3938.86851 16.552 0.010
3945.87547 15.969 0.007
3950.82042 16.503 0.009
3957.77596 16.571 0.013
3959.76543 16.632 0.010
3961.75956 16.681 0.012
3964.76779 16.349 0.008
3966.76004 16.331 0.008
3968.75372 16.311 0.008
3970.74541 16.286 0.008
3973.71474 16.580 0.010
3975.72698 16.584 0.009
3980.66221 16.110 0.009
3981.66195 16.552 0.009
3982.72633 16.141 0.009
3986.69968 16.038 0.008
3991.72887 16.539 0.010
3994.64129 15.890 0.008
3998.67166 15.975 0.008
4001.64248 16.426 0.009
4003.61392 16.401 0.009
4004.69372 16.454 0.009
4005.68785 16.432 0.009
4007.58110 16.363 0.009
4008.59000 16.683 0.009
4011.64048 16.313 0.009
4014.62292 16.660 0.013
4016.61971 16.658 0.010
4018.61612 16.615 0.010
4020.61956 16.601 0.011
4023.60541 16.198 0.009
4025.60578 16.174 0.008
4027.59390 16.147 0.008
4029.57620 16.104 0.008
4031.56328 16.070 0.008
4033.65756 16.116 0.007
4040.53300 16.479 0.010
4042.56089 16.492 0.009
4044.58389 16.503 0.012
4046.61698 16.488 0.010
4049.52892 16.466 0.009
4051.57850 16.416 0.009
4053.62593 16.373 0.008
4055.51857 16.684 0.013
4057.59394 16.665 0.012
4059.59237 16.671 0.009
4063.53741 16.668 0.010
4065.58704 16.667 0.009
4067.58031 16.639 0.009
4069.53318 16.597 0.010
4071.54400 16.597 0.010
4074.54011 16.203 0.009
4077.54182 16.561 0.009
4079.54200 16.568 0.009
4082.54336 16.090 0.007
4085.62069 16.552 0.010
4092.57619 15.935 0.007
4097.61878 16.522 0.010
4100.61020 15.894 0.007
4105.57419 16.425 0.009
4111.61065 16.391 0.008
4115.53011 16.313 0.009
4120.56100 16.637 0.009
4124.57249 16.599 0.009
4128.59647 16.586 0.010
4252.94414 16.599 0.012
4255.86414 16.147 0.009
4268.92311 16.536 0.011
4275.93802 15.879 0.009
4279.83488 16.468 0.013
4282.82628 16.421 0.010
4283.84533 16.634 0.013
4284.87573 16.414 0.011
4285.94115 16.477 0.011
4292.88361 16.349 0.009
4295.87707 16.635 0.010
4296.90756 16.317 0.009
4297.93949 16.647 0.010
4299.87436 16.590 0.009
4300.89610 16.275 0.009
4301.91467 16.610 0.009
4302.93655 16.279 0.009
4306.93326 16.234 0.009
4307.84785 16.568 0.009
4308.67605 15.992 0.009
4308.88395 16.177 0.009
4310.85613 16.131 0.009
4311.85598 16.549 0.014
4312.91815 16.145 0.008
4314.93723 16.137 0.010
4316.84512 16.020 0.009
4320.87243 15.957 0.008
4326.85465 15.875 0.008
4327.83061 16.471 0.012
4328.84636 15.949 0.008
4329.84769 16.478 0.010
4330.87702 15.988 0.008
4332.89323 16.104 0.009
4334.87019 16.432 0.010
4338.92266 16.510 0.010
4340.79350 16.666 0.011
4341.78636 16.339 0.010
4342.86055 16.689 0.012
4343.77992 16.313 0.009
4344.76199 16.644 0.011
4346.71830 16.597 0.011
4348.72407 16.564 0.010
4350.70071 16.577 0.009
4352.80288 16.589 0.011
4353.65885 16.127 0.009
4354.78018 16.576 0.011
4357.76390 16.159 0.009
4359.71785 16.073 0.009
4362.66551 16.513 0.013
4363.62481 15.926 0.009
4365.68317 15.947 0.009
4369.67713 15.876 0.009
4371.66608 15.904 0.009
4376.66957 16.455 0.010
4378.63617 16.404 0.010
4379.66748 16.567 0.013
4381.62663 16.670 0.013
4382.70518 16.416 0.009
4386.67945 16.372 0.009
4388.68017 16.352 0.009
4390.68899 16.341 0.009
4393.68355 16.654 0.011
4396.65811 16.254 0.009
4398.66309 16.239 0.009
4400.68761 16.234 0.009
4404.66459 16.168 0.009
4407.65248 16.549 0.010
4410.68241 16.096 0.009
4415.66874 16.526 0.009
4418.61426 15.876 0.008
4421.67204 16.511 0.010
4423.67651 16.492 0.011
4426.55272 16.543 0.012
4428.56942 16.582 0.013
4430.62964 16.527 0.010
4432.61551 16.631 0.010
4434.62079 16.671 0.011
4436.59710 16.658 0.010
4438.65976 16.672 0.012
4440.59287 16.659 0.012
4442.55437 16.629 0.013
4444.57918 16.616 0.013
4450.61160 16.567 0.013
4452.58914 16.579 0.011
4454.52620 16.562 0.019
4455.59830 16.123 0.009
4457.53381 16.066 0.010
4459.55392 16.052 0.009
4462.58536 16.549 0.011
4466.60949 16.531 0.010
4471.54414 15.897 0.008
4475.53680 16.260 0.010
4480.57922 16.416 0.009
4482.58618 16.424 0.011
4485.58926 16.635 0.013
4488.59149 16.359 0.011
4609.91387 16.653 0.011
4643.89803 16.535 0.011
4650.93691 15.877 0.008
4655.91632 16.455 0.009
4662.79470 16.661 0.009
4662.91153 16.639 0.010
4663.76632 16.336 0.011
4663.91414 16.393 0.009
4665.83940 16.322 0.009
4665.93323 16.384 0.010
4666.92850 16.691 0.012
4666.93239 16.664 0.013
4670.92150 16.681 0.011
4671.89140 16.305 0.009
4673.87344 16.277 0.009
4674.80185 16.568 0.011
4674.86205 16.614 0.011
4676.92169 16.606 0.012
4677.83729 16.208 0.008
4682.81176 16.558 0.010
4684.84962 16.548 0.010
4686.80960 16.530 0.009
4688.82556 16.536 0.009
4690.75115 16.519 0.009
4691.75417 15.907 0.008
4693.90918 16.036 0.009
4696.88282 16.530 0.012
4697.82134 15.878 0.009
4698.77094 16.480 0.009
4699.76504 16.032 0.008
4700.79978 16.499 0.009
4701.80767 16.004 0.009
4703.76688 16.431 0.009
4704.78564 16.441 0.009
4705.79312 16.470 0.010
4707.78554 16.599 0.009
4709.74133 16.672 0.010
4710.76990 16.371 0.008
4715.74991 16.667 0.011
4716.77560 16.325 0.008
4717.70037 16.607 0.010
4719.78965 16.629 0.011
4721.78330 16.633 0.012
4724.66589 16.188 0.009
4725.74535 16.569 0.010
4728.75092 16.190 0.009
4733.72748 16.555 0.009
4740.66908 15.909 0.008
4741.70446 16.513 0.009
4747.60865 16.457 0.010
4749.60833 16.435 0.011
4753.67932 16.428 0.011
4755.67131 16.399 0.009
4757.65583 16.379 0.009
4759.67052 16.374 0.009
4761.63889 16.344 0.008
4763.65132 16.387 0.010
4767.59707 16.258 0.009
4770.66561 16.607 0.011
4772.60337 16.566 0.009
4774.55792 16.567 0.009
4776.54951 16.550 0.011
4777.65146 16.181 0.009
4780.52014 16.557 0.011
4781.61430 16.096 0.009
4783.58323 16.022 0.009
4785.61859 16.035 0.009
4789.54971 15.894 0.008
4791.53126 15.876 0.008
4793.53867 15.935 0.008
4795.55134 16.050 0.008
4797.54359 16.330 0.009
4798.60694 16.460 0.010
4800.65432 16.469 0.009
4803.54545 16.636 0.010
4804.60055 16.428 0.011
4805.58740 16.626 0.010
4807.52518 16.698 0.017
4809.55453 16.683 0.011
4811.57643 16.673 0.011
4813.55337 16.635 0.013
4815.58928 16.667 0.012
4816.53637 16.275 0.009
4818.58665 16.289 0.009
4820.52814 16.241 0.011
4822.58489 16.243 0.009
4824.56971 16.214 0.009
4826.61935 16.218 0.009
4833.56875 16.547 0.009
4835.59200 16.535 0.011
4837.60295 16.522 0.012
4841.57929 16.537 0.011
4843.57354 16.516 0.011
4846.58263 15.871 0.008
4848.61887 15.876 0.007
4850.60635 15.936 0.008
4854.59759 16.368 0.009
4856.61483 16.439 0.009
4862.56274 16.672 0.009
4868.55309 16.636 0.011
