 466.55751 15.614 0.005
 466.57274 15.604 0.005
 466.60336 15.596 0.005
 466.63289 15.585 0.005
 467.55077 15.369 0.005
 467.58021 15.371 0.005
 467.60968 15.374 0.005
 467.63919 15.366 0.005
 469.56015 15.545 0.006
 469.59875 15.539 0.005
 469.63038 15.536 0.005
 471.61268 15.485 0.005
 471.62789 15.465 0.005
 472.54485 15.387 0.006
 472.55958 15.403 0.006
 472.57426 15.392 0.005
 472.58890 15.392 0.005
 622.89142 15.499 0.006
 624.91798 15.645 0.006
 625.90543 15.362 0.006
 626.87694 15.439 0.006
 627.86318 15.535 0.006
 628.90425 15.629 0.006
 629.90203 15.515 0.006
 631.93299 15.465 0.006
 632.87352 15.559 0.006
 633.90896 15.668 0.006
 635.90379 15.409 0.006
 643.87282 15.527 0.006
 645.84453 15.458 0.006
 647.80226 15.661 0.007
 649.79964 15.399 0.006
 656.86001 15.638 0.006
 657.83229 15.534 0.006
 658.87258 15.390 0.006
 663.77886 15.409 0.006
 664.88379 15.509 0.006
 665.83105 15.594 0.005
 666.84160 15.651 0.006
 667.86085 15.367 0.005
 668.83164 15.429 0.005
 670.79720 15.626 0.006
 671.81927 15.521 0.005
 672.82482 15.385 0.005
 673.79218 15.469 0.006
 684.75259 15.622 0.006
 685.80744 15.527 0.006
 686.70873 15.374 0.006
 687.79007 15.469 0.006
 688.73208 15.541 0.006
 689.75925 15.672 0.006
 697.72540 15.520 0.006
 698.79650 15.629 0.006
 699.69553 15.545 0.006
 700.73630 15.371 0.005
 701.70851 15.455 0.006
 704.73655 15.448 0.006
 706.70220 15.495 0.006
 707.73976 15.588 0.006
 708.76391 15.661 0.006
 712.76447 15.630 0.006
 713.74583 15.534 0.005
 714.76080 15.380 0.005
 715.72637 15.465 0.006
 716.69444 15.547 0.006
 726.69463 15.622 0.006
 728.68776 15.384 0.005
 729.68992 15.463 0.006
 730.67431 15.544 0.006
 733.64075 15.387 0.006
 739.66074 15.530 0.006
 741.62654 15.566 0.006
 742.60280 15.370 0.006
 744.64989 15.542 0.006
 745.60083 15.664 0.006
 746.79160 15.407 0.006
 747.66214 15.407 0.006
 748.62385 15.485 0.006
 749.62925 15.584 0.006
 750.62307 15.670 0.006
 751.63154 15.375 0.006
 752.74592 15.428 0.006
 753.68155 15.506 0.006
 759.63943 15.659 0.006
 760.66507 15.439 0.005
 761.64114 15.411 0.006
 761.74638 15.412 0.006
 762.63250 15.495 0.006
 762.66205 15.499 0.006
 763.64871 15.589 0.006
 763.75947 15.595 0.006
 765.58077 15.383 0.006
 766.61825 15.429 0.006
 766.72112 15.434 0.006
 767.62575 15.522 0.006
 767.68740 15.525 0.007
 767.76366 15.520 0.006
 769.60858 15.546 0.006
 769.68231 15.522 0.006
 770.61473 15.381 0.006
 771.64779 15.466 0.006
 772.60964 15.547 0.006
 773.61477 15.653 0.006
 773.76696 15.664 0.006
 774.60775 15.445 0.005
 775.56564 15.402 0.006
 776.64657 15.499 0.006
 777.62082 15.583 0.006
 778.62419 15.650 0.006
 779.65115 15.368 0.006
 779.76143 15.368 0.006
 780.65096 15.431 0.006
 781.56531 15.516 0.006
 781.74577 15.522 0.006
 782.63084 15.625 0.006
 782.76017 15.648 0.006
 783.54780 15.572 0.006
 784.58980 15.370 0.005
 785.61663 15.456 0.006
 785.76221 15.468 0.006
 786.62030 15.543 0.006
 787.70075 15.656 0.006
 788.63360 15.436 0.006
 788.65915 15.431 0.006
 790.58229 15.490 0.006
 792.56024 15.656 0.006
 795.62492 15.520 0.006
 796.55384 15.622 0.006
 796.73916 15.640 0.007
 797.71397 15.510 0.006
 798.57665 15.374 0.006
 799.71459 15.474 0.006
 800.62962 15.548 0.006
 802.68963 15.415 0.006
 805.61694 15.585 0.006
 806.62712 15.650 0.006
 808.55856 15.439 0.006
 816.68955 15.403 0.005
 817.59962 15.399 0.005
 819.56239 15.575 0.006
 820.63872 15.638 0.006
 822.55926 15.430 0.006
 824.58508 15.623 0.006
 825.65822 15.509 0.006
 828.61838 15.562 0.006
 829.58498 15.654 0.006
 832.59186 15.490 0.006
 833.61174 15.586 0.006
 834.58133 15.649 0.006
 836.55945 15.434 0.006
 838.59244 15.620 0.006
 840.60219 15.390 0.006
 845.55360 15.414 0.006
 850.57708 15.435 0.006
 855.58207 15.464 0.006
 859.56987 15.415 0.006
 866.53440 15.617 0.006
 962.93821 15.483 0.006
 966.93768 15.422 0.006
 970.91410 15.378 0.006
 976.89472 15.479 0.006
 986.84914 15.529 0.006
 987.86271 15.643 0.006
 991.93101 15.584 0.006
 996.93471 15.611 0.006
 998.90576 15.371 0.005
1004.80439 15.469 0.006
1006.83296 15.680 0.006
1020.90246 15.670 0.006
1035.75518 15.401 0.006
1037.78438 15.498 0.006
1041.79254 15.453 0.005
1045.75427 15.387 0.005
1052.77837 15.612 0.006
1055.65156 15.438 0.006
1058.86356 15.462 0.006
1059.78155 15.399 0.006
1061.73429 15.556 0.006
1064.81822 15.427 0.006
1068.71963 15.363 0.006
1072.69977 15.498 0.006
1076.67753 15.659 0.006
1078.68811 15.406 0.006
1081.70065 15.619 0.006
1084.63884 15.529 0.005
1087.65873 15.393 0.005
1090.71513 15.664 0.006
1092.74723 15.420 0.006
1094.65390 15.604 0.006
1106.71894 15.423 0.005
1110.63806 15.354 0.006
1116.59654 15.453 0.005
1120.58514 15.415 0.006
1126.66046 15.539 0.006
1129.55889 15.375 0.006
1132.54197 15.659 0.006
1135.59206 15.496 0.006
1138.64172 15.373 0.005
1140.61911 15.527 0.005
1144.67670 15.473 0.006
1151.55631 15.627 0.006
1155.55791 15.647 0.006
1159.55335 15.557 0.006
1162.58576 15.416 0.005
1164.69933 15.618 0.006
1170.55773 15.501 0.006
1178.66782 15.611 0.006
1182.67969 15.531 0.006
1183.71805 15.659 0.006
1185.70123 15.403 0.005
1188.70052 15.654 0.006
1191.58429 15.508 0.006
1202.59939 15.666 0.006
1205.55081 15.503 0.006
1211.57127 15.647 0.006
1217.58190 15.381 0.006
1229.53714 15.564 0.006
1238.53338 15.538 0.008
1327.91755 15.643 0.007
1330.83424 15.458 0.006
1335.88600 15.491 0.006
1340.90553 15.525 0.006
1348.94161 15.419 0.006
1354.91515 15.528 0.006
1360.93488 15.671 0.006
1365.93110 15.635 0.006
1367.85459 15.430 0.006
1374.92670 15.663 0.006
1394.86285 15.369 0.006
1395.89433 15.445 0.006
1397.81600 15.626 0.006
1401.84303 15.549 0.006
1402.92798 15.659 0.006
1407.85104 15.627 0.006
1412.74636 15.549 0.006
1417.90472 15.389 0.006
1430.73732 15.661 0.006
1432.74803 15.399 0.005
1435.70443 15.663 0.006
1439.67091 15.619 0.006
1442.67459 15.456 0.006
1447.74979 15.507 0.006
1451.68602 15.431 0.006
1455.70573 15.367 0.006
1460.74645 15.409 0.006
1462.65208 15.581 0.006
1470.65834 15.448 0.006
1471.77747 15.559 0.006
1472.64556 15.646 0.006
1475.65124 15.482 0.006
1477.58032 15.672 0.006
1481.59807 15.614 0.006
1484.64703 15.450 0.006
1487.64211 15.440 0.006
1490.68090 15.593 0.006
1492.58054 15.379 0.006
1495.53734 15.611 0.006
1499.56597 15.540 0.006
1502.56407 15.394 0.006
1505.63066 15.649 0.006
1508.56604 15.510 0.006
1509.54233 15.617 0.006
1512.64419 15.468 0.006
1515.61889 15.429 0.006
1517.62238 15.485 0.006
1520.60953 15.371 0.006
1524.55725 15.552 0.006
1526.59735 15.476 0.006
1531.64895 15.498 0.006
1543.60643 15.423 0.006
1546.62126 15.594 0.006
1551.58305 15.627 0.006
1555.61653 15.544 0.006
1562.59514 15.359 0.006
1569.57430 15.545 0.006
1575.60012 15.641 0.006
1580.57510 15.519 0.006
1583.57776 15.543 0.006
1587.55756 15.484 0.006
1597.54302 15.555 0.006
1603.55113 15.634 0.006
1608.52684 15.517 0.006
1703.91171 15.479 0.006
1705.91725 15.661 0.006
1716.87761 15.406 0.006
1717.88801 15.478 0.006
1729.92369 15.466 0.005
1732.89349 15.574 0.006
1740.84451 15.450 0.006
1742.89228 15.657 0.006
1744.86144 15.394 0.006
1745.88564 15.490 0.006
1749.86610 15.421 0.005
1750.83801 15.508 0.006
1751.84987 15.607 0.006
1752.81119 15.608 0.006
1753.81226 15.379 0.006
1754.83892 15.451 0.006
1755.80426 15.554 0.006
1756.83374 15.645 0.007
1757.78294 15.495 0.006
1758.78744 15.389 0.006
1759.83180 15.483 0.006
1761.81285 15.668 0.006
1762.79923 15.389 0.006
1763.80223 15.421 0.006
1764.79473 15.499 0.005
1765.78919 15.604 0.006
1766.73023 15.620 0.006
1768.80935 15.442 0.006
1769.71873 15.527 0.006
1771.83478 15.463 0.006
1772.77716 15.386 0.005
1773.74449 15.472 0.006
1776.76729 15.394 0.005
1784.74393 15.640 0.006
1788.80945 15.569 0.006
1803.76979 15.658 0.006
1806.76390 15.500 0.006
1808.83354 15.538 0.006
1811.76193 15.540 0.005
1814.80877 15.396 0.005
1817.77442 15.660 0.006
1822.65188 15.634 0.006
1826.80299 15.653 0.006
1829.74527 15.475 0.006
1846.79327 15.380 0.006
1850.75000 15.587 0.006
1854.80608 15.657 0.006
1858.72995 15.565 0.006
1862.72884 15.510 0.006
1867.75331 15.539 0.006
1871.75989 15.486 0.006
2085.90914 15.466 0.007
2086.88843 15.559 0.007
2103.89525 15.413 0.006
2105.92315 15.589 0.006
2106.89098 15.632 0.007
2112.84336 15.385 0.006
2116.87111 15.418 0.006
2123.81803 15.523 0.006
2128.82553 15.546 0.007
2129.85750 15.662 0.007
2130.84387 15.417 0.006
2131.83748 15.418 0.006
2132.80627 15.490 0.007
2133.89460 15.600 0.008
2134.81000 15.642 0.007
2135.84408 15.371 0.006
2137.89208 15.535 0.007
2140.81134 15.380 0.006
2142.75205 15.548 0.006
2143.81755 15.665 0.006
2144.82425 15.422 0.006
2155.87863 15.481 0.007
2156.82521 15.564 0.007
2160.75460 15.496 0.007
2162.76139 15.661 0.006
2166.75600 15.618 0.006
2167.76446 15.534 0.006
2168.71363 15.382 0.006
2171.73955 15.667 0.006
2172.74617 15.436 0.006
2177.63966 15.385 0.006
2184.70130 15.556 0.007
2185.66480 15.665 0.007
2186.68965 15.445 0.007
2187.68483 15.402 0.006
2188.73199 15.498 0.006
2190.69136 15.645 0.006
2191.66474 15.381 0.006
2192.66325 15.434 0.006
2193.68432 15.525 0.006
2194.65442 15.619 0.006
2203.55089 15.578 0.007
2206.60721 15.432 0.007
2211.64130 15.454 0.006
2212.64513 15.541 0.006
2213.65095 15.661 0.007
2214.64214 15.454 0.006
2215.64912 15.404 0.006
2217.63582 15.575 0.007
2219.67868 15.367 0.006
2224.71356 15.378 0.006
2226.63643 15.558 0.007
2228.55833 15.465 0.006
2229.61659 15.402 0.006
2231.64326 15.584 0.007
2232.50999 15.666 0.008
2233.61341 15.364 0.006
2235.66353 15.520 0.006
2238.54707 15.378 0.006
2240.65138 15.551 0.006
2242.61889 15.447 0.006
2248.60354 15.430 0.006
2250.57686 15.613 0.006
2253.57050 15.453 0.006
2255.60716 15.656 0.007
2258.57346 15.488 0.006
2263.58419 15.524 0.006
2266.55498 15.378 0.006
2271.56456 15.403 0.006
2273.56390 15.592 0.008
2275.59883 15.370 0.006
2276.55838 15.438 0.007
2278.59096 15.621 0.007
2280.58682 15.380 0.006
2284.58970 15.431 0.006
2290.60368 15.436 0.006
2293.56596 15.540 0.006
2295.55870 15.462 0.006
2297.56199 15.653 0.007
2299.56109 15.418 0.006
2301.55335 15.581 0.007
2445.91192 15.582 0.007
2460.87884 15.671 0.008
2463.91518 15.506 0.006
2465.92794 15.570 0.006
2467.90093 15.450 0.006
2469.90031 15.649 0.006
2471.88975 15.392 0.006
2472.91922 15.492 0.006
2473.89113 15.571 0.006
2481.90282 15.447 0.007
2483.88864 15.649 0.006
2486.88565 15.483 0.007
2488.87656 15.659 0.008
2489.92299 15.372 0.006
2492.90335 15.616 0.006
2496.90310 15.541 0.006
2497.92651 15.654 0.007
2498.77378 15.494 0.006
2499.85936 15.394 0.006
2500.86493 15.484 0.006
2501.85389 15.575 0.006
2502.83412 15.653 0.007
2508.74536 15.371 0.007
2516.77666 15.669 0.007
2517.82340 15.386 0.006
2518.79484 15.424 0.006
2519.83174 15.509 0.006
2520.79113 15.605 0.006
2521.82327 15.576 0.006
2524.82152 15.547 0.007
2526.77770 15.472 0.006
2534.83408 15.615 0.007
2535.81429 15.572 0.006
2537.70207 15.458 0.007
2538.79803 15.538 0.006
2539.70185 15.643 0.007
2540.74273 15.497 0.007
2541.71375 15.391 0.006
2542.68354 15.477 0.006
2544.66208 15.661 0.007
2545.67711 15.408 0.006
2547.69512 15.499 0.006
2548.71156 15.606 0.006
2550.70669 15.369 0.006
2551.69333 15.446 0.006
2553.64905 15.636 0.008
2554.70257 15.495 0.006
2555.71050 15.401 0.006
2556.68952 15.473 0.006
2557.70206 15.563 0.006
2558.65854 15.670 0.007
2559.61544 15.411 0.006
2560.64850 15.415 0.006
2561.67405 15.510 0.007
2562.66694 15.592 0.007
2563.67487 15.600 0.007
2564.69026 15.362 0.006
2565.68116 15.442 0.006
2566.66144 15.526 0.006
2568.69242 15.479 0.007
2571.64511 15.564 0.008
2573.65854 15.387 0.006
2574.64237 15.412 0.006
2577.62924 15.620 0.007
2578.62931 15.366 0.006
2579.63596 15.436 0.006
2580.64808 15.531 0.006
2583.61939 15.386 0.006
2584.62675 15.463 0.006
2586.62397 15.667 0.006
2587.60838 15.410 0.006
2588.71680 15.431 0.006
2589.59832 15.496 0.006
2590.61345 15.594 0.007
2591.63659 15.617 0.007
2593.60559 15.440 0.006
2594.60936 15.540 0.007
2596.58489 15.497 0.007
2597.57206 15.381 0.006
2598.64593 15.469 0.006
2599.60541 15.566 0.007
2607.62660 15.445 0.007
2610.54642 15.514 0.007
2613.54032 15.568 0.007
2615.56917 15.416 0.006
2619.55687 15.617 0.007
2621.56577 15.440 0.006
2625.54841 15.395 0.007
2628.54178 15.665 0.008
2632.54820 15.595 0.007
2636.54337 15.528 0.007
2639.54386 15.396 0.006
2642.55261 15.669 0.008
2646.56543 15.597 0.006
2651.53746 15.640 0.008
2654.55527 15.487 0.007
2657.55813 15.399 0.006
2660.55391 15.605 0.007
2671.55158 15.393 0.006
2673.56338 15.521 0.007
2676.52475 15.380 0.007
2679.53811 15.647 0.007
2682.54043 15.479 0.007
2777.90295 15.644 0.008
2804.86989 15.579 0.007
2811.90436 15.387 0.007
2814.94001 15.661 0.007
2817.92658 15.497 0.007
2831.78143 15.485 0.007
2832.74739 15.580 0.007
2832.92536 15.582 0.007
2833.86530 15.642 0.008
2835.87395 15.433 0.006
2837.87502 15.635 0.008
2838.93218 15.507 0.007
2840.82492 15.468 0.007
2843.82636 15.428 0.006
2844.87219 15.407 0.006
2845.91818 15.489 0.007
2849.85561 15.436 0.006
2850.88837 15.523 0.007
2851.93194 15.644 0.007
2852.80262 15.546 0.007
2853.94203 15.383 0.006
2856.81529 15.662 0.007
2858.90934 15.412 0.006
2860.87534 15.590 0.007
2861.74651 15.662 0.006
2862.92552 15.376 0.006
2863.83472 15.453 0.007
2865.83162 15.635 0.007
2866.88126 15.509 0.007
2867.82127 15.379 0.006
2868.76894 15.461 0.006
2869.90194 15.560 0.007
2870.81554 15.654 0.006
2871.85846 15.413 0.006
2875.79802 15.649 0.007
2876.77573 15.375 0.006
2877.79763 15.436 0.006
2879.73926 15.621 0.006
2883.82540 15.553 0.006
2885.76020 15.441 0.006
2888.80852 15.580 0.007
2892.79988 15.524 0.007
2894.72904 15.548 0.007
2896.72614 15.464 0.006
2898.74712 15.660 0.007
2900.74596 15.400 0.006
2902.74548 15.583 0.006
2905.75268 15.445 0.006
2907.75408 15.629 0.006
2909.74319 15.376 0.005
2911.73455 15.560 0.006
2915.70602 15.488 0.006
2917.73213 15.641 0.006
2921.72988 15.628 0.007
2923.75183 15.389 0.006
2925.71480 15.560 0.006
2927.71233 15.434 0.006
2930.73038 15.590 0.007
2932.73689 15.376 0.006
2934.71672 15.525 0.006
2937.64073 15.380 0.006
2939.69337 15.552 0.006
2940.63350 15.648 0.006
2941.68332 15.446 0.006
2942.63345 15.397 0.006
2943.60468 15.489 0.007
2944.58927 15.580 0.006
2945.60604 15.661 0.008
2947.61554 15.421 0.006
2949.59685 15.612 0.007
2950.64160 15.543 0.006
2951.62878 15.377 0.006
2952.65771 15.467 0.007
2954.68263 15.659 0.007
2956.62862 15.409 0.006
2958.62303 15.583 0.007
2961.59410 15.452 0.008
2968.59386 15.651 0.007
2970.61311 15.401 0.006
2972.59760 15.583 0.006
2974.59835 15.374 0.006
2976.54805 15.518 0.007
2978.57415 15.567 0.008
2980.59102 15.459 0.007
2982.53624 15.653 0.007
2984.62711 15.410 0.007
2986.63724 15.589 0.007
2988.52960 15.395 0.007
2991.60267 15.631 0.006
2994.58439 15.466 0.006
2997.55718 15.447 0.006
3001.57363 15.656 0.007
3005.53170 15.627 0.008
3008.55336 15.473 0.007
3008.55802 15.457 0.007
3011.56139 15.447 0.007
3016.58805 15.372 0.006
3018.57452 15.521 0.006
3020.60257 15.530 0.006
3021.61538 15.380 0.006
3023.57128 15.541 0.006
3025.56979 15.435 0.006
3027.60330 15.494 0.006
3029.57520 15.644 0.007
3031.57974 15.430 0.006
3033.58211 15.629 0.006
3037.52913 15.544 0.007
3164.92956 15.596 0.006
3183.91153 15.468 0.006
3193.87929 15.386 0.006
3195.93849 15.551 0.006
3197.91395 15.463 0.006
3201.87137 15.668 0.006
3203.87932 15.430 0.006
3206.81719 15.611 0.006
3210.89322 15.647 0.006
3211.88465 15.463 0.006
3215.66076 15.666 0.008
3216.72877 15.406 0.007
3217.92930 15.427 0.006
3218.91393 15.519 0.007
3223.83478 15.546 0.006
3226.82503 15.404 0.006
3229.83216 15.672 0.006
3231.81430 15.424 0.007
3239.79267 15.493 0.006
3240.78993 15.403 0.006
3241.81429 15.475 0.006
3242.71361 15.565 0.006
3243.85006 15.667 0.007
3244.82725 15.379 0.006
3245.77639 15.428 0.006
3246.76884 15.525 0.007
3247.76260 15.615 0.006
3249.72731 15.374 0.006
3251.74083 15.541 0.006
3254.72795 15.394 0.006
3257.74436 15.667 0.006
3259.66354 15.426 0.006
3261.70164 15.604 0.006
3263.68434 15.380 0.006
3265.71873 15.534 0.006
3267.70757 15.498 0.006
3269.78399 15.501 0.007
3270.74081 15.573 0.006
3271.66364 15.669 0.006
3272.72083 15.405 0.006
3274.70670 15.509 0.006
3276.71113 15.618 0.007
3277.74427 15.375 0.006
3279.67659 15.537 0.006
3281.64027 15.517 0.006
3283.64171 15.478 0.006
3287.60793 15.407 0.006
3289.61900 15.593 0.006
3293.59579 15.522 0.006
3295.61458 15.510 0.006
3297.59633 15.453 0.005
3299.65270 15.677 0.006
3301.62694 15.421 0.006
3303.68919 15.608 0.006
3306.62174 15.441 0.006
3308.60946 15.635 0.007
3310.60859 15.384 0.006
3312.65261 15.573 0.006
3314.56347 15.429 0.006
3320.60130 15.440 0.006
3327.55626 15.667 0.006
3330.55049 15.503 0.006
3335.59532 15.537 0.006
3338.59893 15.393 0.006
3349.59526 15.554 0.006
3353.57435 15.491 0.006
3359.55088 15.594 0.006
3363.55822 15.541 0.006
3367.61754 15.488 0.006
3372.54829 15.508 0.006
3376.52760 15.454 0.007
3378.59455 15.649 0.006
3386.56098 15.504 0.006
3390.57456 15.468 0.006
3398.55632 15.399 0.006
3402.54472 15.601 0.006
3528.93692 15.415 0.006
3541.92972 15.665 0.006
3547.91431 15.374 0.006
3554.92252 15.562 0.006
3560.94464 15.627 0.006
3564.90680 15.636 0.006
3568.83766 15.555 0.006
3570.77838 15.461 0.006
3571.80071 15.421 0.006
3573.83820 15.592 0.007
3574.87719 15.635 0.006
3577.83586 15.525 0.006
3578.89443 15.623 0.006
3579.79927 15.547 0.006
3581.84420 15.447 0.006
3581.86691 15.457 0.006
3582.82909 15.554 0.006
3583.83350 15.661 0.006
3586.80784 15.493 0.006
3588.82573 15.648 0.006
3589.81854 15.367 0.006
3591.87334 15.518 0.006
3593.81090 15.537 0.006
3596.89136 15.570 0.006
3601.80899 15.592 0.006
3607.81440 15.528 0.006
3614.78579 15.501 0.006
3617.76529 15.371 0.006
3619.69821 15.514 0.006
3621.71667 15.557 0.006
3624.86497 15.571 0.006
3626.71435 15.453 0.006
3629.66796 15.584 0.006
3631.73033 15.367 0.006
3633.69564 15.521 0.006
3637.64955 15.468 0.006
3639.69963 15.657 0.006
3641.69619 15.403 0.006
3643.72056 15.575 0.006
3646.65552 15.447 0.006
3650.65877 15.381 0.006
3650.68281 15.378 0.006
3651.73275 15.454 0.006
3653.72891 15.670 0.006
3655.69509 15.404 0.006
3657.64587 15.565 0.006
3658.65030 15.650 0.006
3659.63835 15.371 0.006
3660.66847 15.407 0.006
3663.55998 15.598 0.007
3665.63356 15.453 0.006
3668.57198 15.466 0.006
3669.67074 15.400 0.006
3671.62890 15.571 0.006
3673.67376 15.376 0.006
3675.65834 15.514 0.006
3683.64765 15.405 0.006
3685.65278 15.576 0.006
3687.65145 15.361 0.006
3689.59984 15.513 0.006
3692.57568 15.375 0.006
3694.55966 15.549 0.006
3696.56018 15.459 0.006
3698.59387 15.492 0.006
3700.57480 15.667 0.006
3702.58409 15.428 0.006
3704.59036 15.617 0.006
3706.61079 15.386 0.006
3708.58367 15.542 0.006
3711.59026 15.403 0.006
3714.52401 15.666 0.008
3718.60452 15.623 0.007
3721.55342 15.454 0.006
3724.56310 15.449 0.006
3726.58366 15.492 0.006
3728.55677 15.654 0.006
3734.56022 15.381 0.006
3737.57590 15.655 0.006
3742.53452 15.655 0.008
3746.55980 15.618 0.007
3751.53618 15.646 0.008
3756.55244 15.642 0.006
3761.60271 15.531 0.006
3766.52751 15.440 0.006
3772.55033 15.445 0.006
3776.55040 15.382 0.006
3871.87630 15.554 0.007
3901.93882 15.379 0.006
3906.93909 15.366 0.006
3913.91603 15.581 0.006
3918.87954 15.603 0.006
3931.91488 15.511 0.006
3934.85790 15.364 0.006
3936.86610 15.537 0.006
3938.85009 15.467 0.006
3944.89748 15.424 0.006
3946.86561 15.622 0.006
3951.88502 15.656 0.006
3955.85015 15.558 0.007
3958.82667 15.433 0.006
3960.82682 15.602 0.006
3963.82353 15.454 0.006
3965.81541 15.645 0.006
3967.83526 15.403 0.006
3969.80090 15.574 0.006
3971.77709 15.386 0.006
3974.77883 15.607 0.006
3979.73419 15.636 0.006
3980.61754 15.541 0.007
3981.64383 15.387 0.006
3983.83415 15.566 0.006
3986.69571 15.415 0.006
3987.66675 15.500 0.006
3990.79002 15.380 0.006
3993.73482 15.632 0.006
3995.74009 15.389 0.006
3999.74936 15.391 0.006
4002.72150 15.592 0.006
4004.67329 15.362 0.006
4006.69950 15.527 0.006
4007.56288 15.610 0.006
4008.57181 15.530 0.006
4009.73327 15.389 0.006
4013.69838 15.404 0.006
4015.68067 15.510 0.006
4015.69690 15.496 0.006
4018.69606 15.375 0.006
4019.68463 15.446 0.006
4021.67712 15.635 0.006
4024.65059 15.458 0.006
4026.62947 15.648 0.006
4028.62543 15.407 0.006
4030.63799 15.594 0.006
4032.69009 15.367 0.006
4037.66628 15.395 0.006
4039.60422 15.559 0.006
4041.60374 15.415 0.006
4043.58944 15.480 0.006
4046.59877 15.353 0.006
4048.56467 15.517 0.006
4050.60679 15.502 0.006
4052.55889 15.465 0.006
4054.61307 15.666 0.006
4056.58516 15.415 0.006
4058.61871 15.586 0.006
4060.51755 15.370 0.006
4064.51518 15.525 0.006
4066.55665 15.469 0.006
4069.51502 15.424 0.007
4073.59859 15.607 0.006
4077.52194 15.631 0.007
4079.52388 15.394 0.006
4082.52384 15.658 0.007
4085.56155 15.498 0.006
4092.55760 15.504 0.006
4096.58355 15.664 0.006
4100.58634 15.595 0.006
4105.55417 15.648 0.006
4108.53042 15.464 0.006
4113.60831 15.515 0.006
4120.57914 15.488 0.006
4126.57697 15.429 0.006
4252.92626 15.466 0.007
4255.84555 15.457 0.007
4268.89906 15.668 0.007
4275.92119 15.433 0.006
4279.79887 15.373 0.007
4282.80943 15.647 0.007
4283.86237 15.433 0.007
4285.91669 15.495 0.006
4291.93747 15.627 0.007
4292.85599 15.530 0.006
4295.86004 15.546 0.006
4296.88980 15.670 0.007
4297.92266 15.415 0.006
4299.85747 15.490 0.006
4300.87896 15.584 0.006
4301.89697 15.645 0.006
4302.91858 15.369 0.006
4306.86321 15.532 0.007
4307.89749 15.377 0.006
4308.65864 15.453 0.006
4308.86662 15.465 0.006
4310.83897 15.664 0.007
4311.82652 15.431 0.007
4312.90040 15.411 0.006
4314.91987 15.589 0.007
4316.82641 15.373 0.006
4319.86359 15.632 0.007
4320.89045 15.505 0.007
4326.83432 15.411 0.006
4327.81259 15.499 0.007
4328.82822 15.588 0.006
4329.83076 15.648 0.007
4330.85900 15.373 0.006
4333.86030 15.637 0.007
4338.90068 15.672 0.007
4340.77316 15.402 0.006
4341.76831 15.488 0.007
4342.82417 15.584 0.007
4343.76181 15.658 0.007
4344.74396 15.363 0.006
4345.78995 15.426 0.006
4347.77884 15.615 0.006
4349.79203 15.369 0.006
4351.72913 15.547 0.007
4353.75235 15.446 0.007
4357.70122 15.657 0.007
4359.69915 15.433 0.006
4361.70171 15.616 0.007
4362.72443 15.551 0.007
4364.58347 15.456 0.007
4367.68098 15.464 0.007
4370.67263 15.577 0.007
4372.73610 15.370 0.006
4376.65149 15.569 0.007
4378.61807 15.457 0.006
4379.64603 15.535 0.006
4380.75888 15.650 0.006
4382.68633 15.401 0.006
4386.66139 15.386 0.006
4388.66187 15.520 0.006
4390.67086 15.558 0.006
4393.64464 15.555 0.006
4395.67952 15.444 0.006
4398.64496 15.570 0.007
4400.66784 15.373 0.006
4403.69363 15.620 0.007
4407.63372 15.550 0.007
4408.67990 15.652 0.007
4410.70284 15.402 0.006
4415.68697 15.433 0.006
4418.59364 15.559 0.006
4422.65487 15.661 0.007
4424.65193 15.401 0.006
4427.53863 15.659 0.007
4429.56456 15.428 0.007
4431.56900 15.617 0.007
4433.57486 15.378 0.006
4435.56321 15.529 0.006
4437.65225 15.433 0.007
4439.56412 15.479 0.007
4441.59995 15.657 0.007
4443.59068 15.422 0.006
4449.64470 15.559 0.006
4451.59983 15.449 0.006
4453.58181 15.493 0.007
4456.58324 15.370 0.006
4459.53574 15.614 0.007
4464.57543 15.645 0.007
4465.54136 15.459 0.006
4470.56029 15.375 0.006
4474.59679 15.536 0.007
4476.57493 15.455 0.006
4479.59974 15.428 0.007
4481.58441 15.490 0.006
4484.60109 15.369 0.007
4487.62265 15.614 0.008
4609.89594 15.487 0.007
4643.88061 15.414 0.006
4649.93082 15.537 0.006
4661.89396 15.374 0.006
4662.77668 15.430 0.006
4662.89360 15.448 0.006
4663.74837 15.530 0.006
4663.93227 15.541 0.006
4665.82132 15.495 0.007
4665.91527 15.458 0.006
4666.90913 15.392 0.006
4670.90358 15.382 0.006
4671.81782 15.418 0.006
4672.87754 15.494 0.006
4675.89515 15.364 0.006
4681.87488 15.477 0.006
4683.87013 15.661 0.006
4685.85625 15.412 0.006
4688.80759 15.606 0.006
4690.73315 15.440 0.006
4691.73602 15.531 0.007
4693.89111 15.463 0.006
4696.84103 15.572 0.008
4698.75286 15.401 0.006
4699.74687 15.416 0.006
4700.78438 15.507 0.006
4701.78958 15.604 0.006
4702.84972 15.581 0.006
4703.74876 15.375 0.006
4704.76761 15.440 0.006
4705.77485 15.536 0.006
4707.76752 15.491 0.006
4708.83578 15.392 0.006
4710.75175 15.555 0.006
4716.75326 15.607 0.006
4719.74543 15.533 0.006
4721.73439 15.495 0.006
4724.76409 15.567 0.006
4726.65976 15.419 0.006
4729.67074 15.593 0.007
4731.76099 15.373 0.006
4734.74331 15.646 0.006
4736.70809 15.402 0.006
4739.64937 15.664 0.007
4741.72395 15.411 0.006
4747.59056 15.522 0.006
4749.59013 15.520 0.007
4753.65929 15.655 0.007
4755.65321 15.423 0.006
4757.63765 15.592 0.006
4759.65027 15.370 0.006
4761.62054 15.531 0.006
4763.63318 15.515 0.007
4766.60140 15.555 0.006
4769.63947 15.408 0.006
4771.55054 15.582 0.007
4773.67535 15.374 0.006
4775.66219 15.523 0.006
4777.59594 15.505 0.006
4779.63153 15.460 0.006
4781.58145 15.649 0.006
4783.56507 15.400 0.006
4785.59617 15.590 0.006
4789.53158 15.522 0.007
4790.61380 15.637 0.006
4791.61210 15.489 0.006
4793.51623 15.466 0.006
4795.53328 15.658 0.006
4797.52548 15.410 0.006
4798.58878 15.500 0.007
4800.63607 15.613 0.006
4803.52739 15.511 0.006
4804.57757 15.632 0.007
4806.58659 15.391 0.006
4808.54482 15.544 0.006
4808.61232 15.558 0.006
4810.55526 15.416 0.006
4813.59461 15.588 0.006
4815.57074 15.367 0.006
4817.58728 15.526 0.006
4819.58688 15.498 0.006
4821.62878 15.473 0.006
4823.58957 15.662 0.006
4825.61801 15.409 0.006
4832.59113 15.636 0.006
4835.57295 15.473 0.006
4839.59446 15.432 0.006
4842.56152 15.613 0.007
4844.57001 15.437 0.006
4847.62632 15.462 0.007
4849.58618 15.475 0.006
4853.58361 15.405 0.006
4856.57754 15.597 0.006
4865.55067 15.654 0.007
4936.91655 15.372 0.006
4940.89923 15.449 0.006
4940.90309 15.453 0.006
4953.89694 15.660 0.007
4954.88836 15.457 0.006
