2104.89510 17.282 0.014
2112.88872 17.553 0.017
2117.85625 17.311 0.014
2123.89361 17.541 0.020
2125.77910 17.558 0.030
2128.89320 17.453 0.024
2129.92112 17.432 0.017
2130.89816 17.360 0.015
2131.78712 17.167 0.014
2132.87000 17.167 0.015
2133.84294 16.962 0.014
2134.88038 16.877 0.014
2136.91681 17.437 0.020
2137.87408 17.481 0.021
2140.87886 17.517 0.021
2141.78912 17.437 0.021
2142.84679 17.418 0.018
2143.89782 17.370 0.017
2144.77783 17.193 0.012
2156.73937 17.282 0.018
2160.81899 16.870 0.012
2161.69781 17.452 0.021
2162.83622 17.490 0.018
2166.65923 17.418 0.017
2167.71535 17.430 0.015
2171.78614 17.155 0.011
2172.82845 17.095 0.014
2173.77193 16.858 0.010
2174.69831 17.541 0.017
2177.70381 17.516 0.020
2184.76507 17.162 0.017
2187.63572 17.487 0.023
2189.75496 17.490 0.024
2190.75512 17.550 0.018
2192.72207 17.503 0.014
2193.74932 17.481 0.017
2194.71397 17.356 0.015
2203.61695 17.542 0.017
2208.71343 17.348 0.018
2211.71994 17.084 0.015
2212.70579 16.874 0.012
2214.72661 17.468 0.021
2217.70035 17.520 0.020
2221.58901 17.268 0.018
2223.63910 17.101 0.014
2225.65673 16.858 0.011
2227.54999 17.523 0.023
2228.61798 17.533 0.018
2230.60506 17.518 0.018
2232.62533 17.485 0.017
2234.61070 17.301 0.015
2236.59982 17.112 0.012
2239.54871 17.525 0.021
2241.59228 17.546 0.021
2243.63053 17.518 0.020
2249.59789 17.138 0.011
2251.59687 16.851 0.011
2254.59437 17.516 0.017
2256.61257 17.530 0.021
2263.55105 16.981 0.012
2265.58640 17.015 0.012
2270.61085 17.518 0.017
2274.59169 17.311 0.018
2276.60239 17.121 0.018
2278.57908 16.853 0.012
2283.60919 17.519 0.020
2285.63078 17.481 0.015
2290.56241 16.949 0.015
2292.62216 16.888 0.014
2294.62344 17.496 0.023
2296.58371 17.567 0.029
2298.59226 17.493 0.023
2300.59143 17.386 0.020
2303.57128 17.023 0.015
2453.90369 17.161 0.020
2462.90745 17.530 0.021
2464.90805 17.390 0.014
2466.90047 17.219 0.021
2468.89643 16.926 0.012
2470.88568 17.517 0.017
2472.86811 17.546 0.017
2481.83851 16.856 0.015
2488.77332 17.468 0.021
2489.83564 17.430 0.018
2492.81733 17.166 0.017
2496.81579 17.515 0.017
2497.83813 17.487 0.020
2498.83834 17.524 0.017
2499.92607 17.546 0.017
2500.93175 17.523 0.021
2501.92244 17.530 0.018
2502.89831 17.483 0.018
2516.88802 17.443 0.020
2517.88857 17.366 0.017
2518.86443 17.302 0.018
2519.77583 17.059 0.012
2520.85614 17.054 0.014
2521.74600 17.178 0.015
2524.77161 17.528 0.023
2529.76155 17.378 0.015
2535.75975 17.445 0.020
2537.76626 17.534 0.026
2537.78524 17.538 0.026
2538.86693 17.518 0.026
2539.75751 17.508 0.018
2540.80845 17.478 0.023
2541.77287 17.472 0.020
2542.73929 17.376 0.015
2544.72587 17.183 0.012
2545.73667 17.104 0.012
2547.75069 16.842 0.012
2548.77538 17.110 0.014
2550.77044 17.513 0.018
2551.75786 17.538 0.017
2552.77300 17.504 0.017
2553.71380 17.498 0.021
2554.76630 17.477 0.017
2555.77423 17.433 0.017
2556.75413 17.325 0.014
2557.76576 17.275 0.014
2558.72222 17.113 0.012
2559.67994 16.882 0.011
2560.71239 16.845 0.011
2561.75784 16.966 0.014
2563.73854 17.503 0.020
2564.76589 17.532 0.020
2565.75206 17.529 0.020
2566.72692 17.499 0.020
2571.71744 17.158 0.017
2573.71850 16.878 0.015
2574.70599 17.197 0.014
2576.74517 17.502 0.021
2577.70363 17.550 0.023
2578.68561 17.489 0.020
2579.69620 17.534 0.021
2580.70778 17.449 0.017
2583.68456 17.274 0.018
2584.68724 17.151 0.014
2587.67282 17.260 0.015
2588.68544 17.518 0.020
2589.67756 17.502 0.018
2590.68604 17.554 0.020
2591.71332 17.520 0.020
2593.67033 17.465 0.020
2594.67732 17.420 0.021
2596.65133 17.230 0.021
2597.63832 17.109 0.017
2598.71671 17.121 0.015
2599.68028 16.901 0.014
2609.54062 17.139 0.015
2611.58976 16.936 0.015
2614.55468 17.506 0.018
2618.58624 17.488 0.021
2622.56298 17.224 0.014
2626.52690 17.552 0.021
2629.56878 17.522 0.023
2637.52943 16.956 0.020
2640.55258 17.519 0.020
2643.55525 17.540 0.017
2649.56535 17.174 0.014
2652.54713 17.085 0.015
2655.55845 17.586 0.027
2662.54245 17.168 0.018
2665.55544 16.860 0.011
2670.54098 17.505 0.023
2674.56053 17.335 0.015
2677.54410 16.987 0.015
2680.55121 17.527 0.023
2684.53470 17.491 0.024
2804.82021 17.547 0.031
2812.93058 17.322 0.018
2815.94100 17.072 0.014
2818.95334 17.467 0.033
2829.88762 16.872 0.012
2831.88849 17.531 0.021
2832.85247 17.539 0.020
2833.92956 17.569 0.026
2836.91869 17.520 0.024
2837.93297 17.497 0.024
2838.92057 17.390 0.020
2840.86932 17.164 0.014
2843.89856 16.875 0.011
2844.93468 17.222 0.015
2848.84136 17.501 0.024
2849.91940 17.520 0.018
2851.84636 17.384 0.020
2852.87952 17.280 0.020
2854.89089 17.129 0.012
2857.92639 16.996 0.014
2859.88552 17.533 0.018
2860.93789 17.541 0.023
2861.80979 17.530 0.017
2862.85852 17.521 0.023
2863.89753 17.529 0.027
2865.78282 17.219 0.014
2867.86935 17.133 0.015
2869.83165 16.910 0.012
2870.87838 17.173 0.014
2872.80232 17.553 0.015
2877.81125 17.360 0.015
2879.83388 17.226 0.012
2884.78273 17.509 0.015
2886.79561 17.562 0.020
2888.73880 17.470 0.017
2890.77724 17.359 0.021
2893.80600 17.117 0.014
2895.77988 16.867 0.011
2897.76442 17.498 0.017
2899.79672 17.555 0.017
2903.81572 17.419 0.014
2906.76412 17.107 0.012
2908.74190 16.918 0.012
2910.73614 17.503 0.020
2912.74196 17.491 0.015
2916.75480 17.405 0.014
2918.73184 17.213 0.015
2922.73478 17.397 0.018
2924.73100 17.512 0.020
2926.66644 17.527 0.020
2929.72778 17.392 0.018
2931.70528 17.213 0.012
2933.71586 16.981 0.011
2935.67996 17.535 0.021
2937.71052 17.495 0.026
2939.64478 17.501 0.020
2941.67198 17.441 0.014
2943.66814 17.300 0.015
2944.67069 17.208 0.015
2946.65076 16.897 0.012
2947.67853 16.867 0.014
2949.65938 17.512 0.018
2950.61089 17.551 0.018
2951.69196 17.554 0.020
2953.63994 17.508 0.020
2955.62454 17.355 0.023
2960.65841 16.843 0.010
2964.67107 17.546 0.023
2966.61488 17.493 0.017
2969.64012 17.333 0.018
2971.66699 17.170 0.015
2974.54170 17.527 0.020
2976.57481 17.520 0.020
2978.56270 17.471 0.024
2980.61753 17.486 0.021
2982.58223 17.292 0.017
2984.61533 17.161 0.017
2986.62563 16.858 0.012
2989.57711 17.559 0.020
2992.59329 17.519 0.017
2996.60060 17.250 0.014
2999.59545 16.861 0.011
3003.53969 17.559 0.024
3006.58658 17.477 0.015
3009.57869 17.249 0.018
3013.59112 16.906 0.012
3017.57980 17.552 0.017
3020.55457 17.405 0.015
3022.58223 17.294 0.015
3024.58128 17.124 0.014
3026.55156 16.968 0.012
3030.55607 17.530 0.018
3032.57319 17.480 0.020
3034.57273 17.381 0.014
3038.56379 16.976 0.014
3180.92671 17.524 0.018
3184.91854 17.470 0.018
3193.94270 17.504 0.018
3196.91371 17.514 0.020
3202.90621 17.087 0.012
3204.87625 17.233 0.017
3206.88910 17.537 0.018
3211.80055 17.345 0.018
3211.83741 17.362 0.015
3216.79135 16.994 0.014
3217.89548 16.844 0.012
3224.83808 17.396 0.014
3228.81599 17.026 0.014
3230.79353 17.418 0.014
3238.82056 17.351 0.017
3239.85990 17.359 0.015
3241.76207 16.940 0.011
3242.79800 16.862 0.011
3244.73503 17.494 0.026
3245.83881 17.477 0.017
3246.83582 17.516 0.018
3248.74062 17.503 0.017
3250.80158 17.439 0.014
3256.73824 17.409 0.015
3258.73747 17.520 0.015
3260.71094 17.512 0.015
3262.74682 17.457 0.012
3264.69861 17.288 0.012
3266.76947 17.206 0.014
3268.70301 16.844 0.010
3270.76681 17.478 0.017
3271.73060 17.496 0.017
3273.68944 17.498 0.018
3275.67985 17.403 0.020
3276.77391 17.447 0.020
3278.65236 17.133 0.015
3280.68604 16.961 0.010
3282.68113 17.405 0.011
3286.63978 17.487 0.014
3288.65348 17.480 0.017
3291.62865 17.213 0.017
3294.64044 16.871 0.010
3296.60777 17.510 0.012
3298.61666 17.533 0.014
3300.61720 17.461 0.017
3302.59834 17.342 0.015
3305.69427 17.189 0.012
3307.61084 16.847 0.014
3309.63156 17.546 0.014
3311.58717 17.575 0.015
3315.62065 17.393 0.014
3320.66411 16.972 0.011
3323.62082 17.500 0.015
3324.63055 17.568 0.017
3329.56404 17.314 0.014
3334.58027 17.257 0.017
3336.57615 17.502 0.018
3341.62309 17.445 0.015
3350.57885 17.554 0.015
3354.61087 17.457 0.015
3360.59071 16.831 0.010
3366.63032 17.535 0.015
3372.61477 17.068 0.011
3376.59056 17.527 0.017
3379.60800 17.478 0.018
3387.56733 17.048 0.014
3395.57580 17.385 0.020
3399.56266 16.934 0.014
3403.55374 17.546 0.021
3543.93229 17.530 0.020
3552.88564 17.473 0.021
3558.93688 17.489 0.014
3562.93139 17.176 0.011
3568.92288 17.545 0.015
3570.88268 17.471 0.018
3571.87128 17.448 0.020
3575.87625 17.155 0.012
3579.87400 17.515 0.012
3582.77130 17.528 0.017
3589.85374 17.041 0.011
3590.88401 16.930 0.008
3592.82564 17.526 0.012
3594.86300 17.557 0.014
3603.77450 16.879 0.010
3607.86717 17.485 0.015
3617.82348 16.879 0.010
3619.79935 17.507 0.012
3621.79645 17.542 0.015
3621.84192 17.536 0.014
3625.79484 17.364 0.012
3628.74501 16.982 0.012
3630.71160 17.507 0.026
3632.74053 17.512 0.018
3634.65408 17.519 0.017
3637.72826 17.411 0.017
3640.69370 17.093 0.011
3642.69161 16.905 0.012
3644.72450 17.522 0.012
3646.73819 17.510 0.017
3650.75389 17.420 0.012
3652.70233 17.264 0.011
3654.67557 16.990 0.010
3656.74920 16.859 0.011
3657.75261 17.436 0.014
3659.71438 17.548 0.021
3661.64098 17.527 0.018
3664.71103 17.380 0.012
3666.71007 17.174 0.011
3668.69434 16.912 0.010
3670.67497 17.470 0.015
3672.63516 17.524 0.015
3674.76704 17.543 0.014
3676.66040 17.393 0.014
3682.63397 17.188 0.018
3684.64750 17.515 0.015
3686.61706 17.487 0.017
3688.58990 17.489 0.015
3690.60349 17.349 0.015
3693.60165 16.955 0.012
3695.59768 17.313 0.014
3697.58820 17.485 0.018
3699.58796 17.484 0.014
3701.62201 17.484 0.015
3703.62703 17.383 0.012
3705.63739 17.209 0.012
3707.60394 16.881 0.010
3712.66455 17.545 0.015
3715.60549 17.470 0.015
3717.58418 17.285 0.015
3720.61993 16.988 0.014
3724.58921 17.519 0.015
3726.60958 17.527 0.017
3731.54942 17.189 0.014
3735.58843 17.343 0.012
3739.55092 17.531 0.015
3743.56502 17.276 0.015
3748.56861 17.275 0.021
3753.56563 17.563 0.021
3759.57048 17.038 0.012
3763.55534 17.517 0.018
3769.53313 17.329 0.015
3773.55905 16.941 0.012
3778.53377 17.502 0.021
3903.91751 17.558 0.020
3908.94073 17.318 0.012
3915.93087 17.514 0.014
3918.95019 17.500 0.021
3933.84191 17.338 0.012
3935.83833 17.196 0.012
3937.87624 16.972 0.012
3945.84564 17.470 0.014
3950.86357 16.997 0.011
3957.82145 17.517 0.021
3959.81887 17.391 0.018
3961.80386 17.244 0.018
3964.81098 16.860 0.008
3966.80348 17.488 0.012
3968.79672 17.572 0.017
3970.78831 17.508 0.012
3973.75925 17.284 0.011
3975.77259 17.048 0.011
3980.70508 17.542 0.018
3981.70498 17.562 0.015
3982.76938 17.539 0.018
3986.74643 17.291 0.015
3989.84913 17.158 0.015
3991.78733 17.160 0.014
3994.69908 17.496 0.017
3998.82654 17.464 0.015
4001.69361 17.070 0.011
4003.65724 17.335 0.012
4005.73216 17.526 0.012
4007.63072 17.509 0.018
4008.65607 17.481 0.012
4011.68374 17.349 0.017
4014.68176 17.096 0.014
4016.66290 16.995 0.012
4018.65931 17.519 0.017
4020.69856 17.541 0.017
4023.64874 17.423 0.015
4025.69691 17.355 0.014
4027.63719 17.085 0.011
4029.61940 17.127 0.012
4031.60634 17.493 0.017
4036.66512 17.488 0.015
4038.63823 17.285 0.014
4040.57655 17.021 0.012
4042.64541 16.840 0.011
4047.59956 17.531 0.018
4049.57217 17.418 0.014
4051.62177 17.289 0.014
4053.59623 17.098 0.010
4055.56179 17.103 0.015
4057.56486 17.529 0.020
4060.54379 17.534 0.015
4064.58830 17.289 0.011
4066.54564 17.056 0.012
4068.61144 16.854 0.008
4071.57774 17.529 0.015
4073.58462 17.549 0.020
4075.62968 17.543 0.017
4077.60210 17.353 0.015
4079.58557 17.166 0.012
4083.55668 17.547 0.020
4087.61476 17.515 0.014
4095.57879 16.920 0.010
4100.55627 17.423 0.018
4105.63296 17.261 0.012
4107.57404 17.010 0.011
4108.62012 16.885 0.010
4112.57440 17.537 0.015
4119.57642 17.140 0.012
4120.60724 17.079 0.010
4122.59585 16.987 0.011
4127.58810 17.515 0.014
4253.91368 17.466 0.023
4255.93383 17.332 0.020
4258.91429 17.009 0.018
4273.93438 16.923 0.015
4279.76337 17.438 0.030
4282.84994 17.249 0.015
4283.81805 17.085 0.017
4284.91982 17.108 0.015
4289.89066 17.551 0.020
4292.92412 17.481 0.014
4295.91793 17.301 0.014
4297.83812 17.012 0.012
4298.87128 16.903 0.012
4299.91472 16.849 0.010
4300.93697 17.033 0.012
4302.83744 17.532 0.017
4303.84619 17.535 0.017
4307.78679 17.299 0.014
4308.71796 17.134 0.014
4308.92536 17.353 0.014
4310.89708 17.139 0.018
4314.82756 17.509 0.020
4316.88743 17.528 0.017
4320.81915 17.349 0.018
4326.89733 16.897 0.012
4327.91950 17.389 0.021
4328.88941 17.489 0.020
4329.90511 17.524 0.020
4331.88738 17.505 0.020
4333.92154 17.476 0.018
4336.88402 17.235 0.018
4339.89186 16.855 0.015
4340.87671 17.480 0.018
4342.84953 17.574 0.021
4344.81003 17.517 0.017
4346.78339 17.373 0.015
4348.76709 17.202 0.012
4350.74391 16.899 0.011
4353.70212 17.551 0.018
4355.76078 17.552 0.021
4358.70395 17.399 0.017
4362.71173 17.037 0.014
4363.71900 16.898 0.012
4365.70844 17.516 0.024
4369.74253 17.530 0.027
4370.70259 17.490 0.020
4373.71422 17.303 0.015
4378.67954 17.541 0.018
4379.71115 17.518 0.020
4381.66982 17.561 0.020
4383.69846 17.504 0.017
4386.72462 17.332 0.014
4388.72325 17.161 0.015
4391.54636 17.497 0.018
4394.64064 17.545 0.017
4396.70347 17.499 0.018
4398.70629 17.407 0.021
4402.69129 17.005 0.012
4404.70793 17.009 0.015
4409.69551 17.504 0.017
4412.64023 17.289 0.017
4415.73134 17.163 0.017
4417.68132 16.992 0.011
4420.66811 17.537 0.021
4423.65826 17.487 0.020
4426.53985 17.140 0.017
4426.71179 17.324 0.018
4428.59873 16.938 0.014
4430.61869 17.296 0.015
4432.60457 17.513 0.017
4434.64600 17.534 0.018
4436.62262 17.482 0.017
4438.63051 17.387 0.020
4440.63636 17.205 0.017
4442.59783 16.852 0.012
4444.62236 17.512 0.023
4450.60063 17.446 0.020
4452.63256 17.314 0.015
4454.61380 17.079 0.014
4456.60865 16.903 0.014
4457.63749 17.347 0.017
4460.58614 17.553 0.020
4462.61106 17.505 0.020
4464.60563 17.422 0.017
4471.57893 17.503 0.018
4473.56689 17.558 0.021
4475.63021 17.466 0.020
4480.61419 17.162 0.014
4482.61636 16.886 0.014
4484.62668 17.532 0.027
4486.63848 17.523 0.024
4490.56766 17.402 0.017
4643.94104 17.269 0.017
4651.91747 17.535 0.017
4655.83843 17.318 0.014
4661.93710 17.274 0.014
4662.86072 17.492 0.017
4663.80939 17.527 0.020
4665.88248 17.510 0.023
4671.91642 17.178 0.015
4677.88026 17.532 0.015
4682.86563 17.330 0.014
4684.89272 17.136 0.012
4686.85275 16.849 0.010
4688.86890 17.496 0.014
4690.79439 17.508 0.017
4691.79763 17.497 0.017
4694.80744 17.338 0.018
4697.78839 17.061 0.015
4699.80922 16.913 0.011
4700.84316 17.349 0.014
4701.85094 17.504 0.017
4703.81025 17.516 0.017
4704.82861 17.520 0.015
4705.83631 17.503 0.021
4707.81752 17.406 0.015
4709.78813 17.190 0.012
4715.79312 17.520 0.017
4717.74774 17.518 0.015
4720.72675 17.317 0.014
4724.69108 16.853 0.011
4726.68512 17.524 0.018
4730.73951 17.509 0.014
4740.71692 17.505 0.015
4743.71465 17.538 0.014
4748.70078 17.206 0.012
4750.73348 16.993 0.014
4754.65909 17.527 0.018
4756.68922 17.537 0.018
4758.64882 17.405 0.014
4760.63550 17.257 0.012
4762.62549 17.002 0.012
4767.68175 17.513 0.020
4771.57603 17.366 0.017
4772.64663 17.370 0.015
4774.64307 17.212 0.015
4776.59349 16.854 0.011
4778.59579 17.504 0.017
4780.61349 17.531 0.023
4782.56528 17.496 0.017
4783.62697 17.462 0.017
4786.54794 17.238 0.017
4789.61109 16.906 0.011
4791.57528 17.558 0.017
4793.58198 17.541 0.018
4795.61630 17.528 0.017
4797.58939 17.424 0.020
4799.59584 17.294 0.015
4801.57241 17.061 0.012
4802.63917 17.037 0.014
4803.61159 16.850 0.011
4805.55410 17.466 0.015
4807.57267 17.526 0.023
4809.59771 17.498 0.015
4811.61967 17.402 0.018
4814.57740 17.133 0.015
4816.57963 16.842 0.010
4818.55749 17.470 0.018
4820.57168 17.542 0.018
4822.64441 17.533 0.015
4824.61333 17.490 0.020
4831.58948 17.492 0.020
4834.62303 17.559 0.024
4838.62228 17.378 0.018
4841.60485 17.124 0.015
4843.60231 16.828 0.014
4846.60799 17.553 0.020
4848.64434 17.525 0.017
4850.63181 17.464 0.018
4853.62752 17.240 0.017
4856.60325 16.868 0.011
4864.58091 17.424 0.014
4868.60066 17.087 0.014
4870.54013 17.365 0.021
4873.55580 17.539 0.020
