 466.55661 15.847 0.005
 466.57185 15.859 0.005
 466.60246 15.850 0.005
 466.63199 15.861 0.005
 467.54987 15.933 0.005
 467.57931 15.932 0.005
 467.60878 15.934 0.005
 467.63829 15.929 0.005
 469.55925 15.775 0.005
 469.59785 15.767 0.005
 469.62948 15.784 0.005
 471.61178 15.914 0.005
 471.62699 15.907 0.005
 472.54395 15.708 0.005
 472.55868 15.707 0.005
 472.57336 15.695 0.005
 472.58800 15.720 0.005
 622.89052 15.925 0.007
 624.91708 15.766 0.005
 625.90453 15.864 0.006
 626.87604 15.940 0.006
 627.86228 15.695 0.006
 628.90336 15.799 0.006
 629.90113 15.889 0.006
 631.93209 15.719 0.006
 632.87262 15.806 0.006
 633.90806 15.903 0.006
 635.90289 15.731 0.005
 643.87192 15.762 0.005
 645.84363 15.922 0.006
 647.80136 15.783 0.007
 649.79874 15.886 0.007
 656.85911 15.936 0.006
 657.83140 15.746 0.006
 658.87168 15.734 0.006
 663.77796 15.858 0.007
 664.88289 15.916 0.006
 665.83015 15.703 0.005
 666.84070 15.793 0.005
 667.85995 15.886 0.005
 668.83074 15.884 0.005
 670.79630 15.800 0.006
 671.81837 15.910 0.005
 672.82392 15.800 0.005
 673.79128 15.733 0.005
 684.75169 15.696 0.005
 685.80654 15.788 0.006
 686.70783 15.877 0.006
 687.78918 15.872 0.005
 688.73119 15.711 0.005
 689.75836 15.810 0.005
 697.72450 15.848 0.006
 698.79560 15.924 0.006
 699.69463 15.714 0.005
 700.73540 15.767 0.005
 701.70761 15.872 0.006
 704.73565 15.782 0.006
 706.70130 15.895 0.007
 707.73886 15.715 0.006
 708.76301 15.807 0.006
 712.76357 15.839 0.005
 713.74493 15.935 0.005
 714.75990 15.740 0.005
 715.72547 15.763 0.005
 716.69354 15.855 0.006
 726.69373 15.718 0.005
 728.68686 15.907 0.006
 729.68902 15.796 0.006
 730.67341 15.729 0.005
 733.63985 15.755 0.006
 739.65984 15.872 0.006
 741.62564 15.696 0.005
 742.60190 15.781 0.006
 744.64899 15.861 0.006
 745.59993 15.710 0.005
 746.79070 15.824 0.006
 747.66124 15.904 0.006
 748.62295 15.803 0.005
 749.62835 15.743 0.006
 750.62217 15.842 0.006
 751.63064 15.927 0.006
 752.74502 15.721 0.006
 753.68065 15.759 0.005
 759.63853 15.913 0.006
 760.66417 15.709 0.005
 761.64024 15.799 0.005
 761.74548 15.816 0.006
 762.63160 15.885 0.006
 762.66115 15.898 0.007
 763.64781 15.855 0.006
 763.75857 15.811 0.006
 765.57987 15.813 0.007
 766.61735 15.923 0.007
 766.72022 15.932 0.007
 767.62485 15.788 0.006
 767.68650 15.769 0.007
 767.76276 15.734 0.006
 769.60768 15.836 0.006
 769.68141 15.841 0.006
 770.61383 15.938 0.006
 771.64689 15.718 0.005
 772.60874 15.757 0.005
 773.61387 15.859 0.006
 773.76606 15.869 0.007
 774.60685 15.940 0.006
 775.56474 15.701 0.005
 776.64567 15.778 0.006
 777.61993 15.872 0.006
 778.62329 15.914 0.006
 779.65025 15.705 0.005
 779.76053 15.711 0.006
 780.65006 15.803 0.006
 781.56441 15.882 0.006
 781.74487 15.901 0.006
 782.62994 15.833 0.006
 782.75927 15.786 0.006
 783.54690 15.713 0.005
 784.58890 15.820 0.005
 785.61573 15.922 0.006
 785.76131 15.923 0.006
 786.61940 15.771 0.005
 787.69985 15.752 0.005
 788.63270 15.848 0.005
 788.65825 15.846 0.006
 790.58139 15.722 0.005
 792.55934 15.857 0.006
 795.62402 15.783 0.006
 796.55295 15.884 0.007
 796.73826 15.889 0.007
 797.71307 15.865 0.006
 798.57575 15.705 0.005
 799.71369 15.823 0.005
 800.62872 15.899 0.006
 802.68873 15.731 0.007
 805.61604 15.755 0.006
 806.62622 15.751 0.005
 808.55766 15.942 0.007
 816.68865 15.856 0.005
 817.59872 15.705 0.005
 819.56149 15.902 0.006
 820.63782 15.802 0.005
 822.55836 15.822 0.006
 824.58419 15.752 0.006
 825.65732 15.751 0.006
 828.61748 15.706 0.005
 829.58408 15.761 0.005
 832.59096 15.706 0.005
 833.61084 15.785 0.005
 834.58043 15.898 0.006
 836.55855 15.701 0.006
 838.59154 15.906 0.006
 840.60130 15.734 0.006
 845.55270 15.848 0.006
 850.57618 15.923 0.006
 855.58117 15.718 0.006
 859.56897 15.741 0.006
 866.53350 15.714 0.005
 962.93731 15.839 0.006
 966.93678 15.862 0.006
 970.91320 15.874 0.006
 976.89382 15.718 0.006
 986.84824 15.928 0.006
 987.86181 15.694 0.005
 991.93011 15.713 0.005
 996.93381 15.834 0.005
 998.90486 15.755 0.005
1004.80349 15.860 0.006
1006.83206 15.700 0.006
1020.90156 15.947 0.006
1035.75428 15.908 0.006
1037.78348 15.742 0.005
1041.79164 15.769 0.005
1045.75337 15.786 0.005
1052.77747 15.731 0.005
1055.65066 15.789 0.005
1058.86266 15.931 0.007
1059.78065 15.702 0.005
1061.73339 15.854 0.006
1064.81732 15.783 0.006
1068.71874 15.809 0.005
1072.69887 15.821 0.005
1076.67663 15.841 0.005
1078.68721 15.708 0.005
1081.69975 15.931 0.005
1084.63794 15.862 0.005
1087.65783 15.802 0.005
1090.71423 15.728 0.005
1092.74633 15.932 0.006
1094.65300 15.748 0.005
1106.71804 15.816 0.005
1110.63716 15.815 0.006
1116.59564 15.703 0.005
1120.58424 15.692 0.005
1126.65956 15.910 0.005
1129.55799 15.820 0.006
1132.54107 15.750 0.005
1135.59116 15.705 0.005
1138.64083 15.919 0.005
1140.61821 15.797 0.005
1144.67580 15.828 0.006
1151.55541 15.758 0.005
1155.55701 15.776 0.005
1159.55245 15.791 0.005
1162.58486 15.718 0.005
1164.69843 15.909 0.006
1170.55683 15.746 0.005
1178.66693 15.798 0.005
1182.67879 15.836 0.005
1183.71715 15.924 0.006
1185.70033 15.752 0.005
1188.69962 15.700 0.005
1191.58339 15.941 0.006
1202.59849 15.922 0.007
1205.54991 15.850 0.006
1211.57037 15.700 0.006
1217.58100 15.907 0.006
1220.58351 15.825 0.006
1229.53624 15.930 0.007
1238.53248 15.727 0.007
1327.91665 15.925 0.007
1330.83334 15.869 0.007
1335.88510 15.870 0.006
1340.90463 15.739 0.006
1348.94071 15.772 0.005
1354.91425 15.832 0.006
1360.93398 15.844 0.006
1365.93020 15.925 0.006
1367.85369 15.780 0.006
1374.92580 15.734 0.006
1394.86195 15.831 0.007
1395.89343 15.923 0.006
1397.81510 15.742 0.007
1401.84213 15.761 0.006
1402.92708 15.875 0.006
1407.85014 15.885 0.006
1412.74546 15.721 0.006
1417.90382 15.853 0.006
1430.73642 15.833 0.007
1432.74713 15.821 0.005
1435.70353 15.740 0.006
1439.67001 15.767 0.006
1442.67369 15.703 0.005
1447.74889 15.809 0.007
1451.68512 15.818 0.006
1455.70483 15.835 0.006
1460.74555 15.924 0.006
1462.65118 15.777 0.006
1470.65744 15.831 0.006
1471.77657 15.927 0.006
1472.64466 15.762 0.006
1475.65034 15.926 0.006
1477.57942 15.752 0.006
1481.59717 15.785 0.006
1484.64613 15.705 0.006
1487.64121 15.806 0.005
1490.68000 15.926 0.006
1492.57964 15.732 0.006
1495.53644 15.710 0.006
1499.56507 15.707 0.006
1502.56317 15.887 0.006
1505.62976 15.899 0.007
1508.56514 15.818 0.006
1509.54143 15.910 0.006
1512.64329 15.843 0.007
1515.61799 15.774 0.006
1517.62148 15.910 0.006
1520.60863 15.888 0.006
1524.55635 15.892 0.006
1526.59646 15.729 0.006
1531.64805 15.858 0.006
1543.60553 15.912 0.006
1546.62036 15.837 0.006
1551.58215 15.944 0.006
1555.61563 15.903 0.006
1562.59424 15.914 0.006
1569.57340 15.870 0.006
1575.59923 15.701 0.005
1580.57420 15.833 0.006
1583.57686 15.769 0.006
1587.55666 15.757 0.005
1597.54212 15.813 0.006
1603.55023 15.841 0.006
1608.52595 15.920 0.007
1703.91081 15.743 0.006
1705.91635 15.855 0.006
1716.87671 15.812 0.006
1717.88711 15.923 0.006
1729.92279 15.904 0.005
1732.89259 15.889 0.006
1740.84361 15.917 0.006
1742.89138 15.769 0.006
1744.86054 15.939 0.006
1745.88474 15.699 0.005
1749.86520 15.710 0.005
1750.83711 15.792 0.006
1751.84897 15.893 0.005
1752.81029 15.864 0.006
1753.81136 15.720 0.005
1754.83802 15.812 0.006
1755.80336 15.923 0.007
1756.83284 15.785 0.007
1757.78204 15.735 0.006
1758.78654 15.829 0.006
1759.83090 15.934 0.006
1761.81195 15.769 0.006
1762.79833 15.856 0.006
1763.80133 15.936 0.006
1764.79383 15.700 0.005
1765.78829 15.781 0.007
1766.72933 15.860 0.006
1768.80845 15.708 0.005
1769.71783 15.789 0.006
1771.83388 15.836 0.007
1772.77626 15.710 0.005
1773.74359 15.824 0.006
1776.76639 15.739 0.005
1784.74303 15.781 0.005
1788.80855 15.802 0.005
1803.76889 15.786 0.006
1806.76300 15.709 0.005
1808.83264 15.905 0.007
1811.76103 15.826 0.005
1814.80787 15.749 0.005
1817.77352 15.699 0.005
1822.65098 15.770 0.005
1826.80209 15.815 0.006
1829.74438 15.726 0.006
1846.79237 15.929 0.006
1850.74910 15.921 0.006
1854.80518 15.921 0.005
1858.72905 15.913 0.006
1862.72794 15.851 0.005
1867.75241 15.742 0.005
1871.75899 15.765 0.005
2085.90914 15.932 0.008
2086.88843 15.702 0.007
2103.89525 15.849 0.006
2105.92315 15.694 0.007
2106.89098 15.783 0.007
2112.84336 15.860 0.007
2116.87111 15.783 0.007
2123.81803 15.941 0.007
2128.82553 15.707 0.007
2129.85750 15.800 0.007
2130.84387 15.888 0.007
2131.83748 15.849 0.007
2132.80627 15.728 0.007
2133.89460 15.821 0.007
2134.81000 15.914 0.008
2135.84408 15.776 0.007
2137.89208 15.843 0.007
2140.81134 15.759 0.007
2142.75205 15.935 0.007
2143.81755 15.694 0.007
2144.82425 15.776 0.006
2155.87863 15.754 0.007
2156.82521 15.845 0.007
2160.75460 15.857 0.007
2162.76139 15.702 0.007
2166.75600 15.711 0.007
2167.76446 15.801 0.007
2168.71363 15.893 0.007
2171.73955 15.813 0.006
2172.74617 15.914 0.007
2177.63966 15.745 0.007
2184.70130 15.906 0.007
2185.66480 15.698 0.007
2186.68965 15.807 0.008
2187.68483 15.891 0.007
2188.73199 15.824 0.007
2190.69136 15.803 0.007
2191.66474 15.912 0.007
2192.66325 15.782 0.006
2193.68432 15.733 0.006
2194.65442 15.832 0.007
2203.55089 15.915 0.007
2206.60721 15.897 0.008
2211.64130 15.771 0.007
2212.64513 15.722 0.007
2213.65095 15.832 0.007
2214.64214 15.933 0.008
2215.64912 15.715 0.007
2217.63582 15.857 0.007
2219.67868 15.686 0.007
2224.71356 15.808 0.007
2226.63643 15.845 0.008
2228.55833 15.813 0.007
2229.61659 15.919 0.007
2231.64326 15.753 0.007
2232.50999 15.829 0.008
2233.61341 15.925 0.007
2235.66353 15.761 0.006
2238.54707 15.687 0.007
2240.65138 15.895 0.007
2242.61889 15.710 0.007
2248.60354 15.918 0.007
2250.57686 15.746 0.006
2253.57050 15.709 0.006
2255.60716 15.855 0.007
2258.57346 15.790 0.006
2263.58419 15.900 0.007
2266.55498 15.809 0.007
2271.56456 15.920 0.007
2273.56390 15.782 0.007
2275.59883 15.919 0.007
2276.55838 15.714 0.007
2278.59096 15.889 0.007
2280.58682 15.720 0.007
2284.58970 15.744 0.007
2290.60368 15.930 0.007
2293.56596 15.866 0.007
2295.55870 15.703 0.007
2297.56199 15.899 0.008
2299.56109 15.719 0.007
2301.55335 15.899 0.007
2445.91192 15.934 0.008
2460.87884 15.903 0.009
2463.91518 15.850 0.007
2465.92794 15.692 0.007
2467.90093 15.872 0.007
2469.90031 15.691 0.007
2471.88975 15.888 0.007
2472.91922 15.860 0.006
2473.89113 15.708 0.006
2481.90282 15.758 0.007
2483.88864 15.933 0.007
2486.88565 15.875 0.007
2488.87656 15.711 0.007
2489.92299 15.787 0.007
2492.90335 15.714 0.007
2496.90310 15.745 0.007
2497.92651 15.839 0.007
2498.77378 15.912 0.007
2499.85936 15.717 0.007
2500.86493 15.763 0.007
2501.85389 15.850 0.007
2502.83412 15.932 0.007
2508.74536 15.784 0.008
2516.77666 15.837 0.007
2517.82340 15.932 0.007
2518.79484 15.730 0.007
2519.83174 15.762 0.007
2520.79113 15.852 0.007
2521.82327 15.931 0.007
2524.82152 15.883 0.008
2526.77770 15.700 0.006
2534.83408 15.745 0.007
2535.81429 15.843 0.007
2537.70207 15.738 0.007
2538.79803 15.763 0.007
2539.70185 15.853 0.007
2540.74273 15.939 0.009
2541.71375 15.702 0.007
2542.68354 15.772 0.007
2544.66208 15.925 0.007
2545.67711 15.703 0.007
2547.69512 15.887 0.007
2548.71156 15.853 0.007
2550.70669 15.814 0.007
2551.69333 15.906 0.007
2553.64905 15.755 0.007
2554.70257 15.826 0.007
2555.71050 15.933 0.007
2556.68952 15.729 0.007
2557.70206 15.762 0.007
2558.65854 15.850 0.007
2559.61544 15.944 0.007
2560.64850 15.707 0.007
2561.67405 15.802 0.008
2562.66694 15.866 0.007
2563.67487 15.911 0.007
2564.69026 15.701 0.007
2565.68116 15.790 0.007
2566.66144 15.890 0.007
2568.69242 15.731 0.007
2571.64511 15.787 0.008
2573.65854 15.832 0.007
2574.64237 15.931 0.007
2577.62924 15.861 0.007
2578.62931 15.910 0.007
2579.63596 15.699 0.007
2580.64808 15.780 0.007
2583.61939 15.700 0.007
2584.62675 15.798 0.007
2586.62397 15.847 0.007
2587.60838 15.724 0.007
2588.71680 15.812 0.007
2589.59832 15.905 0.007
2590.61345 15.783 0.007
2591.63659 15.744 0.007
2593.60559 15.936 0.007
2594.60936 15.732 0.007
2596.58489 15.865 0.008
2597.57206 15.923 0.007
2598.64593 15.691 0.007
2599.60541 15.780 0.007
2607.62660 15.829 0.008
2610.54642 15.744 0.007
2613.54032 15.735 0.007
2615.56917 15.853 0.007
2619.55687 15.880 0.008
2621.56577 15.709 0.007
2625.54841 15.736 0.007
2628.54178 15.777 0.009
2632.54820 15.711 0.007
2636.54337 15.696 0.007
2639.54386 15.902 0.007
2642.55261 15.900 0.008
2646.56543 15.916 0.007
2651.53746 15.715 0.008
2654.55527 15.922 0.008
2657.55813 15.880 0.007
2660.55391 15.813 0.007
2671.55158 15.777 0.007
2673.56338 15.926 0.008
2676.52475 15.906 0.008
2679.53811 15.811 0.007
2682.54043 15.754 0.007
2777.90295 15.793 0.008
2804.86989 15.827 0.008
2811.90436 15.773 0.008
2814.94001 15.710 0.007
2817.92658 15.805 0.007
2831.78143 15.869 0.007
2832.74739 15.902 0.007
2832.92536 15.860 0.007
2833.86530 15.699 0.007
2835.87395 15.891 0.007
2837.87502 15.738 0.008
2838.93218 15.827 0.008
2840.82492 15.742 0.007
2843.82636 15.927 0.007
2844.87219 15.701 0.007
2845.91818 15.773 0.007
2849.85561 15.785 0.007
2850.88837 15.885 0.007
2851.93194 15.845 0.007
2852.80262 15.712 0.007
2853.94203 15.820 0.007
2856.81529 15.722 0.007
2858.90934 15.927 0.007
2860.87534 15.750 0.007
2861.74651 15.834 0.007
2862.92552 15.939 0.008
2863.83472 15.699 0.007
2865.83162 15.865 0.007
2866.88126 15.913 0.008
2867.82127 15.693 0.007
2868.76894 15.781 0.007
2869.90194 15.895 0.007
2870.81554 15.868 0.007
2871.85846 15.722 0.007
2875.79802 15.741 0.007
2876.77573 15.835 0.007
2877.79763 15.923 0.007
2879.73926 15.739 0.007
2883.82540 15.771 0.007
2885.76020 15.926 0.007
2888.80852 15.891 0.007
2892.79988 15.909 0.008
2894.72904 15.738 0.007
2896.72614 15.928 0.007
2898.74712 15.759 0.007
2900.74596 15.926 0.007
2902.74548 15.763 0.007
2905.75268 15.712 0.007
2907.75408 15.892 0.007
2909.74319 15.730 0.005
2911.73455 15.908 0.007
2915.70602 15.928 0.007
2917.73213 15.761 0.007
2921.72988 15.770 0.007
2923.75183 15.910 0.007
2925.71480 15.798 0.007
2927.71233 15.854 0.007
2930.73038 15.918 0.007
2932.73689 15.748 0.007
2934.71672 15.926 0.007
2937.64073 15.855 0.007
2939.69337 15.689 0.007
2940.63350 15.775 0.007
2941.68332 15.873 0.007
2942.63345 15.920 0.007
2943.60468 15.693 0.007
2944.58927 15.773 0.007
2945.60604 15.881 0.008
2947.61554 15.718 0.007
2949.59685 15.902 0.007
2950.64160 15.791 0.007
2951.62878 15.732 0.007
2952.65771 15.848 0.007
2954.68263 15.723 0.007
2956.62862 15.858 0.007
2958.62303 15.700 0.007
2961.59410 15.921 0.009
2968.59386 15.911 0.007
2970.61311 15.738 0.007
2972.59760 15.927 0.007
2974.59835 15.764 0.007
2976.54805 15.938 0.007
2978.57415 15.778 0.007
2980.59102 15.914 0.008
2982.53624 15.797 0.007
2984.62711 15.826 0.007
2986.63724 15.823 0.007
2988.52960 15.800 0.008
2991.60267 15.928 0.007
2994.58439 15.861 0.007
2997.55718 15.784 0.007
3001.57363 15.806 0.007
3005.53170 15.823 0.009
3008.55336 15.758 0.007
3008.55802 15.761 0.008
3011.56139 15.716 0.007
3016.58805 15.778 0.007
3018.57452 15.900 0.007
3020.60257 15.815 0.007
3021.61538 15.905 0.006
3023.57128 15.740 0.007
3025.56979 15.920 0.007
3027.60330 15.742 0.007
3029.57520 15.927 0.007
3031.57974 15.773 0.007
3033.58211 15.927 0.007
3037.52913 15.885 0.008
3164.92956 15.840 0.007
3183.91153 15.846 0.007
3193.87929 15.723 0.007
3195.93849 15.902 0.007
3197.91395 15.733 0.007
3201.87137 15.752 0.006
3203.87932 15.932 0.006
3206.81719 15.852 0.007
3210.89322 15.861 0.007
3211.88465 15.876 0.007
3215.66076 15.898 0.008
3216.72877 15.718 0.007
3217.92930 15.823 0.007
3218.91393 15.932 0.009
3223.83478 15.717 0.007
3226.82503 15.932 0.007
3229.83216 15.895 0.007
3231.81430 15.722 0.007
3239.79267 15.753 0.007
3240.78993 15.858 0.007
3241.81429 15.937 0.007
3242.71361 15.724 0.007
3243.85006 15.784 0.007
3244.82725 15.857 0.007
3245.77639 15.943 0.007
3246.76884 15.710 0.007
3247.76260 15.788 0.007
3249.72731 15.904 0.007
3251.74083 15.799 0.006
3254.72795 15.735 0.006
3257.74436 15.754 0.006
3259.66354 15.840 0.007
3261.70164 15.714 0.006
3263.68434 15.857 0.006
3265.71873 15.701 0.006
3267.70757 15.870 0.005
3269.78399 15.724 0.007
3270.74081 15.816 0.007
3271.66364 15.891 0.007
3272.72083 15.811 0.007
3274.70670 15.829 0.007
3276.71113 15.755 0.007
3277.74427 15.757 0.007
3279.67659 15.931 0.007
3281.64027 15.777 0.006
3283.64171 15.939 0.006
3287.60793 15.894 0.007
3289.61900 15.800 0.006
3293.59579 15.828 0.006
3295.61458 15.767 0.005
3297.59633 15.844 0.005
3299.65270 15.722 0.005
3301.62694 15.871 0.007
3303.68919 15.694 0.006
3306.62174 15.884 0.006
3308.60946 15.814 0.007
3310.60859 15.819 0.007
3312.65261 15.830 0.007
3314.56347 15.766 0.007
3320.60130 15.856 0.006
3327.55626 15.795 0.007
3330.55049 15.732 0.007
3335.59532 15.851 0.007
3338.59893 15.755 0.006
3349.59526 15.731 0.006
3353.57435 15.757 0.007
3359.55088 15.922 0.007
3363.55822 15.862 0.007
3367.61754 15.765 0.007
3372.54829 15.770 0.006
3376.52760 15.780 0.007
3378.59455 15.910 0.007
3386.56098 15.758 0.006
3390.57456 15.733 0.007
3398.55632 15.719 0.007
3402.54472 15.726 0.005
3528.93692 15.855 0.007
3541.92972 15.766 0.006
3547.91431 15.851 0.006
3554.92252 15.805 0.007
3560.94464 15.746 0.006
3564.90680 15.700 0.006
3568.83766 15.685 0.006
3570.77838 15.862 0.007
3571.80071 15.928 0.008
3573.83820 15.806 0.007
3574.87719 15.894 0.007
3577.83586 15.818 0.007
3578.89443 15.930 0.006
3579.79927 15.780 0.006
3581.84420 15.846 0.006
3581.86691 15.834 0.006
3582.82909 15.943 0.007
3583.83350 15.716 0.006
3586.80784 15.932 0.006
3588.82573 15.778 0.006
3589.81854 15.880 0.006
3591.87334 15.708 0.005
3593.81090 15.895 0.006
3596.89136 15.834 0.006
3601.80899 15.918 0.007
3607.81440 15.781 0.006
3614.78579 15.735 0.005
3617.76529 15.755 0.006
3619.69821 15.838 0.006
3621.71667 15.722 0.006
3624.86497 15.911 0.007
3626.71435 15.786 0.006
3629.66796 15.702 0.007
3631.73033 15.905 0.007
3633.69564 15.736 0.007
3637.64955 15.746 0.006
3639.69963 15.927 0.006
3641.69619 15.765 0.006
3643.72056 15.926 0.006
3646.65552 15.879 0.007
3650.65877 15.899 0.007
3650.68281 15.896 0.007
3651.73275 15.801 0.006
3653.72891 15.832 0.006
3655.69509 15.750 0.006
3657.64587 15.841 0.006
3658.65030 15.922 0.007
3659.63835 15.708 0.007
3660.66847 15.768 0.007
3663.55998 15.704 0.007
3665.63356 15.886 0.007
3668.57198 15.804 0.006
3669.67074 15.902 0.007
3671.62890 15.738 0.007
3673.67376 15.933 0.007
3675.65834 15.755 0.006
3683.64765 15.785 0.006
3685.65278 15.873 0.006
3687.65145 15.814 0.006
3689.59984 15.818 0.006
3692.57568 15.914 0.007
3694.55966 15.746 0.007
3696.56018 15.932 0.006
3698.59387 15.783 0.007
3700.57480 15.934 0.007
3702.58409 15.787 0.006
3704.59036 15.885 0.007
3706.61079 15.809 0.006
3708.58367 15.801 0.007
3711.59026 15.941 0.007
3714.52401 15.835 0.009
3718.60452 15.877 0.007
3721.55342 15.781 0.007
3724.56310 15.713 0.006
3726.58366 15.909 0.007
3728.55677 15.723 0.006
3734.56022 15.942 0.007
3737.57590 15.874 0.007
3742.53452 15.862 0.008
3746.55980 15.776 0.007
3751.53618 15.761 0.008
3756.55244 15.887 0.007
3761.60271 15.821 0.007
3766.52751 15.739 0.007
3772.55033 15.930 0.007
3776.55040 15.891 0.007
3871.87630 15.714 0.007
3901.93882 15.763 0.007
3906.93909 15.754 0.006
3913.91603 15.700 0.005
3918.87954 15.823 0.006
3931.91488 15.898 0.007
3934.85790 15.891 0.006
3936.86610 15.717 0.006
3938.85009 15.914 0.007
3944.89748 15.760 0.006
3946.86561 15.930 0.007
3951.88502 15.710 0.006
3955.85015 15.740 0.007
3958.82667 15.773 0.007
3960.82682 15.833 0.006
3963.82353 15.768 0.007
3965.81541 15.938 0.006
3967.83526 15.781 0.006
3969.80090 15.897 0.006
3971.77709 15.793 0.006
3974.77883 15.724 0.006
3979.73419 15.833 0.006
3980.61754 15.923 0.007
3981.64383 15.737 0.006
3983.83415 15.872 0.007
3986.69571 15.768 0.007
3987.66675 15.862 0.006
3990.79002 15.800 0.006
3993.73482 15.724 0.006
3995.74009 15.924 0.006
3999.74936 15.935 0.006
4002.72150 15.856 0.005
4004.67329 15.690 0.006
4006.69950 15.872 0.006
4007.56288 15.927 0.006
4008.57181 15.723 0.006
4009.73327 15.814 0.007
4013.69838 15.830 0.007
4015.68067 15.778 0.007
4015.69690 15.769 0.007
4018.69606 15.919 0.007
4019.68463 15.715 0.006
4021.67712 15.863 0.006
4024.65059 15.784 0.006
4026.62947 15.920 0.006
4028.62543 15.804 0.006
4030.63799 15.842 0.006
4032.69009 15.838 0.007
4037.66628 15.937 0.006
4039.60422 15.763 0.006
4041.60374 15.934 0.007
4043.58944 15.779 0.007
4046.59877 15.696 0.006
4048.56467 15.882 0.007
4050.60679 15.723 0.006
4052.55889 15.927 0.006
4054.61307 15.744 0.006
4056.58516 15.930 0.007
4058.61871 15.769 0.006
4060.51755 15.938 0.007
4064.51518 15.918 0.007
4066.55665 15.811 0.006
4069.51502 15.693 0.007
4073.59859 15.759 0.007
4077.52194 15.779 0.007
4079.52388 15.930 0.008
4082.52384 15.874 0.007
4085.56155 15.811 0.006
4092.55760 15.766 0.006
4096.58355 15.773 0.006
4100.58634 15.792 0.007
4105.55417 15.920 0.007
4108.53042 15.829 0.007
4113.60831 15.926 0.006
4120.57914 15.895 0.006
4126.57697 15.751 0.007
4252.92626 15.871 0.008
4255.84555 15.778 0.007
4268.89906 15.933 0.007
4275.92119 15.898 0.007
4279.79887 15.910 0.009
4282.80943 15.836 0.007
4283.86237 15.926 0.008
4285.91669 15.758 0.007
4291.93747 15.905 0.007
4292.85599 15.702 0.006
4295.86004 15.867 0.007
4296.88980 15.729 0.007
4297.92266 15.818 0.007
4299.85747 15.783 0.007
4300.87896 15.726 0.007
4301.89697 15.843 0.007
4302.91858 15.927 0.007
4306.86321 15.935 0.008
4307.89749 15.701 0.006
4308.65864 15.748 0.007
4308.86662 15.776 0.007
4310.83897 15.908 0.007
4311.82652 15.707 0.008
4312.90040 15.801 0.007
4314.91987 15.820 0.007
4316.82641 15.814 0.007
4319.86359 15.754 0.007
4320.89045 15.844 0.007
4326.83432 15.708 0.007
4327.81259 15.796 0.007
4328.82822 15.877 0.007
4329.83076 15.897 0.007
4330.85900 15.708 0.007
4333.86030 15.832 0.007
4338.90068 15.748 0.007
4340.77316 15.926 0.007
4341.76831 15.723 0.007
4342.82417 15.766 0.007
4343.76181 15.850 0.007
4344.74396 15.937 0.007
4345.78995 15.701 0.007
4347.77884 15.880 0.007
4349.79203 15.716 0.007
4351.72913 15.891 0.008
4353.75235 15.735 0.007
4357.70122 15.754 0.007
4359.69915 15.931 0.007
4361.70171 15.754 0.007
4362.72443 15.868 0.007
4364.58347 15.713 0.007
4367.68098 15.919 0.008
4370.67263 15.883 0.007
4372.73610 15.727 0.007
4376.65149 15.735 0.007
4378.61807 15.929 0.007
4379.64603 15.728 0.007
4380.75888 15.754 0.007
4382.68633 15.932 0.007
4386.66139 15.911 0.007
4388.66187 15.794 0.007
4390.67086 15.841 0.007
4393.64464 15.918 0.007
4395.67952 15.745 0.007
4398.64496 15.726 0.007
4400.66784 15.865 0.007
4403.69363 15.788 0.007
4407.63372 15.815 0.007
4408.67990 15.899 0.007
4410.70284 15.726 0.007
4415.68697 15.849 0.007
4418.59364 15.764 0.007
4422.65487 15.786 0.007
4424.65193 15.888 0.007
4427.53863 15.894 0.007
4429.56456 15.727 0.008
4431.56900 15.919 0.007
4433.57486 15.750 0.007
4435.56321 15.916 0.007
4437.65225 15.779 0.007
4439.56412 15.940 0.007
4441.59995 15.787 0.007
4443.59068 15.896 0.007
4449.64470 15.846 0.007
4451.59983 15.732 0.007
4453.58181 15.861 0.007
4456.58324 15.773 0.007
4459.53574 15.711 0.007
4464.57543 15.815 0.007
4465.54136 15.900 0.007
4470.56029 15.744 0.007
4474.59679 15.713 0.007
4476.57493 15.881 0.007
4479.59974 15.794 0.007
4481.58441 15.856 0.007
4484.60109 15.942 0.009
4487.62265 15.837 0.008
4609.89594 15.932 0.008
4643.88061 15.923 0.007
4649.93082 15.768 0.007
4661.89396 15.830 0.007
4662.77668 15.917 0.007
4662.89360 15.921 0.007
4663.74837 15.778 0.007
4663.93227 15.719 0.007
4665.82132 15.845 0.007
4665.91527 15.853 0.007
4666.90913 15.934 0.008
4670.90358 15.907 0.007
4671.81782 15.694 0.007
4672.87754 15.785 0.007
4675.89515 15.718 0.007
4681.87488 15.928 0.007
4683.87013 15.764 0.007
4685.85625 15.931 0.007
4688.80759 15.863 0.007
4690.73315 15.701 0.006
4691.73602 15.780 0.007
4693.89111 15.826 0.007
4696.84103 15.925 0.008
4698.75286 15.731 0.006
4699.74687 15.829 0.007
4700.78438 15.919 0.007
4701.78958 15.740 0.007
4702.84972 15.753 0.007
4703.74876 15.851 0.007
4704.76761 15.934 0.007
4705.77485 15.715 0.007
4707.76752 15.863 0.006
4708.83578 15.896 0.007
4710.75175 15.787 0.006
4716.75326 15.805 0.007
4719.74543 15.933 0.007
4721.73439 15.753 0.007
4724.76409 15.704 0.007
4726.65976 15.863 0.007
4729.67074 15.800 0.007
4731.76099 15.842 0.007
4734.74331 15.910 0.007
4736.70809 15.756 0.007
4739.64937 15.737 0.007
4741.72395 15.856 0.006
4747.59056 15.686 0.006
4749.59013 15.884 0.007
4753.65929 15.913 0.007
4755.65321 15.734 0.006
4757.63765 15.918 0.007
4759.65027 15.761 0.007
4761.62054 15.928 0.006
4763.63318 15.789 0.007
4766.60140 15.700 0.007
4769.63947 15.843 0.007
4771.55054 15.800 0.007
4773.67535 15.764 0.006
4775.66219 15.837 0.007
4777.59594 15.727 0.007
4779.63153 15.863 0.007
4781.58145 15.694 0.007
4783.56507 15.859 0.007
4785.59617 15.706 0.007
4789.53158 15.723 0.007
4790.61380 15.811 0.006
4791.61210 15.910 0.007
4793.51623 15.737 0.007
4795.53328 15.928 0.007
4797.52548 15.757 0.007
4798.58878 15.865 0.007
4800.63607 15.701 0.006
4803.52739 15.920 0.007
4804.57757 15.712 0.007
4806.58659 15.891 0.007
4808.54482 15.720 0.007
4808.61232 15.733 0.007
4810.55526 15.910 0.007
4813.59461 15.835 0.007
4815.57074 15.724 0.007
4817.58728 15.848 0.007
4819.58688 15.699 0.007
4821.62878 15.892 0.007
4823.58957 15.717 0.007
4825.61801 15.910 0.007
4832.59113 15.853 0.007
4835.57295 15.785 0.007
4839.59446 15.797 0.007
4842.56152 15.723 0.007
4844.57001 15.901 0.007
4847.62632 15.855 0.009
4849.58618 15.737 0.007
4853.58361 15.712 0.007
4856.57754 15.915 0.007
4865.55067 15.731 0.007
4936.91655 15.696 0.007
4940.89923 15.700 0.007
4940.90309 15.703 0.007
4953.89694 15.843 0.007
4954.88836 15.929 0.007
