 625.91295 17.256 0.013
 626.88418 17.279 0.014
 627.87044 17.326 0.016
 629.82405 17.355 0.019
 629.92808 17.327 0.015
 631.88589 17.393 0.018
 632.88066 17.353 0.015
 635.85658 17.289 0.014
 643.82589 17.271 0.014
 645.85206 17.305 0.015
 647.80989 17.354 0.026
 649.81476 17.347 0.021
 656.86726 17.294 0.012
 657.87114 17.256 0.015
 658.87985 17.250 0.016
 663.78632 17.271 0.020
 665.84688 17.260 0.012
 666.84897 17.314 0.012
 667.86796 17.247 0.012
 668.83879 17.316 0.011
 670.80444 17.373 0.015
 671.82684 17.322 0.011
 672.83184 17.356 0.011
 673.74491 17.344 0.014
 684.75982 17.236 0.013
 685.76035 17.288 0.012
 686.71642 17.303 0.014
 687.87771 17.257 0.012
 688.84558 17.314 0.013
 689.71212 17.338 0.012
 697.67797 17.213 0.014
 698.69320 17.199 0.013
 699.70404 17.172 0.012
 700.68913 17.155 0.012
 701.66079 17.167 0.014
 704.65535 17.305 0.015
 706.65375 17.359 0.021
 706.74819 17.301 0.022
 707.68429 17.333 0.016
 708.68175 17.342 0.027
 712.68208 17.338 0.012
 713.69629 17.337 0.012
 714.71285 17.312 0.011
 715.75370 17.326 0.013
 716.73624 17.280 0.012
 720.64325 17.145 0.014
 726.70339 17.205 0.012
 728.69649 17.296 0.013
 729.64084 17.324 0.014
 730.59225 17.350 0.016
 733.65185 17.337 0.016
 739.67404 17.227 0.015
 741.63759 17.144 0.013
 742.63141 17.149 0.012
 744.59993 17.280 0.014
 745.63981 17.257 0.013
 747.54241 17.328 0.020
 748.53905 17.379 0.020
 749.54548 17.411 0.028
 750.51969 17.394 0.029
 751.54982 17.419 0.023
 752.75360 17.343 0.019
 753.69334 17.359 0.015
 754.72488 17.374 0.023
 755.54856 17.295 0.015
 759.55119 17.161 0.013
 760.55551 17.141 0.013
 761.55079 17.134 0.012
 761.75429 17.244 0.019
 762.54876 17.172 0.016
 762.67902 17.160 0.016
 762.75744 17.183 0.018
 763.55327 17.250 0.023
 763.56773 17.216 0.018
 763.71198 17.147 0.015
 764.64579 17.198 0.021
 765.53114 17.339 0.022
 766.56805 17.343 0.021
 766.62842 17.314 0.022
 767.54244 17.333 0.025
 767.69612 17.306 0.023
 769.52737 17.397 0.018
 770.62363 17.326 0.015
 771.59986 17.376 0.018
 772.52791 17.378 0.016
 772.77577 17.317 0.015
 773.55049 17.374 0.016
 774.62035 17.372 0.018
 775.57318 17.349 0.014
 776.65416 17.326 0.015
 777.57113 17.234 0.015
 778.54426 17.214 0.020
 778.63577 17.306 0.019
 778.70197 17.301 0.022
 779.60366 17.207 0.016
 780.59200 17.194 0.015
 780.69752 17.266 0.020
 781.58000 17.162 0.013
 781.75337 17.235 0.016
 782.57766 17.140 0.015
 782.67789 17.158 0.023
 783.55734 17.124 0.012
 784.59701 17.185 0.013
 785.56783 17.275 0.014
 786.57259 17.290 0.013
 787.65296 17.269 0.014
 788.58460 17.290 0.015
 790.53459 17.356 0.015
 792.56731 17.365 0.016
 795.54638 17.323 0.014
 796.59598 17.350 0.019
 797.66643 17.317 0.016
 798.58386 17.253 0.015
 800.58179 17.206 0.013
 802.56228 17.165 0.014
 805.56831 17.185 0.013
 806.57910 17.214 0.019
 808.64315 17.265 0.020
 817.60658 17.364 0.014
 819.64768 17.295 0.014
 820.64665 17.259 0.014
 822.56661 17.131 0.013
 823.64392 17.189 0.013
 824.59202 17.144 0.016
 824.65483 17.124 0.015
 825.66524 17.117 0.019
 828.62526 17.251 0.013
 829.59187 17.341 0.015
 830.57236 17.282 0.018
 832.59876 17.311 0.016
 833.61892 17.304 0.014
 834.63314 17.332 0.019
 836.56646 17.356 0.022
 838.53957 17.352 0.025
 840.55505 17.241 0.020
 845.56072 17.131 0.014
 850.52816 17.342 0.020
 855.53486 17.373 0.024
 856.52272 17.365 0.019
 859.52240 17.290 0.016
 860.55469 17.285 0.019
 866.54198 17.133 0.016
 876.51059 17.373 0.016
 962.89128 17.321 0.015
 976.90219 17.143 0.015
 986.85759 17.373 0.016
 987.86986 17.356 0.015
 991.88376 17.332 0.015
 996.84785 17.177 0.008
 998.85722 17.125 0.014
1003.78831 17.310 0.019
1005.81376 17.390 0.019
1008.83907 17.353 0.021
1020.80981 17.222 0.013
1025.78945 17.326 0.018
1035.76433 17.182 0.013
1037.79156 17.155 0.013
1038.89060 17.169 0.018
1041.86094 17.159 0.011
1045.76214 17.353 0.014
1049.78256 17.413 0.018
1052.79289 17.308 0.016
1055.66265 17.175 0.013
1058.81442 17.158 0.015
1059.79332 17.170 0.015
1064.73646 17.303 0.019
1068.72830 17.377 0.014
1068.79269 17.372 0.015
1071.75630 17.342 0.016
1072.71095 17.311 0.013
1075.77338 17.248 0.012
1078.69518 17.122 0.011
1080.64122 17.255 0.012
1083.73354 17.325 0.014
1086.58406 17.350 0.013
1090.66718 17.316 0.019
1092.66722 17.301 0.018
1094.66336 17.261 0.011
1102.63196 17.309 0.013
1107.60032 17.371 0.013
1112.70650 17.348 0.016
1117.58188 17.139 0.012
1122.59348 17.255 0.015
1128.54208 17.337 0.019
1132.57241 17.315 0.013
1135.64112 17.261 0.013
1138.59390 17.119 0.013
1140.62627 17.144 0.012
1144.62930 17.343 0.015
1151.56379 17.334 0.015
1154.58329 17.330 0.015
1157.62376 17.212 0.016
1160.62056 17.123 0.015
1163.70251 17.103 0.014
1166.66955 17.323 0.013
1170.59848 17.362 0.014
1175.65960 17.309 0.015
1179.65729 17.181 0.015
1183.66617 17.136 0.014
1186.66002 17.311 0.012
1189.54856 17.365 0.013
1192.59319 17.390 0.016
1202.53977 17.159 0.019
1206.54336 17.326 0.018
1212.53490 17.377 0.022
1216.53881 17.304 0.019
1220.53710 17.178 0.015
1227.53279 17.301 0.019
1233.52036 17.338 0.027
1329.78137 17.204 0.020
1330.89200 17.212 0.016
1335.83723 17.178 0.014
1340.91309 17.316 0.015
1347.89437 17.348 0.016
1354.92325 17.120 0.014
1365.88417 17.382 0.016
1367.86173 17.380 0.021
1369.84939 17.282 0.015
1374.84828 17.175 0.015
1395.81385 17.129 0.014
1397.83722 17.187 0.018
1401.85090 17.306 0.016
1407.85820 17.363 0.016
1412.75615 17.196 0.015
1418.79624 17.203 0.014
1430.69017 17.302 0.016
1432.75509 17.251 0.012
1434.71598 17.165 0.015
1438.70793 17.258 0.012
1441.81501 17.293 0.013
1446.70109 17.366 0.023
1447.67144 17.376 0.022
1451.63458 17.227 0.014
1454.61176 17.119 0.015
1458.66432 17.223 0.015
1459.65733 17.279 0.014
1461.63216 17.316 0.015
1462.69054 17.318 0.015
1470.57937 17.262 0.015
1475.60343 17.143 0.016
1478.55207 17.327 0.016
1479.56820 17.313 0.016
1484.56744 17.383 0.018
1487.59451 17.356 0.018
1490.63019 17.310 0.018
1492.53296 17.209 0.014
1495.58228 17.147 0.013
1498.54812 17.263 0.020
1502.57125 17.313 0.016
1505.63843 17.358 0.020
1509.54936 17.300 0.016
1512.65153 17.304 0.020
1516.55122 17.100 0.012
1518.62107 17.153 0.013
1520.64900 17.177 0.015
1523.56630 17.350 0.026
1526.54923 17.421 0.018
1531.65654 17.328 0.018
1540.57487 17.213 0.019
1546.57268 17.345 0.014
1551.53572 17.315 0.019
1556.57646 17.204 0.016
1567.57283 17.353 0.019
1571.56727 17.340 0.018
1576.55617 17.200 0.019
1582.56688 17.252 0.018
1585.53995 17.302 0.018
1589.54256 17.360 0.023
1599.52256 17.100 0.019
1602.51237 17.244 0.025
1603.52725 17.298 0.019
1607.50645 17.315 0.024
1702.87710 17.380 0.020
1703.91895 17.391 0.018
1705.92474 17.322 0.016
1716.88496 17.359 0.018
1728.87647 17.247 0.015
1731.86302 17.169 0.011
1738.90778 17.319 0.014
1740.85169 17.360 0.016
1742.85322 17.367 0.018
1743.84945 17.352 0.016
1744.86853 17.366 0.015
1749.81894 17.213 0.011
1750.84540 17.234 0.016
1751.80269 17.142 0.011
1752.81844 17.127 0.013
1753.81952 17.142 0.013
1754.79171 17.218 0.014
1755.81152 17.280 0.019
1756.84073 17.302 0.023
1757.79014 17.354 0.020
1758.79470 17.292 0.014
1759.78460 17.358 0.015
1761.82397 17.339 0.014
1762.80634 17.342 0.015
1763.81201 17.343 0.014
1764.80177 17.322 0.012
1765.79791 17.343 0.019
1766.75123 17.315 0.020
1768.76221 17.227 0.015
1769.67108 17.154 0.016
1770.68121 17.149 0.024
1771.76436 17.152 0.018
1772.78429 17.106 0.012
1773.75151 17.184 0.012
1775.83533 17.151 0.012
1776.77442 17.294 0.014
1784.81969 17.401 0.018
1788.72300 17.254 0.013
1803.77711 17.380 0.016
1808.78601 17.310 0.013
1811.76922 17.194 0.011
1814.81601 17.122 0.012
1817.78194 17.229 0.012
1821.58379 17.423 0.021
1823.74128 17.384 0.012
1828.82775 17.352 0.019
1829.75253 17.272 0.016
1847.77620 17.382 0.016
1854.75857 17.175 0.012
1859.72252 17.326 0.016
1863.70624 17.370 0.018
1871.76704 17.258 0.014
2090.89538 17.151 0.018
2105.90002 17.273 0.014
2106.86466 17.229 0.015
2116.84855 17.306 0.014
2123.79539 17.300 0.016
2127.80858 17.172 0.020
2128.80332 17.132 0.016
2129.83531 17.153 0.014
2130.80178 17.155 0.014
2131.89030 17.092 0.016
2132.78321 17.292 0.020
2135.81974 17.328 0.016
2136.83599 17.314 0.016
2137.79293 17.337 0.020
2140.78789 17.376 0.016
2142.80021 17.367 0.015
2143.79520 17.310 0.015
2144.89127 17.339 0.015
2155.85623 17.248 0.022
2156.80287 17.308 0.016
2162.73877 17.313 0.013
2166.73323 17.239 0.014
2167.81657 17.265 0.015
2171.71804 17.166 0.012
2172.72371 17.196 0.013
2173.70423 17.269 0.013
2177.59525 17.378 0.023
2184.67828 17.311 0.019
2185.64234 17.244 0.016
2187.73680 17.230 0.018
2188.65766 17.139 0.016
2190.66871 17.125 0.012
2191.72194 17.127 0.012
2192.64155 17.235 0.012
2193.66277 17.266 0.012
2194.63105 17.325 0.015
2195.69686 17.337 0.013
2201.64445 17.365 0.014
2203.69087 17.334 0.014
2204.63701 17.287 0.020
2208.68149 17.220 0.016
2211.61864 17.129 0.015
2212.61922 17.206 0.015
2213.62744 17.255 0.016
2214.61283 17.298 0.019
2215.62727 17.312 0.018
2217.61230 17.343 0.019
2219.65693 17.367 0.018
2222.62584 17.357 0.021
2224.68163 17.368 0.018
2226.61308 17.259 0.018
2229.59566 17.147 0.015
2231.54716 17.173 0.016
2233.55191 17.275 0.016
2235.63728 17.313 0.013
2237.55678 17.315 0.019
2242.59422 17.341 0.019
2244.61587 17.313 0.016
2250.54623 17.135 0.015
2252.59681 17.133 0.013
2255.58104 17.331 0.016
2257.60164 17.327 0.014
2262.59401 17.328 0.015
2266.54898 17.258 0.019
2271.56046 17.124 0.013
2273.55876 17.151 0.019
2275.59183 17.273 0.016
2277.57619 17.303 0.014
2280.54385 17.356 0.021
2284.58432 17.353 0.018
2289.57798 17.219 0.015
2291.57766 17.160 0.013
2293.55595 17.128 0.014
2295.54661 17.253 0.018
2297.54812 17.326 0.019
2299.55367 17.340 0.020
2301.54533 17.370 0.021
2444.92465 17.221 0.016
2458.92825 17.357 0.018
2463.89188 17.251 0.016
2465.90438 17.181 0.013
2467.87832 17.135 0.013
2469.87800 17.225 0.014
2471.88605 17.313 0.015
2473.86349 17.320 0.015
2483.83582 17.217 0.013
2486.85146 17.176 0.018
2488.84306 17.141 0.018
2489.89955 17.118 0.014
2492.88105 17.319 0.018
2496.88049 17.338 0.014
2497.90367 17.344 0.016
2498.90650 17.365 0.013
2499.83697 17.346 0.018
2500.84136 17.334 0.015
2501.83139 17.315 0.013
2502.81110 17.268 0.015
2503.82655 17.254 0.013
2511.83501 17.286 0.016
2516.86911 17.319 0.018
2517.79725 17.356 0.015
2518.77159 17.337 0.014
2520.76857 17.333 0.014
2526.75506 17.154 0.011
2534.80897 17.304 0.015
2535.86941 17.301 0.016
2537.67947 17.386 0.022
2538.76809 17.349 0.018
2539.67700 17.337 0.018
2540.69847 17.314 0.021
2541.68243 17.278 0.014
2542.65854 17.256 0.015
2544.63963 17.166 0.013
2545.65255 17.157 0.013
2547.67028 17.168 0.015
2548.68912 17.156 0.013
2550.68391 17.313 0.015
2551.67055 17.327 0.014
2552.68670 17.317 0.013
2554.68000 17.330 0.014
2555.68783 17.358 0.014
2556.66690 17.361 0.016
2557.67919 17.369 0.013
2558.63603 17.364 0.016
2559.59192 17.310 0.018
2560.62578 17.291 0.015
2561.65146 17.293 0.020
2562.64406 17.262 0.014
2563.65202 17.259 0.016
2564.66762 17.226 0.016
2565.64904 17.179 0.013
2566.63642 17.140 0.013
2568.63914 17.194 0.025
2574.61707 17.321 0.015
2575.63437 17.350 0.013
2576.61693 17.337 0.019
2577.60276 17.353 0.021
2578.60122 17.374 0.019
2579.61083 17.343 0.016
2580.59859 17.320 0.015
2583.59419 17.237 0.019
2584.60200 17.203 0.016
2587.58547 17.128 0.014
2588.61359 17.151 0.013
2589.57069 17.236 0.015
2590.59008 17.267 0.016
2591.59134 17.303 0.016
2593.58141 17.338 0.014
2594.58578 17.312 0.020
2596.56094 17.387 0.020
2597.54917 17.403 0.022
2598.59627 17.357 0.015
2599.57852 17.362 0.021
2606.66323 17.181 0.014
2609.60612 17.133 0.015
2611.57607 17.280 0.020
2614.58142 17.309 0.013
2618.57467 17.367 0.020
2620.57243 17.352 0.019
2623.58009 17.279 0.016
2626.57169 17.181 0.020
2628.53428 17.166 0.023
2632.54077 17.296 0.015
2636.53588 17.316 0.020
2641.56003 17.355 0.015
2645.56963 17.215 0.014
2650.56621 17.158 0.013
2653.57947 17.295 0.018
2656.55882 17.333 0.022
2659.58530 17.366 0.020
2663.55000 17.338 0.020
2671.54433 17.152 0.014
2673.53758 17.286 0.021
2675.55433 17.332 0.018
2681.57089 17.334 0.020
2777.88052 17.239 0.023
2804.92340 17.128 0.020
2809.94658 17.325 0.021
2813.93201 17.380 0.016
2817.90446 17.287 0.018
2831.75565 17.395 0.024
2832.89701 17.356 0.016
2833.84247 17.359 0.021
2835.92785 17.367 0.018
2837.84838 17.317 0.022
2838.86902 17.276 0.020
2839.88225 17.278 0.015
2844.85012 17.152 0.012
2845.84647 17.168 0.016
2848.93314 17.254 0.020
2850.86587 17.309 0.019
2851.90923 17.297 0.016
2852.94243 17.327 0.020
2853.92007 17.345 0.015
2856.79303 17.333 0.021
2858.88723 17.334 0.014
2860.85326 17.263 0.014
2861.72144 17.141 0.012
2862.82880 17.179 0.016
2863.81148 17.154 0.018
2865.88481 17.128 0.015
2866.84380 17.164 0.019
2867.77977 17.325 0.014
2869.82116 17.307 0.015
2871.85454 17.339 0.015
2875.77509 17.400 0.020
2877.77529 17.344 0.014
2883.80233 17.184 0.011
2885.73745 17.171 0.014
2888.78564 17.292 0.016
2892.77751 17.332 0.020
2894.78070 17.359 0.018
2896.78210 17.356 0.015
2898.79843 17.326 0.014
2900.72262 17.241 0.012
2902.72339 17.179 0.012
2905.73052 17.145 0.012
2907.73154 17.225 0.013
2909.71894 17.309 0.013
2911.71201 17.299 0.012
2915.68364 17.379 0.015
2917.70908 17.330 0.013
2921.70417 17.239 0.016
2923.72060 17.192 0.014
2925.69182 17.139 0.012
2927.68935 17.206 0.015
2930.70718 17.317 0.015
2932.71002 17.339 0.015
2934.69378 17.352 0.014
2937.61398 17.324 0.020
2940.61083 17.242 0.012
2942.61084 17.167 0.013
2944.56676 17.136 0.013
2946.55826 17.264 0.018
2947.58029 17.296 0.016
2951.60609 17.326 0.019
2952.63314 17.325 0.015
2954.66033 17.377 0.020
2956.60625 17.367 0.014
2958.59101 17.302 0.015
2966.58491 17.173 0.012
2969.62770 17.325 0.016
2971.63536 17.322 0.015
2973.62325 17.321 0.015
2975.59754 17.350 0.016
2977.59012 17.362 0.022
2979.55620 17.274 0.019
2981.60099 17.271 0.022
2983.63733 17.233 0.018
2985.65523 17.159 0.015
2987.55292 17.232 0.015
2990.58405 17.316 0.015
2992.54653 17.333 0.019
2995.59206 17.368 0.013
2998.54813 17.369 0.020
3001.55085 17.268 0.019
3004.54160 17.146 0.015
3007.54931 17.135 0.013
3010.54857 17.317 0.015
3016.56573 17.346 0.019
3019.56954 17.334 0.015
3021.59304 17.305 0.012
3023.54741 17.234 0.015
3025.54472 17.181 0.014
3027.58095 17.135 0.013
3031.55719 17.307 0.016
3033.55994 17.313 0.014
3035.59329 17.352 0.015
3040.54010 17.312 0.020
3133.92344 17.301 0.020
3160.83573 17.187 0.020
3175.94660 17.287 0.015
3182.95081 17.123 0.013
3191.94703 17.337 0.016
3195.91642 17.338 0.014
3197.89196 17.269 0.018
3199.92542 17.210 0.016
3203.85413 17.209 0.012
3204.92012 17.208 0.015
3210.87110 17.353 0.019
3211.93571 17.354 0.016
3216.69893 17.198 0.019
3218.81537 17.247 0.023
3223.81208 17.224 0.016
3226.80115 17.334 0.018
3229.80624 17.346 0.013
3231.76058 17.368 0.021
3238.92453 17.294 0.015
3240.74887 17.147 0.014
3242.69147 17.228 0.014
3243.82416 17.184 0.014
3244.80522 17.199 0.014
3245.75065 17.300 0.015
3246.74312 17.331 0.018
3247.73826 17.311 0.018
3248.78468 17.328 0.016
3250.78784 17.354 0.013
3253.74330 17.348 0.016
3256.72610 17.273 0.014
3260.68103 17.150 0.014
3262.71302 17.160 0.011
3264.66868 17.308 0.012
3266.73973 17.302 0.015
3268.66939 17.346 0.014
3270.64315 17.397 0.020
3271.64088 17.358 0.019
3272.69785 17.400 0.016
3274.68005 17.340 0.016
3276.68873 17.241 0.015
3277.72139 17.286 0.016
3278.77901 17.269 0.018
3280.67471 17.154 0.012
3282.66544 17.160 0.010
3286.62835 17.294 0.013
3288.64204 17.329 0.012
3293.57368 17.320 0.012
3295.59203 17.284 0.011
3297.57369 17.210 0.011
3299.63061 17.157 0.011
3301.60466 17.139 0.015
3303.66690 17.166 0.015
3306.59779 17.326 0.012
3308.58742 17.328 0.019
3310.58646 17.364 0.021
3312.58872 17.341 0.014
3315.60927 17.312 0.013
3320.57248 17.132 0.015
3321.57451 17.143 0.013
3324.59880 17.239 0.014
3329.55225 17.372 0.015
3334.54269 17.322 0.018
3336.56429 17.281 0.014
3349.57261 17.282 0.011
3352.60842 17.352 0.015
3355.57740 17.354 0.013
3362.56034 17.131 0.012
3367.59005 17.267 0.015
3372.54133 17.359 0.014
3378.56796 17.257 0.014
3386.53493 17.233 0.013
3389.56976 17.317 0.015
3398.53387 17.280 0.015
3544.94196 17.328 0.014
3552.94787 17.361 0.029
3561.91554 17.237 0.011
3564.88280 17.327 0.012
3569.90138 17.372 0.014
3570.71666 17.269 0.020
3573.83444 17.256 0.015
3574.85489 17.249 0.014
3577.87297 17.168 0.012
3578.87152 17.156 0.011
3581.81803 17.282 0.012
3582.80099 17.328 0.016
3583.81502 17.237 0.013
3585.84400 17.312 0.011
3589.81074 17.367 0.013
3591.82511 17.326 0.011
3593.86056 17.301 0.013
3596.76440 17.166 0.014
3601.78312 17.257 0.013
3603.85124 17.279 0.014
3608.79395 17.358 0.012
3615.80697 17.195 0.011
3618.80422 17.134 0.011
3620.83606 17.147 0.011
3622.78772 17.277 0.013
3626.68777 17.374 0.015
3629.71429 17.368 0.018
3631.72082 17.336 0.018
3633.66558 17.235 0.015
3638.68895 17.087 0.012
3641.67354 17.298 0.012
3643.69807 17.329 0.015
3646.62576 17.340 0.014
3650.62736 17.371 0.015
3651.70647 17.369 0.014
3653.67284 17.252 0.012
3655.66832 17.212 0.013
3657.60113 17.114 0.013
3658.60274 17.112 0.015
3659.61675 17.145 0.015
3660.65627 17.176 0.014
3664.67528 17.325 0.011
3666.69879 17.321 0.013
3669.65189 17.378 0.016
3671.59727 17.330 0.015
3673.64572 17.262 0.018
3675.63564 17.203 0.012
3681.58676 17.265 0.018
3683.61672 17.322 0.014
3685.61355 17.318 0.013
3687.61856 17.353 0.015
3689.57170 17.337 0.014
3692.54324 17.287 0.014
3694.54056 17.238 0.018
3696.53279 17.169 0.012
3698.53805 17.156 0.016
3700.54979 17.176 0.013
3702.55565 17.311 0.016
3704.55654 17.322 0.015
3706.56301 17.365 0.013
3708.55644 17.372 0.016
3711.56388 17.347 0.015
3713.58624 17.311 0.014
3716.58750 17.242 0.022
3719.58674 17.154 0.014
3722.56530 17.241 0.014
3725.60590 17.330 0.012
3727.56869 17.342 0.018
3732.61361 17.396 0.014
3740.55467 17.107 0.011
3745.54792 17.303 0.019
3749.54991 17.359 0.022
3755.54924 17.327 0.021
3760.55108 17.169 0.015
3765.53937 17.313 0.012
3771.55778 17.367 0.019
3775.56268 17.329 0.018
3780.54522 17.183 0.016
3871.85575 17.155 0.020
3900.94426 17.345 0.019
3905.93895 17.343 0.014
3913.89765 17.176 0.011
3917.92709 17.183 0.012
3921.90984 17.293 0.019
3931.88097 17.230 0.014
3933.92574 17.192 0.012
3935.90412 17.138 0.011
3937.86492 17.176 0.016
3938.92463 17.174 0.013
3944.87915 17.351 0.014
3946.84404 17.382 0.012
3951.86569 17.249 0.015
3955.82706 17.154 0.015
3958.80858 17.273 0.013
3960.80868 17.334 0.014
3963.80541 17.327 0.016
3965.79725 17.358 0.011
3967.81700 17.375 0.011
3969.78290 17.317 0.013
3971.75842 17.241 0.011
3974.76062 17.152 0.012
3979.71607 17.294 0.013
3980.59869 17.397 0.021
3981.62295 17.337 0.013
3983.88433 17.328 0.016
3987.76392 17.371 0.013
3990.77116 17.289 0.012
3993.71410 17.181 0.012
3995.71871 17.168 0.011
3999.72612 17.333 0.012
4002.70330 17.292 0.011
4004.65495 17.363 0.012
4006.68136 17.370 0.012
4007.67416 17.369 0.013
4008.55340 17.295 0.012
4013.67787 17.217 0.015
4015.65894 17.182 0.019
4017.67642 17.227 0.013
4019.66538 17.279 0.015
4021.65879 17.306 0.012
4024.63217 17.360 0.014
4026.61113 17.344 0.012
4028.60689 17.337 0.012
4030.61613 17.242 0.012
4032.67111 17.267 0.014
4037.58249 17.221 0.012
4039.58578 17.279 0.012
4041.57790 17.280 0.016
4043.57098 17.350 0.019
4046.54331 17.350 0.015
4048.54626 17.330 0.016
4050.56771 17.262 0.013
4052.54011 17.201 0.012
4054.59466 17.142 0.012
4056.56664 17.121 0.012
4059.52823 17.294 0.014
4061.56370 17.357 0.013
4065.58087 17.360 0.013
4067.54125 17.367 0.016
4069.56525 17.326 0.014
4072.62251 17.292 0.013
4076.62505 17.200 0.016
4078.58364 17.177 0.012
4080.59563 17.244 0.014
4083.61775 17.321 0.018
4087.57758 17.402 0.014
4093.59712 17.264 0.011
4099.59273 17.162 0.014
4103.61965 17.290 0.016
4111.57172 17.345 0.012
4124.56660 17.334 0.014
4132.56867 17.364 0.021
4252.90775 17.180 0.018
4255.82195 17.343 0.023
4273.90729 17.152 0.018
4278.93091 17.327 0.018
4279.88256 17.332 0.020
4282.78932 17.330 0.019
4283.90624 17.339 0.019
4285.89952 17.303 0.015
4291.91996 17.161 0.016
4293.88806 17.116 0.012
4296.87229 17.293 0.013
4297.90503 17.303 0.014
4299.84013 17.326 0.013
4300.86149 17.335 0.014
4301.87956 17.343 0.013
4302.89574 17.360 0.018
4303.92009 17.357 0.015
4307.87939 17.296 0.012
4308.64106 17.137 0.013
4308.79568 17.227 0.013
4310.81958 17.170 0.016
4311.80779 17.129 0.019
4312.88214 17.138 0.011
4314.90186 17.128 0.015
4316.80899 17.288 0.016
4319.84049 17.338 0.014
4326.81437 17.329 0.016
4327.79432 17.248 0.019
4328.81009 17.253 0.015
4329.89497 17.264 0.014
4331.87649 17.209 0.016
4333.91076 17.178 0.015
4338.87898 17.314 0.019
4340.75073 17.340 0.016
4341.74678 17.379 0.019
4342.77106 17.358 0.018
4343.74012 17.372 0.015
4345.76825 17.323 0.015
4347.75717 17.255 0.013
4349.74883 17.224 0.012
4354.73767 17.172 0.015
4356.74006 17.298 0.015
4358.77000 17.300 0.018
4361.69784 17.355 0.018
4363.60079 17.328 0.018
4364.75627 17.368 0.020
4367.67702 17.238 0.018
4371.64260 17.147 0.015
4373.66090 17.153 0.013
4377.73267 17.279 0.013
4379.62437 17.325 0.020
4380.72019 17.304 0.014
4382.66432 17.377 0.018
4387.70956 17.316 0.011
4390.64930 17.186 0.012
4392.67354 17.140 0.013
4395.65492 17.203 0.015
4397.69555 17.280 0.015
4400.62504 17.318 0.018
4403.63411 17.352 0.018
4408.63720 17.265 0.015
4411.64987 17.201 0.013
4416.66463 17.198 0.013
4421.66747 17.347 0.016
4424.58747 17.362 0.016
4426.62601 17.333 0.019
4428.56495 17.252 0.021
4430.60348 17.191 0.014
4432.64748 17.210 0.016
4434.61641 17.142 0.013
4436.59276 17.205 0.014
4438.61528 17.304 0.016
4440.58878 17.288 0.019
4441.57780 17.339 0.018
4443.53726 17.367 0.015
4450.56772 17.193 0.018
4453.55970 17.134 0.016
4456.56122 17.215 0.018
4463.57321 17.333 0.019
4466.55730 17.354 0.018
4476.55787 17.188 0.015
4479.58762 17.289 0.020
4483.58066 17.319 0.016
4486.60065 17.352 0.023
4492.59805 17.235 0.015
4609.86918 17.198 0.016
4630.94714 17.157 0.020
4638.93410 17.348 0.014
4652.90902 17.226 0.014
4661.89020 17.364 0.015
4662.73716 17.254 0.019
4663.72674 17.232 0.016
4665.79984 17.201 0.016
4666.88769 17.230 0.016
4670.88195 17.111 0.013
4671.81421 17.204 0.014
4672.85619 17.249 0.013
4675.86256 17.336 0.015
4681.85349 17.361 0.012
4683.82765 17.307 0.014
4685.83477 17.289 0.016
4687.87032 17.231 0.013
4689.74365 17.141 0.012
4690.71132 17.219 0.012
4691.71436 17.304 0.016
4693.86942 17.244 0.019
4696.79102 17.326 0.022
4698.73116 17.357 0.014
4700.76256 17.340 0.013
4701.71684 17.325 0.015
4701.76771 17.375 0.014
4702.82777 17.343 0.015
4703.72705 17.287 0.014
4704.74605 17.270 0.012
4705.75322 17.256 0.014
4708.81404 17.173 0.011
4710.72771 17.164 0.011
4716.73082 17.329 0.012
4719.72365 17.408 0.019
4721.69423 17.358 0.019
4725.69956 17.240 0.015
4728.72116 17.175 0.013
4731.71822 17.164 0.012
4734.70681 17.300 0.012
4743.68143 17.295 0.013
4748.67126 17.169 0.012
4750.67305 17.117 0.013
4750.70424 17.108 0.013
4754.62991 17.338 0.018
4756.63920 17.343 0.016
4758.61964 17.359 0.014
4760.60632 17.342 0.013
4762.58272 17.322 0.016
4766.57920 17.198 0.018
4769.61687 17.145 0.016
4771.66229 17.124 0.011
4773.63328 17.266 0.013
4775.63684 17.329 0.018
4777.57119 17.347 0.019
4779.57164 17.317 0.015
4781.55970 17.340 0.015
4782.63031 17.343 0.016
4783.53998 17.258 0.018
4785.57403 17.258 0.018
4786.61401 17.240 0.016
4788.58831 17.163 0.013
4790.57055 17.108 0.011
4792.54640 17.240 0.013
4794.55022 17.297 0.014
4796.61990 17.328 0.014
4798.56575 17.348 0.016
4800.58555 17.337 0.013
4802.59155 17.358 0.018
4804.57317 17.304 0.019
4808.59010 17.205 0.015
4810.58759 17.146 0.015
4813.54918 17.253 0.018
4815.54019 17.343 0.021
4817.56537 17.330 0.014
4819.55938 17.328 0.018
4821.62028 17.332 0.013
4823.58548 17.369 0.015
4825.60612 17.327 0.016
4832.56457 17.136 0.014
4834.58964 17.236 0.019
4837.58084 17.306 0.019
4841.54667 17.381 0.019
4843.55136 17.360 0.022
4845.54895 17.358 0.019
4846.55625 17.283 0.015
4848.59679 17.284 0.013
4849.58192 17.211 0.013
4853.57957 17.125 0.014
4856.56053 17.318 0.013
4865.54695 17.367 0.018
