 621.85405 14.062 0.005
 626.93723 14.398 0.005
 627.90320 14.523 0.005
 628.91259 14.513 0.005
 632.91286 14.118 0.005
 633.91737 14.219 0.005
 635.91248 14.424 0.005
 643.88124 14.331 0.005
 645.88472 14.537 0.005
 649.85403 14.165 0.005
 656.89982 14.087 0.005
 657.84100 14.099 0.005
 658.91264 14.155 0.005
 664.80401 14.416 0.005
 664.89254 14.369 0.005
 665.87951 14.072 0.005
 666.89005 14.119 0.005
 667.90087 14.151 0.005
 668.87147 14.128 0.005
 670.83710 14.366 0.005
 671.85963 14.482 0.005
 672.91314 14.553 0.005
 673.71541 14.400 0.005
 673.91712 14.329 0.005
 684.79216 14.133 0.005
 685.73073 14.154 0.005
 686.77313 14.143 0.005
 688.87797 14.395 0.005
 689.76795 14.501 0.005
 697.73397 14.386 0.005
 698.87999 14.522 0.005
 699.73648 14.538 0.005
 700.74509 14.269 0.005
 701.71753 14.063 0.005
 704.68981 14.170 0.005
 706.71358 14.401 0.005
 707.74955 14.523 0.005
 708.71707 14.519 0.005
 712.71742 14.116 0.005
 713.75515 14.219 0.005
 714.77053 14.325 0.005
 716.70415 14.523 0.005
 720.67972 14.157 0.005
 722.64499 14.219 0.005
 726.73712 14.468 0.005
 728.63588 14.078 0.005
 729.70281 14.162 0.005
 730.62692 14.114 0.005
 733.68892 14.441 0.005
 739.75385 14.114 0.005
 741.68044 14.347 0.005
 742.77086 14.461 0.005
 744.72274 14.375 0.005
 745.67401 14.078 0.005
 747.61288 14.154 0.005
 748.57443 14.118 0.005
 749.58213 14.274 0.005
 750.57667 14.350 0.005
 751.58379 14.457 0.005
 752.78638 14.535 0.005
 753.72699 14.336 0.005
 754.69357 14.066 0.005
 755.58262 14.110 0.005
 759.58864 14.360 0.005
 760.59502 14.474 0.005
 761.59197 14.547 0.005
 762.58257 14.341 0.005
 762.71707 14.312 0.005
 763.60156 14.052 0.005
 763.68217 14.053 0.005
 763.77083 14.058 0.005
 764.68875 14.143 0.005
 765.63286 14.133 0.005
 766.52909 14.134 0.005
 766.66968 14.144 0.005
 767.57815 14.294 0.005
 767.63686 14.292 0.005
 767.73156 14.313 0.005
 769.56111 14.476 0.005
 770.53872 14.542 0.005
 771.56344 14.307 0.005
 772.56215 14.063 0.005
 772.74338 14.062 0.005
 773.62400 14.146 0.005
 774.65406 14.129 0.005
 775.60635 14.159 0.005
 776.59559 14.315 0.005
 776.74820 14.309 0.005
 777.54028 14.385 0.005
 778.57810 14.508 0.005
 778.66902 14.517 0.005
 779.55845 14.540 0.005
 779.71322 14.516 0.005
 780.55048 14.290 0.005
 780.56243 14.281 0.005
 780.73140 14.218 0.005
 781.61310 14.060 0.005
 782.54764 14.150 0.005
 782.64732 14.157 0.005
 783.59347 14.128 0.005
 784.63895 14.196 0.005
 785.53534 14.309 0.005
 786.54156 14.404 0.005
 787.62322 14.520 0.005
 788.55147 14.525 0.005
 790.59102 14.062 0.005
 795.57892 14.417 0.005
 796.56616 14.527 0.005
 796.69356 14.532 0.005
 797.54701 14.499 0.005
 798.61643 14.153 0.005
 800.55159 14.163 0.005
 802.64324 14.252 0.005
 806.54934 14.480 0.005
 808.56761 14.090 0.005
 816.64387 14.080 0.005
 817.63912 14.104 0.005
 819.61829 14.131 0.005
 822.60465 14.463 0.005
 824.62465 14.352 0.005
 825.61236 14.070 0.005
 828.65770 14.139 0.005
 829.62432 14.303 0.005
 830.54181 14.368 0.005
 832.63117 14.546 0.005
 834.53340 14.072 0.005
 836.59884 14.137 0.005
 838.61771 14.305 0.005
 840.61065 14.500 0.005
 842.56624 14.304 0.005
 843.61293 14.059 0.005
 845.59713 14.137 0.005
 850.58575 14.533 0.005
 855.59051 14.184 0.005
 856.55526 14.317 0.005
 858.52318 14.511 0.005
 860.52491 14.252 0.005
 867.52111 14.526 0.005
 874.51989 14.332 0.005
 963.90337 14.383 0.005
 986.88976 14.154 0.005
 987.90199 14.111 0.005
 996.88862 14.105 0.005
 998.82096 14.341 0.005
1003.82301 14.086 0.005
1005.84722 14.117 0.005
1008.88021 14.460 0.005
1020.84345 14.062 0.005
1025.82912 14.367 0.005
1035.79682 14.500 0.005
1037.82391 14.279 0.005
1038.84205 14.058 0.005
1041.83027 14.191 0.005
1045.79461 14.533 0.005
1049.82348 14.114 0.005
1053.71482 14.519 0.005
1058.78284 14.120 0.005
1059.82850 14.228 0.005
1061.81494 14.426 0.005
1064.77138 14.152 0.005
1069.68479 14.328 0.005
1074.66599 14.081 0.005
1077.66046 14.253 0.005
1079.66248 14.427 0.005
1081.70967 14.427 0.005
1084.64864 14.163 0.005
1087.66805 14.346 0.005
1090.63605 14.411 0.005
1092.70011 14.112 0.005
1094.69591 14.125 0.005
1102.66523 14.142 0.005
1107.63341 14.544 0.005
1112.67655 14.146 0.005
1117.61510 14.296 0.005
1122.62947 14.303 0.005
1128.57949 14.144 0.005
1132.60544 14.407 0.005
1138.65054 14.112 0.005
1140.65894 14.327 0.005
1144.68554 14.135 0.005
1151.59685 14.537 0.005
1154.55394 14.093 0.005
1157.56368 14.265 0.005
1160.58846 14.547 0.005
1163.66689 14.104 0.005
1164.71248 14.147 0.005
1170.56743 14.381 0.005
1178.68998 14.553 0.005
1182.68842 14.133 0.005
1185.63116 14.375 0.005
1187.66766 14.522 0.005
1190.53708 14.137 0.005
1202.61273 14.317 0.005
1208.58324 14.159 0.005
1211.58565 14.323 0.005
1216.57362 14.085 0.005
1228.52902 14.254 0.005
1234.52446 14.096 0.005
1235.52303 14.159 0.005
1329.81547 14.511 0.005
1330.92460 14.159 0.005
1335.89578 14.332 0.005
1341.92987 14.157 0.005
1347.92752 14.402 0.005
1349.92289 14.110 0.005
1355.91574 14.549 0.005
1366.87195 14.058 0.005
1367.89396 14.136 0.005
1369.88686 14.141 0.005
1374.88073 14.303 0.005
1395.84698 14.118 0.005
1397.86976 14.322 0.005
1401.88417 14.160 0.005
1402.88187 14.077 0.005
1407.89227 14.438 0.005
1412.79092 14.156 0.005
1418.76485 14.457 0.005
1432.78737 14.285 0.005
1435.71306 14.552 0.005
1439.81084 14.152 0.005
1442.77524 14.369 0.005
1447.70415 14.127 0.005
1451.69483 14.376 0.005
1454.69312 14.307 0.005
1460.63723 14.388 0.005
1462.66112 14.540 0.005
1470.61236 14.515 0.005
1475.66015 14.118 0.005
1478.58635 14.409 0.005
1480.69473 14.492 0.005
1484.60114 14.115 0.005
1487.56030 14.415 0.005
1489.58365 14.493 0.005
1491.64579 14.079 0.005
1494.69381 14.264 0.005
1495.54687 14.327 0.005
1499.51905 14.143 0.005
1502.60394 14.114 0.005
1506.59897 14.533 0.005
1509.58253 14.107 0.005
1514.65887 14.470 0.005
1517.57557 14.070 0.005
1520.61841 14.136 0.005
1522.64711 14.372 0.005
1525.54273 14.340 0.005
1528.64067 14.135 0.005
1544.57345 14.059 0.005
1546.62989 14.120 0.005
1551.59192 14.510 0.005
1555.57010 14.110 0.005
1562.60431 14.083 0.005
1568.57777 14.540 0.005
1573.57277 14.112 0.005
1579.55634 14.087 0.005
1581.58361 14.151 0.005
1584.56845 14.363 0.005
1586.57954 14.555 0.005
1588.55305 14.062 0.005
1592.57617 14.287 0.005
1597.55167 14.052 0.005
1602.54884 14.382 0.005
1607.53904 14.136 0.005
1706.90921 14.133 0.005
1726.94185 14.396 0.005
1730.92535 14.072 0.005
1738.87640 14.217 0.005
1740.88410 14.153 0.005
1744.90097 14.432 0.005
1745.89411 14.543 0.005
1749.87474 14.172 0.005
1750.87805 14.114 0.005
1751.85860 14.247 0.005
1752.85094 14.336 0.005
1753.85174 14.432 0.005
1754.84768 14.535 0.005
1755.84394 14.459 0.005
1756.87364 14.119 0.005
1757.82268 14.078 0.005
1758.82726 14.158 0.005
1759.84038 14.119 0.005
1761.85652 14.345 0.005
1762.83893 14.447 0.005
1763.84447 14.545 0.005
1764.83420 14.431 0.005
1765.83055 14.091 0.005
1766.80429 14.107 0.005
1768.81807 14.115 0.005
1769.73325 14.269 0.005
1773.79421 14.394 0.005
1775.80573 14.111 0.005
1785.78274 14.147 0.005
1788.81790 14.379 0.005
1789.75056 14.475 0.005
1803.85418 14.117 0.005
1809.77789 14.247 0.005
1812.75179 14.127 0.005
1815.80820 14.418 0.005
1821.70478 14.113 0.005
1823.77409 14.327 0.005
1829.69916 14.160 0.005
1830.76615 14.109 0.005
1864.71050 14.132 0.005
1865.71650 14.139 0.005
1873.68907 14.144 0.005
2086.91788 14.157 0.005
2104.84997 14.157 0.005
2106.90981 14.273 0.005
2115.90479 14.285 0.005
2116.89092 14.357 0.005
2117.89659 14.475 0.005
2123.83959 14.121 0.005
2128.84414 14.319 0.005
2129.87626 14.056 0.005
2130.82514 14.128 0.005
2131.81866 14.138 0.005
2132.82488 14.141 0.005
2133.91343 14.302 0.005
2134.82976 14.376 0.005
2135.86420 14.492 0.005
2136.86411 14.547 0.005
2137.90908 14.282 0.005
2140.83398 14.129 0.005
2142.88122 14.296 0.005
2143.83528 14.391 0.005
2144.80679 14.505 0.005
2155.89748 14.190 0.005
2156.84401 14.063 0.005
2160.77372 14.322 0.005
2162.78028 14.523 0.005
2166.77505 14.155 0.005
2167.74587 14.104 0.005
2168.73237 14.227 0.005
2171.75844 14.530 0.005
2172.76501 14.468 0.005
2173.72710 14.146 0.005
2177.65875 14.228 0.005
2184.72010 14.155 0.005
2185.68358 14.108 0.005
2187.66619 14.336 0.005
2190.71010 14.401 0.005
2191.65193 14.099 0.005
2192.68069 14.086 0.005
2193.70166 14.145 0.005
2194.67294 14.108 0.005
2201.73902 14.117 0.005
2206.62485 14.468 0.005
2211.66350 14.132 0.005
2212.66257 14.138 0.005
2213.67355 14.287 0.005
2214.65992 14.361 0.005
2215.67521 14.483 0.005
2217.65287 14.300 0.005
2219.69602 14.131 0.005
2222.74525 14.302 0.005
2223.68499 14.386 0.005
2225.61452 14.526 0.005
2226.66086 14.265 0.005
2228.57626 14.134 0.005
2230.51353 14.160 0.005
2232.52733 14.379 0.005
2234.56941 14.522 0.005
2236.55890 14.052 0.005
2238.56428 14.112 0.005
2241.55111 14.402 0.005
2243.58935 14.502 0.005
2248.63379 14.236 0.005
2250.59981 14.421 0.005
2253.58770 14.134 0.005
2256.56998 14.113 0.005
2258.61041 14.326 0.005
2263.60167 14.103 0.005
2265.62769 14.111 0.005
2270.58588 14.387 0.005
2272.58395 14.104 0.005
2274.56780 14.120 0.005
2276.53139 14.349 0.005
2280.54787 14.061 0.005
2285.58638 14.357 0.005
2289.58329 14.052 0.005
2291.58400 14.126 0.005
2293.58450 14.296 0.005
2295.58081 14.494 0.005
2297.58399 14.270 0.005
2299.58047 14.138 0.005
2301.57316 14.168 0.005
2448.90478 14.101 0.005
2460.90484 14.125 0.005
2463.93393 14.467 0.005
2466.85579 14.066 0.005
2467.91966 14.121 0.005
2469.91896 14.137 0.005
2471.90850 14.361 0.005
2472.89857 14.480 0.005
2473.92476 14.531 0.005
2481.88403 14.493 0.005
2483.90769 14.266 0.005
2486.90780 14.132 0.005
2488.90976 14.316 0.005
2492.92209 14.222 0.005
2496.92186 14.204 0.005
2498.79311 14.392 0.005
2499.87810 14.515 0.005
2500.88653 14.490 0.005
2501.87328 14.185 0.005
2502.85344 14.064 0.005
2508.76406 14.522 0.005
2516.79550 14.420 0.005
2517.84227 14.533 0.005
2518.81456 14.454 0.005
2519.81284 14.114 0.005
2520.81101 14.081 0.005
2521.79929 14.157 0.005
2524.80269 14.346 0.005
2526.79652 14.540 0.005
2529.79274 14.100 0.005
2534.85334 14.465 0.005
2535.79098 14.543 0.005
2537.72106 14.077 0.005
2538.82214 14.119 0.005
2539.71930 14.150 0.005
2540.76180 14.124 0.005
2541.73118 14.287 0.005
2542.70100 14.349 0.005
2544.68093 14.546 0.005
2545.69446 14.353 0.005
2547.71245 14.114 0.005
2548.73044 14.141 0.005
2550.72571 14.296 0.005
2551.71224 14.358 0.005
2552.72825 14.483 0.005
2554.72135 14.315 0.005
2555.72929 14.051 0.005
2556.70836 14.127 0.005
2557.72088 14.130 0.005
2558.67736 14.140 0.005
2559.63441 14.291 0.005
2560.66734 14.373 0.005
2561.71296 14.493 0.005
2562.68572 14.533 0.005
2563.69365 14.283 0.005
2564.71001 14.054 0.005
2565.70601 14.142 0.005
2566.68095 14.126 0.005
2568.75000 14.306 0.005
2571.66655 14.519 0.005
2572.74181 14.241 0.005
2573.67988 14.061 0.005
2574.65986 14.150 0.005
2576.69460 14.192 0.005
2577.65966 14.304 0.005
2578.64716 14.397 0.005
2579.65768 14.515 0.005
2580.66582 14.504 0.005
2583.63787 14.151 0.005
2584.64432 14.108 0.005
2586.64552 14.313 0.005
2587.62740 14.410 0.005
2589.61831 14.498 0.005
2590.63505 14.175 0.005
2591.66123 14.075 0.005
2593.62450 14.103 0.005
2594.63052 14.235 0.005
2596.60414 14.418 0.005
2597.59131 14.532 0.005
2598.67151 14.447 0.005
2599.62558 14.129 0.005
2607.64568 14.422 0.005
2610.56701 14.157 0.005
2613.56101 14.344 0.005
2615.59140 14.552 0.005
2619.57591 14.151 0.005
2621.58490 14.288 0.005
2625.56764 14.354 0.005
2627.53833 14.115 0.005
2630.55276 14.300 0.005
2635.56647 14.055 0.005
2637.56136 14.147 0.005
2640.53168 14.374 0.005
2642.57143 14.540 0.005
2646.58278 14.128 0.005
2651.55685 14.530 0.005
2654.57706 14.166 0.005
2657.53693 14.321 0.005
2661.53346 14.208 0.005
2664.57393 14.118 0.005
2672.55188 14.171 0.005
2676.54208 14.434 0.005
2679.55678 14.107 0.005
2683.53515 14.283 0.005
2777.92190 14.073 0.005
2804.85045 14.100 0.005
2805.86773 14.159 0.005
2811.92285 14.338 0.005
2815.89647 14.136 0.005
2817.94510 14.380 0.005
2830.83565 14.057 0.005
2831.80530 14.147 0.005
2832.76599 14.136 0.005
2832.94386 14.123 0.005
2833.88382 14.182 0.005
2834.93447 14.312 0.005
2838.83584 14.258 0.005
2840.84353 14.155 0.005
2843.84485 14.310 0.005
2844.89057 14.415 0.005
2845.93760 14.537 0.005
2849.87410 14.160 0.005
2850.90685 14.123 0.005
2852.83544 14.331 0.005
2854.84679 14.539 0.005
2857.85421 14.087 0.005
2858.92783 14.161 0.005
2860.89376 14.266 0.005
2861.76519 14.334 0.005
2862.88863 14.442 0.005
2865.81300 14.114 0.005
2866.89972 14.108 0.005
2867.80240 14.153 0.005
2868.80602 14.125 0.005
2869.79255 14.270 0.005
2870.83404 14.347 0.005
2871.87716 14.449 0.005
2872.83399 14.541 0.005
2875.82483 14.105 0.005
2876.79424 14.158 0.005
2879.72076 14.344 0.005
2883.84398 14.075 0.005
2885.77933 14.160 0.005
2890.71021 14.554 0.005
2893.76166 14.129 0.005
2895.81088 14.144 0.005
2897.71437 14.367 0.005
2899.75206 14.546 0.005
2903.76784 14.139 0.005
2906.72005 14.385 0.005
2908.69706 14.539 0.005
2910.69195 14.066 0.005
2912.69729 14.131 0.005
2916.71004 14.507 0.005
2918.68693 14.252 0.005
2922.68690 14.188 0.005
2924.62789 14.400 0.005
2926.62189 14.518 0.005
2929.68310 14.160 0.005
2931.65902 14.219 0.005
2933.66948 14.417 0.005
2935.63383 14.499 0.005
2937.65942 14.074 0.005
2939.67488 14.120 0.005
2940.65205 14.252 0.005
2941.62729 14.328 0.005
2942.65210 14.446 0.005
2943.62343 14.535 0.005
2944.60779 14.475 0.005
2946.56257 14.081 0.005
2946.60253 14.091 0.005
2947.63414 14.168 0.005
2949.61524 14.268 0.005
2950.56678 14.336 0.005
2951.64736 14.461 0.005
2953.59527 14.432 0.005
2955.58041 14.109 0.005
2957.59399 14.118 0.005
2960.60844 14.471 0.005
2962.64828 14.365 0.005
2965.65094 14.150 0.005
2968.61328 14.358 0.005
2970.63211 14.540 0.005
2972.63667 14.065 0.005
2975.54474 14.140 0.005
2977.64055 14.384 0.005
2979.58044 14.548 0.005
2983.56125 14.147 0.005
2986.57784 14.391 0.005
2988.54983 14.541 0.005
2991.57597 14.161 0.005
2994.56171 14.316 0.005
2997.57710 14.524 0.005
3000.56823 14.160 0.005
3003.55109 14.328 0.005
3006.53839 14.502 0.005
3009.53367 14.160 0.005
3013.53610 14.420 0.005
3015.57133 14.472 0.005
3018.54843 14.174 0.005
3020.58414 14.269 0.005
3022.53702 14.457 0.005
3024.53679 14.463 0.005
3025.59639 14.094 0.005
3027.62189 14.160 0.005
3029.59359 14.286 0.005
3031.59841 14.466 0.005
3034.52866 14.092 0.005
3037.54783 14.136 0.005
3183.92985 14.529 0.005
3193.89773 14.186 0.005
3196.86979 14.125 0.005
3197.93221 14.258 0.005
3202.85771 14.148 0.005
3203.89774 14.095 0.005
3206.83557 14.269 0.005
3210.91158 14.431 0.005
3211.86619 14.110 0.005
3215.80130 14.274 0.005
3217.79717 14.457 0.005
3223.85333 14.133 0.005
3228.77203 14.381 0.005
3229.85386 14.073 0.005
3231.83533 14.148 0.005
3238.77219 14.071 0.005
3239.81573 14.137 0.005
3240.80846 14.151 0.005
3241.79193 14.156 0.005
3242.73593 14.309 0.005
3243.86853 14.401 0.005
3244.84712 14.519 0.005
3245.79486 14.549 0.005
3246.78762 14.306 0.005
3247.79600 14.068 0.005
3249.74630 14.145 0.005
3251.75986 14.316 0.005
3254.74755 14.541 0.005
3259.68459 14.192 0.005
3261.72064 14.407 0.005
3263.71786 14.523 0.005
3265.73920 14.060 0.005
3267.72596 14.136 0.005
3269.82047 14.337 0.005
3270.67941 14.415 0.005
3271.68234 14.532 0.005
3273.64065 14.229 0.005
3275.62651 14.163 0.005
3276.72991 14.114 0.005
3277.76855 14.247 0.005
3279.70017 14.429 0.005
3281.65874 14.493 0.005
3283.66041 14.090 0.005
3287.62654 14.340 0.005
3289.64152 14.550 0.005
3293.61508 14.171 0.005
3295.63301 14.264 0.005
3298.57091 14.556 0.005
3300.57321 14.108 0.005
3302.55018 14.165 0.005
3305.65020 14.367 0.005
3307.56249 14.559 0.005
3309.58759 14.081 0.005
3311.53920 14.158 0.005
3314.58215 14.386 0.005
3320.61995 14.155 0.005
3323.56739 14.378 0.005
3327.57491 14.064 0.005
3330.57040 14.162 0.005
3335.61440 14.274 0.005
3338.56007 14.133 0.005
3350.53438 14.414 0.005
3353.59297 14.182 0.005
3359.57002 14.436 0.005
3363.57693 14.092 0.005
3367.63652 14.347 0.005
3372.56999 14.113 0.005
3376.54611 14.355 0.005
3380.53252 14.089 0.005
3386.57950 14.482 0.005
3395.52729 14.494 0.005
3398.57501 14.060 0.005
3402.57225 14.313 0.005
3543.88591 14.240 0.005
3551.90940 14.132 0.005
3554.94062 14.458 0.005
3561.94786 14.290 0.005
3564.92553 14.547 0.005
3568.87116 14.158 0.005
3570.83216 14.288 0.005
3571.82311 14.365 0.005
3573.86881 14.557 0.005
3575.82459 14.072 0.005
3577.88097 14.150 0.005
3578.91699 14.141 0.005
3579.82205 14.292 0.005
3581.89113 14.485 0.005
3582.84743 14.535 0.005
3583.85766 14.315 0.005
3585.87875 14.153 0.005
3586.83092 14.141 0.005
3588.84922 14.309 0.005
3590.80526 14.497 0.005
3592.77001 14.302 0.005
3594.80950 14.149 0.005
3597.84945 14.310 0.005
3600.88561 14.513 0.005
3602.74651 14.068 0.005
3607.83761 14.414 0.005
3617.79363 14.533 0.005
3619.77173 14.160 0.005
3621.76422 14.167 0.005
3628.79109 14.116 0.005
3630.64295 14.170 0.005
3632.64031 14.254 0.005
3634.71321 14.442 0.005
3637.67204 14.116 0.005
3639.72195 14.161 0.005
3641.71873 14.290 0.005
3643.81714 14.465 0.005
3644.75780 14.549 0.005
3646.68884 14.079 0.005
3650.71007 14.289 0.005
3652.64523 14.467 0.005
3654.61568 14.354 0.005
3656.64723 14.120 0.005
3657.70494 14.150 0.005
3658.67986 14.142 0.005
3659.66256 14.297 0.005
3661.61124 14.471 0.005
3663.63418 14.323 0.005
3665.66652 14.132 0.005
3668.61568 14.294 0.005
3670.56638 14.497 0.005
3672.60581 14.309 0.005
3674.63507 14.146 0.005
3676.59289 14.155 0.005
3682.58183 14.063 0.005
3684.57469 14.121 0.005
3686.56458 14.320 0.005
3688.53766 14.516 0.005
3690.54357 14.242 0.005
3692.59612 14.160 0.005
3694.58270 14.217 0.005
3696.57883 14.411 0.005
3698.61253 14.478 0.005
3700.62258 14.074 0.005
3702.61350 14.111 0.005
3704.61402 14.333 0.005
3706.62888 14.537 0.005
3708.61028 14.126 0.005
3712.56681 14.261 0.005
3714.56948 14.436 0.005
3718.55296 14.098 0.005
3721.58516 14.282 0.005
3725.61403 14.348 0.005
3730.53829 14.288 0.005
3734.60896 14.324 0.005
3738.56103 14.148 0.005
3742.55821 14.545 0.005
3747.55798 14.166 0.005
3751.56677 14.535 0.005
3762.54475 14.068 0.005
3766.55000 14.325 0.005
3772.57675 14.151 0.005
3777.52409 14.541 0.005
3871.89614 14.189 0.005
3902.91644 14.407 0.005
3907.91130 14.283 0.005
3913.93685 14.121 0.005
3918.90664 14.476 0.005
3931.93820 14.139 0.005
3934.87617 14.308 0.005
3936.88445 14.516 0.005
3938.86851 14.260 0.005
3945.87547 14.516 0.005
3950.82042 14.124 0.005
3957.77596 14.078 0.005
3959.76543 14.118 0.005
3961.75956 14.325 0.005
3964.76779 14.485 0.005
3966.76004 14.082 0.005
3968.75372 14.116 0.005
3970.74541 14.328 0.005
3973.71474 14.479 0.005
3975.72698 14.088 0.005
3980.66221 14.439 0.005
3981.66195 14.548 0.005
3982.72633 14.427 0.005
3986.69968 14.122 0.005
3991.72887 14.379 0.005
3994.64129 14.165 0.005
3998.67166 14.477 0.005
4001.64248 14.071 0.005
4003.61392 14.151 0.005
4004.69372 14.146 0.005
4005.68785 14.301 0.005
4007.58110 14.478 0.005
4008.59000 14.545 0.005
4011.64048 14.139 0.005
4014.62292 14.310 0.005
4016.61971 14.497 0.005
4018.61612 14.297 0.005
4020.61956 14.165 0.005
4023.60541 14.306 0.005
4025.60578 14.512 0.005
4027.59390 14.260 0.005
4029.57620 14.165 0.005
4031.56328 14.183 0.005
4033.65756 14.415 0.005
4040.53300 14.217 0.005
4042.56089 14.416 0.005
4044.58389 14.496 0.005
4046.61698 14.078 0.005
4049.52892 14.232 0.005
4051.57850 14.426 0.005
4053.62593 14.450 0.005
4055.51857 14.098 0.005
4057.59394 14.132 0.005
4059.59237 14.339 0.005
4063.53741 14.098 0.005
4065.58704 14.162 0.005
4067.58031 14.287 0.005
4069.53318 14.461 0.005
4071.54400 14.381 0.005
4074.54011 14.157 0.005
4077.54182 14.362 0.005
4079.54200 14.546 0.005
4082.54336 14.132 0.005
4085.62069 14.310 0.005
4092.57619 14.134 0.005
4097.61878 14.524 0.005
4100.61020 14.165 0.005
4105.57419 14.521 0.005
4111.61065 14.233 0.005
4115.53011 14.500 0.005
4120.56100 14.250 0.005
4124.57249 14.459 0.005
4128.59647 14.110 0.005
4252.94414 14.126 0.005
4255.86414 14.454 0.005
4268.92311 14.133 0.005
4275.93802 14.278 0.005
4279.83488 14.157 0.005
4282.82628 14.507 0.005
4283.84533 14.539 0.005
4284.87573 14.263 0.005
4285.94115 14.069 0.005
4292.88361 14.508 0.005
4295.87707 14.161 0.005
4296.90756 14.113 0.005
4297.93949 14.234 0.005
4299.87436 14.418 0.005
4300.89610 14.526 0.005
4301.91467 14.476 0.005
4302.93655 14.137 0.005
4306.93326 14.263 0.005
4307.84785 14.332 0.005
4308.67605 14.408 0.005
4308.88395 14.435 0.005
4310.85613 14.453 0.005
4311.85598 14.115 0.005
4312.91815 14.094 0.005
4314.93723 14.119 0.005
4316.84512 14.344 0.005
4320.87243 14.080 0.005
4326.85465 14.460 0.005
4327.83061 14.559 0.005
4328.84636 14.362 0.005
4329.84769 14.067 0.005
4330.87702 14.129 0.005
4332.89323 14.130 0.005
4334.87019 14.362 0.005
4338.92266 14.056 0.005
4340.79350 14.142 0.005
4341.78636 14.135 0.005
4342.86055 14.298 0.005
4343.77992 14.367 0.005
4344.76199 14.482 0.005
4346.71830 14.328 0.005
4348.72407 14.135 0.005
4350.70071 14.140 0.005
4352.80288 14.382 0.005
4353.65885 14.483 0.005
4354.78018 14.538 0.005
4357.76390 14.152 0.005
4359.71785 14.171 0.005
4362.66551 14.505 0.005
4363.62481 14.541 0.005
4365.68317 14.061 0.005
4369.67713 14.305 0.005
4371.66608 14.509 0.005
4376.66957 14.121 0.005
4378.63617 14.321 0.005
4379.66748 14.416 0.005
4381.62663 14.506 0.005
4382.70518 14.162 0.005
4386.67945 14.240 0.005
4388.68017 14.438 0.005
4390.68899 14.457 0.005
4393.68355 14.159 0.005
4396.65811 14.334 0.005
4398.66309 14.532 0.005
4400.68761 14.079 0.005
4404.66459 14.277 0.005
4407.65248 14.543 0.005
4410.68241 14.120 0.005
4415.66874 14.468 0.005
4418.61426 14.062 0.005
4421.67204 14.140 0.005
4423.67651 14.383 0.005
4426.55272 14.333 0.005
4428.56942 14.133 0.005
4430.62964 14.152 0.005
4432.61551 14.381 0.005
4434.62079 14.533 0.005
4436.59710 14.059 0.005
4438.65976 14.127 0.005
4440.59287 14.311 0.005
4442.55437 14.502 0.005
4444.57918 14.260 0.005
4450.61160 14.406 0.005
4452.58914 14.506 0.005
4454.52620 14.070 0.005
4455.59830 14.155 0.005
4457.53381 14.215 0.005
4459.55392 14.419 0.005
4462.58536 14.151 0.005
4466.60949 14.258 0.005
4471.54414 14.115 0.005
4475.53680 14.271 0.005
4480.57922 14.076 0.005
4482.58618 14.158 0.005
4485.58926 14.359 0.005
4488.59149 14.339 0.005
4609.91387 14.364 0.005
4643.89803 14.229 0.005
4650.93691 14.162 0.005
4655.91632 14.532 0.005
4662.79470 14.338 0.005
4662.91153 14.351 0.005
4663.76632 14.435 0.005
4663.91414 14.454 0.005
4665.83940 14.420 0.005
4665.93323 14.372 0.005
4666.92850 14.071 0.005
4666.93239 14.066 0.005
4670.92150 14.281 0.005
4671.89140 14.356 0.005
4673.87344 14.541 0.005
4674.80185 14.385 0.005
4674.86205 14.353 0.005
4676.92169 14.123 0.005
4677.83729 14.143 0.005
4682.81176 14.550 0.005
4684.84962 14.055 0.005
4686.80960 14.140 0.005
4688.82556 14.299 0.005
4690.75115 14.487 0.005
4691.75417 14.547 0.005
4693.90918 14.055 0.005
4696.88282 14.178 0.005
4697.82134 14.305 0.005
4698.77094 14.388 0.005
4699.76504 14.502 0.005
4700.79978 14.531 0.005
4701.80767 14.270 0.005
4703.76688 14.152 0.005
4704.78564 14.126 0.005
4705.79312 14.183 0.005
4707.78554 14.397 0.005
4709.74133 14.535 0.005
4710.76990 14.235 0.005
4715.74991 14.323 0.005
4716.77560 14.411 0.005
4717.70037 14.520 0.005
4719.78965 14.180 0.005
4721.78330 14.168 0.005
4724.66589 14.328 0.005
4725.74535 14.430 0.005
4728.75092 14.147 0.005
4733.72748 14.334 0.005
4740.66908 14.119 0.005
4741.70446 14.268 0.005
4747.60865 14.095 0.005
4749.60833 14.117 0.005
4753.67932 14.551 0.005
4755.67131 14.066 0.005
4757.65583 14.147 0.005
4759.67052 14.290 0.005
4761.63889 14.470 0.005
4763.65132 14.340 0.005
4767.59707 14.129 0.005
4770.66561 14.493 0.005
4772.60337 14.312 0.005
4774.55792 14.133 0.005
4776.54951 14.149 0.005
4777.65146 14.304 0.005
4780.52014 14.542 0.005
4781.61430 14.275 0.005
4783.58323 14.146 0.005
4785.61859 14.183 0.005
4789.54971 14.518 0.005
4791.53126 14.066 0.005
4793.53867 14.121 0.005
4795.55134 14.306 0.005
4797.54359 14.519 0.005
4798.60694 14.488 0.005
4800.65432 14.077 0.005
4803.54545 14.218 0.005
4804.60055 14.328 0.005
4805.58740 14.423 0.005
4807.52518 14.503 0.005
4809.55453 14.077 0.005
4811.57643 14.113 0.005
4813.55337 14.335 0.005
4815.58928 14.544 0.005
4816.53637 14.457 0.005
4818.58665 14.099 0.005
4820.52814 14.124 0.005
4822.58489 14.343 0.005
4824.56971 14.556 0.005
4826.61935 14.060 0.005
4833.56875 14.538 0.005
4835.59200 14.056 0.005
4837.60295 14.152 0.005
4841.57929 14.488 0.005
4843.57354 14.307 0.005
4846.58263 14.133 0.005
4848.61887 14.302 0.005
4850.60635 14.496 0.005
4854.59759 14.154 0.005
4856.61483 14.184 0.005
4862.56274 14.060 0.005
4868.55309 14.533 0.005
