 621.85591 12.773 0.005
 626.93908 12.808 0.005
 627.90506 12.828 0.005
 628.91444 12.841 0.005
 632.91472 12.907 0.005
 633.91923 12.921 0.005
 635.91434 12.962 0.005
 643.88310 13.090 0.005
 645.88658 13.064 0.005
 649.85589 12.894 0.005
 656.90167 12.758 0.005
 657.84286 12.768 0.005
 658.91450 12.770 0.005
 664.80587 12.809 0.005
 664.89440 12.807 0.005
 665.88136 12.824 0.005
 666.89191 12.827 0.005
 667.90273 12.857 0.005
 668.87333 12.865 0.005
 670.83896 12.895 0.005
 671.86149 12.912 0.005
 672.91500 12.934 0.005
 673.71726 12.956 0.005
 673.91898 12.956 0.005
 684.79402 13.036 0.005
 685.73258 12.994 0.005
 686.77499 12.944 0.005
 688.87983 12.854 0.005
 689.76981 12.823 0.005
 697.73583 12.778 0.005
 698.88184 12.775 0.005
 699.73834 12.783 0.005
 700.74695 12.791 0.005
 701.71939 12.799 0.005
 704.69167 12.855 0.005
 706.71543 12.875 0.005
 707.75141 12.877 0.005
 708.71893 12.898 0.005
 712.71928 12.964 0.005
 713.75701 12.977 0.005
 714.77239 12.998 0.005
 716.70600 13.030 0.005
 720.68158 13.069 0.005
 722.64685 13.041 0.005
 726.73898 12.865 0.005
 728.63774 12.809 0.005
 729.70467 12.784 0.005
 730.62878 12.770 0.005
 733.69078 12.758 0.005
 739.75571 12.801 0.005
 741.68230 12.822 0.005
 742.77272 12.831 0.005
 744.72460 12.860 0.005
 745.67586 12.877 0.005
 747.61474 12.912 0.005
 748.57629 12.935 0.005
 749.58399 12.943 0.005
 750.57853 12.956 0.005
 751.58565 12.977 0.005
 752.78824 13.009 0.005
 753.72885 13.009 0.005
 754.69543 13.033 0.005
 755.58447 13.045 0.005
 759.59050 13.066 0.005
 760.59688 13.039 0.005
 761.59383 13.007 0.005
 762.58443 12.969 0.005
 762.71893 12.959 0.005
 763.60342 12.916 0.005
 763.68403 12.909 0.005
 763.77269 12.911 0.005
 764.69061 12.886 0.005
 765.63472 12.829 0.005
 766.53094 12.814 0.005
 766.67154 12.807 0.005
 767.58001 12.791 0.005
 767.63872 12.791 0.005
 767.73342 12.793 0.005
 769.56297 12.761 0.005
 770.54058 12.769 0.005
 771.56530 12.772 0.005
 772.56400 12.771 0.005
 772.74524 12.763 0.005
 773.62586 12.764 0.005
 774.65592 12.771 0.005
 775.60821 12.782 0.005
 776.59745 12.783 0.005
 776.75006 12.787 0.005
 777.54214 12.803 0.005
 778.57995 12.807 0.005
 778.67088 12.807 0.005
 779.56031 12.812 0.005
 779.71508 12.819 0.005
 780.55234 12.838 0.005
 780.56429 12.827 0.005
 780.73326 12.829 0.005
 781.61496 12.836 0.005
 782.54950 12.860 0.005
 782.64918 12.857 0.005
 783.59533 12.863 0.005
 784.64081 12.887 0.005
 785.53720 12.898 0.005
 786.54342 12.922 0.005
 787.62508 12.937 0.005
 788.55332 12.951 0.005
 790.59288 12.994 0.005
 795.58077 13.065 0.005
 796.56802 13.086 0.005
 796.69541 13.086 0.005
 797.54887 13.076 0.005
 798.61829 13.040 0.005
 800.55345 12.971 0.005
 802.64510 12.875 0.005
 806.55120 12.780 0.005
 808.56947 12.774 0.005
 816.64573 12.805 0.005
 817.64098 12.815 0.005
 819.62015 12.836 0.005
 822.60651 12.880 0.005
 824.62651 12.913 0.005
 825.61422 12.932 0.005
 828.65956 12.985 0.005
 829.62618 13.005 0.005
 830.54367 13.019 0.005
 832.63303 13.056 0.005
 834.53526 13.082 0.005
 836.60070 13.046 0.005
 838.61957 12.966 0.005
 840.61251 12.869 0.005
 842.56810 12.809 0.005
 843.61479 12.788 0.005
 845.59899 12.766 0.005
 850.58761 12.769 0.005
 855.59237 12.821 0.005
 856.55712 12.837 0.005
 858.52504 12.867 0.005
 860.52677 12.904 0.005
 867.52297 13.008 0.005
 874.52175 13.069 0.005
 963.90523 12.772 0.005
 986.89162 13.081 0.005
 987.90384 13.077 0.005
 996.89048 12.781 0.005
 998.82281 12.766 0.005
1003.82487 12.775 0.005
1005.84908 12.797 0.005
1008.88207 12.835 0.005
1020.84531 13.031 0.005
1025.83097 13.080 0.005
1035.79868 12.780 0.005
1037.82577 12.774 0.005
1038.84391 12.770 0.005
1041.83213 12.783 0.005
1045.79647 12.817 0.005
1049.82534 12.881 0.005
1053.71667 12.954 0.005
1058.78470 13.035 0.005
1059.83036 13.051 0.005
1061.81680 13.079 0.005
1064.77324 13.064 0.005
1069.68665 12.857 0.005
1074.66785 12.775 0.005
1077.66232 12.775 0.005
1079.66434 12.784 0.005
1081.71153 12.795 0.005
1084.65050 12.827 0.005
1087.66991 12.870 0.005
1090.63791 12.922 0.005
1092.70196 12.954 0.005
1094.69777 12.987 0.005
1095.72823 13.014 0.005
1102.66709 13.063 0.005
1107.63527 12.859 0.005
1112.67841 12.781 0.005
1117.61696 12.786 0.005
1122.63133 12.832 0.005
1128.58135 12.926 0.005
1132.60730 12.990 0.005
1138.65240 13.081 0.005
1140.66080 13.072 0.005
1144.68740 12.910 0.005
1151.59871 12.780 0.005
1154.55580 12.790 0.005
1157.56554 12.809 0.005
1160.59032 12.830 0.005
1163.66875 12.881 0.005
1164.71434 12.887 0.005
1170.56929 12.989 0.005
1178.69183 13.082 0.005
1182.69028 12.904 0.005
1185.63302 12.811 0.005
1187.66952 12.782 0.005
1190.53894 12.777 0.005
1202.61459 12.882 0.005
1208.58510 12.990 0.005
1211.58750 13.039 0.005
1216.57547 13.072 0.005
1219.57990 12.964 0.005
1228.53088 12.768 0.005
1234.52632 12.807 0.005
1235.52489 12.813 0.005
1329.81733 13.105 0.005
1330.92646 13.081 0.005
1335.89764 12.851 0.005
1341.93172 12.752 0.005
1347.92938 12.784 0.005
1349.92475 12.803 0.005
1355.91760 12.904 0.005
1366.87381 13.088 0.005
1367.89582 13.092 0.005
1369.88871 13.049 0.005
1374.88259 12.826 0.005
1395.84884 12.936 0.005
1397.87162 12.969 0.005
1401.88603 13.037 0.005
1402.88373 13.065 0.005
1407.89412 13.050 0.005
1412.79278 12.830 0.005
1418.76671 12.758 0.005
1432.78923 12.909 0.005
1435.71492 12.966 0.005
1439.81270 13.040 0.005
1442.77710 13.087 0.005
1447.70601 12.970 0.005
1451.69669 12.802 0.005
1454.69497 12.768 0.005
1460.63909 12.787 0.005
1462.66298 12.801 0.005
1470.61422 12.908 0.005
1475.66201 13.006 0.005
1478.58820 13.064 0.005
1480.69659 13.095 0.005
1484.60300 13.036 0.005
1487.56215 12.872 0.005
1489.58551 12.801 0.005
1491.64765 12.776 0.005
1494.69567 12.761 0.005
1495.54873 12.766 0.005
1499.52091 12.779 0.005
1502.60579 12.808 0.005
1506.60083 12.873 0.005
1509.58439 12.931 0.005
1514.66073 13.035 0.005
1517.57743 13.074 0.005
1520.62027 13.094 0.005
1522.64897 13.047 0.005
1525.54459 12.883 0.005
1528.64253 12.789 0.005
1544.57530 12.865 0.005
1546.63175 12.906 0.005
1551.59378 13.006 0.005
1555.57196 13.073 0.005
1562.60617 12.920 0.005
1568.57963 12.764 0.005
1573.57463 12.770 0.005
1579.55820 12.822 0.005
1581.58547 12.849 0.005
1584.57031 12.899 0.005
1586.58140 12.939 0.005
1588.55491 13.000 0.005
1592.57803 13.058 0.005
1597.55353 13.065 0.005
1602.55070 12.840 0.005
1607.54090 12.759 0.005
1706.91107 13.053 0.005
1726.94371 12.782 0.005
1730.92721 12.822 0.005
1738.87825 12.944 0.005
1740.88596 12.988 0.005
1744.90282 13.066 0.005
1745.89597 13.076 0.005
1749.87660 13.060 0.005
1750.87990 13.021 0.005
1751.86045 12.972 0.005
1752.85280 12.913 0.005
1753.85360 12.867 0.005
1754.84953 12.830 0.005
1755.84580 12.805 0.005
1756.87550 12.777 0.005
1757.82454 12.766 0.005
1758.82912 12.754 0.005
1759.84224 12.758 0.005
1761.85838 12.764 0.005
1762.84078 12.765 0.005
1763.84633 12.767 0.005
1764.83606 12.772 0.005
1765.83241 12.776 0.005
1766.80614 12.796 0.005
1768.81993 12.815 0.005
1769.73511 12.824 0.005
1773.79606 12.888 0.005
1775.80758 12.923 0.005
1785.78460 13.085 0.005
1788.81975 13.025 0.005
1789.75242 12.977 0.005
1803.85604 12.780 0.005
1809.77975 12.861 0.005
1812.75364 12.900 0.005
1815.81006 12.957 0.005
1821.70664 13.070 0.005
1823.77595 13.084 0.005
1829.70102 12.882 0.005
1830.76801 12.842 0.005
1864.71236 13.024 0.005
1865.71836 12.968 0.005
1873.69093 12.772 0.005
2086.91788 13.043 0.005
2104.84997 12.764 0.005
2106.90981 12.784 0.005
2115.90479 12.889 0.005
2116.89092 12.901 0.005
2117.89659 12.918 0.005
2123.83959 13.025 0.005
2128.84414 13.070 0.005
2129.87626 13.049 0.005
2130.82514 13.016 0.005
2131.81866 12.974 0.005
2132.82488 12.921 0.005
2133.91343 12.880 0.005
2134.82976 12.846 0.005
2135.86420 12.809 0.005
2136.86411 12.800 0.005
2137.90908 12.786 0.005
2140.83398 12.778 0.005
2142.88122 12.772 0.005
2143.83528 12.777 0.005
2144.80679 12.809 0.005
2155.89748 12.922 0.005
2156.84401 12.935 0.005
2160.77372 13.004 0.005
2162.78028 13.045 0.005
2166.77505 13.072 0.005
2167.74587 13.056 0.005
2168.73237 13.030 0.005
2171.75844 12.886 0.005
2172.76501 12.846 0.005
2173.72710 12.816 0.005
2177.65875 12.766 0.005
2184.72010 12.800 0.005
2185.68358 12.797 0.005
2187.66619 12.831 0.005
2190.71010 12.853 0.005
2191.65193 12.881 0.005
2192.68069 12.899 0.005
2193.70166 12.927 0.005
2194.67294 12.931 0.005
2201.73902 13.054 0.005
2206.62485 13.027 0.005
2211.66350 12.811 0.005
2212.66257 12.804 0.005
2213.67355 12.798 0.005
2214.65992 12.783 0.005
2215.67521 12.779 0.005
2217.65287 12.776 0.005
2219.69602 12.780 0.005
2222.74525 12.787 0.005
2223.68499 12.805 0.005
2225.61452 12.845 0.005
2226.66086 12.835 0.005
2228.57626 12.858 0.005
2230.51353 12.899 0.005
2232.52733 12.938 0.005
2234.56941 12.969 0.005
2236.55890 12.992 0.005
2238.56428 13.038 0.005
2241.55111 13.077 0.005
2243.58935 13.066 0.005
2248.63379 12.855 0.005
2250.59981 12.802 0.005
2253.58770 12.758 0.005
2256.56998 12.760 0.005
2258.61041 12.770 0.005
2263.60167 12.815 0.005
2265.62769 12.842 0.005
2270.58588 12.939 0.005
2272.58395 12.967 0.005
2274.56780 13.011 0.005
2276.53139 13.032 0.005
2280.54787 13.084 0.005
2285.58638 12.897 0.005
2289.58329 12.778 0.005
2291.58400 12.759 0.005
2293.58450 12.761 0.005
2295.58081 12.764 0.005
2297.58399 12.769 0.005
2299.58047 12.793 0.005
2301.57316 12.817 0.005
2448.90478 12.774 0.005
2460.90484 12.950 0.005
2463.93393 13.010 0.005
2466.85579 13.054 0.005
2467.91966 13.068 0.005
2469.91896 13.096 0.005
2471.90850 13.058 0.005
2472.89857 13.025 0.005
2473.92476 12.980 0.005
2481.88403 12.760 0.005
2483.90769 12.770 0.005
2486.90780 12.772 0.005
2488.90976 12.802 0.005
2492.92209 12.845 0.005
2496.92186 12.960 0.005
2498.79311 12.941 0.005
2499.87810 12.966 0.005
2500.88653 12.982 0.005
2501.87328 13.017 0.005
2502.85344 13.015 0.005
2508.76406 13.082 0.005
2516.79550 12.801 0.005
2517.84227 12.792 0.005
2518.81456 12.771 0.005
2519.81284 12.793 0.005
2520.81101 12.770 0.005
2521.79929 12.769 0.005
2524.80269 12.774 0.005
2526.79652 12.787 0.005
2529.79274 12.830 0.005
2534.85334 12.906 0.005
2535.79098 12.922 0.005
2537.72106 12.954 0.005
2538.82214 12.970 0.005
2539.71930 12.987 0.005
2540.76180 13.009 0.005
2541.73118 13.022 0.005
2542.70100 13.046 0.005
2544.68093 13.069 0.005
2545.69446 13.077 0.005
2547.71245 13.063 0.005
2548.73044 13.031 0.005
2550.72571 12.950 0.005
2551.71224 12.908 0.005
2552.72825 12.856 0.005
2554.72135 12.817 0.005
2555.72929 12.770 0.005
2556.70836 12.780 0.005
2557.72088 12.784 0.005
2558.67736 12.786 0.005
2559.63441 12.764 0.005
2560.66734 12.776 0.005
2561.71296 12.768 0.005
2562.68572 12.790 0.005
2563.69365 12.780 0.005
2564.71001 12.784 0.005
2565.70601 12.799 0.005
2566.68095 12.810 0.005
2568.75000 12.832 0.005
2571.66655 12.868 0.005
2572.74181 12.904 0.005
2573.67988 12.914 0.005
2574.65986 12.922 0.005
2576.69460 12.969 0.005
2577.65966 12.979 0.005
2578.64716 12.998 0.005
2579.65768 12.999 0.005
2580.66582 13.086 0.005
2583.63787 13.075 0.005
2584.64432 13.071 0.005
2586.64552 13.042 0.005
2587.62740 13.009 0.005
2589.61831 12.941 0.005
2590.63505 12.863 0.005
2591.66123 12.838 0.005
2593.62450 12.809 0.005
2594.63052 12.774 0.005
2596.60414 12.763 0.005
2597.59131 12.775 0.005
2598.67151 12.810 0.005
2599.62558 12.778 0.005
2607.64568 12.844 0.005
2610.56701 12.901 0.005
2613.56101 12.950 0.005
2615.59140 12.991 0.005
2619.57591 13.050 0.005
2621.58490 13.076 0.005
2625.56764 13.007 0.005
2627.53833 12.914 0.005
2630.55276 12.813 0.005
2635.56647 12.801 0.005
2637.56136 12.775 0.005
2640.53168 12.792 0.005
2642.57143 12.805 0.005
2646.58278 12.861 0.005
2651.55685 12.940 0.005
2654.57706 12.992 0.005
2657.53693 13.049 0.005
2661.53346 13.092 0.005
2664.57393 12.970 0.005
2672.55188 12.765 0.005
2676.54208 12.778 0.005
2679.55678 12.821 0.005
2683.53515 12.838 0.005
2777.92190 13.001 0.005
2804.85045 12.953 0.005
2805.86773 12.974 0.005
2811.92285 13.063 0.005
2815.89647 13.030 0.005
2817.94510 12.934 0.005
2830.83565 12.776 0.005
2831.80530 12.809 0.005
2832.76599 12.814 0.005
2832.94386 12.853 0.005
2833.88382 12.811 0.005
2834.93447 12.842 0.005
2838.83584 12.879 0.005
2840.84353 12.924 0.005
2843.84485 12.976 0.005
2844.89057 13.014 0.005
2845.93760 13.016 0.005
2849.87410 13.070 0.005
2850.90685 13.082 0.005
2852.83544 13.052 0.005
2854.84679 12.972 0.005
2857.85421 12.832 0.005
2858.92783 12.840 0.005
2860.89376 12.788 0.005
2862.88863 12.781 0.005
2865.81300 12.798 0.005
2866.89972 12.771 0.005
2867.80240 12.779 0.005
2868.80602 12.778 0.005
2869.79255 12.792 0.005
2870.83404 12.807 0.005
2871.87716 12.832 0.005
2872.83399 12.843 0.005
2875.82483 12.866 0.005
2876.79424 12.888 0.005
2879.72076 12.944 0.005
2883.84398 13.041 0.005
2885.77933 13.059 0.005
2890.71021 13.057 0.005
2893.76166 12.957 0.005
2895.81088 12.888 0.005
2897.71437 12.788 0.005
2899.75206 12.820 0.005
2903.76784 12.761 0.005
2906.72005 12.778 0.005
2908.69706 12.794 0.005
2910.69195 12.820 0.005
2912.69729 12.862 0.005
2916.71004 12.956 0.005
2918.68693 12.979 0.005
2922.68690 13.029 0.005
2924.62789 13.072 0.005
2926.62189 13.115 0.005
2929.68310 13.033 0.005
2931.65902 12.953 0.005
2933.66948 12.876 0.005
2935.63383 12.778 0.005
2937.65942 12.764 0.005
2939.67488 12.770 0.005
2940.65205 12.830 0.005
2941.62729 12.777 0.005
2942.65210 12.788 0.005
2943.62343 12.773 0.005
2944.60779 12.778 0.005
2946.56257 12.783 0.005
2946.60253 12.787 0.005
2947.63414 12.810 0.005
2949.61524 12.855 0.005
2950.56678 12.872 0.005
2951.64736 12.884 0.005
2953.59527 12.930 0.005
2955.58041 12.935 0.005
2957.59399 12.992 0.005
2960.60844 13.037 0.005
2962.64828 13.089 0.005
2965.65094 13.083 0.005
2968.61328 12.994 0.005
2970.63211 12.886 0.005
2972.63667 12.815 0.005
2975.54474 12.786 0.005
2977.64055 12.757 0.005
2979.58044 12.784 0.005
2983.56125 12.779 0.005
2986.57784 12.838 0.005
2988.54983 12.844 0.005
2991.57597 12.900 0.005
2994.56171 12.949 0.005
2997.57710 13.032 0.005
3000.56823 13.069 0.005
3003.55109 13.086 0.005
3006.53839 13.022 0.005
3009.53367 12.849 0.005
3013.53610 12.765 0.005
3015.57133 12.760 0.005
3018.54843 12.767 0.005
3020.58414 12.779 0.005
3022.53702 12.795 0.005
3024.53679 12.816 0.005
3025.59639 12.836 0.005
3027.62189 12.870 0.005
3029.59359 12.898 0.005
3031.59841 12.935 0.005
3034.52866 12.994 0.005
3037.54783 13.044 0.005
3183.92985 12.935 0.005
3193.89773 13.097 0.005
3196.86979 13.000 0.005
3197.93221 12.934 0.005
3202.85771 12.757 0.005
3203.89774 12.774 0.005
3206.83557 12.743 0.005
3210.91158 12.761 0.005
3211.86619 12.774 0.005
3215.80130 12.826 0.005
3217.79717 12.853 0.005
3223.85333 12.972 0.005
3228.77203 13.076 0.005
3229.85386 13.086 0.005
3231.83533 13.091 0.005
3238.77219 12.810 0.005
3239.81573 12.794 0.005
3240.80846 12.768 0.005
3241.79193 12.759 0.005
3242.73593 12.746 0.005
3243.86853 12.755 0.005
3244.84712 12.764 0.005
3245.79486 12.754 0.005
3246.78762 12.755 0.005
3247.79600 12.765 0.005
3249.74630 12.775 0.005
3251.75986 12.831 0.005
3254.74755 12.846 0.005
3259.68459 12.935 0.005
3261.72064 12.975 0.005
3263.71786 13.039 0.005
3265.73920 13.070 0.005
3267.72596 13.097 0.005
3269.82047 13.101 0.005
3270.67941 13.083 0.005
3271.68234 13.057 0.005
3273.64065 12.956 0.005
3275.62651 12.859 0.005
3276.72991 12.821 0.005
3277.76855 12.786 0.005
3279.70017 12.755 0.005
3281.65874 12.752 0.005
3283.66041 12.751 0.005
3287.62654 12.775 0.005
3289.64152 12.788 0.005
3293.61508 12.847 0.005
3295.63301 12.881 0.005
3298.57091 12.933 0.005
3300.57321 12.983 0.005
3302.55018 13.027 0.005
3305.65020 13.077 0.005
3307.56249 13.088 0.005
3309.58759 13.056 0.005
3311.53920 12.968 0.005
3314.58215 12.843 0.005
3320.61995 12.762 0.005
3323.56739 12.768 0.005
3327.57491 12.800 0.005
3330.57040 12.837 0.005
3335.61440 12.926 0.005
3338.56007 12.974 0.005
3350.53438 12.918 0.005
3353.59297 12.809 0.005
3359.57002 12.761 0.005
3363.57693 12.783 0.005
3367.63652 12.849 0.005
3372.56999 12.912 0.005
3376.54611 12.997 0.005
3380.53252 13.045 0.005
3386.57950 13.036 0.005
3395.52729 12.771 0.005
3398.57501 12.785 0.005
3402.57225 12.805 0.005
3543.88591 12.802 0.005
3551.90940 12.782 0.005
3554.94062 12.788 0.005
3561.94786 12.899 0.005
3564.92553 12.951 0.005
3568.87116 13.013 0.005
3570.83216 13.040 0.005
3571.82311 13.073 0.005
3573.86881 13.082 0.005
3575.82459 13.050 0.005
3577.88097 12.951 0.005
3578.91699 12.936 0.005
3579.82205 12.867 0.005
3581.89113 12.806 0.005
3582.84743 12.783 0.005
3583.85766 12.781 0.005
3585.87875 12.786 0.005
3586.83092 12.790 0.005
3588.84922 12.774 0.005
3590.80526 12.779 0.005
3592.77001 12.800 0.005
3594.80950 12.806 0.005
3597.84945 12.860 0.005
3600.88561 12.903 0.005
3602.74651 12.938 0.005
3607.83761 13.023 0.005
3617.79363 12.871 0.005
3619.77173 12.806 0.005
3621.76422 12.778 0.005
3628.79109 12.772 0.005
3630.64295 12.778 0.005
3632.64031 12.824 0.005
3634.71321 12.849 0.005
3637.67204 12.895 0.005
3639.72195 12.981 0.005
3641.71873 12.952 0.005
3643.81714 12.983 0.005
3644.75780 13.032 0.005
3646.68884 13.035 0.005
3650.71007 13.065 0.005
3652.64523 13.016 0.005
3654.61568 12.929 0.005
3656.64723 12.837 0.005
3657.70494 12.801 0.005
3658.67986 12.783 0.005
3659.66256 12.761 0.005
3661.61124 12.754 0.005
3663.63418 12.753 0.005
3665.66652 12.766 0.005
3668.61568 12.788 0.005
3670.56638 12.810 0.005
3672.60581 12.842 0.005
3674.63507 12.890 0.005
3676.59289 12.899 0.005
3682.58183 13.000 0.005
3684.57469 13.035 0.005
3686.56458 13.069 0.005
3688.53766 13.075 0.005
3690.54357 13.030 0.005
3692.59612 12.919 0.005
3694.58270 12.864 0.005
3696.57883 12.820 0.005
3698.61253 12.761 0.005
3700.62258 12.768 0.005
3702.61350 12.771 0.005
3704.61402 12.787 0.005
3706.62888 12.813 0.005
3708.61028 12.808 0.005
3712.56681 12.858 0.005
3714.56948 12.893 0.005
3718.55296 12.970 0.005
3721.58516 13.013 0.005
3725.61403 13.113 0.005
3730.53829 12.953 0.005
3734.60896 12.793 0.005
3738.56103 12.757 0.005
3742.55821 12.770 0.005
3747.55798 12.815 0.005
3751.56677 12.882 0.005
3762.54475 13.081 0.005
3766.55000 13.035 0.005
3772.57675 12.797 0.005
3777.52409 12.759 0.005
3871.89614 13.006 0.005
3902.91644 12.855 0.005
3907.91130 12.955 0.005
3913.93685 13.085 0.005
3918.90664 13.033 0.005
3931.93820 12.765 0.005
3934.87617 12.804 0.005
3936.88445 12.800 0.005
3938.86851 12.831 0.005
3945.87547 12.944 0.005
3950.82042 13.045 0.005
3957.77596 13.000 0.005
3959.76543 12.909 0.005
3961.75956 12.818 0.005
3964.76779 12.764 0.005
3966.76004 12.757 0.005
3968.75372 12.761 0.005
3970.74541 12.767 0.005
3973.71474 12.794 0.005
3975.72698 12.819 0.005
3980.66221 12.910 0.005
3981.66195 12.925 0.005
3982.72633 12.940 0.005
3986.69968 13.012 0.005
3991.72887 13.096 0.005
3994.64129 13.045 0.005
3998.67166 12.863 0.005
4001.64248 12.783 0.005
4003.61392 12.765 0.005
4004.69372 12.759 0.005
4005.68785 12.759 0.005
4007.58110 12.758 0.005
4008.59000 12.757 0.005
4011.64048 12.795 0.005
4014.62292 12.825 0.005
4016.61971 12.854 0.005
4018.61612 12.894 0.005
4020.61956 12.928 0.005
4023.60541 12.977 0.005
4025.60578 13.026 0.005
4027.59390 13.053 0.005
4029.57620 13.084 0.005
4031.56328 13.068 0.005
4033.65756 13.005 0.005
4040.53300 12.773 0.005
4042.56089 12.764 0.005
4044.58389 12.767 0.005
4046.61698 12.761 0.005
4049.52892 12.798 0.005
4051.57850 12.817 0.005
4053.62593 12.831 0.005
4055.51857 12.871 0.005
4057.59394 12.909 0.005
4059.59237 12.970 0.005
4063.53741 13.014 0.005
4065.58704 13.060 0.005
4067.58031 13.084 0.005
4069.53318 13.074 0.005
4071.54400 13.006 0.005
4074.54011 12.872 0.005
4077.54182 12.779 0.005
4079.54200 12.763 0.005
4082.54336 12.761 0.005
4085.62069 12.777 0.005
4092.57619 12.852 0.005
4097.61878 12.937 0.005
4100.61020 12.985 0.005
4105.57419 13.083 0.005
4111.61065 12.912 0.005
4115.53011 12.789 0.005
4120.56100 12.771 0.005
4124.57249 12.782 0.005
4128.59647 12.840 0.005
4252.94414 13.018 0.005
4255.86414 13.055 0.005
4268.92311 12.770 0.005
4275.93802 12.793 0.005
4279.83488 12.819 0.005
4282.82628 12.853 0.005
4283.84533 12.868 0.005
4284.87573 12.892 0.005
4285.94115 12.914 0.005
4292.88361 13.068 0.005
4295.87707 13.070 0.005
4296.90756 13.072 0.005
4297.93949 13.071 0.005
4299.87436 13.027 0.005
4300.89610 13.028 0.005
4301.91467 12.927 0.005
4302.93655 12.862 0.005
4306.93326 12.778 0.005
4307.84785 12.781 0.005
4308.67605 12.784 0.005
4308.88395 12.763 0.005
4310.85613 12.771 0.005
4311.85598 12.767 0.005
4312.91815 12.785 0.005
4314.93723 12.777 0.005
4316.84512 12.804 0.005
4320.87243 12.861 0.005
4326.85465 12.956 0.005
4327.83061 12.974 0.005
4328.84636 12.996 0.005
4329.84769 13.026 0.005
4330.87702 13.032 0.005
4332.89323 13.068 0.005
4334.87019 13.078 0.005
4338.92266 12.975 0.005
4340.79350 12.926 0.005
4341.78636 12.836 0.005
4342.86055 12.810 0.005
4343.77992 12.812 0.005
4344.76199 12.773 0.005
4346.71830 12.772 0.005
4348.72407 12.763 0.005
4350.70071 12.767 0.005
4352.80288 12.787 0.005
4353.65885 12.789 0.005
4354.78018 12.799 0.005
4357.76390 12.822 0.005
4359.71785 12.862 0.005
4362.66551 12.906 0.005
4363.62481 12.929 0.005
4365.68317 12.957 0.005
4369.67713 13.042 0.005
4371.66608 13.076 0.005
4376.66957 12.983 0.005
4378.63617 12.894 0.005
4379.66748 12.854 0.005
4381.62663 12.804 0.005
4382.70518 12.792 0.005
4386.67945 12.759 0.005
4388.68017 12.770 0.005
4390.68899 12.822 0.005
4393.68355 12.803 0.005
4396.65811 12.864 0.005
4398.66309 12.892 0.005
4400.68761 12.923 0.005
4404.66459 13.002 0.005
4407.65248 13.050 0.005
4410.68241 13.100 0.005
4415.66874 12.957 0.005
4418.61426 12.844 0.005
4421.67204 12.767 0.005
4423.67651 12.749 0.005
4426.55272 12.766 0.005
4428.56942 12.773 0.005
4430.62964 12.806 0.005
4432.61551 12.851 0.005
4434.62079 12.847 0.005
4436.59710 12.889 0.005
4438.65976 12.905 0.005
4440.59287 12.948 0.005
4442.55437 12.984 0.005
4444.57918 13.018 0.005
4450.61160 13.050 0.005
4452.58914 12.983 0.005
4454.52620 12.890 0.005
4455.59830 12.845 0.005
4457.53381 12.791 0.005
4459.55392 12.769 0.005
4462.58536 12.755 0.005
4466.60949 12.776 0.005
4471.54414 12.841 0.005
4475.53680 12.894 0.005
4480.57922 12.993 0.005
4482.58618 13.020 0.005
4485.58926 13.072 0.005
4488.59149 13.071 0.005
4609.91387 12.817 0.005
4643.89803 12.958 0.005
4650.93691 12.762 0.005
4655.91632 12.820 0.005
4662.79470 12.887 0.005
4662.91153 12.854 0.005
4663.76632 12.855 0.005
4663.91414 12.873 0.005
4665.83940 12.896 0.005
4665.93323 12.891 0.005
4666.92850 12.924 0.005
4666.93239 12.924 0.005
4670.92150 12.980 0.005
4671.89140 13.006 0.005
4673.87344 13.057 0.005
4674.80185 13.056 0.005
4674.86205 13.051 0.005
4676.92169 13.061 0.005
4677.83729 13.072 0.005
4682.81176 12.911 0.005
4684.84962 12.852 0.005
4686.80960 12.838 0.005
4688.82556 12.796 0.005
4690.75115 12.772 0.005
4691.75417 12.767 0.005
4693.90918 12.780 0.005
4696.88282 12.799 0.005
4697.82134 12.804 0.005
4698.77094 12.824 0.005
4699.76504 12.836 0.005
4700.79978 12.849 0.005
4701.80767 12.856 0.005
4703.76688 12.902 0.005
4704.78564 12.910 0.005
4705.79312 12.936 0.005
4707.78554 12.995 0.005
4709.74133 13.005 0.005
4710.76990 13.035 0.005
4715.74991 13.093 0.005
4716.77560 13.070 0.005
4717.70037 13.045 0.005
4719.78965 12.962 0.005
4721.78330 12.872 0.005
4724.66589 12.797 0.005
4725.74535 12.817 0.005
4728.75092 12.761 0.005
4733.72748 12.786 0.005
4740.66908 12.875 0.005
4741.70446 12.902 0.005
4747.60865 12.987 0.005
4749.60833 13.039 0.005
4753.67932 13.077 0.005
4755.67131 13.053 0.005
4757.65583 12.985 0.005
4759.67052 12.901 0.005
4761.63889 12.836 0.005
4763.65132 12.786 0.005
4767.59707 12.766 0.005
4770.66561 12.769 0.005
4772.60337 12.804 0.005
4774.55792 12.814 0.005
4776.54951 12.851 0.005
4777.65146 12.858 0.005
4780.52014 12.904 0.005
4781.61430 12.923 0.005
4783.58323 12.962 0.005
4785.61859 12.993 0.005
4789.54971 13.065 0.005
4791.53126 13.088 0.005
4793.53867 13.057 0.005
4795.55134 12.998 0.005
4797.54359 12.876 0.005
4798.60694 12.839 0.005
4800.65432 12.806 0.005
4803.54545 12.779 0.005
4804.60055 12.754 0.005
4805.58740 12.777 0.005
4807.52518 12.777 0.005
4809.55453 12.778 0.005
4811.57643 12.808 0.005
4813.55337 12.821 0.005
4815.58928 12.851 0.005
4816.53637 12.873 0.005
4818.58665 12.898 0.005
4820.52814 12.937 0.005
4822.58489 12.981 0.005
4824.56971 13.008 0.005
4826.61935 13.041 0.005
4833.56875 12.969 0.005
4835.59200 12.879 0.005
4837.60295 12.820 0.005
4841.57929 12.756 0.005
4843.57354 12.763 0.005
4846.58263 12.788 0.005
4848.61887 12.792 0.005
4850.60635 12.811 0.005
4854.59759 12.885 0.005
4856.61483 12.909 0.005
4862.56274 13.018 0.005
4868.55309 13.077 0.005
