 621.88067 16.315 0.011
 625.94094 16.336 0.008
 627.92987 16.331 0.009
 628.93920 16.062 0.007
 629.88303 16.349 0.009
 632.93952 16.081 0.008
 635.93911 16.344 0.008
 643.90787 16.352 0.008
 645.91138 16.362 0.009
 649.88067 16.361 0.010
 656.92644 16.164 0.007
 657.86766 16.411 0.010
 664.83063 16.154 0.007
 664.91915 16.201 0.008
 665.90617 16.446 0.008
 666.91670 16.209 0.007
 667.92752 16.451 0.008
 668.89807 16.207 0.007
 670.86373 16.207 0.007
 671.88632 16.413 0.007
 673.74204 16.436 0.009
 684.81883 16.241 0.008
 685.75740 16.408 0.008
 686.79980 16.226 0.008
 688.90463 16.270 0.008
 689.79464 16.186 0.007
 697.76063 15.985 0.007
 698.90667 16.296 0.009
 699.76312 15.875 0.006
 700.77177 16.266 0.008
 701.74422 15.853 0.006
 704.71649 16.268 0.008
 706.74022 16.284 0.009
 707.77623 15.798 0.007
 708.74375 16.288 0.009
 712.74414 16.299 0.008
 713.78181 15.867 0.006
 714.79724 16.325 0.008
 716.73085 16.311 0.007
 720.70643 16.327 0.009
 722.67168 16.318 0.009
 726.76379 16.328 0.008
 728.66260 16.324 0.008
 729.72951 15.962 0.007
 730.65364 16.338 0.008
 733.71563 15.968 0.007
 739.78060 16.052 0.008
 741.70713 16.023 0.007
 742.79761 16.348 0.009
 744.74942 16.339 0.008
 745.70071 16.044 0.007
 747.63962 16.006 0.007
 748.60114 16.342 0.009
 749.60883 16.017 0.008
 750.60343 16.321 0.008
 751.61056 16.037 0.008
 752.81311 16.361 0.009
 753.75373 16.093 0.008
 754.72029 16.366 0.010
 755.60935 16.056 0.009
 759.61537 16.072 0.007
 760.62177 16.350 0.008
 761.61871 16.072 0.007
 762.60930 16.355 0.009
 762.74385 16.399 0.010
 763.62828 16.086 0.007
 763.70889 16.109 0.008
 763.79755 16.168 0.010
 764.71553 16.399 0.010
 765.65961 16.098 0.008
 766.55580 16.363 0.011
 766.69644 16.385 0.010
 767.60491 16.115 0.008
 767.66364 16.119 0.008
 767.75826 16.143 0.008
 769.58785 16.099 0.008
 770.57563 16.383 0.008
 771.59018 16.109 0.008
 772.58890 16.357 0.009
 772.77010 16.431 0.009
 773.65075 16.136 0.008
 775.63310 16.146 0.007
 776.62234 16.401 0.009
 776.77494 16.445 0.009
 777.56699 16.137 0.008
 778.60484 16.416 0.010
 778.69575 16.436 0.011
 779.58519 16.143 0.008
 779.73997 16.191 0.008
 780.58917 16.405 0.009
 780.75813 16.438 0.010
 781.63983 16.191 0.008
 782.57443 16.416 0.009
 782.67405 16.438 0.012
 783.62022 16.145 0.007
 784.66569 16.448 0.008
 785.56207 16.155 0.008
 786.56829 16.426 0.008
 787.64999 16.169 0.007
 788.57823 16.426 0.009
 790.61779 16.454 0.009
 795.60570 16.212 0.008
 796.59290 16.445 0.010
 796.72030 16.036 0.008
 797.57377 16.200 0.008
 798.64322 16.254 0.008
 800.57835 16.399 0.008
 802.67001 15.986 0.008
 806.57608 16.201 0.008
 808.59435 16.046 0.007
 816.67065 15.825 0.007
 817.66592 16.303 0.008
 819.64506 16.289 0.008
 822.63142 15.835 0.007
 824.65143 15.889 0.007
 825.63912 16.294 0.009
 828.68449 15.930 0.007
 829.65113 16.315 0.010
 830.56860 15.867 0.008
 832.65794 15.963 0.007
 834.56023 15.905 0.007
 836.62562 15.971 0.008
 838.64447 15.993 0.007
 840.63738 15.995 0.008
 842.64878 16.014 0.007
 843.63964 16.343 0.009
 845.63048 16.335 0.008
 850.61250 16.043 0.008
 855.61725 16.342 0.010
 856.58198 16.102 0.011
 858.54993 16.041 0.009
 860.55170 16.086 0.008
 867.54784 16.385 0.011
 874.54663 16.140 0.008
 963.93002 16.240 0.008
 986.91641 15.810 0.007
 987.92864 16.291 0.008
 996.91523 15.919 0.007
 998.84760 15.894 0.007
1003.84967 16.327 0.010
1005.87390 16.340 0.009
1008.90688 15.997 0.007
1020.87012 16.054 0.007
1025.85573 16.336 0.009
1035.82345 16.372 0.008
1037.85061 16.366 0.008
1038.86873 16.131 0.008
1041.85688 16.386 0.008
1045.82124 16.390 0.008
1049.85017 16.433 0.010
1053.74146 16.407 0.007
1058.80958 16.195 0.009
1059.85513 16.416 0.009
1061.84159 16.429 0.009
1064.79808 16.206 0.009
1069.71147 16.444 0.009
1074.69266 16.219 0.008
1077.68711 16.392 0.008
1079.69738 16.345 0.008
1081.73642 16.117 0.007
1084.67532 16.240 0.008
1087.69476 16.023 0.007
1090.66275 16.252 0.008
1092.72681 16.294 0.008
1095.75304 15.802 0.007
1102.69190 16.288 0.007
1107.66010 15.832 0.006
1112.70327 16.308 0.008
1117.64179 15.924 0.006
1122.65617 16.333 0.009
1128.60628 16.346 0.008
1132.63216 16.339 0.008
1138.67729 16.352 0.008
1140.68564 16.336 0.008
1144.71228 16.361 0.008
1151.62355 16.102 0.007
1154.58072 16.341 0.008
1157.59041 16.103 0.008
1160.61523 16.400 0.009
1163.69365 16.187 0.009
1164.73922 16.457 0.009
1170.59418 16.435 0.008
1178.71674 16.200 0.009
1182.71518 15.985 0.007
1185.65789 16.255 0.007
1187.69444 16.262 0.008
1190.56383 16.291 0.008
1202.63944 15.815 0.007
1208.60999 15.852 0.008
1211.61242 16.301 0.009
1216.60037 15.911 0.007
1219.60476 16.340 0.009
1235.54981 16.350 0.011
1329.84212 16.118 0.009
1335.92246 16.183 0.008
1355.94242 16.255 0.010
1366.89858 15.802 0.007
1367.92059 16.294 0.009
1369.91352 16.310 0.009
1374.90734 15.878 0.007
1395.87361 16.333 0.008
1397.89643 16.355 0.010
1401.91079 16.354 0.008
1402.90854 16.062 0.007
1407.91892 16.358 0.008
1412.81755 16.071 0.008
1418.79151 16.090 0.007
1430.85279 16.154 0.007
1432.81402 16.149 0.007
1435.73973 16.387 0.009
1439.83750 16.451 0.008
1442.80189 16.208 0.007
1447.73084 16.446 0.010
1451.72148 16.443 0.009
1454.71978 16.210 0.009
1460.66391 16.223 0.008
1462.68781 16.222 0.008
1470.63908 16.224 0.008
1475.68683 15.888 0.007
1478.61313 16.254 0.009
1481.62622 15.888 0.007
1484.62789 16.275 0.008
1487.58698 15.806 0.007
1489.61038 15.780 0.006
1491.67255 15.852 0.007
1494.72050 16.325 0.009
1495.57366 15.821 0.007
1499.54579 15.806 0.008
1502.63068 16.334 0.009
1506.62574 16.337 0.010
1509.60928 15.964 0.007
1514.68560 16.344 0.009
1517.60231 15.996 0.007
1520.64513 16.360 0.009
1522.67383 16.362 0.010
1525.56948 16.032 0.008
1528.66748 16.360 0.008
1544.60026 16.378 0.008
1546.65670 16.438 0.011
1551.61869 16.176 0.009
1555.59683 16.178 0.008
1562.63104 16.430 0.010
1568.60456 16.373 0.009
1573.59952 16.242 0.009
1579.58312 16.250 0.009
1581.61037 16.258 0.008
1584.59521 15.777 0.007
1586.60633 15.775 0.006
1588.57985 15.794 0.008
1590.57695 15.777 0.007
1597.57840 16.318 0.008
1602.57559 15.906 0.008
1607.56581 16.335 0.009
1706.93581 16.384 0.009
1738.90307 16.107 0.007
1740.91075 16.001 0.009
1744.92763 15.765 0.007
1745.92082 16.273 0.008
1749.90136 16.293 0.007
1750.90470 15.791 0.006
1751.88521 16.272 0.008
1752.87760 15.782 0.006
1753.87840 16.270 0.008
1754.87431 15.791 0.007
1755.87060 16.293 0.010
1756.90027 15.826 0.008
1757.84934 16.288 0.009
1758.85391 15.809 0.006
1759.86700 16.294 0.008
1761.88315 16.296 0.009
1762.86559 15.855 0.007
1763.87108 16.307 0.008
1764.86082 15.876 0.006
1765.85717 16.319 0.008
1766.83094 15.858 0.007
1768.84475 15.897 0.007
1769.75988 16.300 0.008
1773.82083 16.316 0.008
1775.83238 16.320 0.008
1785.80943 16.346 0.007
1788.84456 16.049 0.007
1789.77724 16.342 0.007
1803.88085 16.379 0.008
1809.80461 16.384 0.007
1812.77848 16.122 0.007
1815.83491 16.413 0.009
1821.73152 16.374 0.008
1823.80077 16.433 0.008
1829.72587 16.441 0.009
1830.79288 16.195 0.009
1864.73723 16.296 0.008
1865.74327 15.819 0.006
1873.71586 15.862 0.006
2104.88015 16.438 0.008
2112.92050 16.422 0.008
2115.89654 16.217 0.008
2116.92441 16.294 0.008
2117.88280 16.210 0.008
2123.87839 16.232 0.008
2128.87832 15.963 0.008
2130.81712 16.145 0.008
2131.81013 16.241 0.008
2132.85489 15.879 0.007
2133.86739 16.279 0.009
2134.86050 15.794 0.007
2135.89742 16.298 0.007
2136.90121 15.801 0.007
2140.86393 15.789 0.007
2141.77415 16.258 0.009
2142.87404 15.805 0.007
2143.88310 16.311 0.009
2144.79872 15.787 0.006
2156.72451 15.836 0.007
2160.80374 15.940 0.007
2162.81406 15.947 0.007
2166.80491 15.957 0.007
2167.73814 16.323 0.008
2168.76273 15.960 0.007
2172.80103 16.012 0.007
2173.75706 16.362 0.008
2174.74079 15.975 0.006
2177.68892 16.319 0.009
2184.75021 16.044 0.008
2186.73851 16.066 0.009
2187.65851 16.338 0.010
2189.74013 16.359 0.010
2190.74023 16.064 0.007
2191.64436 16.349 0.008
2192.70825 16.063 0.006
2193.73545 16.350 0.007
2194.70029 16.077 0.007
2200.71467 16.110 0.007
2203.60292 16.362 0.009
2206.65263 16.100 0.008
2208.69672 16.134 0.008
2211.70464 16.398 0.009
2212.69125 16.140 0.008
2214.69127 16.155 0.009
2215.72725 16.449 0.010
2217.68642 16.445 0.010
2219.72340 16.445 0.010
2222.77270 16.214 0.009
2223.67776 16.452 0.010
2228.60369 16.171 0.008
2230.54177 16.154 0.008
2232.55478 16.147 0.008
2234.59680 16.201 0.008
2236.58602 16.204 0.008
2239.53357 16.451 0.010
2241.57835 16.419 0.008
2243.61670 16.241 0.008
2249.57288 16.177 0.007
2251.62684 15.861 0.007
2254.58061 16.240 0.008
2256.59795 16.283 0.009
2259.61878 15.792 0.007
2262.62526 16.320 0.009
2266.61713 16.314 0.009
2271.59206 15.874 0.007
2273.59129 15.891 0.007
2276.58597 16.319 0.009
2280.57988 16.344 0.009
2285.57584 15.974 0.007
2289.61168 16.008 0.007
2291.61693 16.011 0.006
2293.61336 16.044 0.007
2295.61006 16.076 0.007
2297.61462 16.056 0.007
2299.60926 16.061 0.008
2301.60080 16.080 0.008
2453.88795 16.018 0.009
2460.93465 16.354 0.011
2464.89199 16.351 0.008
2466.88549 16.370 0.010
2468.87974 16.375 0.009
2470.87073 16.361 0.008
2472.89082 16.374 0.007
2481.87633 16.166 0.009
2483.93777 16.168 0.008
2486.93850 16.451 0.011
2489.82052 16.158 0.007
2490.81676 16.412 0.011
2496.80048 16.427 0.008
2497.82277 16.200 0.008
2498.82307 16.466 0.009
2499.90810 16.219 0.008
2500.91648 16.366 0.009
2501.91118 16.229 0.008
2502.88328 16.385 0.009
2508.79388 16.431 0.012
2516.82627 16.064 0.008
2517.87328 16.292 0.008
2518.84754 15.865 0.007
2519.79884 16.269 0.008
2520.84100 15.815 0.007
2521.79160 16.252 0.008
2524.79451 15.836 0.007
2526.82647 15.787 0.006
2529.78500 16.296 0.008
2535.74461 16.294 0.008
2537.75111 16.313 0.010
2538.85159 15.916 0.008
2539.74700 16.304 0.008
2540.79179 15.874 0.008
2541.75901 16.317 0.008
2542.72867 15.830 0.007
2544.71085 15.828 0.007
2545.72215 16.312 0.008
2547.74029 16.316 0.008
2548.76046 15.933 0.007
2550.75560 15.943 0.006
2551.74273 16.336 0.008
2552.75810 15.954 0.007
2553.69890 16.333 0.009
2554.75125 15.965 0.007
2555.75922 16.355 0.008
2556.73845 15.955 0.007
2557.75078 16.342 0.008
2558.70733 15.950 0.007
2559.66429 16.333 0.008
2560.69739 15.966 0.007
2561.74295 16.363 0.010
2562.71559 15.996 0.007
2563.72363 16.354 0.009
2564.74001 16.013 0.008
2565.73491 16.336 0.009
2566.71390 16.022 0.008
2571.70216 16.343 0.009
2572.76963 16.071 0.008
2573.70779 16.364 0.010
2574.68749 16.048 0.007
2576.73195 16.088 0.008
2577.69019 16.355 0.009
2578.67524 16.065 0.008
2579.68541 16.341 0.009
2580.69368 16.075 0.007
2583.66992 16.347 0.009
2584.67222 16.087 0.008
2587.65751 16.356 0.009
2588.66941 16.111 0.008
2589.66249 16.376 0.009
2590.67036 16.116 0.008
2591.69812 16.397 0.009
2593.65493 16.366 0.009
2594.66146 16.126 0.008
2596.63413 16.136 0.008
2597.62298 16.416 0.011
2598.70168 16.161 0.008
2599.66221 16.424 0.010
2608.56289 16.130 0.008
2610.59948 16.162 0.008
2613.59088 16.438 0.011
2615.62649 16.458 0.010
2620.59687 16.203 0.008
2622.54465 16.194 0.008
2625.59803 16.397 0.011
2629.53785 16.439 0.010
2632.57591 16.238 0.008
2636.57235 16.263 0.009
2639.57162 15.938 0.007
2643.54459 15.881 0.007
2649.55003 15.782 0.007
2651.58786 15.827 0.007
2655.54767 15.824 0.007
2658.55950 16.340 0.011
2661.57617 15.905 0.006
2665.53905 15.917 0.007
2669.56520 15.966 0.007
2674.54997 16.340 0.009
2676.57011 16.348 0.008
2677.53331 16.024 0.009
2680.54056 16.372 0.010
2683.56478 16.057 0.009
2804.84270 16.247 0.010
2805.89912 15.804 0.009
2811.95213 15.845 0.010
2815.92597 15.870 0.007
2818.93855 16.323 0.008
2829.87262 15.941 0.007
2831.86515 15.938 0.007
2832.81614 16.316 0.009
2833.91475 16.018 0.008
2835.90349 16.007 0.007
2837.90922 16.047 0.010
2840.89262 16.345 0.009
2843.87863 16.027 0.007
2844.91992 16.348 0.008
2848.82660 16.349 0.011
2849.90464 16.075 0.008
2850.93618 16.364 0.009
2852.86483 16.351 0.010
2854.87617 16.365 0.009
2857.88348 16.110 0.008
2859.87077 16.101 0.007
2860.92313 16.383 0.008
2861.79488 16.085 0.007
2862.88097 16.378 0.009
2863.88287 16.133 0.009
2865.80530 16.116 0.008
2867.79478 16.111 0.007
2868.83541 16.370 0.008
2869.85601 16.127 0.008
2870.86351 16.410 0.009
2872.78757 16.370 0.008
2875.85476 16.162 0.008
2876.88074 16.445 0.010
2877.85314 16.164 0.008
2879.81793 16.160 0.007
2884.76798 16.432 0.008
2886.78076 16.435 0.009
2890.73969 16.456 0.011
2893.79129 16.209 0.009
2895.80215 16.199 0.008
2897.74972 16.199 0.008
2899.78203 16.215 0.007
2903.80074 16.252 0.007
2906.74949 16.146 0.007
2908.72650 16.139 0.008
2910.72139 16.083 0.007
2912.72731 15.944 0.006
2916.73996 15.785 0.006
2918.71701 15.795 0.007
2922.71660 15.789 0.007
2924.71588 15.796 0.007
2926.65153 15.781 0.007
2929.71289 16.312 0.009
2931.68882 16.302 0.008
2933.70097 16.308 0.008
2935.66390 16.294 0.009
2937.68902 16.324 0.009
2939.66722 16.320 0.009
2940.68149 15.924 0.007
2941.65720 16.310 0.008
2942.68480 15.931 0.007
2943.65353 16.325 0.008
2944.63726 15.929 0.008
2946.63586 15.932 0.007
2947.66383 16.330 0.009
2949.64469 16.327 0.008
2950.59619 15.945 0.007
2951.67708 16.348 0.009
2953.62491 16.340 0.009
2955.60987 16.369 0.010
2957.62355 16.333 0.008
2965.68043 16.337 0.008
2968.64295 16.080 0.008
2971.65073 16.354 0.009
2973.63924 16.350 0.009
2975.53604 16.357 0.009
2977.63169 16.373 0.010
2979.61197 16.367 0.010
2982.56656 16.109 0.008
2986.60784 16.139 0.008
2988.58030 16.124 0.008
2990.59915 16.128 0.008
2993.60193 16.409 0.008
2997.54793 16.402 0.009
3000.60514 16.175 0.008
3003.58064 16.446 0.010
3006.57024 16.179 0.007
3009.56358 16.440 0.010
3013.57023 16.388 0.009
3017.56465 16.262 0.008
3020.53981 16.243 0.008
3022.56724 16.237 0.009
3024.56644 16.258 0.008
3026.53648 16.264 0.008
3028.53739 16.261 0.009
3030.54048 16.271 0.008
3032.55843 16.290 0.009
3034.55795 16.290 0.008
3038.54878 16.306 0.009
3179.94009 16.005 0.007
3184.90394 16.262 0.008
3193.92701 15.806 0.006
3196.89901 16.307 0.008
3202.89156 16.326 0.008
3203.93144 15.909 0.006
3206.87433 16.317 0.008
3210.94082 16.332 0.008
3211.85695 15.911 0.007
3216.77663 16.329 0.009
3217.82652 15.947 0.008
3224.82348 16.339 0.008
3228.80135 16.334 0.009
3230.77484 16.359 0.008
3238.80595 16.352 0.008
3239.84507 16.071 0.007
3240.84224 16.348 0.009
3241.78420 16.059 0.007
3242.77484 16.344 0.009
3243.89800 16.133 0.008
3244.87669 16.379 0.010
3245.82419 16.085 0.007
3246.82106 16.339 0.009
3247.82528 16.087 0.007
3249.77873 16.092 0.008
3251.79130 16.096 0.007
3254.77742 16.359 0.007
3257.80449 16.131 0.007
3261.75039 16.133 0.007
3263.74738 16.128 0.007
3265.77500 16.154 0.008
3267.75544 16.173 0.007
3270.70913 16.418 0.009
3271.71183 16.167 0.007
3273.67034 16.159 0.008
3275.66513 16.170 0.009
3276.75916 16.425 0.010
3277.79803 16.233 0.008
3279.72955 16.197 0.007
3281.69535 16.208 0.007
3283.68978 16.230 0.006
3287.65607 16.238 0.007
3289.67090 16.234 0.007
3291.60927 16.260 0.007
3294.62585 16.454 0.008
3296.59218 16.477 0.008
3300.60260 16.345 0.008
3302.58362 16.321 0.008
3305.67963 16.282 0.008
3307.59618 16.251 0.009
3309.61692 16.257 0.008
3311.57244 16.256 0.007
3314.61610 15.800 0.007
3320.64939 15.846 0.006
3323.60180 16.283 0.008
3327.62986 16.311 0.008
3330.60116 15.908 0.007
3335.64575 16.360 0.011
3338.55259 15.940 0.007
3350.56392 16.023 0.007
3357.60213 16.355 0.009
3361.60041 16.367 0.008
3363.60672 16.383 0.010
3369.58365 16.378 0.008
3372.59961 16.133 0.007
3376.57564 16.142 0.007
3380.56197 16.155 0.008
3386.60882 16.191 0.007
3395.56081 16.471 0.010
3399.58462 16.296 0.009
3402.60155 16.246 0.008
3543.91768 16.433 0.009
3551.94034 16.434 0.009
3558.92226 16.233 0.008
3562.91301 16.221 0.007
3568.90457 16.260 0.007
3570.86619 16.255 0.008
3571.85269 16.085 0.008
3573.89807 15.802 0.007
3575.85790 15.845 0.006
3577.91446 15.789 0.006
3579.85536 15.774 0.006
3581.92430 15.842 0.006
3582.87668 16.262 0.008
3583.89577 15.831 0.006
3585.85657 15.814 0.006
3586.88604 16.306 0.007
3588.88421 16.286 0.007
3590.84281 16.300 0.007
3592.80312 16.292 0.007
3594.84391 16.315 0.007
3600.93294 16.320 0.009
3603.75602 15.880 0.006
3608.81265 16.317 0.007
3614.84444 16.351 0.007
3615.84927 16.025 0.006
3618.82891 16.350 0.007
3620.85538 16.366 0.007
3622.80940 16.357 0.008
3625.75535 16.040 0.006
3628.77691 16.347 0.008
3630.69236 16.379 0.008
3632.66953 16.336 0.010
3634.70451 16.344 0.007
3637.70529 16.092 0.007
3640.67160 16.344 0.007
3644.70610 16.361 0.007
3646.72366 16.366 0.008
3650.73940 16.411 0.008
3652.68087 16.381 0.007
3654.65664 16.367 0.008
3656.70987 16.403 0.008
3657.73801 16.163 0.007
3658.71155 16.444 0.009
3659.69593 16.163 0.008
3660.70158 16.432 0.009
3663.69235 16.167 0.008
3665.72062 16.198 0.008
3668.64917 16.437 0.008
3668.67173 16.446 0.008
3670.66036 16.442 0.009
3672.59307 16.447 0.009
3674.75237 16.167 0.007
3676.63864 16.417 0.008
3682.61528 16.402 0.008
3684.63261 16.236 0.007
3686.59829 16.289 0.008
3688.57126 16.343 0.008
3690.58498 16.196 0.008
3693.58210 16.257 0.008
3695.57768 16.263 0.007
3698.55910 15.949 0.008
3701.60180 16.288 0.008
3703.61243 16.287 0.007
3705.58462 16.296 0.007
3707.58509 16.293 0.008
3712.60004 15.868 0.006
3715.55827 16.301 0.007
3719.63723 16.338 0.008
3722.58415 15.942 0.007
3725.66423 16.356 0.008
3730.56743 15.979 0.006
3735.57007 16.332 0.008
3739.56976 16.345 0.007
3743.54543 16.352 0.008
3748.54931 16.093 0.009
3753.54697 16.383 0.010
3758.56888 16.129 0.008
3762.57544 16.138 0.007
3768.53542 16.158 0.008
3773.53226 16.424 0.009
3777.55821 16.442 0.009
3871.92860 16.351 0.010
3902.94547 16.077 0.008
3907.94047 16.365 0.009
3915.91631 16.370 0.008
3918.93557 16.157 0.007
3933.82326 16.432 0.008
3934.90525 16.188 0.007
3936.91349 16.193 0.007
3938.89769 16.212 0.007
3945.86747 16.383 0.007
3950.84919 16.230 0.007
3957.80483 16.194 0.009
3959.80331 16.104 0.007
3961.78949 16.101 0.007
3964.79665 16.276 0.007
3966.78887 16.268 0.007
3968.78241 16.279 0.007
3970.77404 16.260 0.007
3973.74502 15.789 0.006
3975.75834 15.791 0.006
3980.69083 16.273 0.008
3981.69072 15.788 0.006
3982.75504 16.313 0.008
3986.73222 16.302 0.008
3989.82929 15.971 0.007
3991.77048 15.946 0.006
3994.67152 16.328 0.008
4001.67118 15.927 0.006
4003.64289 15.929 0.006
4004.73144 16.325 0.007
4005.71671 15.994 0.006
4007.60991 15.935 0.007
4008.61896 16.328 0.007
4011.66935 16.000 0.007
4014.66730 16.360 0.008
4016.64859 16.339 0.008
4018.64490 16.352 0.008
4020.68384 16.352 0.008
4023.63431 16.053 0.007
4025.63467 16.049 0.007
4027.62281 16.057 0.007
4029.60503 16.063 0.007
4031.59201 16.067 0.007
4036.62740 16.343 0.007
4038.58172 16.360 0.007
4040.56170 16.354 0.008
4042.63105 16.393 0.008
4044.67368 16.414 0.011
4047.58513 16.136 0.007
4049.55773 16.147 0.007
4051.60729 16.165 0.007
4053.61827 16.153 0.006
4055.54750 16.155 0.008
4057.58657 16.185 0.008
4059.62111 16.202 0.007
4063.61247 16.201 0.007
4066.52737 16.452 0.008
4068.59474 16.382 0.007
4071.53588 16.220 0.008
4074.57108 16.256 0.007
4077.62376 16.267 0.009
4079.57084 16.254 0.007
4083.57835 16.280 0.008
4087.60027 16.280 0.007
4095.56413 16.296 0.007
4095.60117 16.310 0.007
4098.58319 15.887 0.007
4102.55534 15.906 0.006
4107.55947 16.326 0.007
4112.55989 15.962 0.007
4119.54944 16.368 0.008
4122.57575 16.027 0.007
4128.57587 16.072 0.007
4253.89912 16.287 0.011
4255.91774 16.322 0.010
4258.93449 15.896 0.008
4273.92083 16.344 0.011
4279.77400 16.380 0.011
4282.74731 15.932 0.008
4282.91158 16.019 0.007
4283.83833 16.348 0.010
4284.90611 16.051 0.008
4289.87719 16.363 0.009
4292.91048 16.075 0.007
4295.90441 16.349 0.008
4296.93867 16.101 0.007
4298.85770 16.083 0.008
4299.90120 16.361 0.008
4300.92303 16.114 0.007
4301.94185 16.386 0.008
4303.83258 16.361 0.008
4307.72959 16.334 0.008
4308.70336 16.073 0.008
4308.91122 16.150 0.007
4310.88329 16.157 0.008
4311.88481 16.447 0.011
4314.81377 16.138 0.008
4316.87345 16.161 0.008
4320.85715 16.164 0.008
4326.88154 16.213 0.008
4327.90507 16.378 0.010
4328.87506 16.210 0.009
4329.87448 16.401 0.009
4330.90570 16.217 0.008
4332.92196 16.245 0.008
4334.91525 16.238 0.009
4339.86996 16.033 0.008
4340.82220 16.234 0.009
4341.81506 16.173 0.008
4342.88933 16.289 0.009
4343.80864 16.123 0.008
4344.79079 16.232 0.008
4346.76707 16.246 0.008
4348.75279 16.252 0.008
4350.72959 16.241 0.008
4353.68772 16.181 0.008
4355.74627 15.851 0.007
4358.68962 16.253 0.008
4359.74685 15.771 0.006
4362.69719 16.280 0.009
4365.67119 15.787 0.007
4369.72798 15.829 0.007
4371.69496 15.812 0.007
4376.69832 16.322 0.008
4378.66502 16.331 0.008
4379.69629 15.908 0.008
4381.65548 15.882 0.007
4383.68398 15.929 0.007
4386.70858 16.338 0.009
4388.70887 16.330 0.008
4390.71781 16.344 0.008
4394.60541 16.333 0.008
4396.68883 16.348 0.009
4398.69193 16.344 0.009
4402.67698 16.341 0.008
4404.69344 16.360 0.010
4407.70196 16.108 0.008
4409.71754 16.092 0.008
4411.71266 16.097 0.007
4415.71651 16.110 0.008
4417.66651 16.116 0.007
4420.65292 16.381 0.009
4422.68494 16.409 0.009
4424.68205 16.429 0.010
4427.56778 16.108 0.008
4429.61089 16.158 0.010
4431.59800 16.131 0.008
4433.60388 16.145 0.008
4435.59222 16.152 0.008
4438.65230 16.456 0.009
4440.62180 16.450 0.009
4442.58325 16.451 0.010
4444.60797 16.460 0.011
4452.61818 16.332 0.008
4454.63838 16.182 0.008
4455.58045 16.229 0.008
4457.58935 16.248 0.010
4460.54375 16.315 0.009
4463.60727 16.254 0.008
4467.59008 16.267 0.009
4470.58948 15.779 0.007
4474.63604 15.837 0.007
4476.61436 15.830 0.006
4481.62207 16.329 0.009
4483.64070 16.322 0.009
4485.62217 16.336 0.010
4488.62279 15.948 0.009
4492.61304 15.972 0.007
4643.92671 16.313 0.009
4655.90888 16.326 0.008
4661.92269 16.336 0.008
4662.84626 15.969 0.007
4662.94413 16.018 0.007
4663.79500 16.325 0.009
4665.86815 16.340 0.009
4671.84655 16.333 0.009
4677.86593 16.335 0.008
4682.84035 16.091 0.007
4684.87836 16.094 0.007
4686.83832 16.083 0.007
4688.85456 16.100 0.007
4690.77989 16.078 0.007
4691.78322 16.338 0.008
4694.82950 16.130 0.009
4697.77385 16.357 0.010
4699.79488 16.407 0.008
4700.82877 16.145 0.007
4701.83645 16.422 0.008
4703.79565 16.408 0.008
4704.81438 16.163 0.007
4705.82199 16.441 0.010
4707.83940 16.439 0.008
4709.77020 16.433 0.008
4715.77878 16.451 0.009
4717.73337 16.457 0.008
4720.71224 16.174 0.008
4722.72748 16.191 0.007
4725.73268 16.437 0.009
4730.72325 16.217 0.007
4730.78595 16.225 0.007
4733.75817 16.105 0.007
4736.67487 16.237 0.008
4738.76766 16.275 0.008
4739.62192 16.372 0.009
4740.64989 16.229 0.008
4740.70075 16.257 0.008
4741.66360 16.153 0.007
4743.69745 15.911 0.006
4747.58202 16.229 0.008
4748.63104 16.257 0.008
4748.68621 16.289 0.008
4749.65155 15.837 0.007
4750.71907 16.294 0.010
4753.62052 15.848 0.007
4754.59359 16.260 0.009
4754.64462 16.281 0.009
4755.62647 15.787 0.006
4756.65422 16.299 0.008
4757.60705 15.789 0.006
4758.63443 16.279 0.007
4759.62854 15.810 0.006
4760.62110 16.297 0.008
4762.61090 16.296 0.008
4767.64649 15.872 0.007
4770.69477 16.318 0.009
4772.63213 16.330 0.009
4774.60762 16.325 0.008
4776.57940 16.329 0.009
4778.58077 16.325 0.008
4780.57801 16.330 0.008
4782.55091 16.334 0.008
4783.61250 15.972 0.007
4786.53282 16.337 0.009
4789.57864 16.004 0.007
4791.56020 15.997 0.007
4793.56755 16.028 0.007
4795.58042 16.045 0.007
4797.57259 16.056 0.008
4798.63582 16.350 0.008
4801.53706 16.053 0.007
4802.62452 16.356 0.009
4803.59645 16.094 0.007
4805.53146 16.069 0.008
4807.55819 16.100 0.008
4809.58333 16.115 0.007
4811.60524 16.101 0.008
4814.56307 16.388 0.009
4816.56526 16.376 0.008
4818.57919 16.416 0.009
4820.55718 16.404 0.009
4822.61397 16.450 0.008
4824.59880 16.440 0.010
4831.57041 16.188 0.008
4833.59828 16.195 0.007
4835.62100 16.235 0.009
4839.62403 16.241 0.009
4842.59068 16.245 0.009
4844.60113 16.132 0.008
4847.65535 16.314 0.011
4849.61534 16.283 0.008
4853.61260 16.284 0.008
4854.54170 15.914 0.007
4855.62582 16.303 0.010
4856.53299 15.873 0.007
4859.52760 16.274 0.011
4862.52504 15.787 0.008
4862.52865 15.793 0.007
4862.58499 15.818 0.006
4862.59963 15.840 0.006
4863.53531 16.263 0.007
4864.52963 15.795 0.008
4864.56974 15.818 0.006
4865.52740 16.311 0.010
4865.57255 16.285 0.008
4866.53437 15.793 0.008
4866.54343 15.805 0.007
4866.57465 15.839 0.007
4867.58212 16.312 0.008
4868.54477 15.814 0.007
4868.58178 15.847 0.007
4870.52433 15.812 0.008
4871.52270 16.275 0.011
4874.51953 15.878 0.008
4876.54323 15.913 0.006
4947.92041 16.002 0.007
4953.92420 16.050 0.007
