 621.84963 16.793 0.014
 621.85621 16.729 0.012
 626.93261 16.347 0.007
 627.89828 16.727 0.010
 631.91375 16.632 0.009
 632.90850 16.346 0.008
 633.91954 16.758 0.009
 635.88443 16.353 0.007
 643.85381 16.622 0.010
 643.88341 16.644 0.009
 645.87995 16.777 0.010
 645.88688 16.768 0.010
 649.84263 16.629 0.010
 649.85619 16.658 0.010
 656.89513 16.431 0.007
 656.90198 16.431 0.007
 657.84316 16.781 0.010
 657.89900 16.768 0.010
 658.90777 16.688 0.011
 658.91480 16.676 0.010
 664.80617 16.640 0.009
 664.89470 16.683 0.009
 665.87479 16.441 0.007
 665.88167 16.451 0.008
 666.87688 16.694 0.008
 666.89221 16.581 0.008
 667.89591 16.749 0.007
 667.90303 16.691 0.008
 668.86667 16.447 0.007
 668.87363 16.446 0.007
 670.83235 16.664 0.009
 670.83926 16.673 0.009
 671.85481 16.444 0.007
 671.86179 16.451 0.007
 672.85975 16.622 0.007
 673.71757 16.635 0.010
 673.77280 16.678 0.008
 684.78776 16.693 0.009
 684.79432 16.657 0.009
 685.73289 16.653 0.008
 686.77529 16.435 0.008
 688.88013 16.700 0.009
 689.77012 16.446 0.007
 697.70595 16.674 0.009
 697.73613 16.682 0.009
 698.72119 16.464 0.010
 698.88215 16.530 0.009
 699.73201 16.620 0.008
 699.73864 16.583 0.008
 700.71710 16.691 0.009
 700.74725 16.696 0.009
 701.68877 16.443 0.008
 701.71970 16.463 0.008
 704.68335 16.444 0.009
 704.69197 16.450 0.010
 706.68170 16.696 0.010
 706.71574 16.697 0.012
 706.77619 16.709 0.011
 707.71226 16.462 0.009
 707.75172 16.477 0.010
 708.70978 16.464 0.010
 708.71923 16.407 0.010
 712.71013 16.718 0.012
 712.71958 16.707 0.009
 713.72433 16.485 0.007
 713.75732 16.495 0.008
 714.74088 16.112 0.007
 714.77269 16.092 0.007
 715.78174 16.738 0.009
 716.70631 16.472 0.007
 716.76426 16.516 0.007
 720.67128 16.334 0.007
 720.68188 16.265 0.008
 722.64715 16.467 0.008
 726.73144 16.105 0.007
 726.73928 16.120 0.007
 728.63805 16.472 0.007
 728.72455 16.529 0.007
 729.66893 16.104 0.007
 729.70497 16.106 0.007
 730.62908 16.706 0.010
 733.67988 16.726 0.010
 733.69108 16.708 0.010
 739.70209 16.725 0.010
 739.75602 16.735 0.010
 741.66569 16.107 0.007
 741.68260 16.137 0.007
 742.65949 16.723 0.009
 742.77302 16.704 0.010
 744.62801 16.084 0.007
 744.72490 16.206 0.007
 745.66791 16.714 0.009
 745.67617 16.701 0.008
 746.61271 16.509 0.008
 747.57047 16.171 0.007
 747.61504 16.095 0.007
 748.56715 16.687 0.010
 748.57659 16.705 0.010
 749.57358 16.509 0.011
 749.58429 16.522 0.010
 750.54780 16.216 0.008
 750.57883 16.094 0.007
 751.57792 16.709 0.011
 751.58595 16.714 0.010
 752.78854 16.612 0.010
 753.72915 16.255 0.007
 754.69573 16.721 0.010
 754.75297 16.765 0.010
 755.57666 16.518 0.008
 755.58478 16.517 0.009
 759.57929 16.111 0.007
 759.59080 16.126 0.007
 760.58362 16.711 0.009
 760.59718 16.692 0.009
 761.57887 16.524 0.008
 761.59413 16.528 0.008
 762.57687 16.129 0.007
 762.58474 16.129 0.008
 762.70713 16.297 0.008
 762.71923 16.296 0.012
 763.59587 16.738 0.010
 763.60372 16.718 0.010
 763.68433 16.698 0.010
 763.77300 16.739 0.012
 764.67390 16.623 0.014
 764.69091 16.588 0.013
 765.55922 16.131 0.008
 765.63502 16.233 0.009
 766.53125 16.737 0.013
 766.59614 16.721 0.011
 766.66269 16.713 0.011
 766.67184 16.711 0.010
 767.57058 16.547 0.011
 767.58031 16.528 0.010
 767.63903 16.554 0.011
 767.73372 16.625 0.012
 769.55550 16.705 0.010
 769.56327 16.695 0.010
 770.54088 16.530 0.009
 770.65180 16.584 0.008
 771.56560 16.166 0.007
 771.62796 16.259 0.007
 772.55604 16.738 0.009
 772.56431 16.715 0.010
 772.74554 16.742 0.010
 773.57862 16.554 0.008
 773.62616 16.577 0.008
 774.64844 16.283 0.007
 774.65622 16.282 0.007
 775.60134 16.722 0.009
 775.60851 16.730 0.009
 776.59776 16.583 0.009
 776.68229 16.625 0.009
 776.75036 16.650 0.010
 777.54244 16.171 0.008
 777.59922 16.244 0.007
 778.57238 16.739 0.010
 778.58026 16.724 0.011
 778.66387 16.733 0.010
 778.67118 16.709 0.011
 779.56061 16.565 0.011
 779.63176 16.599 0.009
 779.71539 16.631 0.010
 780.55264 16.228 0.010
 780.56459 16.220 0.008
 780.63156 16.295 0.008
 780.73356 16.377 0.008
 781.60813 16.739 0.009
 781.61527 16.698 0.009
 782.54980 16.566 0.010
 782.60579 16.576 0.009
 782.64948 16.599 0.010
 783.58554 16.264 0.007
 783.59563 16.271 0.007
 784.62513 16.735 0.009
 784.64111 16.716 0.009
 785.53750 16.564 0.009
 785.59599 16.585 0.008
 786.54372 16.239 0.007
 786.60070 16.301 0.007
 787.62539 16.721 0.010
 787.68111 16.768 0.009
 788.55363 16.582 0.008
 788.61271 16.605 0.009
 790.56273 16.736 0.009
 790.59318 16.742 0.010
 795.57449 16.307 0.008
 795.58108 16.311 0.008
 796.56833 16.736 0.012
 796.62408 16.740 0.010
 796.69572 16.815 0.012
 797.54917 16.609 0.009
 797.69457 16.665 0.009
 798.61198 16.327 0.007
 798.61859 16.370 0.007
 800.55375 16.614 0.008
 800.60989 16.616 0.008
 802.59042 16.738 0.010
 802.64540 16.780 0.010
 805.59647 16.742 0.010
 806.55151 16.617 0.009
 806.60724 16.661 0.010
 808.56977 16.764 0.012
 817.63468 16.790 0.010
 817.64128 16.778 0.010
 819.62045 16.426 0.007
 822.59473 16.403 0.008
 822.60681 16.399 0.010
 823.67200 16.404 0.007
 824.62014 16.686 0.010
 828.65986 16.464 0.009
 829.62648 16.530 0.010
 830.54397 16.675 0.014
 832.63333 16.372 0.008
 834.53556 16.425 0.010
 836.59456 16.718 0.010
 838.56768 16.695 0.011
 838.61987 16.254 0.008
 840.58311 16.452 0.008
 840.61281 16.499 0.010
 842.56840 16.719 0.010
 843.61509 16.494 0.009
 845.58877 16.701 0.008
 845.59929 16.692 0.009
 850.55623 16.310 0.007
 850.58792 16.127 0.007
 855.56290 16.521 0.010
 855.59267 16.494 0.010
 856.55078 16.162 0.007
 856.55742 16.151 0.009
 858.52534 16.493 0.010
 859.55041 16.121 0.007
 860.52708 16.692 0.012
 860.58272 16.715 0.010
 866.57002 16.718 0.011
 867.52327 16.503 0.013
 874.52205 16.096 0.007
 876.53857 16.547 0.007
 962.91915 16.411 0.008
 963.90553 16.786 0.010
 986.88543 16.448 0.008
 986.89192 16.485 0.009
 987.89773 16.331 0.007
 987.90415 16.285 0.007
 991.91162 16.710 0.010
 996.87937 16.189 0.006
 996.89078 16.121 0.007
 998.82312 16.453 0.009
 998.88505 16.490 0.008
1003.81623 16.708 0.010
1003.82517 16.673 0.011
1005.84165 16.166 0.007
1005.84938 16.135 0.007
1008.87480 16.088 0.007
1008.88237 16.114 0.009
1020.83770 16.116 0.007
1020.84562 16.124 0.007
1025.81734 16.546 0.010
1025.83128 16.550 0.010
1035.79222 16.142 0.007
1035.79898 16.151 0.007
1037.81948 16.542 0.009
1037.82607 16.569 0.009
1038.84421 16.242 0.008
1038.91850 16.310 0.009
1041.83243 16.246 0.007
1041.88893 16.292 0.007
1045.79007 16.721 0.008
1045.79677 16.728 0.009
1049.81048 16.574 0.008
1049.82565 16.585 0.009
1052.82088 16.619 0.009
1053.71698 16.161 0.007
1055.69062 16.529 0.007
1058.78500 16.614 0.009
1058.84243 16.609 0.010
1059.82128 16.317 0.008
1059.83066 16.323 0.008
1061.81711 16.627 0.009
1064.76443 16.590 0.009
1064.77354 16.604 0.009
1069.68695 16.738 0.013
1071.78428 16.322 0.007
1074.66815 16.233 0.007
1075.80142 16.751 0.008
1077.66262 16.223 0.007
1078.72320 16.716 0.007
1079.66464 16.585 0.013
1081.71184 16.712 0.008
1084.65080 16.735 0.009
1086.61211 16.206 0.007
1087.67021 16.705 0.009
1090.63821 16.727 0.010
1090.69519 16.758 0.010
1092.69529 16.351 0.008
1092.70227 16.327 0.008
1094.69144 16.622 0.007
1094.69807 16.633 0.009
1095.72853 16.392 0.009
1102.66005 16.733 0.008
1102.66739 16.762 0.009
1107.62838 16.329 0.007
1107.63557 16.354 0.007
1112.67871 16.686 0.010
1112.73457 16.697 0.009
1117.60999 16.741 0.009
1117.61726 16.763 0.010
1122.62158 16.370 0.008
1122.63163 16.405 0.008
1128.57017 16.396 0.009
1128.58165 16.385 0.009
1132.60053 16.811 0.010
1132.60760 16.798 0.010
1135.66921 16.543 0.007
1138.62200 16.738 0.008
1138.65270 16.560 0.008
1140.65437 16.463 0.008
1144.65739 16.310 0.007
1151.59186 16.673 0.009
1151.59901 16.695 0.010
1154.55610 16.675 0.010
1154.61145 16.698 0.009
1157.56584 16.676 0.009
1157.65720 16.704 0.009
1160.59062 16.698 0.009
1160.64871 16.686 0.009
1163.66905 16.718 0.010
1163.73063 16.741 0.009
1164.71464 16.564 0.009
1166.69768 16.720 0.008
1170.56960 16.508 0.008
1170.62659 16.533 0.008
1175.68772 16.739 0.010
1178.69214 16.707 0.010
1179.68542 16.582 0.009
1182.69058 16.559 0.009
1183.69430 16.283 0.007
1185.63332 16.555 0.008
1186.68813 16.266 0.007
1187.66982 16.712 0.010
1189.57668 16.149 0.007
1190.53924 16.717 0.010
1192.62127 16.240 0.007
1202.56783 16.718 0.010
1202.61489 16.736 0.010
1206.57145 16.572 0.009
1208.58540 16.729 0.010
1211.58781 16.742 0.011
1212.56302 16.587 0.010
1216.56906 16.323 0.008
1216.57578 16.304 0.009
1219.58020 16.340 0.010
1220.56525 16.728 0.010
1227.56085 16.625 0.010
1228.53118 16.334 0.010
1234.52662 16.366 0.010
1235.52519 16.745 0.012
1329.80972 16.118 0.008
1329.81763 16.096 0.009
1330.91987 16.709 0.010
1330.92676 16.715 0.010
1335.86501 16.161 0.008
1335.89794 16.184 0.008
1341.92585 16.274 0.007
1341.93203 16.272 0.008
1347.92222 16.281 0.009
1347.92968 16.289 0.009
1349.92505 16.602 0.010
1355.91111 16.629 0.010
1355.91790 16.621 0.010
1365.91202 16.341 0.008
1366.87411 16.717 0.010
1367.88958 16.630 0.010
1367.89612 16.640 0.010
1369.87726 16.736 0.010
1369.88902 16.747 0.010
1374.87618 16.352 0.008
1374.88289 16.359 0.009
1395.84177 16.387 0.008
1395.84914 16.400 0.009
1397.86515 16.659 0.010
1397.87192 16.683 0.010
1401.87881 16.448 0.007
1401.88633 16.454 0.008
1402.88403 16.648 0.009
1407.88612 16.479 0.009
1407.89443 16.473 0.008
1412.78408 16.678 0.010
1412.79308 16.681 0.010
1418.76702 16.682 0.010
1418.82418 16.705 0.009
1430.71818 16.689 0.010
1432.78305 16.330 0.007
1432.78953 16.296 0.007
1435.71522 16.687 0.010
1438.73594 16.481 0.008
1439.81300 16.711 0.009
1441.84306 16.116 0.007
1442.77741 16.698 0.009
1447.69951 16.443 0.010
1447.70631 16.372 0.010
1451.66557 16.685 0.009
1451.69699 16.699 0.010
1454.63980 16.696 0.010
1454.69528 16.705 0.010
1459.68539 16.167 0.008
1460.63939 16.683 0.011
1461.66021 16.455 0.008
1462.66328 16.190 0.009
1462.71858 16.084 0.007
1470.60744 16.458 0.010
1470.61452 16.484 0.009
1475.63153 16.680 0.010
1475.66231 16.709 0.010
1478.58011 16.699 0.010
1478.58851 16.709 0.010
1479.59628 16.490 0.009
1480.69689 16.180 0.008
1484.59552 16.698 0.010
1484.60330 16.689 0.010
1487.56246 16.705 0.010
1487.62258 16.726 0.009
1489.58581 16.100 0.007
1490.65830 16.738 0.010
1491.64796 16.543 0.010
1492.56107 16.078 0.007
1494.69598 16.579 0.010
1495.54903 16.082 0.007
1495.61035 16.147 0.007
1499.52121 16.695 0.011
1499.57901 16.715 0.010
1502.59946 16.722 0.010
1502.60610 16.696 0.010
1505.66654 16.715 0.010
1506.60113 16.551 0.010
1509.57747 16.559 0.008
1509.58469 16.564 0.009
1512.67962 16.620 0.010
1514.66104 16.747 0.011
1516.57935 16.220 0.007
1517.57773 16.730 0.010
1518.64927 16.625 0.009
1520.62057 16.735 0.010
1520.67713 16.758 0.010
1522.64927 16.343 0.009
1523.59447 16.726 0.012
1525.54489 16.247 0.008
1526.57737 16.730 0.010
1528.64283 16.351 0.008
1531.68467 16.379 0.008
1544.57561 16.765 0.010
1546.60078 16.375 0.007
1546.63205 16.404 0.008
1551.56380 16.644 0.008
1551.59408 16.655 0.009
1555.57227 16.407 0.010
1556.60453 16.812 0.011
1567.60090 16.464 0.010
1568.57993 16.689 0.010
1573.57493 16.447 0.010
1579.55850 16.453 0.009
1581.58578 16.697 0.009
1584.57062 16.680 0.010
1586.58170 16.145 0.007
1588.55521 16.470 0.016
1592.57833 16.112 0.008
1597.55384 16.525 0.009
1599.55054 16.700 0.010
1602.54035 16.724 0.012
1602.55100 16.730 0.012
1607.53446 16.107 0.008
1607.54120 16.106 0.008
1706.91137 16.714 0.011
1716.91284 16.464 0.009
1726.94401 16.117 0.009
1728.90429 16.503 0.009
1730.92751 16.727 0.009
1731.89087 16.488 0.007
1738.87856 16.080 0.007
1740.87952 16.489 0.010
1740.88626 16.497 0.010
1742.90398 16.715 0.010
1743.87735 16.513 0.010
1744.89644 16.101 0.007
1744.90313 16.120 0.008
1745.89627 16.719 0.010
1749.84678 16.520 0.007
1749.87690 16.521 0.008
1750.87329 16.116 0.007
1750.88021 16.127 0.007
1751.83055 16.726 0.009
1751.86076 16.735 0.009
1752.84632 16.542 0.009
1752.85310 16.513 0.010
1753.84737 16.102 0.007
1753.85391 16.103 0.007
1754.81958 16.716 0.010
1754.84984 16.717 0.010
1755.83946 16.533 0.011
1755.84610 16.562 0.012
1756.86859 16.150 0.009
1756.87580 16.189 0.010
1757.81799 16.725 0.010
1757.82485 16.714 0.010
1758.82264 16.534 0.009
1758.82942 16.528 0.009
1759.81250 16.090 0.007
1759.84255 16.137 0.007
1761.85187 16.547 0.008
1761.85868 16.553 0.009
1762.83427 16.141 0.007
1762.84109 16.146 0.007
1763.83992 16.718 0.008
1763.84663 16.726 0.009
1764.82969 16.540 0.007
1764.83636 16.541 0.008
1765.82587 16.139 0.007
1765.83271 16.169 0.007
1766.77913 16.714 0.011
1766.80645 16.721 0.012
1768.79012 16.116 0.007
1768.82023 16.150 0.008
1769.69898 16.705 0.010
1769.73541 16.706 0.010
1772.81219 16.723 0.009
1773.77943 16.544 0.008
1773.79637 16.535 0.011
1775.80789 16.723 0.009
1775.86330 16.734 0.009
1784.84766 16.722 0.010
1785.78490 16.571 0.008
1788.75099 16.562 0.008
1788.82006 16.576 0.008
1789.75272 16.208 0.007
1803.80514 16.615 0.008
1803.85635 16.648 0.009
1809.78005 16.620 0.008
1811.79721 16.749 0.008
1812.75395 16.623 0.008
1814.84406 16.795 0.009
1815.81036 16.648 0.009
1817.80993 16.771 0.008
1821.61183 16.583 0.010
1821.70694 16.616 0.009
1823.76934 16.773 0.008
1823.77625 16.786 0.009
1828.85579 16.466 0.008
1829.78063 16.813 0.010
1830.76831 16.633 0.010
1847.80430 16.369 0.007
1854.78667 16.699 0.008
1859.75067 16.339 0.008
1863.73436 16.704 0.010
1864.71266 16.449 0.008
1865.71866 16.379 0.007
1871.79512 16.120 0.007
1873.69123 16.466 0.008
2086.91788 16.290 0.009
2104.84997 16.300 0.008
2106.90981 16.656 0.011
2115.90479 16.659 0.011
2116.89092 16.372 0.010
2117.89659 16.802 0.010
2123.83959 16.777 0.011
2128.84414 16.389 0.010
2129.87626 16.791 0.011
2130.82514 16.657 0.010
2132.82488 16.793 0.012
2133.91343 16.715 0.014
2134.82976 16.404 0.010
2135.86420 16.784 0.010
2136.86411 16.693 0.012
2140.83398 16.432 0.010
2142.88122 16.697 0.011
2144.80679 16.783 0.010
2156.84401 16.297 0.009
2162.78028 16.566 0.009
2166.77505 16.695 0.010
2167.74587 16.434 0.009
2168.73237 16.686 0.010
2171.75844 16.402 0.008
2172.76501 16.716 0.010
2173.72710 16.443 0.009
2177.65875 16.759 0.011
2184.72010 16.710 0.012
2185.68358 16.460 0.010
2187.66619 16.695 0.013
2190.71010 16.726 0.011
2191.65193 16.453 0.010
2192.68069 16.247 0.008
2194.67294 16.491 0.009
2201.73902 16.127 0.007
2206.62485 16.473 0.012
2211.66350 16.722 0.010
2212.66257 16.525 0.010
2213.67355 16.100 0.009
2214.65992 16.712 0.012
2215.67521 16.540 0.010
2217.65287 16.708 0.013
2222.74525 16.258 0.010
2223.68499 16.750 0.012
2225.61452 16.115 0.007
2226.66086 16.716 0.012
2228.57626 16.082 0.008
2230.51353 16.488 0.013
2232.52733 16.706 0.012
2234.56941 16.103 0.008
2236.55890 16.521 0.010
2238.56428 16.716 0.011
2241.55111 16.710 0.013
2243.58935 16.174 0.009
2248.63379 16.605 0.010
2250.59981 16.733 0.010
2253.58770 16.734 0.011
2256.56998 16.710 0.012
2263.60167 16.600 0.011
2265.62769 16.747 0.010
2270.58588 16.329 0.009
2272.58395 16.620 0.010
2274.56780 16.735 0.013
2280.54787 16.726 0.014
2285.58638 16.385 0.009
2289.58329 16.804 0.011
2291.58400 16.390 0.010
2293.58450 16.666 0.012
2295.58081 16.795 0.012
2297.58399 16.422 0.010
2299.58047 16.666 0.011
2301.57316 16.756 0.014
2448.90478 16.687 0.014
2460.90484 16.702 0.014
2463.93393 16.696 0.011
2466.85579 16.687 0.013
2467.91966 16.504 0.010
2469.91896 16.714 0.010
2471.90850 16.060 0.008
2472.89857 16.717 0.008
2473.92476 16.523 0.009
2481.88403 16.723 0.014
2483.90769 16.136 0.008
2486.90780 16.170 0.010
2488.90976 16.567 0.012
2492.92209 16.202 0.009
2496.92186 16.722 0.010
2498.79311 16.083 0.008
2499.87810 16.727 0.010
2500.88653 16.576 0.010
2501.87328 16.225 0.008
2502.85344 16.742 0.012
2508.76406 16.725 0.016
2516.79550 16.215 0.010
2517.84227 16.707 0.011
2518.81456 16.591 0.010
2519.81284 16.238 0.008
2520.81101 16.725 0.012
2521.79929 16.571 0.010
2524.80269 16.598 0.012
2526.79652 16.727 0.009
2529.79274 16.714 0.010
2534.85334 16.348 0.010
2535.79098 16.733 0.011
2537.72106 16.238 0.010
2538.82214 16.747 0.012
2539.71930 16.580 0.010
2540.76180 16.291 0.010
2541.73118 16.729 0.011
2542.70100 16.581 0.010
2544.68093 16.732 0.010
2545.69446 16.587 0.010
2547.71245 16.738 0.011
2548.73044 16.619 0.010
2550.72571 16.733 0.010
2551.71224 16.601 0.010
2552.72825 16.320 0.008
2554.72135 16.619 0.010
2555.72929 16.336 0.009
2556.70836 16.735 0.010
2557.72088 16.631 0.010
2558.67736 16.294 0.009
2559.63441 16.720 0.011
2560.66734 16.608 0.010
2561.71296 16.327 0.010
2562.68572 16.749 0.011
2563.69365 16.622 0.011
2564.71001 16.350 0.010
2565.70601 16.744 0.012
2566.68095 16.625 0.010
2568.75000 16.804 0.013
2571.66655 16.743 0.011
2572.74181 16.667 0.012
2573.67988 16.365 0.011
2574.65986 16.753 0.011
2576.69460 16.393 0.010
2577.65966 16.745 0.013
2578.64716 16.647 0.011
2579.65768 16.351 0.010
2580.66582 16.773 0.010
2583.63787 16.763 0.012
2584.64432 16.666 0.011
2586.64552 16.764 0.010
2587.62740 16.646 0.010
2589.61831 16.763 0.011
2590.63505 16.661 0.011
2591.66123 16.405 0.010
2593.62450 16.657 0.011
2594.63052 16.406 0.010
2596.60414 16.653 0.012
2597.59131 16.388 0.010
2598.67151 16.761 0.012
2599.62558 16.708 0.014
2607.64568 16.688 0.012
2610.56701 16.807 0.013
2613.56101 16.803 0.011
2615.59140 16.456 0.014
2619.57591 16.744 0.011
2621.58490 16.447 0.011
2625.56764 16.648 0.014
2627.53833 16.431 0.011
2630.55276 16.468 0.012
2635.56647 16.691 0.010
2637.56136 16.289 0.010
2640.53168 16.384 0.010
2642.57143 16.489 0.010
2646.58278 16.080 0.009
2651.55685 16.501 0.014
2654.57706 16.532 0.012
2657.53693 16.512 0.013
2661.53346 16.087 0.008
2664.57393 16.180 0.010
2672.55188 16.557 0.014
2676.54208 16.209 0.009
2679.55678 16.229 0.009
2683.53515 16.690 0.016
2777.92190 16.106 0.009
2804.85045 16.095 0.010
2805.86773 16.702 0.017
2811.92285 16.730 0.014
2815.89647 16.578 0.010
2817.94510 16.740 0.014
2830.83565 16.584 0.010
2831.80530 16.213 0.011
2832.76599 16.707 0.018
2832.94386 16.764 0.013
2833.88382 16.614 0.013
2834.93447 16.355 0.016
2838.83584 16.724 0.013
2840.84353 16.298 0.014
2843.84485 16.314 0.009
2844.89057 16.752 0.010
2845.93760 16.650 0.012
2849.87410 16.353 0.010
2850.90685 16.771 0.013
2852.83544 16.350 0.011
2854.84679 16.635 0.013
2857.85421 16.648 0.011
2858.92783 16.416 0.009
2860.89376 16.678 0.010
2861.76519 16.322 0.009
2862.88863 16.794 0.012
2865.81300 16.781 0.012
2866.89972 16.666 0.015
2867.80240 16.373 0.010
2868.80602 16.746 0.011
2869.79255 16.646 0.010
2870.83404 16.402 0.010
2871.87716 16.735 0.011
2872.83399 16.676 0.010
2875.82483 16.688 0.012
2876.79424 16.389 0.010
2879.72076 16.356 0.010
2883.84398 16.616 0.010
2885.77933 16.413 0.009
2890.71021 16.654 0.015
2893.76166 16.665 0.010
2895.81088 16.430 0.009
2897.71437 16.406 0.010
2899.75206 16.686 0.011
2903.76784 16.458 0.007
2906.72005 16.440 0.009
2908.69706 16.671 0.010
2910.69195 16.718 0.012
2912.69729 16.439 0.009
2916.71004 16.443 0.009
2918.68693 16.454 0.010
2922.68690 16.414 0.010
2924.62789 16.433 0.010
2926.62189 16.687 0.011
2929.68310 16.704 0.011
2931.65902 16.295 0.008
2933.66948 16.476 0.009
2935.63383 16.711 0.011
2937.65942 16.124 0.009
2939.67488 16.497 0.010
2940.65205 16.106 0.007
2941.62729 16.707 0.010
2942.65210 16.498 0.010
2943.62343 16.160 0.009
2944.60779 16.703 0.010
2946.56257 16.507 0.010
2946.60253 16.176 0.009
2947.63414 16.704 0.013
2949.61524 16.086 0.008
2950.56678 16.715 0.011
2951.64736 16.519 0.010
2953.59527 16.632 0.018
2955.58041 16.117 0.012
2957.59399 16.509 0.010
2960.60844 16.528 0.011
2962.64828 16.740 0.011
2965.65094 16.711 0.010
2968.61328 16.691 0.012
2970.63211 16.195 0.008
2972.63667 16.557 0.010
2975.54474 16.528 0.010
2977.64055 16.724 0.013
2979.58044 16.172 0.009
2983.56125 16.724 0.012
2986.57784 16.717 0.010
2988.54983 16.198 0.009
2991.57597 16.251 0.012
2994.56171 16.266 0.010
2997.57710 16.285 0.009
3000.56823 16.279 0.009
3003.55109 16.284 0.010
3006.53839 16.290 0.009
3009.53367 16.301 0.011
3013.53610 16.734 0.012
3015.57133 16.361 0.009
3018.54843 16.360 0.010
3020.58414 16.654 0.010
3022.53702 16.758 0.014
3024.53679 16.344 0.010
3025.59639 16.778 0.011
3027.62189 16.422 0.010
3029.59359 16.667 0.010
3031.59841 16.761 0.010
3037.54783 16.806 0.014
3183.92985 16.541 0.010
3193.89773 16.701 0.011
3196.86979 16.710 0.010
3197.93221 16.505 0.010
3202.85771 16.698 0.010
3203.89774 16.506 0.008
3206.83557 16.473 0.010
3210.91158 16.090 0.008
3211.86619 16.709 0.013
3215.80130 16.486 0.012
3217.79717 16.707 0.012
3223.85333 16.719 0.013
3228.77203 16.141 0.009
3229.85386 16.718 0.010
3231.83533 16.127 0.009
3238.77219 16.726 0.010
3239.81573 16.534 0.010
3240.80846 16.147 0.009
3241.79193 16.708 0.011
3242.73593 16.495 0.010
3243.86853 16.250 0.009
3244.84712 16.734 0.014
3245.79486 16.555 0.013
3246.78762 16.162 0.008
3247.79600 16.722 0.013
3249.74630 16.117 0.008
3251.75986 16.552 0.009
3254.74755 16.534 0.009
3259.68459 16.695 0.011
3261.72064 16.159 0.009
3263.71786 16.556 0.008
3265.73920 16.729 0.010
3267.72596 16.209 0.009
3269.82047 16.630 0.011
3270.67941 16.159 0.008
3271.68234 16.722 0.010
3273.64065 16.121 0.009
3275.62651 16.519 0.010
3276.72991 16.248 0.009
3277.76855 16.725 0.013
3279.70017 16.222 0.007
3281.65874 16.577 0.008
3283.66041 16.735 0.008
3287.62654 16.565 0.010
3289.64152 16.715 0.011
3293.61508 16.577 0.010
3295.63301 16.741 0.008
3298.57091 16.693 0.013
3300.57321 16.220 0.009
3302.55018 16.554 0.010
3305.65020 16.620 0.010
3307.56249 16.724 0.012
3309.58759 16.269 0.008
3311.53920 16.580 0.010
3314.58215 16.600 0.012
3320.61995 16.630 0.010
3323.56739 16.615 0.010
3327.57491 16.353 0.008
3330.57040 16.349 0.010
3335.61440 16.681 0.011
3338.56007 16.644 0.010
3350.53438 16.670 0.009
3353.59297 16.687 0.010
3359.57002 16.690 0.010
3363.57693 16.452 0.014
3367.63652 16.091 0.007
3372.56999 16.486 0.009
3376.54611 16.289 0.008
3380.53252 16.736 0.016
3386.57950 16.729 0.009
3395.52729 16.743 0.024
3398.57501 16.752 0.011
3402.57225 16.564 0.009
3543.88591 16.163 0.008
3551.90940 16.594 0.012
3554.94062 16.612 0.010
3561.94786 16.326 0.009
3564.92553 16.316 0.007
3568.87116 16.722 0.010
3570.83216 16.262 0.010
3571.82311 16.708 0.013
3573.86881 16.328 0.010
3575.82459 16.586 0.010
3577.88097 16.729 0.011
3578.91699 16.643 0.009
3579.82205 16.285 0.007
3581.89113 16.638 0.010
3582.84743 16.327 0.009
3583.85766 16.745 0.010
3585.87875 16.362 0.007
3586.83092 16.740 0.009
3588.84922 16.360 0.008
3590.80526 16.631 0.009
3592.77001 16.720 0.009
3594.80950 16.363 0.007
3597.84945 16.394 0.009
3600.88561 16.407 0.010
3602.74651 16.609 0.012
3607.83761 16.787 0.010
3617.79363 16.678 0.009
3619.77173 16.790 0.010
3621.76422 16.394 0.008
3628.79109 16.672 0.011
3630.64295 16.356 0.010
3632.64031 16.648 0.012
3634.71321 16.814 0.010
3637.67204 16.794 0.010
3639.72195 16.425 0.007
3641.71873 16.695 0.010
3643.81714 16.094 0.008
3644.75780 16.677 0.008
3646.68884 16.730 0.010
3650.71007 16.701 0.009
3652.64523 16.774 0.009
3654.61568 16.423 0.009
3656.64723 16.684 0.010
3657.70494 16.471 0.008
3658.67986 16.475 0.009
3659.66256 16.711 0.011
3661.61124 16.760 0.012
3663.63418 16.466 0.010
3665.66652 16.703 0.010
3668.61568 16.700 0.010
3670.56638 16.776 0.012
3672.60581 16.449 0.009
3674.63507 16.697 0.009
3676.59289 16.493 0.009
3682.58183 16.345 0.008
3684.57469 16.480 0.009
3686.56458 16.688 0.010
3688.53766 16.468 0.009
3690.54357 16.478 0.010
3692.59612 16.721 0.010
3694.58270 16.084 0.007
3696.57883 16.521 0.009
3698.61253 16.707 0.011
3700.62258 16.138 0.007
3702.61350 16.548 0.010
3704.61402 16.717 0.010
3706.62888 16.196 0.007
3708.61028 16.544 0.010
3712.56681 16.138 0.008
3714.56948 16.542 0.010
3718.55296 16.156 0.008
3721.58516 16.232 0.009
3725.61403 16.728 0.010
3730.53829 16.218 0.007
3734.60896 16.731 0.010
3738.56103 16.599 0.010
3742.55821 16.310 0.010
3747.55798 16.619 0.011
3751.56677 16.345 0.010
3762.54475 16.646 0.013
3766.55000 16.393 0.008
3772.57675 16.416 0.009
3777.52409 16.649 0.013
3871.89614 16.750 0.014
3902.91644 16.661 0.011
3907.91130 16.808 0.011
3913.93685 16.669 0.009
3918.90664 16.439 0.008
3931.93820 16.097 0.008
3934.87617 16.398 0.008
3936.88445 16.489 0.010
3938.86851 16.699 0.010
3945.87547 16.496 0.008
3950.82042 16.717 0.009
3957.77596 16.479 0.012
3959.76543 16.701 0.010
3961.75956 16.306 0.010
3964.76779 16.144 0.007
3966.76004 16.493 0.008
3968.75372 16.685 0.009
3970.74541 16.132 0.007
3973.71474 16.216 0.008
3975.72698 16.495 0.009
3980.66221 16.734 0.010
3981.66195 16.473 0.009
3982.72633 16.085 0.008
3986.69968 16.712 0.011
3991.72887 16.144 0.008
3994.64129 16.104 0.008
3998.67166 16.720 0.010
4001.64248 16.717 0.009
4003.61392 16.089 0.007
4004.69372 16.723 0.010
4005.68785 16.553 0.009
4007.58110 16.715 0.010
4008.59000 16.512 0.008
4011.64048 16.550 0.009
4014.62292 16.530 0.011
4016.61971 16.721 0.010
4018.61612 16.143 0.008
4020.61956 16.541 0.010
4023.60541 16.542 0.010
4025.60578 16.722 0.010
4027.59390 16.184 0.008
4029.57620 16.560 0.009
4031.56328 16.721 0.010
4033.65756 16.291 0.007
4040.53300 16.716 0.011
4042.56089 16.222 0.008
4044.58389 16.551 0.012
4046.61698 16.722 0.011
4049.52892 16.726 0.010
4051.57850 16.309 0.008
4053.62593 16.659 0.009
4055.51857 16.735 0.013
4057.59394 16.354 0.010
4059.59237 16.642 0.009
4063.53741 16.314 0.008
4065.58704 16.641 0.009
4067.58031 16.769 0.010
4069.53318 16.345 0.009
4071.54400 16.637 0.010
4074.54011 16.648 0.010
4077.54182 16.650 0.009
4079.54200 16.756 0.010
4082.54336 16.782 0.010
4085.62069 16.666 0.010
4092.57619 16.688 0.009
4097.61878 16.275 0.008
4100.61020 16.216 0.008
4105.57419 16.453 0.009
4111.61065 16.510 0.008
4115.53011 16.300 0.009
4120.56100 16.507 0.008
4124.57249 16.093 0.007
4128.59647 16.732 0.010
4252.94414 16.083 0.009
4255.86414 16.263 0.010
4268.92311 16.729 0.011
4275.93802 16.585 0.011
4279.83488 16.107 0.010
4282.82628 16.114 0.009
4283.84533 16.741 0.013
4284.87573 16.560 0.011
4285.94115 16.274 0.010
4292.88361 16.742 0.010
4295.87707 16.720 0.010
4296.90756 16.606 0.010
4297.93949 16.324 0.009
4299.87436 16.588 0.009
4300.89610 16.298 0.008
4301.91467 16.737 0.010
4302.93655 16.643 0.010
4306.93326 16.356 0.010
4307.84785 16.740 0.010
4308.67605 16.508 0.010
4308.88395 16.616 0.010
4310.85613 16.727 0.011
4311.85598 16.609 0.014
4312.91815 16.362 0.009
4314.93723 16.663 0.013
4316.84512 16.749 0.013
4320.87243 16.633 0.010
4326.85465 16.654 0.011
4327.83061 16.351 0.011
4328.84636 16.770 0.012
4329.84769 16.643 0.011
4330.87702 16.401 0.010
4332.89323 16.677 0.011
4334.87019 16.788 0.013
4338.92266 16.709 0.011
4340.79350 16.784 0.012
4341.78636 16.649 0.011
4342.86055 16.419 0.010
4343.77992 16.781 0.011
4344.76199 16.652 0.010
4346.71830 16.753 0.012
4348.72407 16.341 0.009
4350.70071 16.629 0.010
4352.80288 16.793 0.012
4353.65885 16.620 0.011
4354.78018 16.402 0.010
4357.76390 16.409 0.010
4359.71785 16.630 0.011
4362.66551 16.652 0.014
4363.62481 16.332 0.010
4365.68317 16.648 0.012
4369.67713 16.379 0.010
4371.66608 16.655 0.012
4376.66957 16.795 0.011
4378.63617 16.390 0.010
4379.66748 16.792 0.014
4381.62663 16.394 0.010
4382.70518 16.685 0.010
4386.67945 16.695 0.010
4388.68017 16.662 0.010
4390.68899 16.443 0.009
4393.68355 16.465 0.010
4396.65811 16.460 0.010
4398.66309 16.700 0.011
4400.68761 16.190 0.009
4404.66459 16.708 0.012
4407.65248 16.709 0.010
4410.68241 16.722 0.010
4415.66874 16.086 0.007
4418.61426 16.128 0.008
4421.67204 16.129 0.008
4423.67651 16.536 0.010
4426.55272 16.488 0.011
4428.56942 16.674 0.013
4430.62964 16.114 0.008
4432.61551 16.531 0.010
4434.62079 16.738 0.011
4436.59710 16.100 0.008
4438.65976 16.574 0.011
4440.59287 16.731 0.012
4442.55437 16.101 0.010
4444.57918 16.542 0.012
4450.61160 16.594 0.012
4452.58914 16.714 0.011
4454.52620 16.140 0.013
4455.59830 16.728 0.011
4457.53381 16.167 0.010
4459.55392 16.570 0.011
4462.58536 16.593 0.011
4466.60949 16.308 0.009
4471.54414 16.598 0.011
4475.53680 16.280 0.010
4480.57922 16.647 0.010
4482.58618 16.751 0.013
4485.58926 16.769 0.014
4488.59149 16.771 0.013
4609.91387 16.299 0.009
4643.89803 16.806 0.013
4650.93691 16.695 0.010
4655.91632 16.618 0.010
4662.79470 16.662 0.010
4662.91153 16.702 0.010
4663.76632 16.391 0.010
4663.91414 16.472 0.010
4665.83940 16.689 0.011
4665.93323 16.692 0.012
4666.92850 16.497 0.010
4666.93239 16.490 0.011
4670.92150 16.099 0.008
4671.89140 16.712 0.011
4673.87344 16.293 0.008
4674.80185 16.676 0.012
4674.86205 16.708 0.011
4676.92169 16.072 0.009
4677.83729 16.697 0.010
4682.81176 16.441 0.010
4684.84962 16.497 0.010
4686.80960 16.706 0.009
4688.82556 16.145 0.008
4690.75115 16.466 0.009
4691.75417 16.545 0.010
4693.90918 16.554 0.011
4696.88282 16.543 0.012
4697.82134 16.087 0.009
4698.77094 16.719 0.010
4699.76504 16.491 0.010
4700.79978 16.090 0.008
4701.80767 16.724 0.011
4703.76688 16.083 0.008
4704.78564 16.715 0.010
4705.79312 16.517 0.010
4707.78554 16.730 0.009
4709.74133 16.116 0.008
4710.76990 16.733 0.010
4715.74991 16.093 0.008
4716.77560 16.727 0.010
4717.70037 16.489 0.010
4719.78965 16.760 0.011
4721.78330 16.170 0.009
4724.66589 16.102 0.009
4725.74535 16.709 0.010
4728.75092 16.735 0.010
4733.72748 16.175 0.008
4740.66908 16.727 0.010
4741.70446 16.564 0.009
4747.60865 16.537 0.010
4749.60833 16.722 0.014
4753.67932 16.578 0.011
4755.67131 16.715 0.010
4757.65583 16.225 0.008
4759.67052 16.577 0.009
4761.63889 16.736 0.009
4763.65132 16.274 0.010
4767.59707 16.735 0.011
4770.66561 16.722 0.011
4772.60337 16.253 0.008
4774.55792 16.563 0.010
4776.54951 16.724 0.011
4777.65146 16.608 0.011
4780.52014 16.563 0.011
4781.61430 16.316 0.010
4783.58323 16.590 0.010
4785.61859 16.757 0.014
4789.54971 16.578 0.010
4791.53126 16.735 0.011
4793.53867 16.307 0.009
4795.55134 16.610 0.010
4797.54359 16.733 0.011
4798.60694 16.642 0.011
4800.65432 16.802 0.011
4803.54545 16.747 0.010
4804.60055 16.627 0.012
4805.58740 16.365 0.009
4807.52518 16.617 0.016
4809.55453 16.760 0.011
4811.57643 16.374 0.009
4813.55337 16.639 0.012
4815.58928 16.800 0.013
4816.53637 16.655 0.010
4818.58665 16.798 0.011
4820.52814 16.384 0.012
4822.58489 16.680 0.010
4824.56971 16.765 0.013
4826.61935 16.459 0.010
4833.56875 16.638 0.010
4835.59200 16.457 0.010
4837.60295 16.677 0.013
4841.57929 16.492 0.010
4843.57354 16.708 0.012
4846.58263 16.711 0.010
4848.61887 16.097 0.007
4850.60635 16.511 0.010
4854.59759 16.099 0.008
4856.61483 16.538 0.009
4862.56274 16.521 0.009
4868.55309 16.492 0.010
