 625.93108 16.853 0.010
 626.92288 16.741 0.010
 627.88857 16.896 0.011
 631.90404 16.833 0.012
 632.89880 16.648 0.011
 635.87471 16.772 0.010
 643.84407 16.671 0.010
 645.87022 16.747 0.010
 647.82802 16.879 0.015
 649.83291 16.888 0.013
 656.88541 16.735 0.009
 657.88927 16.791 0.011
 658.89801 16.842 0.012
 665.86505 16.650 0.009
 666.86713 16.816 0.009
 667.88615 16.713 0.008
 668.85695 16.775 0.008
 670.82260 16.722 0.010
 671.84506 16.901 0.008
 672.85002 16.695 0.008
 673.76307 16.857 0.009
 684.77800 16.874 0.011
 685.77850 16.655 0.009
 686.73458 16.831 0.010
 687.89586 16.644 0.009
 688.86376 16.827 0.009
 689.73033 16.793 0.009
 697.69617 16.821 0.011
 698.71143 16.672 0.011
 699.72224 16.800 0.009
 700.70732 16.779 0.009
 701.67899 16.765 0.009
 704.67354 16.878 0.012
 706.67192 16.867 0.016
 706.76640 16.882 0.013
 707.70248 16.672 0.011
 708.69996 16.827 0.013
 712.70030 16.760 0.010
 713.71453 16.881 0.010
 714.73106 16.737 0.008
 715.77192 16.881 0.010
 716.75445 16.708 0.009
 720.66147 16.690 0.011
 726.72159 16.876 0.010
 728.71470 16.869 0.009
 729.65908 16.647 0.009
 730.61043 16.820 0.011
 733.67006 16.775 0.012
 739.69225 16.864 0.011
 741.65581 16.849 0.010
 742.64965 16.665 0.009
 744.61814 16.805 0.011
 745.65804 16.784 0.010
 746.60285 16.895 0.011
 747.56063 16.711 0.012
 748.55729 16.868 0.013
 749.56370 16.710 0.014
 750.53793 16.805 0.015
 751.56807 16.673 0.011
 752.77184 16.854 0.010
 753.71158 16.637 0.009
 754.74310 16.805 0.011
 755.56679 16.805 0.011
 759.56941 16.883 0.010
 760.57377 16.689 0.009
 761.56900 16.863 0.011
 762.56699 16.654 0.010
 762.69726 16.677 0.011
 762.77566 16.702 0.012
 763.58599 16.828 0.012
 763.73023 16.828 0.011
 764.66402 16.654 0.013
 765.54936 16.788 0.013
 766.58629 16.794 0.012
 766.65282 16.740 0.012
 767.56071 16.765 0.014
 767.71435 16.795 0.014
 769.54562 16.713 0.010
 770.64189 16.886 0.011
 771.61810 16.694 0.009
 772.54613 16.864 0.011
 773.56875 16.657 0.009
 774.63856 16.840 0.010
 775.59144 16.647 0.009
 776.67241 16.807 0.011
 777.58937 16.771 0.010
 778.56251 16.769 0.012
 778.65401 16.775 0.012
 779.62188 16.860 0.012
 780.61020 16.742 0.015
 780.71577 16.777 0.013
 781.59825 16.876 0.010
 782.59589 16.711 0.010
 783.57563 16.855 0.009
 784.61524 16.660 0.010
 785.58612 16.814 0.010
 786.59081 16.656 0.009
 787.67120 16.825 0.010
 787.75701 16.808 0.011
 788.60283 16.756 0.009
 790.55282 16.866 0.012
 795.56461 16.653 0.010
 796.61420 16.825 0.012
 797.68467 16.637 0.009
 798.60211 16.812 0.010
 800.60000 16.791 0.009
 802.58052 16.754 0.011
 805.58657 16.892 0.012
 806.59735 16.669 0.012
 817.62479 16.659 0.009
 819.66591 16.644 0.008
 820.66489 16.814 0.010
 822.58484 16.788 0.009
 823.66215 16.798 0.010
 824.61026 16.754 0.011
 824.67307 16.749 0.012
 825.68345 16.908 0.017
 828.64349 16.687 0.010
 829.61009 16.860 0.011
 832.61699 16.698 0.009
 833.63712 16.790 0.009
 834.65130 16.777 0.011
 836.58468 16.896 0.012
 838.55779 16.854 0.013
 840.57325 16.834 0.011
 845.57892 16.831 0.009
 850.54638 16.685 0.012
 855.55306 16.782 0.012
 856.54093 16.833 0.012
 859.54057 16.713 0.010
 860.57289 16.877 0.012
 866.56021 16.805 0.012
 876.52875 16.708 0.009
 962.90944 16.744 0.011
 986.87572 16.704 0.010
 987.88802 16.877 0.011
 991.90192 16.813 0.010
 996.86810 16.905 0.006
 998.87534 16.878 0.011
1003.80650 16.751 0.013
1005.83193 16.854 0.012
1008.86510 16.713 0.011
1020.82796 16.882 0.011
1025.80761 16.738 0.011
1035.78249 16.812 0.011
1037.80971 16.791 0.010
1038.90876 16.776 0.012
1041.87918 16.725 0.009
1045.78030 16.646 0.008
1049.80072 16.823 0.011
1052.81108 16.727 0.010
1055.68083 16.835 0.010
1058.83265 16.673 0.010
1059.81150 16.787 0.012
1064.75466 16.900 0.011
1068.74650 16.813 0.010
1071.77449 16.831 0.009
1075.79160 16.905 0.010
1078.71338 16.618 0.007
1080.65943 16.787 0.009
1083.75175 16.775 0.007
1086.60228 16.841 0.011
1090.68539 16.804 0.011
1092.68545 16.797 0.011
1094.68161 16.752 0.008
1102.65020 16.740 0.009
1107.61855 16.716 0.008
1112.72472 16.812 0.010
1117.60014 16.873 0.011
1122.61170 16.660 0.009
1128.56029 16.884 0.013
1132.59067 16.813 0.010
1135.65932 16.701 0.009
1138.61212 16.740 0.009
1140.64453 16.742 0.009
1144.64752 16.661 0.010
1151.58199 16.709 0.009
1154.60157 16.827 0.011
1157.64733 16.686 0.010
1160.63882 16.783 0.011
1163.72076 16.888 0.011
1166.68777 16.657 0.007
1170.61671 16.806 0.009
1175.67784 16.725 0.011
1179.67553 16.666 0.010
1183.68441 16.856 0.011
1186.67824 16.704 0.008
1189.56679 16.840 0.009
1192.61139 16.784 0.009
1202.55798 16.791 0.012
1206.56161 16.718 0.011
1212.55314 16.694 0.013
1216.55921 16.886 0.013
1220.55539 16.854 0.012
1227.55101 16.905 0.014
1233.53856 16.843 0.015
1329.80000 16.762 0.013
1330.91016 16.834 0.013
1335.85533 16.671 0.012
1340.93120 16.783 0.010
1347.91252 16.859 0.012
1355.90143 16.736 0.012
1365.90232 16.864 0.012
1367.87986 16.886 0.013
1369.86753 16.858 0.012
1374.86645 16.806 0.012
1395.83203 16.806 0.012
1397.85538 16.787 0.011
1401.86906 16.699 0.010
1407.87635 16.754 0.010
1412.77432 16.694 0.010
1418.81440 16.779 0.010
1430.70839 16.766 0.011
1432.77328 16.725 0.009
1438.72616 16.696 0.009
1441.83323 16.777 0.009
1447.68968 16.662 0.013
1451.65573 16.833 0.011
1454.62998 16.707 0.011
1459.67555 16.816 0.011
1461.65039 16.812 0.011
1462.70876 16.789 0.010
1470.59759 16.810 0.014
1475.62166 16.894 0.012
1478.57027 16.686 0.011
1479.58644 16.843 0.012
1484.58568 16.848 0.011
1487.61271 16.715 0.010
1490.64843 16.865 0.012
1492.55119 16.832 0.013
1495.60050 16.831 0.011
1498.56638 16.719 0.011
1502.58956 16.637 0.010
1505.65665 16.791 0.012
1509.56758 16.700 0.010
1512.66974 16.860 0.012
1516.56944 16.793 0.009
1518.63937 16.755 0.011
1520.66723 16.742 0.011
1523.58457 16.879 0.020
1526.56748 16.683 0.010
1531.67477 16.747 0.010
1546.59089 16.672 0.009
1551.55393 16.765 0.010
1556.59468 16.842 0.012
1567.59105 16.831 0.017
1571.58552 16.820 0.010
1576.57437 16.863 0.013
1582.58507 16.832 0.011
1585.55891 16.833 0.012
1589.56078 16.863 0.012
1599.54073 16.703 0.013
1602.53054 16.851 0.015
1607.52465 16.848 0.014
1702.89521 16.731 0.012
1703.93713 16.891 0.012
1716.90312 16.871 0.012
1728.89458 16.669 0.010
1731.88117 16.819 0.009
1740.86979 16.814 0.012
1742.87139 16.819 0.011
1743.86763 16.729 0.010
1744.88669 16.792 0.011
1749.83709 16.874 0.009
1750.86355 16.666 0.010
1751.82081 16.840 0.010
1752.83661 16.664 0.009
1753.83767 16.806 0.010
1754.80987 16.768 0.010
1755.82972 16.797 0.016
1756.85886 16.865 0.019
1757.80829 16.751 0.013
1758.81289 16.879 0.011
1759.80275 16.694 0.009
1761.84216 16.682 0.010
1762.82452 16.820 0.011
1763.83020 16.666 0.008
1764.81994 16.797 0.009
1765.81611 16.751 0.012
1766.76941 16.766 0.013
1768.78037 16.731 0.011
1769.68924 16.882 0.012
1771.78254 16.840 0.014
1772.80244 16.642 0.009
1773.76969 16.812 0.010
1775.85353 16.825 0.010
1784.83787 16.843 0.011
1788.74122 16.771 0.011
1803.79535 16.719 0.010
1808.80423 16.799 0.009
1811.78742 16.843 0.009
1814.83423 16.726 0.009
1817.80012 16.847 0.009
1821.60201 16.759 0.012
1823.75952 16.741 0.008
1828.84598 16.847 0.011
1829.77076 16.634 0.010
1845.72608 16.744 0.009
1845.78642 16.757 0.010
1847.79444 16.770 0.008
1848.61348 16.847 0.010
1848.72322 16.858 0.011
1851.60477 16.673 0.011
1851.70721 16.634 0.011
1854.59455 16.765 0.011
1854.64886 16.806 0.010
1854.77682 16.812 0.010
1859.74079 16.852 0.011
1860.73689 16.662 0.011
1863.57402 16.803 0.010
1863.72447 16.814 0.012
1866.57686 16.873 0.009
1869.66440 16.712 0.009
1869.72139 16.745 0.012
1871.78523 16.681 0.009
1872.56501 16.821 0.011
2090.90645 16.712 0.013
2105.90431 16.900 0.012
2106.86900 16.717 0.013
2113.84931 16.799 0.012
2116.85251 16.890 0.012
2123.79926 16.734 0.012
2127.81422 16.891 0.018
2128.80717 16.706 0.013
2129.83914 16.870 0.012
2130.86372 16.678 0.011
2131.85700 16.839 0.014
2133.87603 16.844 0.016
2134.79108 16.735 0.013
2135.82375 16.797 0.011
2136.84410 16.827 0.013
2137.79775 16.731 0.011
2140.79271 16.861 0.013
2141.82752 16.690 0.014
2142.76949 16.857 0.012
2143.80029 16.629 0.011
2144.84635 16.808 0.011
2155.86014 16.828 0.017
2156.80676 16.694 0.012
2160.73173 16.892 0.014
2162.74263 16.874 0.012
2166.73725 16.814 0.011
2167.78340 16.684 0.010
2171.72201 16.876 0.010
2172.72763 16.709 0.011
2173.70817 16.864 0.012
2177.59917 16.810 0.015
2184.68234 16.888 0.015
2185.64629 16.665 0.012
2187.70370 16.645 0.013
2188.66169 16.798 0.015
2190.67272 16.786 0.011
2191.68098 16.854 0.013
2192.64577 16.737 0.010
2193.66687 16.907 0.011
2194.63500 16.718 0.011
2195.70179 16.906 0.010
2200.61254 16.751 0.012
2201.64961 16.770 0.011
2203.70608 16.743 0.009
2211.62361 16.731 0.012
2212.62461 16.800 0.013
2213.63301 16.843 0.014
2214.61722 16.742 0.013
2215.63166 16.912 0.013
2217.61865 16.841 0.015
2219.66111 16.851 0.014
2222.62968 16.753 0.014
2224.69634 16.799 0.011
2226.61688 16.878 0.014
2228.54117 16.885 0.016
2229.59938 16.680 0.012
2231.55103 16.683 0.012
2235.64129 16.831 0.011
2238.52990 16.714 0.014
2240.63375 16.688 0.011
2242.60155 16.657 0.012
2244.61975 16.717 0.012
2248.58257 16.875 0.010
2250.54997 16.890 0.014
2252.60744 16.837 0.013
2255.58555 16.722 0.011
2257.60724 16.834 0.011
2262.59787 16.687 0.011
2266.58731 16.719 0.013
2272.56490 16.874 0.012
2274.55052 16.848 0.013
2277.58557 16.696 0.011
2283.58242 16.860 0.013
2290.57714 16.826 0.012
2292.58769 16.919 0.015
2294.59085 16.897 0.014
2298.56767 16.842 0.016
2300.56644 16.788 0.014
2303.54996 16.885 0.017
2445.89193 16.847 0.016
2458.93304 16.841 0.014
2463.89667 16.892 0.014
2465.90934 16.886 0.012
2467.88219 16.853 0.013
2469.88184 16.823 0.012
2470.91616 16.661 0.010
2471.92738 16.824 0.013
2473.86735 16.764 0.011
2483.83976 16.808 0.012
2486.85724 16.716 0.014
2489.90382 16.851 0.013
2492.88488 16.661 0.013
2496.88449 16.871 0.012
2497.90793 16.718 0.012
2498.91078 16.881 0.011
2499.84089 16.689 0.012
2500.84534 16.862 0.012
2501.83527 16.632 0.010
2502.81508 16.840 0.013
2503.83059 16.656 0.011
2516.75779 16.814 0.014
2517.80457 16.779 0.012
2518.77555 16.880 0.012
2519.85437 16.719 0.011
2520.77256 16.866 0.013
2521.84378 16.701 0.010
2524.84155 16.824 0.015
2526.75915 16.778 0.010
2534.81620 16.650 0.011
2535.83613 16.830 0.013
2537.68350 16.800 0.016
2538.77710 16.790 0.013
2539.68434 16.740 0.012
2541.69625 16.728 0.011
2542.66605 16.873 0.012
2544.64357 16.845 0.011
2545.65977 16.637 0.010
2547.67763 16.708 0.012
2548.69307 16.798 0.012
2550.68799 16.748 0.012
2551.67470 16.882 0.012
2552.69084 16.718 0.010
2554.68402 16.660 0.010
2555.69196 16.838 0.012
2556.67087 16.647 0.011
2557.68345 16.812 0.011
2558.63995 16.709 0.011
2559.59667 16.792 0.012
2560.62987 16.835 0.012
2561.65550 16.748 0.015
2562.64833 16.875 0.012
2563.65612 16.707 0.011
2564.67174 16.879 0.013
2565.65870 16.666 0.011
2566.64369 16.845 0.012
2568.67503 16.821 0.015
2571.62651 16.842 0.017
2572.72400 16.795 0.014
2573.64103 16.880 0.014
2574.62492 16.703 0.012
2576.62455 16.698 0.014
2577.61057 16.829 0.016
2578.60887 16.640 0.012
2579.61826 16.823 0.012
2580.63034 16.683 0.011
2583.60170 16.752 0.014
2584.60921 16.871 0.016
2587.58964 16.674 0.012
2588.61850 16.853 0.013
2589.57961 16.649 0.011
2590.59439 16.810 0.014
2591.59555 16.706 0.012
2593.58615 16.837 0.011
2594.58990 16.758 0.014
2596.56607 16.708 0.014
2597.55341 16.856 0.015
2598.60633 16.673 0.011
2599.58547 16.851 0.018
2607.60638 16.711 0.014
2610.52671 16.867 0.015
2613.51888 16.726 0.012
2615.55069 16.812 0.015
2619.53015 16.892 0.014
2621.54678 16.858 0.013
2623.59473 16.827 0.013
2626.53830 16.831 0.012
2629.54488 16.729 0.015
2635.54596 16.689 0.010
2639.52641 16.894 0.021
2641.57196 16.905 0.013
2646.55782 16.662 0.013
2650.57034 16.885 0.012
2654.53775 16.853 0.016
2656.58581 16.827 0.014
2660.53155 16.760 0.015
2664.55642 16.692 0.013
2669.52911 16.792 0.013
2673.54609 16.750 0.014
2675.56197 16.709 0.012
2678.56229 16.848 0.015
2682.52203 16.781 0.018
2777.88447 16.901 0.018
2804.89045 16.642 0.014
2810.92282 16.862 0.013
2814.92038 16.856 0.012
2817.90833 16.639 0.012
2825.88407 16.870 0.016
2830.92254 16.728 0.013
2831.76280 16.763 0.015
2832.72829 16.892 0.015
2833.84637 16.747 0.015
2834.85412 16.894 0.017
2837.85229 16.669 0.014
2839.88805 16.650 0.011
2841.86874 16.740 0.012
2844.85400 16.742 0.010
2845.89996 16.882 0.016
2848.93697 16.698 0.016
2850.87007 16.650 0.012
2851.91336 16.818 0.012
2852.78400 16.772 0.011
2853.92389 16.800 0.012
2856.79707 16.857 0.016
2858.89110 16.880 0.012
2860.85718 16.873 0.013
2861.72813 16.682 0.010
2862.90715 16.816 0.014
2863.81623 16.777 0.014
2865.85017 16.870 0.011
2866.86289 16.745 0.013
2867.84384 16.913 0.013
2868.78757 16.687 0.010
2870.79725 16.656 0.010
2872.75467 16.659 0.010
2876.75744 16.870 0.012
2879.78805 16.698 0.010
2883.80643 16.652 0.009
2885.74162 16.780 0.012
2888.78984 16.737 0.012
2892.78146 16.645 0.013
2894.74773 16.658 0.011
2896.74486 16.767 0.011
2898.76577 16.850 0.012
2900.72775 16.899 0.011
2902.72728 16.880 0.011
2905.73445 16.657 0.011
2907.73571 16.747 0.011
2909.72470 16.878 0.011
2911.71617 16.880 0.010
2915.68756 16.832 0.012
2917.71355 16.809 0.011
2921.71145 16.732 0.011
2923.73276 16.713 0.011
2925.69630 16.646 0.010
2927.69373 16.670 0.012
2930.71161 16.791 0.012
2932.71797 16.759 0.011
2934.69806 16.705 0.010
2937.61857 16.827 0.014
2939.71219 16.815 0.012
2940.61519 16.800 0.010
2941.60882 16.765 0.010
2942.61500 16.868 0.011
2943.56739 16.727 0.013
2944.57082 16.877 0.012
2945.58759 16.694 0.014
2947.58440 16.623 0.012
2949.57856 16.689 0.011
2951.61031 16.812 0.013
2952.63771 16.789 0.012
2954.66427 16.743 0.013
2956.61034 16.685 0.010
2958.59501 16.660 0.010
2961.57582 16.816 0.015
2965.60421 16.732 0.010
2968.57532 16.856 0.013
2970.59466 16.827 0.012
2974.57313 16.771 0.012
2976.52905 16.711 0.013
2977.59605 16.879 0.015
2979.56036 16.883 0.015
2981.60539 16.845 0.017
2987.62911 16.737 0.011
2989.55140 16.672 0.011
2992.55319 16.841 0.014
2995.59605 16.759 0.010
2998.55403 16.740 0.013
3001.55533 16.868 0.013
3004.54730 16.677 0.012
3007.55342 16.776 0.011
3010.55256 16.887 0.012
3016.56968 16.827 0.013
3019.58313 16.849 0.013
3021.59706 16.880 0.010
3023.55240 16.857 0.012
3025.54974 16.828 0.013
3027.58503 16.827 0.012
3029.55695 16.765 0.011
3031.56130 16.741 0.013
3033.56379 16.710 0.011
3036.58099 16.833 0.014
3040.54401 16.790 0.013
3160.84150 16.696 0.014
3183.89340 16.876 0.012
3193.86117 16.714 0.012
3195.92015 16.698 0.011
3197.89573 16.631 0.011
3201.85317 16.832 0.011
3203.86033 16.906 0.010
3204.92393 16.761 0.011
3210.87494 16.716 0.010
3211.90321 16.794 0.011
3215.68167 16.674 0.013
3216.70294 16.856 0.016
3217.77892 16.672 0.012
3218.88896 16.856 0.017
3223.81647 16.827 0.014
3226.80497 16.716 0.012
3231.76471 16.835 0.015
3239.77426 16.656 0.010
3240.76361 16.854 0.013
3241.83281 16.667 0.011
3242.69530 16.795 0.011
3243.82793 16.700 0.011
3244.80901 16.806 0.012
3245.75445 16.869 0.012
3246.75073 16.764 0.011
3247.74207 16.888 0.014
3249.70918 16.873 0.012
3251.72192 16.836 0.010
3254.70926 16.775 0.011
3256.77512 16.839 0.012
3260.68530 16.853 0.013
3262.72124 16.860 0.010
3264.67293 16.817 0.010
3266.74393 16.805 0.012
3268.67724 16.738 0.010
3270.65758 16.699 0.011
3271.64504 16.864 0.013
3272.70187 16.680 0.010
3274.68403 16.680 0.011
3276.69288 16.742 0.011
3277.72570 16.814 0.012
3279.65830 16.738 0.010
3281.61774 16.700 0.009
3283.62356 16.669 0.008
3287.58963 16.792 0.011
3289.60060 16.872 0.010
3293.57761 16.869 0.010
3295.59635 16.836 0.008
3297.57764 16.816 0.008
3299.63453 16.761 0.009
3301.60864 16.753 0.013
3303.67078 16.723 0.012
3306.60342 16.833 0.009
3308.59130 16.805 0.014
3310.59043 16.772 0.013
3312.59271 16.733 0.010
3314.54508 16.687 0.014
3320.58283 16.766 0.010
3321.57855 16.814 0.012
3327.53764 16.680 0.012
3330.53156 16.812 0.013
3335.57260 16.912 0.013
3338.57963 16.657 0.010
3349.57673 16.655 0.007
3353.55408 16.738 0.011
3360.56269 16.689 0.011
3363.53457 16.837 0.013
3367.59776 16.764 0.010
3375.53075 16.740 0.012
3378.57631 16.766 0.010
3386.54267 16.712 0.009
3390.55112 16.892 0.013
3398.53811 16.817 0.011
3402.52621 16.735 0.011
3538.93504 16.784 0.012
3547.89635 16.806 0.012
3554.90454 16.867 0.013
3561.87072 16.888 0.010
3561.92372 16.892 0.009
3564.88706 16.680 0.009
3569.90914 16.803 0.010
3570.72262 16.896 0.016
3571.77940 16.757 0.015
3573.81609 16.704 0.012
3574.86256 16.892 0.012
3577.82114 16.653 0.010
3583.81890 16.883 0.011
3584.79054 16.711 0.010
3588.79298 16.641 0.008
3593.82864 16.784 0.010
3596.80232 16.898 0.012
3607.76809 16.882 0.010
3614.76595 16.801 0.009
3617.74292 16.724 0.009
3624.80284 16.794 0.011
3626.69822 16.737 0.010
3636.75898 16.780 0.012
3638.65246 16.880 0.011
3646.63543 16.792 0.011
3651.71426 16.881 0.010
3653.68544 16.837 0.010
3665.59549 16.645 0.009
3692.55166 16.730 0.010
3694.54504 16.697 0.012
3696.53684 16.667 0.009
3698.57890 16.666 0.012
3700.55810 16.736 0.010
3704.56638 16.919 0.013
3706.57590 16.858 0.010
3708.56488 16.896 0.012
3711.57153 16.690 0.011
3713.59401 16.816 0.011
3717.56195 16.902 0.015
3721.52618 16.853 0.020
3724.53127 16.850 0.012
3726.52768 16.866 0.012
3728.53419 16.871 0.012
3734.54534 16.799 0.011
3740.55873 16.675 0.009
3746.53946 16.818 0.014
3761.58737 16.894 0.011
3765.55348 16.836 0.009
3771.56542 16.746 0.011
3776.52483 16.848 0.015
3780.54912 16.790 0.014
3871.86172 16.704 0.014
3900.94809 16.686 0.013
3905.94263 16.815 0.011
3913.90154 16.644 0.009
3917.93852 16.739 0.010
3936.85132 16.823 0.010
3938.83532 16.801 0.012
3944.88302 16.705 0.010
3946.84757 16.656 0.009
3951.87013 16.788 0.009
3960.81241 16.826 0.010
3963.80913 16.854 0.013
3965.80103 16.894 0.009
3967.82072 16.860 0.009
3969.78656 16.806 0.010
3971.76223 16.808 0.009
3974.76441 16.884 0.012
3979.71982 16.669 0.010
3980.60247 16.812 0.013
3983.89915 16.693 0.010
3987.76770 16.871 0.010
3990.77559 16.653 0.009
3993.71850 16.794 0.011
3995.72422 16.760 0.009
3999.73442 16.695 0.009
4002.70713 16.829 0.009
4007.54651 16.907 0.011
4008.55737 16.695 0.009
4018.71980 16.855 0.011
4037.63539 16.782 0.009
4039.58967 16.749 0.009
4041.58195 16.715 0.012
4056.57055 16.687 0.011
4058.57207 16.697 0.011
4065.51713 16.679 0.011
4068.51724 16.819 0.012
4070.53581 16.771 0.011
4073.56171 16.869 0.013
4076.62889 16.718 0.011
4078.58888 16.651 0.009
4080.59951 16.686 0.010
4085.54704 16.731 0.011
4092.54199 16.800 0.009
4096.55352 16.733 0.011
4099.59664 16.912 0.012
4104.58751 16.753 0.012
4111.57548 16.672 0.008
4120.53254 16.712 0.010
4126.55741 16.735 0.011
4252.91154 16.813 0.014
4255.82730 16.892 0.018
4268.94014 16.894 0.012
4275.90759 16.715 0.013
4279.78530 16.886 0.020
4282.79591 16.665 0.012
4283.87929 16.852 0.015
4283.93413 16.855 0.014
4285.90307 16.834 0.013
4291.92358 16.729 0.013
4293.89165 16.676 0.010
4296.87616 16.824 0.011
4297.90876 16.709 0.011
4299.84378 16.835 0.011
4300.86516 16.736 0.010
4301.88320 16.887 0.011
4302.89920 16.705 0.011
4306.84685 16.629 0.011
4307.88311 16.815 0.010
4308.64468 16.870 0.014
4308.85110 16.724 0.011
4310.82475 16.849 0.014
4311.81211 16.753 0.015
4312.88598 16.890 0.011
4316.81231 16.841 0.013
4319.84426 16.719 0.011
4326.82031 16.683 0.012
4327.79820 16.848 0.015
4328.81384 16.629 0.011
4329.81731 16.810 0.013
4330.91317 16.664 0.012
4333.87875 16.766 0.012
4338.88277 16.839 0.014
4340.75448 16.799 0.012
4343.74392 16.854 0.011
4354.74141 16.861 0.014
4357.68196 16.694 0.011
4359.67990 16.650 0.012
4369.63419 16.842 0.018
4372.65763 16.635 0.010
4375.62008 16.770 0.015
4382.66829 16.833 0.013
4386.64329 16.765 0.011
4388.64411 16.730 0.012
4390.65312 16.690 0.010
4392.67756 16.661 0.010
4400.64995 16.890 0.014
4403.63856 16.651 0.012
4407.61578 16.731 0.012
4408.64102 16.793 0.012
4412.68556 16.713 0.012
4416.67068 16.644 0.010
4418.67958 16.689 0.010
4421.61319 16.764 0.013
4423.69485 16.727 0.011
4429.54647 16.750 0.016
4431.55102 16.878 0.013
4433.55699 16.879 0.013
4435.54096 16.852 0.013
4437.61311 16.840 0.014
4439.54615 16.822 0.014
4441.58189 16.795 0.013
4449.62587 16.645 0.010
4451.58151 16.716 0.010
4453.56385 16.854 0.014
4458.56629 16.657 0.011
4472.55162 16.825 0.011
4478.57770 16.727 0.013
4481.55933 16.845 0.013
4484.55987 16.686 0.014
4486.60823 16.804 0.014
4502.56048 16.703 0.014
4609.87294 16.654 0.011
4638.93787 16.732 0.011
4643.86269 16.812 0.013
4648.92879 16.878 0.012
4656.90275 16.822 0.010
4662.75900 16.656 0.011
4663.73061 16.850 0.013
4665.80358 16.808 0.013
4666.89136 16.680 0.013
4670.88564 16.879 0.012
4671.87193 16.719 0.012
4672.85988 16.870 0.012
4675.86622 16.656 0.011
4681.85720 16.881 0.011
4687.87412 16.834 0.010
4688.78974 16.706 0.009
4689.74749 16.775 0.010
4690.71516 16.859 0.010
4691.71819 16.731 0.012
4696.79487 16.845 0.017
4698.73499 16.831 0.011
4701.72060 16.884 0.013
4703.73096 16.881 0.012
4707.74914 16.841 0.010
4716.73546 16.856 0.010
4719.72758 16.641 0.011
4721.71627 16.717 0.013
4728.73182 16.669 0.010
4747.56355 16.896 0.013
4755.63017 16.782 0.011
4759.63232 16.703 0.010
4761.59751 16.650 0.010
4763.61510 16.623 0.011
4766.58304 16.768 0.014
4771.66635 16.863 0.011
4775.64415 16.823 0.015
4783.54541 16.660 0.013
4785.57802 16.659 0.012
4788.59339 16.784 0.011
4790.59566 16.741 0.009
4792.57381 16.713 0.010
4794.55427 16.674 0.010
4796.62422 16.653 0.010
4800.61815 16.805 0.010
4802.59561 16.895 0.013
4808.52613 16.809 0.015
4813.57669 16.883 0.013
4815.54900 16.870 0.013
4817.56942 16.835 0.011
4819.56336 16.839 0.012
4824.55142 16.885 0.013
4826.60118 16.881 0.012
4834.59359 16.815 0.016
4837.58485 16.875 0.014
4862.55120 16.653 0.009
