 622.87639 16.140 0.008
 624.90295 16.394 0.009
 625.89039 16.173 0.008
 626.86192 16.314 0.008
 627.84814 16.298 0.008
 631.91797 16.287 0.009
 633.89391 16.182 0.008
 635.88877 16.241 0.008
 643.85778 16.234 0.009
 645.82951 16.367 0.009
 647.78721 16.293 0.010
 649.78462 16.185 0.009
 652.83182 16.237 0.008
 656.84497 16.372 0.008
 657.81723 16.196 0.009
 658.85754 16.329 0.011
 663.76379 16.292 0.009
 664.86871 16.331 0.008
 665.81600 16.196 0.007
 666.82656 16.333 0.008
 667.84578 16.180 0.008
 668.81660 16.252 0.007
 670.78218 16.155 0.008
 671.80422 16.301 0.008
 672.80977 16.344 0.008
 673.77715 16.196 0.008
 684.73753 16.246 0.008
 685.79239 16.376 0.008
 686.69365 16.149 0.009
 687.77501 16.307 0.008
 688.71705 16.354 0.008
 689.74420 16.215 0.008
 697.71032 16.197 0.008
 698.78143 16.355 0.008
 699.68047 16.164 0.008
 700.72125 16.260 0.008
 701.69348 16.379 0.009
 704.72145 16.300 0.009
 706.68712 16.355 0.010
 707.72468 16.147 0.009
 708.74883 16.268 0.009
 712.74937 16.263 0.008
 713.73074 16.218 0.008
 714.74572 16.378 0.008
 715.71128 16.147 0.008
 716.67936 16.270 0.008
 726.66198 16.168 0.008
 728.67269 16.262 0.008
 729.67482 16.218 0.008
 730.65919 16.367 0.009
 733.62568 16.389 0.010
 739.64565 16.128 0.008
 741.61144 16.400 0.008
 742.58769 16.190 0.008
 744.63481 16.227 0.008
 745.58574 16.221 0.008
 746.77655 16.391 0.009
 747.64702 16.145 0.008
 748.60875 16.283 0.009
 749.61414 16.365 0.009
 750.60798 16.193 0.008
 751.61639 16.334 0.009
 752.73081 16.169 0.008
 753.66644 16.240 0.008
 759.62428 16.352 0.008
 760.64995 16.184 0.008
 761.62600 16.241 0.008
 761.73126 16.272 0.010
 762.61738 16.379 0.010
 762.64694 16.388 0.009
 763.63360 16.140 0.008
 763.74435 16.158 0.008
 764.72030 16.284 0.011
 765.56567 16.370 0.011
 766.60311 16.203 0.009
 766.70600 16.212 0.009
 767.61065 16.358 0.011
 767.67227 16.345 0.012
 767.77289 16.350 0.012
 769.59348 16.238 0.009
 769.66720 16.258 0.008
 770.59961 16.388 0.009
 771.63268 16.141 0.008
 772.59453 16.288 0.008
 773.59962 16.349 0.008
 773.75184 16.249 0.009
 774.59263 16.199 0.008
 775.55053 16.338 0.008
 776.63143 16.151 0.008
 777.60570 16.260 0.008
 778.60910 16.385 0.009
 779.63598 16.151 0.008
 779.74630 16.176 0.008
 780.63584 16.300 0.009
 781.55017 16.331 0.008
 781.72851 16.234 0.008
 782.61356 16.217 0.009
 782.73954 16.214 0.009
 783.53272 16.337 0.008
 784.57465 16.156 0.008
 785.60152 16.267 0.008
 785.74709 16.280 0.008
 786.60519 16.385 0.008
 787.68563 16.167 0.008
 788.61847 16.318 0.008
 788.64401 16.330 0.008
 790.56716 16.209 0.008
 792.54512 16.144 0.008
 795.60981 16.166 0.008
 796.53870 16.304 0.010
 796.72408 16.326 0.010
 797.69886 16.220 0.008
 798.56151 16.214 0.008
 799.69946 16.381 0.009
 800.61444 16.123 0.008
 802.67450 16.354 0.011
 805.60182 16.259 0.009
 806.61201 16.240 0.010
 808.54342 16.130 0.009
 816.67441 16.159 0.008
 817.58449 16.291 0.008
 819.54729 16.180 0.008
 820.62359 16.316 0.009
 822.54416 16.241 0.009
 824.56995 16.140 0.008
 825.64308 16.319 0.009
 828.60325 16.339 0.008
 829.56985 16.186 0.008
 832.57675 16.151 0.008
 833.59662 16.288 0.009
 834.56622 16.350 0.009
 836.54435 16.322 0.009
 838.57732 16.237 0.009
 840.58708 16.150 0.008
 845.53881 16.170 0.008
 850.56194 16.316 0.008
 855.56695 16.380 0.011
 859.55475 16.210 0.008
 866.51933 16.282 0.010
 962.92318 16.209 0.008
 966.92267 16.390 0.008
 970.89906 16.196 0.008
 976.87970 16.326 0.010
 986.83405 16.194 0.009
 987.84769 16.354 0.009
 991.91571 16.180 0.008
 996.91963 16.147 0.008
 998.89074 16.373 0.009
1004.78932 16.126 0.008
1006.81793 16.403 0.010
1020.88740 16.149 0.008
1035.74011 16.377 0.009
1037.76931 16.295 0.008
1041.77748 16.166 0.007
1045.73919 16.296 0.008
1048.72037 16.339 0.009
1052.76324 16.161 0.008
1055.63653 16.183 0.008
1058.84849 16.278 0.010
1059.76647 16.372 0.010
1061.71925 16.304 0.008
1064.80314 16.359 0.010
1068.70454 16.168 0.008
1072.68467 16.330 0.008
1076.66247 16.160 0.008
1078.67302 16.301 0.008
1081.68557 16.137 0.008
1084.62375 16.156 0.008
1087.64364 16.214 0.008
1090.70003 16.304 0.008
1092.73213 16.189 0.008
1094.63883 16.277 0.008
1102.60899 16.263 0.008
1106.70385 16.293 0.008
1110.62295 16.249 0.010
1116.58143 16.170 0.008
1120.57001 16.379 0.009
1126.64535 16.192 0.008
1129.54381 16.137 0.008
1132.52687 16.180 0.009
1135.57694 16.247 0.008
1138.62662 16.297 0.008
1140.60405 16.193 0.008
1151.54119 16.247 0.008
1155.54281 16.320 0.008
1159.53826 16.253 0.008
1162.57066 16.304 0.008
1164.68423 16.243 0.009
1170.54264 16.313 0.008
1178.65269 16.342 0.009
1182.66459 16.142 0.008
1183.70294 16.293 0.008
1185.68608 16.202 0.008
1188.68543 16.257 0.008
1191.56917 16.283 0.009
1202.58426 16.353 0.011
1205.53570 16.368 0.009
1211.55616 16.171 0.009
1217.56680 16.196 0.008
1220.56927 16.276 0.009
1229.52200 16.386 0.011
1238.51829 16.191 0.012
1327.90254 16.335 0.012
1330.81924 16.195 0.009
1335.87098 16.334 0.010
1340.89048 16.397 0.010
1348.92653 16.392 0.009
1354.90013 16.137 0.008
1360.91986 16.240 0.009
1365.91607 16.168 0.009
1367.83957 16.261 0.010
1374.91162 16.325 0.009
1394.84780 16.167 0.008
1395.87928 16.311 0.009
1397.80099 16.195 0.009
1401.82802 16.378 0.009
1402.91291 16.157 0.008
1407.83599 16.163 0.008
1412.73129 16.356 0.009
1417.88963 16.391 0.009
1430.72225 16.366 0.010
1432.73294 16.260 0.008
1435.68939 16.315 0.010
1439.65580 16.167 0.008
1442.65948 16.159 0.008
1447.73470 16.140 0.011
1451.67092 16.325 0.008
1455.69063 16.140 0.008
1460.73136 16.207 0.008
1462.63698 16.379 0.010
1470.64321 16.367 0.009
1471.77001 16.151 0.008
1472.63043 16.281 0.009
1475.63617 16.335 0.009
1477.56523 16.225 0.009
1481.58301 16.382 0.010
1484.63189 16.202 0.008
1487.62703 16.134 0.008
1490.66576 16.212 0.008
1492.56542 16.216 0.009
1495.52221 16.127 0.008
1499.55086 16.329 0.011
1502.54898 16.388 0.011
1505.61553 16.328 0.010
1508.55089 16.183 0.008
1509.52718 16.240 0.008
1512.62906 16.319 0.010
1515.60370 16.340 0.009
1517.60717 16.263 0.008
1520.59442 16.312 0.009
1524.54213 16.155 0.009
1526.58227 16.407 0.009
1531.63384 16.368 0.010
1543.59132 16.186 0.008
1546.60616 16.257 0.008
1551.56792 16.206 0.008
1555.60146 16.375 0.009
1562.58003 16.254 0.009
1569.55916 16.171 0.008
1575.58498 16.208 0.008
1580.56000 16.155 0.008
1583.56266 16.217 0.008
1587.54245 16.383 0.010
1597.52793 16.323 0.010
1603.53604 16.394 0.010
1608.51176 16.349 0.010
1701.89357 16.324 0.009
1703.89670 16.361 0.009
1705.90219 16.282 0.009
1716.86260 16.319 0.009
1717.87297 16.295 0.008
1718.85898 16.232 0.011
1729.90863 16.284 0.008
1732.87841 16.324 0.009
1740.82949 16.318 0.009
1742.87725 16.245 0.008
1744.84635 16.142 0.008
1745.87061 16.285 0.008
1749.85103 16.188 0.008
1750.82298 16.231 0.008
1751.83479 16.378 0.008
1752.79615 16.132 0.008
1753.79719 16.291 0.008
1754.82388 16.370 0.009
1755.78924 16.174 0.009
1756.81871 16.336 0.012
1757.76789 16.238 0.009
1758.77241 16.240 0.008
1759.81676 16.380 0.008
1761.79777 16.281 0.009
1762.78418 16.372 0.010
1763.78719 16.184 0.008
1764.77967 16.337 0.008
1765.77418 16.198 0.008
1766.71521 16.230 0.009
1768.79429 16.153 0.008
1769.70367 16.303 0.009
1771.81975 16.219 0.011
1772.76213 16.338 0.008
1773.72944 16.192 0.008
1776.75224 16.149 0.008
1784.72890 16.146 0.008
1788.79439 16.355 0.008
1803.75469 16.228 0.008
1806.74884 16.289 0.008
1808.81845 16.193 0.009
1811.74684 16.233 0.008
1814.79368 16.297 0.008
1817.75933 16.334 0.008
1822.63678 16.278 0.008
1826.78787 16.191 0.008
1829.73013 16.155 0.008
1846.77812 16.319 0.009
1850.73491 16.175 0.009
1854.79095 16.314 0.008
1858.71483 16.156 0.008
1862.71371 16.305 0.008
1867.73814 16.269 0.009
1871.74470 16.259 0.008
2085.90914 16.350 0.012
2086.88843 16.130 0.009
2103.89525 16.275 0.008
2105.92315 16.182 0.008
2106.89098 16.310 0.012
2112.84336 16.382 0.009
2116.87111 16.244 0.008
2123.81803 16.193 0.008
2129.85750 16.202 0.009
2130.84387 16.341 0.010
2131.83748 16.157 0.009
2132.80627 16.244 0.010
2133.89460 16.393 0.012
2135.84408 16.293 0.009
2137.89208 16.199 0.010
2140.81134 16.256 0.009
2142.75205 16.142 0.008
2143.81755 16.295 0.009
2144.82425 16.297 0.008
2155.87863 16.142 0.011
2156.82521 16.262 0.010
2160.75460 16.308 0.010
2162.76139 16.354 0.009
2166.75600 16.167 0.008
2168.71363 16.292 0.009
2171.73955 16.135 0.008
2172.74617 16.268 0.009
2177.63966 16.222 0.009
2184.70130 16.242 0.010
2185.66480 16.222 0.009
2186.68965 16.366 0.015
2187.68483 16.154 0.009
2188.73199 16.282 0.009
2190.69136 16.167 0.008
2191.66474 16.317 0.009
2192.66325 16.248 0.008
2193.68432 16.216 0.009
2194.65442 16.369 0.009
2203.55089 16.153 0.009
2206.60721 16.177 0.010
2211.64130 16.128 0.008
2212.64513 16.288 0.009
2213.65095 16.333 0.010
2214.64214 16.199 0.010
2215.64912 16.325 0.009
2219.67868 16.150 0.008
2224.71356 16.154 0.008
2228.55833 16.275 0.009
2231.64326 16.336 0.010
2232.50999 16.205 0.011
2233.61341 16.255 0.009
2235.66353 16.164 0.008
2238.54707 16.200 0.009
2240.65138 16.140 0.008
2242.61889 16.387 0.010
2248.60354 16.132 0.008
2250.57686 16.381 0.009
2253.57050 16.295 0.008
2255.60716 16.342 0.009
2258.57346 16.393 0.008
2266.55498 16.384 0.010
2273.56390 16.269 0.011
2275.59883 16.181 0.009
2276.55838 16.327 0.011
2278.59096 16.231 0.009
2280.58682 16.128 0.009
2284.58970 16.323 0.009
2290.60368 16.353 0.009
2293.56596 16.182 0.008
2295.55870 16.378 0.010
2297.56199 16.305 0.011
2299.56109 16.207 0.010
2301.55335 16.190 0.010
2445.91192 16.259 0.011
2460.87884 16.155 0.013
2463.91518 16.185 0.009
2465.92794 16.188 0.009
2467.90093 16.372 0.010
2469.90031 16.276 0.009
2471.88975 16.183 0.008
2472.91922 16.333 0.008
2473.89113 16.191 0.008
2481.90282 16.182 0.010
2483.88864 16.384 0.009
2486.88565 16.327 0.010
2488.87656 16.316 0.015
2489.92299 16.160 0.009
2492.90335 16.162 0.008
2496.90310 16.342 0.009
2497.92651 16.150 0.008
2498.77378 16.248 0.009
2499.85936 16.389 0.009
2500.86493 16.172 0.008
2501.85389 16.300 0.009
2502.83412 16.343 0.010
2508.74536 16.162 0.011
2516.77666 16.159 0.010
2517.82340 16.302 0.010
2518.79484 16.302 0.010
2519.83174 16.221 0.008
2520.79113 16.356 0.009
2521.82327 16.145 0.008
2524.82152 16.178 0.011
2526.77770 16.288 0.008
2534.83408 16.233 0.010
2535.81429 16.232 0.009
2537.70207 16.155 0.014
2538.79803 16.304 0.010
2539.70185 16.388 0.010
2540.74273 16.176 0.011
2541.71375 16.316 0.009
2542.68354 16.294 0.009
2544.66208 16.353 0.009
2545.67711 16.138 0.008
2547.69512 16.385 0.010
2548.71156 16.168 0.008
2550.70669 16.252 0.009
2551.69333 16.223 0.008
2553.64905 16.164 0.010
2554.70257 16.279 0.009
2555.71050 16.380 0.010
2556.68952 16.185 0.008
2557.70206 16.326 0.008
2558.65854 16.248 0.009
2559.61544 16.221 0.009
2560.64850 16.370 0.009
2561.67405 16.138 0.011
2562.66694 16.282 0.009
2563.67487 16.386 0.010
2564.69026 16.190 0.009
2565.68116 16.339 0.009
2566.66144 16.230 0.009
2568.69242 16.378 0.012
2571.64511 16.369 0.012
2573.65854 16.308 0.011
2574.64237 16.191 0.009
2577.62924 16.133 0.010
2578.62931 16.287 0.009
2579.63596 16.389 0.010
2580.64808 16.217 0.008
2583.61939 16.244 0.010
2584.62675 16.370 0.010
2586.62397 16.289 0.009
2587.60838 16.372 0.010
2588.71680 16.205 0.009
2589.59832 16.331 0.010
2590.61345 16.188 0.009
2591.63659 16.241 0.009
2593.60559 16.141 0.008
2594.60936 16.312 0.011
2596.58489 16.199 0.010
2597.57206 16.332 0.010
2598.64593 16.171 0.009
2599.60541 16.237 0.010
2607.62660 16.258 0.011
2610.54642 16.311 0.012
2613.54032 16.350 0.011
2615.56917 16.259 0.010
2619.55687 16.315 0.011
2621.56577 16.363 0.010
2625.54841 16.156 0.013
2628.54178 16.215 0.013
2632.54820 16.381 0.013
2636.54337 16.208 0.012
2639.54386 16.261 0.011
2642.55261 16.320 0.012
2646.56543 16.158 0.009
2651.53746 16.228 0.015
2654.55527 16.146 0.010
2657.55813 16.192 0.010
2660.55391 16.232 0.010
2671.55158 16.313 0.011
2673.56338 16.216 0.011
2676.52475 16.279 0.012
2679.53811 16.283 0.010
2682.54043 16.350 0.011
2777.90295 16.339 0.012
2804.86989 16.394 0.012
2811.90436 16.306 0.013
2814.94001 16.326 0.010
2817.92658 16.383 0.010
2831.78143 16.286 0.011
2832.74739 16.202 0.010
2832.92536 16.245 0.009
2835.87395 16.290 0.010
2837.87502 16.175 0.012
2838.93218 16.331 0.012
2840.82492 16.227 0.010
2843.82636 16.276 0.010
2844.87219 16.355 0.010
2845.91818 16.198 0.012
2849.85561 16.398 0.010
2850.88837 16.148 0.009
2851.93194 16.315 0.011
2852.80262 16.356 0.010
2853.94203 16.200 0.009
2856.81529 16.234 0.010
2858.90934 16.159 0.008
2860.87534 16.309 0.009
2861.74651 16.207 0.008
2863.83472 16.169 0.010
2865.83162 16.392 0.010
2866.88126 16.163 0.010
2867.82127 16.297 0.009
2868.76894 16.350 0.010
2869.90194 16.219 0.009
2870.81554 16.342 0.009
2871.85846 16.167 0.008
2875.79802 16.312 0.010
2876.77573 16.333 0.009
2877.79763 16.224 0.009
2879.73926 16.159 0.008
2883.82540 16.310 0.008
2885.76020 16.218 0.009
2888.80852 16.285 0.009
2892.79988 16.273 0.011
2894.72904 16.340 0.010
2896.72614 16.261 0.008
2898.74712 16.154 0.008
2900.74596 16.279 0.008
2902.74548 16.366 0.009
2905.75268 16.395 0.009
2907.75408 16.321 0.008
2909.74319 16.205 0.007
2911.73455 16.130 0.008
2915.70602 16.318 0.009
2917.73213 16.221 0.008
2921.72988 16.374 0.010
2923.75183 16.327 0.010
2925.71480 16.222 0.008
2927.71233 16.138 0.008
2930.73038 16.192 0.009
2932.73689 16.182 0.008
2934.71672 16.392 0.009
2937.64073 16.378 0.010
2939.69337 16.326 0.009
2940.63350 16.210 0.008
2941.68332 16.237 0.008
2942.63345 16.362 0.009
2943.60468 16.135 0.009
2944.58927 16.277 0.009
2945.60604 16.377 0.012
2947.61554 16.332 0.010
2949.59685 16.237 0.009
2950.64160 16.363 0.009
2951.62878 16.136 0.009
2952.65771 16.293 0.010
2954.68263 16.212 0.009
2956.62862 16.171 0.008
2958.62303 16.375 0.010
2961.59410 16.359 0.013
2968.59386 16.317 0.009
2970.61311 16.203 0.008
2972.59760 16.152 0.008
2974.59835 16.382 0.009
2976.54805 16.326 0.015
2978.57415 16.219 0.011
2980.59102 16.161 0.010
2982.53624 16.389 0.010
2984.62711 16.316 0.010
2986.63724 16.221 0.009
2991.60267 16.168 0.008
2994.58439 16.221 0.009
2997.55718 16.272 0.009
3001.57363 16.250 0.009
3005.53170 16.269 0.012
3008.55336 16.330 0.011
3011.56139 16.371 0.011
3016.58805 16.335 0.010
3018.57452 16.245 0.008
3020.60257 16.142 0.008
3021.61538 16.288 0.008
3023.57128 16.186 0.008
3025.56979 16.184 0.010
3027.60330 16.376 0.009
3029.57520 16.283 0.009
3031.57974 16.214 0.009
3033.58211 16.162 0.008
3037.52913 16.286 0.011
3183.91153 16.368 0.009
3193.87929 16.285 0.011
3195.93849 16.184 0.008
3197.91395 16.190 0.008
3201.87137 16.289 0.008
3203.87932 16.195 0.008
3206.81719 16.240 0.009
3210.89322 16.366 0.009
3211.88465 16.198 0.008
3215.66076 16.356 0.011
3216.72877 16.137 0.009
3217.92930 16.301 0.009
3218.91393 16.327 0.011
3223.83478 16.376 0.011
3226.82503 16.360 0.009
3229.83216 16.165 0.008
3231.81430 16.410 0.011
3239.79267 16.395 0.009
3240.78993 16.168 0.009
3241.81429 16.306 0.009
3242.71361 16.377 0.009
3243.85006 16.216 0.008
3244.82725 16.361 0.010
3245.77639 16.162 0.009
3246.76884 16.255 0.011
3247.76260 16.385 0.009
3249.72731 16.297 0.010
3254.72795 16.266 0.008
3257.74436 16.302 0.008
3261.70164 16.154 0.008
3263.68434 16.386 0.008
3265.71873 16.311 0.008
3267.70757 16.208 0.007
3269.78399 16.149 0.012
3270.74081 16.280 0.009
3271.66364 16.395 0.009
3272.72083 16.132 0.008
3274.70670 16.285 0.008
3276.71113 16.359 0.010
3277.74427 16.125 0.009
3279.67659 16.436 0.013
3281.64027 16.309 0.008
3287.60793 16.377 0.008
3289.61900 16.300 0.008
3293.59579 16.153 0.007
3295.61458 16.379 0.008
3297.59633 16.299 0.007
3299.65270 16.217 0.007
3301.62694 16.131 0.009
3303.68919 16.372 0.009
3306.62174 16.215 0.007
3308.60946 16.370 0.010
3310.60859 16.284 0.013
3312.65261 16.201 0.008
3320.60130 16.187 0.009
3327.55626 16.357 0.009
3330.55049 16.174 0.008
3335.59532 16.330 0.010
3338.59893 16.164 0.008
3349.59526 16.173 0.008
3353.57435 16.339 0.009
3359.55088 16.311 0.009
3367.61754 16.207 0.008
3376.52760 16.217 0.010
3378.59455 16.128 0.008
3390.57456 16.358 0.011
3398.55632 16.323 0.011
3402.54472 16.134 0.008
3528.93692 16.380 0.010
3541.92972 16.366 0.008
3547.91431 16.265 0.008
3554.92252 16.331 0.009
3560.94464 16.370 0.009
3564.90680 16.244 0.008
3568.83766 16.356 0.012
3570.77838 16.334 0.010
3571.80071 16.255 0.011
3573.83820 16.383 0.011
3574.87719 16.161 0.008
3577.83586 16.188 0.008
3578.89443 16.359 0.008
3579.79927 16.226 0.008
3581.84420 16.393 0.009
3581.86691 16.373 0.009
3582.82909 16.123 0.008
3583.83350 16.285 0.008
3586.80784 16.338 0.008
3588.82573 16.249 0.008
3589.81854 16.384 0.008
3591.87334 16.302 0.008
3593.81090 16.196 0.008
3596.89136 16.263 0.008
3601.80899 16.200 0.008
3607.81440 16.312 0.008
3614.78579 16.156 0.008
3617.76529 16.219 0.008
3619.69821 16.159 0.008
3621.71667 16.396 0.008
3624.86497 16.242 0.009
3626.71435 16.360 0.009
3629.66796 16.373 0.010
3631.73033 16.327 0.010
3633.69564 16.197 0.009
3637.64955 16.376 0.009
3639.69963 16.320 0.008
3641.69619 16.222 0.008
3643.72056 16.128 0.008
3646.65552 16.152 0.008
3650.65877 16.359 0.008
3650.68281 16.355 0.008
3651.73275 16.148 0.008
3653.72891 16.382 0.008
3655.69509 16.338 0.008
3657.64587 16.231 0.008
3658.65030 16.369 0.009
3659.63835 16.138 0.008
3660.66847 16.286 0.009
3663.55998 16.350 0.010
3665.63356 16.244 0.008
3668.57198 16.292 0.008
3669.67074 16.370 0.010
3671.62890 16.337 0.009
3673.67376 16.248 0.009
3675.65834 16.140 0.008
3683.64765 16.154 0.008
3685.65278 16.341 0.008
3687.65145 16.343 0.008
3689.59984 16.252 0.008
3692.57568 16.313 0.009
3694.55966 16.193 0.008
3696.56018 16.189 0.008
3698.59387 16.382 0.009
3700.57480 16.299 0.009
3702.58409 16.214 0.008
3704.59036 16.169 0.008
3706.61079 16.390 0.008
3708.58367 16.307 0.013
3711.59026 16.358 0.010
3714.52401 16.390 0.017
3718.60452 16.230 0.009
3721.55342 16.253 0.009
3724.56310 16.316 0.008
3726.58366 16.229 0.008
3728.55677 16.143 0.008
3734.56022 16.230 0.008
3742.53452 16.211 0.011
3746.55980 16.383 0.011
3751.53618 16.380 0.012
3756.55244 16.338 0.009
3761.60271 16.295 0.009
3772.55033 16.322 0.009
3776.55040 16.169 0.008
3871.87630 16.144 0.009
3901.93882 16.287 0.009
3906.93909 16.226 0.008
3913.91603 16.256 0.008
3918.87954 16.395 0.008
3931.91488 16.361 0.009
3934.85790 16.385 0.008
3936.86610 16.336 0.008
3938.85009 16.242 0.008
3944.89748 16.348 0.008
3946.86561 16.256 0.008
3951.88502 16.206 0.008
3955.85015 16.380 0.010
3958.82667 16.344 0.010
3960.82682 16.353 0.010
3963.82353 16.405 0.010
3965.81541 16.301 0.007
3967.83526 16.209 0.008
3969.80090 16.162 0.008
3971.77709 16.397 0.008
3974.77883 16.334 0.008
3979.73419 16.393 0.008
3980.61754 16.163 0.009
3981.64383 16.301 0.008
3986.69571 16.238 0.009
3987.66675 16.385 0.008
3990.79002 16.282 0.008
3993.73482 16.141 0.008
3995.74009 16.389 0.008
3999.74936 16.212 0.008
4002.72150 16.277 0.007
4004.67329 16.166 0.008
4006.69950 16.270 0.008
4007.56288 16.201 0.008
4008.57181 16.348 0.008
4009.73327 16.142 0.008
4013.69838 16.328 0.008
4015.68067 16.210 0.009
4015.69690 16.256 0.009
4018.69606 16.293 0.008
4019.68463 16.400 0.009
4021.67712 16.329 0.008
4024.65059 16.360 0.008
4026.62947 16.275 0.008
4028.62543 16.169 0.007
4030.63799 16.248 0.008
4032.69009 16.373 0.009
4037.66628 16.340 0.008
4039.60422 16.220 0.008
4041.60374 16.144 0.009
4043.58944 16.388 0.009
4046.59877 16.224 0.008
4048.56467 16.383 0.009
4050.60679 16.304 0.008
4052.55889 16.206 0.008
4054.61307 16.189 0.008
4056.58516 16.388 0.009
4058.61871 16.308 0.008
4060.51755 16.176 0.008
4064.51518 16.361 0.008
4066.55665 16.289 0.008
4069.51502 16.326 0.011
4073.59859 16.197 0.008
4077.52194 16.347 0.012
4079.52388 16.242 0.014
4082.52384 16.315 0.010
4085.56155 16.358 0.008
4092.55760 16.226 0.008
4096.58355 16.401 0.010
4100.58634 16.218 0.008
4108.53042 16.231 0.009
4113.60831 16.198 0.008
4120.57914 16.378 0.008
4126.57697 16.176 0.010
4252.92626 16.398 0.012
4255.84555 16.350 0.012
4268.89906 16.385 0.010
4275.92119 16.270 0.010
4279.79887 16.329 0.012
4282.80943 16.143 0.009
4283.86237 16.272 0.010
4285.91669 16.179 0.009
4291.93747 16.283 0.010
4292.85599 16.392 0.009
4295.86004 16.230 0.008
4296.88980 16.231 0.008
4297.92266 16.388 0.011
4299.85747 16.286 0.008
4300.87896 16.371 0.009
4301.89697 16.187 0.008
4302.91858 16.347 0.009
4306.86321 16.140 0.010
4307.89749 16.292 0.008
4308.65864 16.383 0.010
4308.86662 16.364 0.009
4310.83897 16.328 0.010
4311.82652 16.211 0.011
4312.90040 16.245 0.008
4314.91987 16.147 0.009
4316.82641 16.368 0.010
4319.86359 16.167 0.009
4320.89045 16.252 0.009
4326.83432 16.358 0.012
4327.81259 16.179 0.010
4328.82822 16.282 0.009
4329.83076 16.395 0.010
4330.85900 16.166 0.008
4333.86030 16.224 0.009
4338.90068 16.176 0.010
4340.77316 16.316 0.009
4341.76831 16.191 0.009
4342.82417 16.358 0.010
4343.76181 16.161 0.009
4344.74396 16.251 0.009
4345.78995 16.392 0.009
4347.77884 16.309 0.009
4349.79203 16.228 0.008
4351.72913 16.165 0.010
4353.75235 16.379 0.011
4357.70122 16.203 0.010
4359.69915 16.145 0.008
4361.70171 16.377 0.010
4362.72443 16.184 0.009
4364.58347 16.363 0.011
4367.68098 16.143 0.009
4370.67263 16.166 0.009
4372.73610 16.255 0.008
4376.65149 16.271 0.010
4378.61807 16.173 0.009
4379.64603 16.320 0.010
4380.75888 16.208 0.008
4382.68633 16.355 0.009
4386.66139 16.172 0.008
4388.66187 16.251 0.009
4390.67086 16.359 0.008
4393.64464 16.391 0.010
4395.67952 16.329 0.010
4398.64496 16.360 0.010
4400.66784 16.294 0.010
4403.69363 16.331 0.010
4408.67990 16.290 0.009
4410.70284 16.215 0.009
4415.68697 16.144 0.008
4418.59364 16.193 0.008
4422.65487 16.387 0.009
4424.65193 16.312 0.009
4427.53863 16.328 0.011
4429.56456 16.246 0.011
4431.56900 16.164 0.009
4433.57486 16.335 0.009
4435.56321 16.335 0.009
4437.65225 16.292 0.011
4439.56412 16.168 0.009
4441.59995 16.299 0.010
4443.59068 16.357 0.010
4449.64470 16.250 0.009
4451.59983 16.365 0.009
4453.58181 16.278 0.010
4456.58324 16.329 0.011
4459.53574 16.361 0.011
4464.57543 16.320 0.009
4465.54136 16.273 0.009
4470.56029 16.367 0.011
4474.59679 16.250 0.010
4476.57493 16.149 0.008
4479.59974 16.192 0.010
4481.58441 16.188 0.008
4484.60109 16.163 0.012
4487.62265 16.199 0.011
4609.89594 16.255 0.010
4643.88061 16.176 0.009
4661.89396 16.211 0.008
4662.77668 16.217 0.008
4662.89360 16.247 0.008
4663.74837 16.350 0.011
4663.93227 16.380 0.010
4665.82132 16.282 0.010
4665.91527 16.290 0.010
4666.90913 16.359 0.011
4670.90358 16.248 0.009
4671.81782 16.377 0.010
4672.87754 16.146 0.008
4675.89515 16.197 0.008
4681.87488 16.298 0.008
4683.87013 16.202 0.008
4685.85625 16.162 0.008
4688.80759 16.132 0.008
4690.73315 16.382 0.008
4691.73602 16.214 0.010
4693.89111 16.144 0.009
4696.84103 16.167 0.011
4698.75286 16.353 0.008
4699.74687 16.183 0.008
4700.78438 16.342 0.009
4701.78958 16.168 0.008
4702.84972 16.280 0.009
4703.74876 16.377 0.009
4704.76761 16.151 0.008
4705.77485 16.292 0.009
4707.76752 16.211 0.008
4708.83578 16.358 0.008
4710.75175 16.248 0.008
4716.75326 16.338 0.009
4719.74543 16.375 0.010
4721.73439 16.306 0.009
4724.76409 16.363 0.009
4726.65976 16.254 0.010
4729.67074 16.312 0.011
4731.76099 16.224 0.008
4734.74331 16.278 0.008
4736.70809 16.185 0.009
4739.64937 16.234 0.009
4741.72395 16.147 0.008
4747.59056 16.217 0.008
4749.59013 16.159 0.009
4753.65929 16.332 0.011
4755.65321 16.226 0.008
4757.63765 16.135 0.008
4759.65027 16.383 0.009
4761.62054 16.328 0.008
4763.63318 16.231 0.009
4766.60140 16.284 0.009
4769.63947 16.325 0.010
4771.55054 16.241 0.010
4773.67535 16.156 0.008
4775.66219 16.349 0.010
4777.59594 16.339 0.009
4779.63153 16.256 0.008
4781.58145 16.134 0.008
4783.56507 16.383 0.010
4785.59617 16.325 0.009
4789.53158 16.146 0.009
4790.61380 16.298 0.008
4791.61210 16.350 0.008
4793.51623 16.343 0.010
4795.53328 16.246 0.008
4797.52548 16.142 0.008
4798.58878 16.304 0.010
4800.63607 16.232 0.008
4803.52739 16.255 0.010
4804.57757 16.408 0.011
4806.58659 16.311 0.009
4808.54482 16.205 0.009
4808.61232 16.242 0.009
4810.55526 16.151 0.008
4813.59461 16.177 0.008
4815.57074 16.305 0.009
4817.58728 16.368 0.008
4819.58688 16.256 0.008
4821.62878 16.192 0.008
4823.58957 16.262 0.009
4825.61801 16.368 0.009
4832.59113 16.231 0.009
4835.57295 16.299 0.010
4842.56152 16.144 0.009
4844.57001 16.371 0.009
4847.62632 16.205 0.011
4849.58618 16.388 0.009
4853.58361 16.201 0.008
4856.57754 16.270 0.008
4865.55067 16.388 0.010
4936.91655 16.368 0.012
4940.89923 16.168 0.009
4940.90309 16.173 0.009
4953.89694 16.144 0.009
4954.88836 16.291 0.009
