 621.85645 16.272 0.008
 626.93962 16.288 0.007
 627.90560 15.917 0.006
 628.91498 16.170 0.007
 632.91526 15.911 0.006
 633.91977 16.168 0.007
 643.88364 16.162 0.007
 645.88712 16.027 0.006
 649.85643 16.305 0.008
 656.90221 16.223 0.006
 657.84340 15.807 0.006
 658.91504 16.142 0.007
 664.80641 16.326 0.007
 664.89494 16.330 0.007
 665.88190 15.977 0.006
 666.89245 16.203 0.006
 667.90327 15.788 0.005
 668.87387 16.117 0.005
 670.83950 15.950 0.006
 671.86203 16.193 0.006
 672.91554 15.772 0.005
 673.71780 16.069 0.007
 673.91952 16.112 0.005
 684.79456 16.265 0.007
 685.73312 15.880 0.005
 686.77553 16.182 0.006
 688.88037 16.075 0.006
 689.77035 16.249 0.006
 697.73637 16.278 0.007
 698.88238 15.971 0.006
 699.73888 16.209 0.006
 700.74749 15.841 0.006
 701.71993 16.134 0.007
 704.69221 16.209 0.008
 706.71597 16.112 0.008
 707.75195 16.312 0.009
 708.71947 15.990 0.008
 712.71982 16.325 0.007
 713.75755 15.986 0.006
 714.77293 16.195 0.007
 716.70654 16.105 0.006
 720.68212 15.754 0.006
 722.64739 16.272 0.007
 726.73952 16.093 0.006
 728.63828 15.924 0.006
 729.70521 16.173 0.006
 730.62932 16.005 0.007
 733.69132 15.919 0.007
 739.75625 16.179 0.007
 741.68284 16.047 0.006
 742.77326 16.274 0.008
 744.72514 16.171 0.007
 745.67640 16.145 0.006
 747.61528 16.207 0.007
 748.57683 15.826 0.006
 749.58453 16.129 0.008
 750.57907 16.320 0.007
 751.58619 15.995 0.007
 752.78878 16.239 0.008
 753.72939 15.873 0.006
 754.69597 16.149 0.007
 755.58501 16.315 0.007
 759.59104 16.130 0.006
 760.59742 16.314 0.007
 761.59437 15.989 0.006
 762.58497 16.205 0.008
 762.71947 16.213 0.008
 763.60396 15.770 0.006
 763.68457 15.821 0.006
 763.77323 15.848 0.007
 764.69115 16.120 0.008
 765.63526 16.309 0.008
 766.53148 15.974 0.008
 766.67208 15.989 0.007
 767.58055 16.185 0.008
 767.63926 16.223 0.008
 767.73396 16.227 0.008
 769.56351 16.104 0.007
 770.54112 16.290 0.008
 771.56584 15.943 0.006
 772.56454 16.191 0.007
 772.74578 16.213 0.007
 773.62640 15.739 0.005
 774.65646 16.104 0.006
 775.60875 16.312 0.007
 776.59799 15.959 0.006
 776.75060 15.980 0.006
 777.54268 16.178 0.007
 778.58049 15.764 0.007
 778.67142 15.760 0.007
 779.56085 16.091 0.008
 779.71562 16.118 0.007
 780.55288 16.285 0.009
 780.56483 16.282 0.008
 780.73380 16.318 0.008
 781.61550 15.954 0.006
 782.55004 16.164 0.007
 782.64972 16.197 0.008
 783.59587 15.817 0.005
 784.64135 16.096 0.006
 785.53774 16.252 0.007
 786.54396 15.907 0.006
 787.62562 16.185 0.007
 788.55386 16.027 0.006
 790.59342 16.261 0.007
 795.58131 16.239 0.007
 796.56856 15.901 0.008
 796.69595 15.949 0.008
 797.54941 16.153 0.007
 798.61883 16.041 0.006
 800.55399 16.223 0.006
 802.64564 16.161 0.007
 806.55174 15.830 0.006
 808.57001 16.296 0.008
 816.64627 15.853 0.006
 817.64152 16.151 0.007
 819.62069 15.998 0.006
 822.60705 16.126 0.007
 824.62705 16.000 0.007
 825.61476 16.198 0.008
 828.66010 16.319 0.008
 829.62672 15.988 0.007
 830.54421 16.213 0.008
 832.63357 16.121 0.007
 834.53580 15.968 0.008
 836.60124 15.739 0.006
 838.62011 16.320 0.008
 840.61305 16.205 0.008
 842.56864 16.080 0.006
 843.61533 16.281 0.007
 845.59953 16.186 0.006
 850.58815 16.168 0.007
 855.59291 16.164 0.008
 856.55766 16.074 0.008
 858.52558 16.241 0.008
 860.52731 16.147 0.008
 867.52351 16.013 0.007
 874.52229 15.817 0.006
 963.90577 16.169 0.007
 986.89216 16.223 0.007
 987.90438 15.835 0.006
 996.89102 16.194 0.006
 998.82335 16.099 0.007
1003.82541 16.091 0.008
1005.84962 15.952 0.007
1008.88261 16.106 0.008
1020.84585 15.911 0.006
1025.83151 15.883 0.006
1035.79922 15.841 0.005
1037.82631 16.272 0.007
1038.84445 16.030 0.007
1041.83267 16.141 0.006
1045.79701 15.805 0.005
1049.82588 16.205 0.007
1053.71721 15.945 0.006
1058.78524 15.967 0.006
1059.83090 16.197 0.007
1061.81734 16.101 0.007
1064.77378 16.173 0.007
1069.68719 16.156 0.007
1074.66839 16.147 0.007
1077.66286 16.225 0.006
1079.66488 16.139 0.007
1081.71207 16.035 0.006
1084.65104 16.130 0.006
1087.67045 16.213 0.006
1090.63845 16.316 0.008
1092.70250 16.203 0.007
1094.69831 16.134 0.006
1095.72877 16.314 0.008
1102.66763 16.184 0.006
1107.63581 16.185 0.006
1112.67895 16.196 0.007
1117.61750 16.167 0.007
1122.63187 16.167 0.007
1128.58189 16.146 0.007
1132.60784 16.176 0.006
1138.65294 16.157 0.006
1140.66134 16.221 0.007
1144.68794 16.039 0.006
1151.59925 15.790 0.006
1154.55634 15.976 0.007
1157.56608 16.115 0.007
1160.59086 16.188 0.007
1163.66929 16.328 0.008
1164.71488 15.987 0.006
1170.56983 16.171 0.006
1178.69237 16.330 0.008
1182.69082 16.099 0.007
1185.63356 16.169 0.006
1187.67006 16.063 0.006
1190.53948 16.147 0.007
1202.61513 16.031 0.007
1208.58564 16.217 0.008
1211.58804 16.305 0.008
1216.57601 16.320 0.008
1219.58044 15.768 0.007
1228.53142 16.175 0.008
1234.52686 15.805 0.007
1235.52543 16.084 0.008
1329.81787 16.298 0.008
1330.92700 15.967 0.007
1335.89818 15.956 0.007
1341.93226 16.191 0.007
1347.92992 15.745 0.006
1349.92529 16.271 0.008
1355.91814 15.935 0.007
1366.87435 16.157 0.007
1367.89636 16.182 0.008
1369.88925 16.234 0.008
1374.88313 16.214 0.008
1395.84938 15.740 0.006
1397.87216 16.322 0.008
1401.88657 16.096 0.006
1402.88427 16.302 0.007
1407.89466 16.308 0.008
1412.79332 16.239 0.008
1418.76725 15.865 0.006
1432.78977 16.223 0.007
1435.71546 16.327 0.008
1439.81324 16.142 0.006
1442.77764 16.209 0.006
1447.70655 16.202 0.008
1451.69723 15.945 0.006
1454.69551 16.083 0.007
1460.63963 16.251 0.008
1462.66352 16.170 0.008
1470.61476 16.228 0.008
1475.66255 16.214 0.007
1478.58874 16.316 0.008
1480.69713 16.211 0.008
1484.60354 15.983 0.007
1487.56269 16.118 0.007
1489.58605 15.970 0.006
1491.64819 15.784 0.006
1494.69621 15.997 0.007
1495.54927 16.186 0.007
1499.52145 15.938 0.007
1502.60633 16.088 0.008
1506.60137 15.790 0.007
1509.58493 15.914 0.006
1514.66127 15.931 0.007
1517.57797 16.042 0.006
1520.62081 16.165 0.007
1522.64951 16.064 0.008
1525.54513 16.153 0.007
1528.64307 16.239 0.007
1544.57584 15.795 0.005
1546.63229 16.320 0.007
1551.59432 16.324 0.007
1555.57250 16.119 0.008
1562.60671 15.961 0.007
1568.58017 16.182 0.007
1573.57517 16.167 0.008
1579.55874 16.035 0.007
1581.58601 16.250 0.007
1584.57085 16.078 0.007
1586.58194 16.235 0.007
1588.55545 16.140 0.008
1592.57857 15.854 0.007
1597.55407 15.832 0.006
1602.55124 15.823 0.007
1607.54144 15.787 0.006
1706.91161 16.157 0.008
1726.94425 16.141 0.008
1730.92775 15.763 0.005
1738.87879 15.934 0.006
1740.88650 15.766 0.006
1744.90336 16.182 0.008
1745.89651 15.840 0.006
1749.87714 16.174 0.006
1750.88044 15.988 0.006
1751.86099 16.047 0.006
1752.85334 16.249 0.008
1753.85414 15.892 0.006
1754.85007 16.163 0.007
1755.84634 16.149 0.008
1756.87604 16.037 0.009
1757.82508 16.214 0.008
1758.82966 15.855 0.006
1759.84278 16.149 0.007
1761.85892 16.040 0.007
1762.84132 16.209 0.007
1763.84687 15.855 0.005
1764.83660 16.152 0.006
1765.83295 16.296 0.008
1766.80668 16.013 0.008
1768.82047 15.817 0.006
1769.73565 16.118 0.007
1773.79660 15.777 0.005
1775.80812 16.319 0.007
1785.78514 16.303 0.006
1788.82029 15.734 0.005
1789.75296 16.082 0.006
1803.85658 15.789 0.006
1809.78029 16.052 0.006
1812.75418 16.167 0.006
1815.81060 16.234 0.007
1821.70718 15.815 0.006
1823.77649 16.304 0.007
1829.70156 15.988 0.006
1830.76855 16.196 0.008
1864.71290 15.908 0.006
1865.71890 16.172 0.006
1873.69147 16.223 0.007
2086.91788 16.059 0.008
2104.84997 16.123 0.008
2106.90981 16.006 0.008
2115.90479 16.326 0.009
2116.89092 15.987 0.007
2117.89659 16.195 0.008
2123.83959 15.729 0.007
2128.84414 15.749 0.007
2129.87626 16.097 0.008
2130.82514 16.276 0.008
2131.81866 15.916 0.008
2132.82488 16.173 0.008
2133.91343 15.744 0.008
2134.82976 16.065 0.008
2135.86420 16.292 0.008
2136.86411 15.922 0.008
2137.90908 16.182 0.010
2140.83398 16.252 0.008
2142.88122 16.172 0.008
2143.83528 16.056 0.008
2144.80679 16.045 0.007
2155.89748 16.238 0.011
2156.84401 15.855 0.007
2160.77372 16.212 0.008
2162.78028 16.128 0.008
2166.77505 15.786 0.006
2167.74587 16.116 0.008
2168.73237 16.302 0.008
2171.75844 15.754 0.006
2172.76501 16.104 0.008
2173.72710 16.305 0.008
2177.65875 16.059 0.008
2184.72010 15.924 0.008
2185.68358 16.162 0.008
2187.66619 16.025 0.008
2190.71010 16.159 0.008
2191.65193 16.178 0.008
2192.68069 16.029 0.007
2193.70166 16.235 0.008
2194.67294 15.881 0.007
2201.73902 16.143 0.008
2211.66350 16.311 0.008
2212.66257 15.990 0.008
2213.67355 16.211 0.009
2214.65992 15.790 0.008
2215.67521 16.135 0.008
2217.65287 15.987 0.008
2219.69602 15.801 0.008
2222.74525 15.993 0.008
2223.68499 16.192 0.008
2225.61452 16.101 0.008
2226.66086 16.294 0.009
2228.57626 16.184 0.008
2230.51353 16.039 0.010
2232.52733 15.894 0.008
2234.56941 15.941 0.007
2236.55890 16.251 0.008
2238.56428 16.172 0.008
2241.55111 16.219 0.009
2243.58935 16.162 0.008
2248.63379 16.170 0.008
2250.59981 16.027 0.008
2253.58770 16.142 0.008
2256.56998 16.206 0.009
2258.61041 16.147 0.008
2263.60167 16.147 0.008
2265.62769 16.012 0.007
2270.58588 15.993 0.008
2272.58395 15.768 0.007
2274.56780 16.330 0.010
2276.53139 16.183 0.010
2280.54787 15.967 0.008
2285.58638 15.963 0.008
2289.58329 16.286 0.008
2291.58400 16.179 0.008
2293.58450 16.071 0.008
2295.58081 15.931 0.008
2297.58399 15.862 0.008
2299.58047 16.272 0.009
2301.57316 16.181 0.010
2448.90478 15.790 0.008
2460.90484 16.298 0.011
2463.93393 15.730 0.007
2466.85579 15.927 0.008
2467.91966 16.180 0.008
2469.91896 16.082 0.008
2471.90850 15.923 0.008
2472.89857 16.190 0.006
2473.92476 15.845 0.006
2481.88403 15.888 0.008
2483.90769 16.090 0.008
2486.90780 15.882 0.008
2488.90976 16.149 0.009
2492.92209 16.160 0.008
2496.92186 15.845 0.007
2498.79311 16.319 0.008
2499.87810 16.006 0.008
2500.88653 16.222 0.008
2501.87328 15.810 0.007
2502.85344 16.133 0.008
2508.76406 16.286 0.012
2516.79550 15.756 0.008
2517.84227 16.095 0.008
2518.81456 16.292 0.009
2519.81284 15.933 0.007
2520.81101 16.182 0.009
2521.79929 15.808 0.007
2524.80269 15.929 0.008
2526.79652 15.924 0.006
2529.79274 15.909 0.007
2534.85334 15.908 0.008
2535.79098 16.151 0.008
2537.72106 16.016 0.009
2538.82214 16.235 0.009
2539.71930 15.852 0.008
2540.76180 16.140 0.009
2541.73118 16.285 0.008
2542.70100 15.994 0.008
2544.68093 15.804 0.007
2545.69446 16.133 0.008
2547.71245 15.998 0.008
2548.73044 16.203 0.008
2550.72571 16.127 0.008
2551.71224 16.324 0.008
2552.72825 15.983 0.007
2554.72135 15.784 0.007
2555.72929 16.113 0.008
2556.70836 16.309 0.008
2557.72088 15.984 0.007
2558.67736 16.193 0.008
2559.63441 15.748 0.007
2560.66734 16.097 0.008
2561.71296 16.310 0.009
2562.68572 15.957 0.008
2563.69365 16.203 0.008
2564.71001 15.753 0.007
2565.70601 16.087 0.008
2566.68095 16.292 0.008
2568.75000 16.170 0.009
2571.66655 16.267 0.008
2572.74181 15.944 0.008
2573.67988 16.162 0.010
2574.65986 15.917 0.007
2576.69460 16.265 0.009
2577.65966 15.913 0.008
2578.64716 16.167 0.008
2579.65768 16.028 0.008
2580.66582 16.054 0.008
2583.63787 16.157 0.008
2584.64432 16.135 0.008
2586.64552 16.231 0.008
2587.62740 15.864 0.007
2589.61831 16.270 0.008
2590.63505 16.019 0.008
2591.66123 16.226 0.008
2593.62450 16.142 0.008
2594.63052 16.298 0.010
2596.60414 16.208 0.009
2597.59131 15.784 0.008
2598.67151 16.150 0.008
2599.62558 16.310 0.011
2607.64568 15.793 0.008
2610.56701 15.969 0.008
2613.56101 16.086 0.008
2615.59140 15.941 0.007
2619.57591 16.289 0.008
2621.58490 16.175 0.009
2625.56764 15.933 0.008
2627.53833 15.982 0.008
2630.55276 15.919 0.008
2635.56647 15.890 0.007
2640.53168 15.854 0.008
2642.57143 16.180 0.009
2646.58278 16.158 0.008
2651.55685 16.147 0.009
2654.57706 16.227 0.010
2657.53693 16.303 0.011
2661.53346 16.112 0.008
2664.57393 16.215 0.009
2672.55188 16.302 0.012
2676.54208 16.094 0.008
2679.55678 16.176 0.008
2683.53515 15.953 0.009
2777.92190 16.196 0.009
2804.85045 16.051 0.010
2805.86773 16.249 0.013
2811.92285 15.893 0.008
2815.89647 16.228 0.008
2817.94510 16.159 0.009
2830.83565 16.195 0.008
2831.80530 15.764 0.008
2832.76599 16.115 0.008
2832.94386 16.139 0.008
2833.88382 16.304 0.011
2834.93447 16.007 0.008
2838.83584 16.324 0.010
2840.84353 16.193 0.008
2843.84485 16.310 0.008
2844.89057 15.968 0.008
2845.93760 16.197 0.009
2849.87410 15.954 0.008
2850.90685 16.186 0.009
2852.83544 16.086 0.009
2854.84679 15.945 0.008
2857.85421 16.069 0.008
2858.92783 16.285 0.008
2860.89376 16.179 0.008
2862.88863 16.072 0.008
2865.81300 16.161 0.008
2866.89972 15.869 0.009
2867.80240 16.037 0.008
2868.80602 16.216 0.008
2869.79255 15.874 0.007
2870.83404 16.152 0.008
2871.87716 16.031 0.008
2872.83399 16.033 0.008
2875.82483 16.146 0.009
2876.79424 16.267 0.008
2879.72076 15.795 0.007
2883.84398 16.219 0.008
2885.77933 16.124 0.008
2890.71021 16.102 0.010
2893.76166 16.188 0.008
2895.81088 16.120 0.008
2897.71437 15.952 0.008
2899.75206 15.739 0.007
2903.76784 16.189 0.006
2906.72005 16.269 0.008
2908.69706 16.171 0.008
2910.69195 16.066 0.008
2912.69729 15.901 0.007
2916.71004 16.248 0.008
2918.68693 16.160 0.008
2922.68690 15.862 0.008
2924.62789 16.304 0.008
2926.62189 16.214 0.008
2929.68310 16.272 0.009
2931.65902 16.217 0.008
2933.66948 16.130 0.008
2935.63383 15.996 0.008
2937.65942 15.807 0.007
2939.67488 16.306 0.009
2940.65205 15.986 0.007
2941.62729 16.197 0.008
2942.65210 15.768 0.007
2943.62343 16.113 0.008
2944.60779 16.294 0.008
2946.56257 16.181 0.008
2946.60253 16.183 0.008
2947.63414 15.744 0.007
2949.61524 16.294 0.008
2950.56678 15.930 0.008
2951.64736 16.180 0.008
2953.59527 16.076 0.008
2955.58041 15.928 0.008
2957.59399 15.846 0.007
2960.60844 15.934 0.008
2962.64828 15.819 0.007
2965.65094 15.931 0.007
2968.61328 16.054 0.008
2970.63211 15.907 0.007
2972.63667 16.040 0.008
2975.54474 15.856 0.007
2977.64055 16.107 0.009
2979.58044 16.213 0.008
2983.56125 16.003 0.008
2986.57784 16.138 0.008
2988.54983 16.004 0.008
2991.57597 16.134 0.008
2994.56171 16.196 0.009
2997.57710 16.330 0.008
3000.56823 15.766 0.007
3003.55109 15.967 0.008
3006.53839 16.086 0.008
3009.53367 16.182 0.010
3013.53610 15.934 0.008
3015.57133 15.775 0.007
3018.54843 15.908 0.008
3020.58414 15.819 0.007
3022.53702 16.250 0.010
3024.53679 16.172 0.009
3025.59639 15.899 0.008
3027.62189 16.265 0.008
3029.59359 16.158 0.008
3031.59841 16.044 0.007
3034.52866 16.141 0.008
3037.54783 16.212 0.010
3183.92985 16.288 0.009
3193.89773 16.237 0.008
3196.86979 15.970 0.007
3197.93221 16.078 0.008
3202.85771 16.041 0.008
3203.89774 16.232 0.007
3206.83557 16.221 0.009
3210.91158 16.157 0.008
3211.86619 16.219 0.008
3217.79717 15.997 0.008
3223.85333 16.212 0.008
3228.77203 16.211 0.008
3229.85386 15.787 0.006
3231.83533 16.323 0.009
3238.77219 16.163 0.008
3239.81573 15.738 0.007
3240.80846 16.090 0.008
3241.79193 16.267 0.008
3242.73593 15.917 0.008
3243.86853 16.191 0.008
3244.84712 15.753 0.008
3245.79486 16.065 0.008
3246.78762 16.255 0.008
3247.79600 15.924 0.008
3249.74630 16.027 0.008
3251.75986 16.238 0.007
3254.74755 16.119 0.007
3259.68459 16.265 0.008
3261.72064 16.211 0.008
3263.71786 16.143 0.007
3265.73920 16.021 0.008
3267.72596 15.840 0.006
3269.82047 16.204 0.008
3270.67941 16.007 0.008
3271.68234 16.196 0.008
3273.64065 16.109 0.008
3275.62651 15.958 0.008
3276.72991 16.190 0.008
3277.76855 15.811 0.007
3279.70017 16.315 0.008
3281.65874 16.190 0.007
3283.66041 16.099 0.006
3287.62654 15.788 0.007
3289.64152 16.277 0.007
3293.61508 16.067 0.007
3295.63301 15.916 0.005
3298.57091 16.023 0.006
3300.57321 15.884 0.007
3302.55018 16.235 0.008
3305.65020 15.896 0.007
3307.56249 16.275 0.009
3309.58759 16.208 0.008
3311.53920 16.131 0.008
3314.58215 16.198 0.009
3320.61995 15.831 0.006
3323.56739 15.996 0.007
3327.57491 16.306 0.008
3330.57040 15.761 0.007
3335.61440 15.756 0.007
3338.56007 15.950 0.007
3350.53438 15.977 0.006
3353.59297 15.925 0.006
3359.57002 16.155 0.008
3363.57693 15.876 0.007
3367.63652 16.262 0.008
3372.56999 16.207 0.008
3376.54611 16.009 0.007
3380.53252 16.304 0.012
3386.57950 15.991 0.006
3395.52729 16.286 0.013
3398.57501 15.755 0.007
3402.57225 16.196 0.008
3543.88591 16.224 0.008
3551.90940 16.299 0.010
3554.94062 15.866 0.007
3561.94786 16.347 0.008
3564.92553 15.799 0.006
3568.87116 16.185 0.008
3570.83216 16.117 0.008
3571.82311 16.269 0.010
3573.86881 16.173 0.009
3575.82459 16.071 0.008
3577.88097 15.951 0.007
3578.91699 16.217 0.007
3579.82205 15.861 0.006
3581.89113 16.311 0.008
3582.84743 15.951 0.007
3583.85766 16.164 0.007
3585.87875 16.084 0.006
3586.83092 16.254 0.007
3588.84922 16.167 0.007
3590.80526 16.038 0.006
3592.77001 15.866 0.006
3594.80950 16.158 0.007
3597.84945 15.881 0.007
3600.88561 16.034 0.008
3602.74651 15.823 0.008
3607.83761 15.842 0.006
3617.79363 15.771 0.006
3619.77173 16.321 0.008
3621.76422 16.182 0.007
3628.79109 16.106 0.008
3630.64295 15.896 0.008
3632.64031 16.045 0.008
3634.71321 16.253 0.008
3637.67204 16.082 0.007
3639.72195 16.240 0.007
3641.71873 16.170 0.008
3643.81714 16.082 0.008
3644.75780 16.248 0.007
3646.68884 16.142 0.007
3650.71007 15.886 0.006
3652.64523 16.298 0.007
3654.61568 16.210 0.008
3656.64723 16.139 0.008
3657.70494 16.285 0.008
3658.67986 16.007 0.007
3659.66256 16.218 0.008
3661.61124 16.120 0.008
3663.63418 16.011 0.008
3665.66652 15.782 0.006
3668.61568 15.974 0.007
3670.56638 15.743 0.007
3672.60581 16.289 0.008
3674.63507 16.193 0.007
3676.59289 16.081 0.007
3682.58183 16.265 0.008
3684.57469 16.183 0.007
3686.56458 16.053 0.007
3688.53766 15.884 0.006
3690.54357 16.139 0.008
3692.59612 16.225 0.008
3694.58270 16.167 0.007
3696.57883 16.047 0.007
3698.61253 15.880 0.008
3700.62258 16.133 0.007
3702.61350 16.219 0.008
3704.61402 16.153 0.007
3706.62888 16.030 0.007
3708.61028 15.866 0.007
3712.56681 16.208 0.008
3714.56948 16.117 0.008
3718.55296 15.788 0.007
3721.58516 15.977 0.008
3725.61403 16.327 0.008
3730.53829 16.294 0.008
3734.60896 16.116 0.008
3738.56103 15.779 0.007
3742.55821 16.174 0.009
3747.55798 16.180 0.008
3751.56677 15.909 0.008
3762.54475 16.136 0.009
3766.55000 15.863 0.006
3772.57675 16.133 0.008
3777.52409 16.110 0.009
3871.89614 16.198 0.009
3902.91644 15.975 0.008
3907.91130 15.970 0.007
3913.93685 16.203 0.007
3918.90664 16.189 0.007
3931.93820 16.273 0.008
3934.87617 16.185 0.007
3936.88445 16.230 0.008
3938.86851 16.142 0.008
3945.87547 16.021 0.007
3950.82042 15.977 0.006
3957.77596 15.745 0.008
3959.76543 16.299 0.008
3961.75956 16.193 0.008
3964.76779 16.271 0.007
3966.76004 16.172 0.007
3968.75372 16.058 0.007
3970.74541 15.906 0.006
3973.71474 16.032 0.008
3975.72698 15.884 0.006
3980.66221 15.837 0.007
3981.66195 16.137 0.008
3982.72633 16.207 0.008
3986.69968 16.147 0.008
3991.72887 16.151 0.008
3994.64129 16.208 0.008
3998.67166 15.992 0.007
4001.64248 16.093 0.007
4003.61392 15.954 0.007
4004.69372 16.215 0.008
4005.68785 15.755 0.006
4007.58110 16.279 0.008
4008.59000 15.934 0.006
4011.64048 16.082 0.007
4014.62292 16.177 0.009
4016.61971 16.072 0.007
4018.61612 15.917 0.007
4020.61956 15.977 0.007
4023.60541 15.903 0.007
4025.60578 16.109 0.007
4027.59390 16.231 0.008
4029.57620 16.162 0.008
4031.56328 16.024 0.007
4033.65756 15.892 0.006
4040.53300 16.317 0.009
4042.56089 16.193 0.008
4044.58389 16.144 0.009
4046.61698 16.017 0.008
4049.52892 16.103 0.007
4051.57850 16.008 0.007
4053.62593 15.829 0.006
4055.51857 16.289 0.010
4057.59394 16.202 0.008
4059.59237 16.120 0.007
4063.53741 15.763 0.006
4065.58704 16.295 0.008
4067.58031 16.192 0.007
4069.53318 16.075 0.008
4071.54400 15.922 0.007
4074.54011 16.049 0.007
4077.54182 16.165 0.007
4079.54200 16.062 0.007
4082.54336 16.167 0.007
4085.62069 16.243 0.008
4092.57619 16.149 0.007
4097.61878 16.156 0.008
4100.61020 16.237 0.008
4105.57419 16.210 0.008
4111.61065 15.824 0.006
4115.53011 16.204 0.008
4120.56100 16.192 0.007
4124.57249 15.976 0.007
4128.59647 16.310 0.008
4252.94414 15.946 0.008
4255.86414 16.044 0.008
4268.92311 16.159 0.008
4275.93802 16.036 0.008
4279.83488 16.329 0.011
4282.82628 15.771 0.007
4283.84533 16.120 0.009
4284.87573 16.322 0.009
4285.94115 16.006 0.008
4292.88361 15.765 0.007
4295.87707 15.956 0.008
4296.90756 16.205 0.008
4297.93949 15.780 0.007
4299.87436 16.308 0.008
4300.89610 15.965 0.007
4301.91467 16.189 0.008
4302.93655 15.753 0.007
4306.93326 16.186 0.008
4307.84785 15.838 0.007
4308.67605 16.021 0.008
4308.88395 16.081 0.008
4310.85613 15.929 0.008
4311.85598 16.178 0.010
4312.91815 15.774 0.007
4314.93723 16.284 0.010
4316.84512 16.170 0.009
4320.87243 15.910 0.008
4326.85465 16.169 0.008
4327.83061 16.245 0.011
4328.84636 16.034 0.008
4329.84769 16.224 0.008
4330.87702 15.873 0.007
4332.89323 16.203 0.008
4334.87019 16.209 0.009
4338.92266 16.023 0.008
4340.79350 15.783 0.007
4341.78636 16.112 0.008
4342.86055 16.315 0.009
4343.77992 15.978 0.008
4344.76199 16.206 0.008
4346.71830 16.092 0.008
4348.72407 15.955 0.008
4350.70071 15.782 0.007
4352.80288 16.307 0.009
4353.65885 15.920 0.008
4354.78018 16.193 0.008
4357.76390 16.283 0.009
4359.71785 16.157 0.008
4362.66551 16.238 0.010
4363.62481 15.877 0.008
4365.68317 16.125 0.009
4369.67713 16.162 0.008
4371.66608 16.036 0.008
4376.66957 16.022 0.008
4378.63617 15.827 0.008
4379.66748 16.141 0.009
4381.62663 15.997 0.008
4382.70518 16.220 0.008
4386.67945 16.000 0.008
4388.68017 15.806 0.007
4390.68899 16.329 0.008
4393.68355 15.779 0.007
4396.65811 15.985 0.008
4398.66309 15.758 0.007
4400.68761 16.313 0.009
4404.66459 16.099 0.008
4407.65248 16.188 0.008
4410.68241 16.275 0.008
4415.66874 16.268 0.008
4418.61426 16.040 0.008
4421.67204 15.921 0.008
4423.67651 15.982 0.008
4426.55272 15.863 0.008
4428.56942 16.270 0.010
4430.62964 16.233 0.008
4432.61551 16.153 0.008
4434.62079 16.020 0.008
4436.59710 15.827 0.007
4438.65976 16.278 0.009
4440.59287 16.204 0.009
4442.55437 16.129 0.009
4444.57918 16.000 0.009
4450.61160 16.199 0.010
4452.58914 16.104 0.008
4454.52620 15.971 0.012
4455.59830 16.192 0.008
4457.53381 16.083 0.010
4459.55392 15.954 0.008
4462.58536 16.090 0.008
4466.60949 15.742 0.007
4471.54414 15.987 0.008
4475.53680 16.168 0.008
4480.57922 16.158 0.008
4482.58618 16.029 0.008
4485.58926 16.169 0.009
4488.59149 16.206 0.009
4609.91387 16.309 0.009
4643.89803 16.086 0.008
4650.93691 15.919 0.007
4662.79470 16.317 0.008
4662.91153 16.170 0.008
4663.76632 15.990 0.008
4663.91414 16.038 0.008
4665.83940 15.840 0.007
4665.93323 15.895 0.008
4666.92850 16.175 0.008
4666.93239 16.190 0.009
4670.92150 15.865 0.007
4671.89140 16.150 0.008
4673.87344 16.010 0.007
4674.80185 16.223 0.009
4676.92169 16.146 0.009
4677.83729 16.326 0.008
4682.81176 16.304 0.008
4684.84962 16.193 0.008
4686.80960 16.089 0.007
4688.82556 15.951 0.007
4690.75115 15.866 0.007
4691.75417 16.074 0.008
4693.90918 15.984 0.008
4696.88282 16.100 0.009
4697.82134 16.260 0.010
4698.77094 15.910 0.007
4699.76504 16.168 0.008
4700.79978 15.933 0.007
4701.80767 16.068 0.008
4703.76688 15.906 0.007
4704.78564 16.158 0.008
4705.79312 16.055 0.008
4707.78554 16.235 0.008
4709.74133 16.138 0.008
4710.76990 16.201 0.007
4715.74991 16.264 0.008
4716.77560 16.025 0.007
4717.70037 16.230 0.008
4719.78965 16.158 0.008
4721.78330 16.019 0.008
4724.66589 16.104 0.008
4725.74535 16.323 0.008
4728.75092 15.795 0.007
4733.72748 15.766 0.007
4740.66908 16.293 0.008
4741.70446 15.942 0.007
4747.60865 16.161 0.008
4749.60833 16.060 0.008
4753.67932 15.997 0.008
4755.67131 16.247 0.008
4757.65583 16.173 0.008
4759.67052 16.033 0.007
4761.63889 15.866 0.006
4763.65132 16.218 0.009
4767.59707 16.142 0.008
4770.66561 16.216 0.008
4772.60337 16.118 0.008
4774.55792 15.985 0.007
4776.54951 15.755 0.007
4777.65146 16.139 0.008
4780.52014 16.193 0.009
4781.61430 15.792 0.008
4783.58323 16.326 0.009
4785.61859 16.200 0.010
4789.54971 15.946 0.007
4791.53126 15.810 0.007
4793.53867 16.264 0.008
4795.55134 16.166 0.008
4797.54359 16.075 0.008
4798.60694 16.283 0.009
4800.65432 16.182 0.008
4803.54545 16.260 0.008
4804.60055 15.925 0.008
4805.58740 16.161 0.008
4807.52518 16.029 0.010
4809.55453 15.891 0.007
4811.57643 16.101 0.008
4813.55337 16.229 0.009
4815.58928 16.146 0.008
4816.53637 16.253 0.008
4818.58665 16.227 0.008
4820.52814 16.141 0.010
4822.58489 16.018 0.007
4824.56971 15.859 0.008
4826.61935 16.247 0.008
4833.56875 16.202 0.008
4835.59200 16.118 0.008
4837.60295 15.991 0.008
4841.57929 16.326 0.009
4843.57354 16.201 0.009
4846.58263 16.299 0.008
4848.61887 16.185 0.008
4850.60635 16.112 0.008
4854.59759 15.743 0.007
4856.61483 16.313 0.008
4862.56274 15.924 0.007
4868.55309 16.150 0.008
