 466.54212 15.267 0.005
 466.55122 15.272 0.005
 466.56646 15.270 0.005
 466.59705 15.263 0.005
 466.62659 15.283 0.005
 467.54444 15.265 0.005
 467.57392 15.244 0.005
 467.60340 15.230 0.005
 467.63289 15.223 0.005
 469.55381 14.953 0.005
 469.59243 14.951 0.005
 469.62408 14.960 0.005
 471.60635 15.064 0.005
 471.62159 15.059 0.005
 472.53851 15.141 0.005
 472.55329 15.147 0.005
 472.56795 15.131 0.005
 472.58258 15.126 0.005
 622.88478 15.137 0.005
 624.91136 14.965 0.005
 625.89881 15.004 0.005
 626.87031 15.086 0.005
 627.85655 15.168 0.005
 628.89763 15.301 0.005
 629.89543 15.172 0.005
 631.92639 14.976 0.005
 632.86691 15.002 0.005
 633.90235 15.082 0.005
 635.89719 15.295 0.005
 643.86620 15.227 0.006
 645.83790 14.946 0.005
 647.79564 15.071 0.006
 649.79304 15.264 0.006
 652.84023 14.945 0.005
 656.85339 15.281 0.005
 657.82565 15.272 0.006
 658.86595 14.977 0.006
 663.77224 15.266 0.006
 664.87717 15.268 0.006
 665.82442 15.000 0.005
 666.83497 14.937 0.005
 667.85421 15.005 0.005
 668.82504 15.035 0.005
 670.79060 15.248 0.005
 671.81264 15.285 0.005
 672.81818 15.003 0.005
 673.78555 14.943 0.005
 684.74594 15.226 0.005
 685.80080 15.296 0.005
 686.70208 15.062 0.005
 687.78343 14.936 0.005
 688.72545 14.994 0.005
 689.75261 15.005 0.005
 697.71876 15.108 0.005
 698.78987 15.218 0.005
 699.68888 15.310 0.005
 700.72966 15.082 0.005
 701.70189 14.915 0.005
 704.72988 15.111 0.005
 706.69554 15.318 0.006
 707.73311 15.111 0.005
 708.75727 14.919 0.005
 712.75781 15.210 0.006
 713.73918 15.318 0.005
 714.75415 15.106 0.005
 715.71971 14.934 0.005
 716.68779 14.985 0.005
 726.67040 15.193 0.005
 728.68111 15.143 0.005
 729.68327 14.922 0.005
 730.66763 14.971 0.005
 733.63411 15.179 0.006
 739.65406 15.076 0.005
 741.61987 15.295 0.005
 742.59613 15.208 0.005
 744.64324 14.956 0.005
 745.59416 15.001 0.005
 746.78496 15.093 0.005
 747.65547 15.170 0.005
 748.61724 15.281 0.005
 749.62259 15.223 0.006
 750.61644 14.933 0.005
 751.62485 14.964 0.005
 752.73925 15.007 0.005
 753.67489 15.070 0.005
 759.63276 15.005 0.005
 760.65842 15.075 0.005
 761.63446 15.155 0.005
 761.73971 15.155 0.005
 762.62583 15.273 0.006
 762.65539 15.271 0.006
 763.64206 15.254 0.005
 763.75280 15.188 0.005
 765.57412 14.946 0.005
 766.61160 15.004 0.005
 766.71446 15.002 0.005
 767.61909 15.064 0.006
 767.68074 15.080 0.006
 769.60192 15.266 0.006
 769.67566 15.284 0.006
 770.60806 15.266 0.005
 771.64113 14.979 0.005
 772.60295 14.949 0.005
 773.60809 15.005 0.005
 773.76029 15.004 0.005
 774.60107 15.048 0.005
 775.55899 15.124 0.005
 776.63991 15.268 0.005
 777.61416 15.271 0.005
 778.61752 14.979 0.005
 779.64449 14.949 0.006
 779.75476 14.945 0.005
 780.64428 15.005 0.005
 781.55860 15.042 0.005
 781.73909 15.057 0.005
 782.62412 15.141 0.006
 782.74799 15.155 0.006
 783.54115 15.251 0.005
 784.58315 15.298 0.005
 784.67513 15.277 0.005
 785.60996 15.005 0.005
 785.75556 14.955 0.005
 786.63054 14.932 0.005
 787.69410 15.000 0.005
 788.62691 15.035 0.005
 788.65248 15.032 0.005
 790.57562 15.240 0.005
 792.55358 15.030 0.005
 795.61825 15.030 0.005
 796.54717 15.131 0.006
 796.73252 15.142 0.006
 797.70732 15.252 0.006
 798.56996 15.312 0.005
 799.70793 14.999 0.005
 800.62296 14.924 0.005
 802.68293 15.038 0.006
 805.61028 15.300 0.006
 806.62047 15.053 0.005
 808.55189 14.993 0.005
 816.68288 15.024 0.005
 817.59296 15.112 0.005
 819.55574 15.313 0.006
 820.63204 15.070 0.005
 822.55262 14.993 0.005
 824.57844 15.116 0.005
 825.65155 15.222 0.006
 828.61168 14.924 0.005
 829.57832 14.992 0.005
 832.58520 15.229 0.005
 833.60510 15.302 0.005
 834.57468 15.115 0.005
 836.55281 14.991 0.005
 838.58580 15.100 0.005
 840.59555 15.311 0.006
 845.54711 15.093 0.005
 850.57039 14.983 0.005
 855.57540 15.132 0.006
 859.56322 15.091 0.005
 866.52777 15.083 0.005
 962.93160 14.944 0.005
 966.93109 15.271 0.005
 970.90747 15.018 0.005
 976.88812 14.946 0.005
 986.84249 15.127 0.005
 987.85610 15.229 0.005
 991.92413 15.001 0.005
 996.92807 15.047 0.005
 998.89916 15.001 0.005
1004.79774 14.919 0.005
1006.82632 15.003 0.005
1020.89581 15.019 0.005
1025.93360 14.915 0.005
1035.74855 15.093 0.005
1037.77775 15.311 0.006
1041.78590 14.999 0.005
1045.74761 15.179 0.005
1048.72880 15.049 0.006
1052.77170 15.198 0.005
1055.64494 15.006 0.005
1058.85690 15.304 0.006
1059.77491 15.219 0.006
1061.72767 14.943 0.005
1064.81158 15.176 0.005
1068.71298 14.942 0.005
1072.69314 15.271 0.005
1076.67090 15.004 0.005
1078.68145 15.142 0.005
1081.69399 14.994 0.005
1084.63217 15.036 0.005
1087.65207 15.296 0.005
1090.70844 15.009 0.005
1092.74056 15.142 0.005
1094.64724 15.310 0.005
1102.61742 15.075 0.005
1106.71227 15.130 0.005
1110.63140 14.934 0.005
1116.58988 15.096 0.005
1120.57847 15.116 0.005
1126.65380 15.014 0.005
1129.55224 15.314 0.006
1132.53533 14.983 0.005
1135.58539 15.197 0.005
1138.63506 14.916 0.005
1140.61247 15.006 0.005
1144.67005 15.126 0.005
1151.54964 15.154 0.005
1155.55125 15.092 0.005
1159.54669 14.929 0.005
1162.57909 15.085 0.005
1164.69266 15.311 0.005
1170.55110 15.166 0.005
1178.66114 15.295 0.005
1182.67305 15.010 0.005
1183.71139 15.090 0.005
1185.69455 15.299 0.005
1188.69386 14.967 0.005
1191.57762 15.162 0.005
1202.59273 14.949 0.005
1205.54415 15.127 0.005
1211.56463 15.031 0.006
1217.57526 14.999 0.005
1220.57775 15.241 0.006
1229.53046 15.068 0.006
1238.52675 14.999 0.006
1327.91094 15.119 0.006
1330.82765 14.996 0.005
1335.87940 14.922 0.005
1340.89890 15.302 0.006
1348.93498 15.141 0.005
1354.90854 15.287 0.006
1360.92827 15.168 0.006
1365.92448 15.003 0.005
1367.84798 15.145 0.006
1374.92006 15.152 0.006
1394.85625 15.044 0.006
1395.88770 15.132 0.005
1397.80939 15.301 0.006
1401.83643 15.035 0.005
1402.92134 15.133 0.005
1407.84441 15.003 0.005
1412.73973 15.063 0.005
1417.89805 15.236 0.005
1430.73067 15.114 0.006
1432.74135 15.304 0.006
1435.69779 14.986 0.005
1439.66424 15.308 0.006
1442.66794 14.984 0.005
1447.74313 15.134 0.006
1451.67933 15.094 0.005
1455.69905 14.911 0.005
1460.73979 15.295 0.005
1462.64542 14.914 0.005
1470.65168 14.962 0.005
1472.63888 15.074 0.005
1475.64461 15.221 0.006
1477.57367 14.944 0.005
1481.59143 15.273 0.006
1484.64035 14.948 0.005
1487.63547 15.145 0.005
1490.67423 14.960 0.005
1492.57388 14.999 0.005
1495.53067 15.247 0.006
1499.55932 15.006 0.005
1502.55741 15.252 0.006
1505.62400 14.923 0.005
1508.55937 15.127 0.005
1509.53563 15.234 0.006
1512.63751 14.940 0.005
1515.61220 15.119 0.005
1517.61570 15.298 0.005
1520.60288 14.999 0.005
1524.55058 15.317 0.006
1526.59070 14.918 0.005
1531.64229 15.309 0.006
1543.59977 15.105 0.005
1546.61459 15.085 0.005
1551.57637 15.202 0.005
1555.60990 14.997 0.005
1562.58847 14.984 0.005
1569.56762 14.991 0.005
1575.59345 14.913 0.005
1580.56845 15.293 0.006
1583.57113 14.963 0.005
1587.55091 15.291 0.006
1597.53639 14.974 0.005
1603.54447 14.928 0.005
1608.52019 15.263 0.006
1703.90511 14.999 0.005
1705.91061 15.116 0.005
1716.87103 14.921 0.005
1717.88138 15.002 0.005
1729.91707 15.074 0.005
1732.88684 15.005 0.005
1740.83788 15.100 0.005
1742.88567 15.326 0.006
1744.85479 14.915 0.005
1745.87905 14.985 0.005
1749.85947 15.319 0.005
1750.83139 15.130 0.005
1751.84322 14.919 0.005
1752.80455 14.983 0.005
1753.80562 14.997 0.005
1754.83229 15.101 0.005
1755.79765 15.188 0.006
1756.82713 15.309 0.006
1757.77632 15.155 0.006
1758.78081 14.916 0.005
1759.82517 14.974 0.005
1761.80621 15.089 0.005
1762.79260 15.185 0.005
1763.79561 15.291 0.005
1764.78812 15.156 0.005
1765.78258 14.928 0.005
1766.72362 14.961 0.005
1768.80272 15.075 0.005
1769.71210 15.171 0.005
1771.82817 15.187 0.006
1772.77055 14.926 0.005
1773.73786 14.960 0.005
1776.76066 15.164 0.005
1784.73731 15.281 0.005
1788.80281 15.001 0.005
1803.76313 15.043 0.005
1806.75727 15.268 0.005
1808.82688 14.955 0.005
1811.75530 15.139 0.005
1814.80212 14.991 0.005
1817.76778 15.032 0.005
1822.64522 14.914 0.005
1826.79632 15.262 0.005
1829.73856 14.920 0.005
1846.78660 15.121 0.005
1850.74335 14.918 0.005
1854.79941 15.223 0.005
1858.72327 14.989 0.005
1862.72217 15.308 0.005
1867.74660 15.111 0.005
1871.75320 14.917 0.005
2085.90914 15.072 0.006
2086.88843 15.160 0.006
2103.89525 14.962 0.005
2105.92315 15.010 0.006
2106.89098 15.069 0.006
2112.84336 15.004 0.006
2116.87111 15.293 0.006
2123.81803 15.305 0.006
2128.82553 15.128 0.006
2129.85750 15.259 0.006
2130.84387 15.310 0.006
2131.83748 15.051 0.006
2132.80627 14.934 0.006
2133.89460 15.011 0.006
2134.81000 15.019 0.006
2135.84408 15.106 0.006
2137.89208 15.314 0.006
2140.81134 15.014 0.006
2142.75205 15.107 0.006
2143.81755 15.240 0.006
2144.82425 15.320 0.006
2155.87863 15.016 0.006
2156.82521 15.113 0.006
2160.75460 14.924 0.006
2162.76139 15.011 0.006
2166.75600 15.116 0.006
2167.76446 14.919 0.006
2168.71363 14.992 0.006
2171.73955 15.198 0.006
2172.74617 15.306 0.006
2177.63966 15.083 0.006
2184.70130 15.094 0.006
2185.66480 15.174 0.006
2186.68965 15.297 0.007
2187.68483 15.181 0.006
2188.73199 14.934 0.006
2190.69136 15.008 0.006
2191.66474 15.082 0.006
2192.66325 15.162 0.006
2193.68432 15.296 0.006
2194.65442 15.213 0.006
2203.55089 14.953 0.006
2206.60721 15.140 0.006
2211.64130 15.009 0.006
2212.64513 15.055 0.006
2213.65095 15.149 0.006
2214.64214 15.267 0.006
2215.64912 15.277 0.006
2217.63582 14.947 0.006
2219.67868 15.059 0.006
2224.71356 14.954 0.006
2226.63643 15.046 0.006
2228.55833 15.247 0.006
2229.61659 15.304 0.006
2231.64326 14.950 0.006
2232.50999 15.007 0.006
2233.61341 15.035 0.006
2235.66353 15.269 0.006
2238.54707 14.923 0.006
2240.65138 15.036 0.006
2242.61889 15.249 0.006
2248.60354 15.129 0.006
2250.57686 15.308 0.006
2253.57050 14.995 0.006
2255.60716 15.121 0.006
2258.57346 15.095 0.005
2263.58419 15.219 0.006
2266.55498 14.920 0.006
2271.56456 15.324 0.006
2273.56390 14.920 0.006
2275.59883 15.013 0.006
2276.55838 15.100 0.006
2278.59096 15.320 0.006
2280.58682 14.921 0.006
2284.58970 15.207 0.006
2290.60368 15.102 0.006
2293.56596 15.142 0.006
2295.55870 14.985 0.006
2297.56199 15.094 0.006
2299.56109 15.312 0.006
2301.55335 14.922 0.006
2445.91192 15.125 0.006
2460.87884 15.223 0.007
2463.91518 14.910 0.006
2465.92794 15.008 0.006
2467.90093 15.197 0.006
2469.90031 15.113 0.006
2471.88975 14.986 0.006
2472.91922 15.007 0.005
2473.89113 15.098 0.006
2481.90282 15.192 0.006
2483.88864 15.132 0.006
2486.88565 15.003 0.006
2488.87656 15.193 0.006
2489.92299 15.306 0.006
2492.90335 14.975 0.006
2496.90310 15.295 0.006
2497.92651 15.151 0.006
2498.77378 14.945 0.006
2499.85936 14.966 0.006
2500.86493 15.004 0.006
2501.85389 15.081 0.006
2502.83412 15.166 0.006
2508.74536 15.058 0.006
2516.77666 15.151 0.006
2517.82340 15.278 0.006
2518.79484 15.244 0.006
2519.83174 14.947 0.006
2520.79113 14.940 0.006
2521.82327 15.005 0.006
2524.82152 15.262 0.007
2526.77770 14.978 0.006
2534.83408 14.948 0.006
2535.81429 15.003 0.006
2537.70207 15.122 0.006
2538.79803 15.260 0.006
2539.70185 15.300 0.006
2540.74273 15.012 0.006
2541.71375 14.931 0.006
2542.68354 14.998 0.006
2544.66208 15.120 0.006
2545.67711 15.232 0.006
2547.69512 15.054 0.006
2548.71156 14.923 0.006
2550.70669 15.024 0.006
2551.69333 15.112 0.006
2553.64905 15.307 0.007
2554.70257 15.055 0.006
2555.71050 14.927 0.006
2556.68952 14.998 0.006
2557.70206 15.016 0.006
2558.65854 15.117 0.006
2559.61544 15.203 0.006
2560.64850 15.305 0.006
2561.67405 15.098 0.006
2562.66694 14.919 0.006
2563.67487 14.994 0.006
2564.69026 15.018 0.006
2565.68116 15.108 0.006
2566.66144 15.214 0.006
2568.69242 15.098 0.006
2571.64511 15.015 0.006
2573.65854 15.195 0.006
2574.64237 15.309 0.006
2577.62924 14.984 0.006
2578.62931 15.000 0.006
2579.63596 15.099 0.006
2580.64808 15.199 0.006
2583.61939 14.915 0.006
2584.62675 14.981 0.006
2586.62397 15.108 0.006
2587.60838 15.183 0.006
2588.71680 15.318 0.006
2589.59832 15.133 0.006
2590.61345 14.924 0.006
2591.63659 14.983 0.006
2593.60559 15.098 0.006
2594.60936 15.176 0.006
2596.58489 15.161 0.006
2597.57206 14.925 0.006
2598.64593 14.976 0.006
2599.60541 15.011 0.006
2607.62660 15.085 0.006
2610.54642 15.214 0.006
2613.54032 15.005 0.006
2615.56917 15.156 0.006
2619.55687 14.962 0.006
2621.56577 15.069 0.006
2625.54841 14.964 0.006
2628.54178 15.047 0.006
2632.54820 14.967 0.006
2636.54337 15.137 0.006
2639.54386 14.985 0.006
2642.55261 15.040 0.006
2646.56543 14.996 0.006
2651.53746 15.256 0.007
2654.55527 14.949 0.006
2657.55813 15.131 0.006
2660.55391 15.032 0.006
2671.55158 15.119 0.006
2673.56338 15.298 0.007
2676.52475 14.999 0.006
2679.53811 15.224 0.006
2682.54043 14.924 0.006
2777.90295 15.195 0.006
2804.86989 15.069 0.006
2811.90436 15.067 0.006
2814.94001 15.213 0.006
2817.92658 15.009 0.006
2831.78143 15.002 0.006
2832.74739 15.019 0.006
2832.92536 15.044 0.006
2833.86530 15.130 0.006
2835.87395 15.288 0.006
2837.87502 14.953 0.006
2838.93218 15.007 0.006
2840.82492 15.130 0.006
2843.82636 15.018 0.005
2844.87219 14.939 0.006
2845.91818 15.014 0.006
2849.85561 15.301 0.006
2850.88837 15.027 0.006
2851.93194 14.940 0.006
2852.80262 14.991 0.006
2853.94203 15.025 0.006
2856.81529 15.314 0.006
2858.90934 14.929 0.006
2860.87534 15.018 0.006
2861.74651 15.120 0.006
2862.92552 15.244 0.006
2863.83472 15.305 0.007
2865.83162 14.934 0.006
2866.88126 15.004 0.006
2867.82127 15.010 0.006
2868.76894 15.116 0.006
2869.90194 15.229 0.006
2870.81554 15.314 0.006
2871.85846 15.084 0.006
2875.79802 15.115 0.006
2876.77573 15.212 0.006
2877.79763 15.303 0.006
2879.73926 14.913 0.006
2883.82540 15.199 0.006
2885.76020 15.120 0.006
2888.80852 15.007 0.006
2892.79988 15.120 0.006
2894.72904 14.981 0.006
2896.72614 15.105 0.006
2898.74712 15.307 0.006
2900.74596 14.923 0.006
2902.74548 14.991 0.006
2905.75268 15.287 0.006
2907.75408 14.926 0.006
2909.74319 14.994 0.005
2911.73455 15.167 0.006
2915.70602 14.968 0.006
2917.73213 15.074 0.006
2921.72988 14.934 0.006
2923.75183 15.008 0.006
2925.71480 15.150 0.006
2927.71233 15.227 0.006
2930.73038 15.008 0.006
2932.73689 15.146 0.006
2934.71672 15.242 0.006
2937.64073 15.004 0.006
2939.69337 15.147 0.006
2940.63350 15.264 0.006
2941.68332 15.268 0.006
2942.63345 14.989 0.006
2943.60468 14.937 0.006
2944.58927 14.989 0.006
2945.60604 15.022 0.006
2947.61554 15.248 0.006
2949.59685 15.017 0.006
2950.64160 14.936 0.006
2951.62878 15.007 0.006
2952.65771 15.038 0.006
2954.68263 15.257 0.006
2956.62862 15.018 0.006
2958.62303 15.000 0.006
2961.59410 15.230 0.007
2968.59386 15.229 0.006
2970.61311 15.056 0.006
2972.59760 15.002 0.006
2974.59835 15.119 0.006
2976.54805 15.313 0.006
2978.57415 14.923 0.006
2980.59102 15.019 0.006
2982.53624 15.208 0.006
2984.62711 15.089 0.006
2986.63724 14.995 0.006
2988.52960 15.107 0.006
2991.60267 15.091 0.006
2994.58439 15.005 0.006
2997.55718 15.298 0.006
3001.57363 15.005 0.006
3005.53170 15.125 0.006
3008.55336 14.998 0.006
3008.55802 15.007 0.006
3011.56139 15.309 0.006
3016.58805 15.092 0.006
3018.57452 15.300 0.006
3020.60257 14.918 0.006
3021.61538 14.977 0.005
3023.57128 15.088 0.006
3025.56979 15.303 0.006
3027.60330 14.917 0.006
3029.57520 15.002 0.006
3031.57974 15.171 0.006
3033.58211 15.163 0.006
3037.52913 15.073 0.006
3164.92956 15.110 0.006
3183.91153 14.991 0.006
3193.87929 15.186 0.006
3195.93849 15.113 0.006
3197.91395 14.993 0.006
3201.87137 15.294 0.006
3203.87932 14.921 0.005
3206.81719 15.078 0.006
3210.89322 14.913 0.006
3211.88465 14.977 0.006
3215.66076 15.279 0.006
3216.72877 15.221 0.006
3217.92930 14.923 0.006
3218.91393 14.973 0.006
3223.83478 15.204 0.006
3226.82503 15.016 0.006
3229.83216 15.268 0.006
3231.81430 14.949 0.006
3239.79267 14.950 0.006
3240.78993 15.006 0.006
3241.81429 15.054 0.006
3242.71361 15.128 0.006
3243.85006 15.273 0.006
3244.82725 15.244 0.006
3245.77639 14.971 0.006
3246.76884 14.934 0.006
3247.76260 14.990 0.006
3249.72731 15.117 0.006
3251.74083 15.292 0.006
3254.72795 15.005 0.006
3257.74436 15.251 0.006
3259.66354 15.053 0.006
3261.70164 14.995 0.005
3263.68434 15.120 0.006
3265.71873 15.314 0.006
3267.70757 14.928 0.005
3269.78399 15.029 0.006
3270.74081 15.116 0.006
3271.66364 15.216 0.006
3272.72083 15.302 0.006
3274.70670 14.925 0.006
3276.71113 15.015 0.006
3277.74427 15.126 0.006
3279.67659 15.316 0.006
3281.64027 14.915 0.005
3283.64171 15.011 0.005
3287.60793 15.100 0.006
3289.61900 14.987 0.005
3293.59579 15.305 0.005
3295.61458 14.916 0.005
3297.59633 15.006 0.005
3299.65270 15.191 0.005
3301.62694 15.120 0.006
3303.68919 14.980 0.006
3306.62174 15.187 0.005
3308.60946 15.134 0.006
3310.60859 14.972 0.006
3312.65261 15.091 0.006
3314.56347 15.292 0.006
3320.60130 15.159 0.006
3327.55626 15.160 0.006
3330.55049 14.934 0.006
3335.59532 15.275 0.006
3338.59893 14.956 0.005
3349.59526 15.273 0.006
3353.57435 15.006 0.006
3359.55088 14.944 0.006
3363.55822 15.245 0.006
3367.61754 15.006 0.006
3372.54829 15.011 0.005
3376.52760 15.125 0.006
3378.59455 15.300 0.006
3386.56098 15.035 0.005
3390.57456 15.106 0.006
3398.55632 15.225 0.006
3402.54472 14.985 0.005
3528.93692 14.956 0.006
3541.92972 14.946 0.005
3547.91431 15.260 0.006
3554.92252 15.271 0.006
3560.94464 15.259 0.006
3564.90680 15.006 0.005
3568.83766 15.302 0.006
3570.77838 14.925 0.006
3571.80071 14.997 0.006
3573.83820 15.128 0.006
3574.87719 15.239 0.006
3577.83586 14.923 0.005
3578.89443 15.004 0.005
3579.79927 15.020 0.005
3581.84420 15.217 0.006
3581.86691 15.230 0.006
3582.82909 15.300 0.006
3583.83350 15.067 0.006
3586.80784 15.002 0.005
3588.82573 15.225 0.005
3589.81854 15.317 0.006
3591.87334 14.921 0.005
3593.81090 14.999 0.005
3596.89136 15.297 0.006
3601.80899 15.102 0.006
3607.81440 15.008 0.005
3614.78579 14.995 0.005
3617.76529 15.296 0.006
3619.69821 14.922 0.005
3621.71667 14.996 0.005
3624.86497 15.293 0.006
3626.71435 14.931 0.005
3629.66796 15.074 0.006
3631.73033 15.294 0.006
3633.69564 14.938 0.006
3637.64955 15.161 0.006
3639.69963 15.215 0.005
3641.69619 14.962 0.005
3643.72056 15.070 0.005
3646.65552 15.242 0.006
3650.65877 15.057 0.006
3650.68281 15.053 0.005
3651.73275 15.156 0.005
3653.72891 15.241 0.006
3655.69509 14.946 0.005
3657.64587 15.040 0.005
3658.65030 15.132 0.006
3659.63835 15.259 0.006
3660.66847 15.261 0.006
3663.55998 14.996 0.006
3665.63356 15.130 0.006
3668.57198 15.022 0.005
3669.67074 14.939 0.006
3671.62890 15.039 0.006
3673.67376 15.243 0.006
3675.65834 15.011 0.005
3683.64765 14.926 0.005
3685.65278 15.031 0.005
3687.65145 15.233 0.006
3689.59984 15.041 0.005
3692.57568 15.013 0.006
3694.55966 15.212 0.006
3696.56018 15.084 0.005
3698.59387 14.988 0.006
3700.57480 15.107 0.006
3702.58409 15.312 0.006
3704.59036 14.927 0.005
3706.61079 15.005 0.005
3708.58367 15.217 0.006
3711.59026 14.912 0.006
3714.52401 15.094 0.006
3718.60452 14.920 0.006
3721.55342 15.100 0.006
3724.56310 15.117 0.006
3726.58366 14.989 0.006
3728.55677 15.102 0.006
3734.56022 15.006 0.006
3737.57590 15.303 0.006
3742.53452 15.086 0.006
3746.55980 14.914 0.006
3751.53618 15.293 0.006
3756.55244 15.069 0.006
3761.60271 14.975 0.006
3766.52751 15.245 0.006
3772.55033 15.283 0.006
3776.55040 15.007 0.006
3871.87630 15.311 0.006
3901.93882 14.924 0.005
3906.93909 15.309 0.006
3913.91603 15.314 0.006
3918.87954 15.107 0.006
3931.91488 15.010 0.006
3934.85790 15.311 0.006
3936.86610 14.928 0.005
3938.85009 15.006 0.006
3944.89748 14.960 0.005
3946.86561 15.075 0.006
3951.88502 14.972 0.005
3955.85015 15.284 0.006
3958.82667 14.960 0.006
3960.82682 15.067 0.005
3963.82353 15.259 0.006
3965.81541 14.948 0.005
3967.83526 15.049 0.005
3969.80090 15.265 0.006
3971.77709 14.986 0.005
3974.77883 15.035 0.006
3979.73419 14.932 0.005
3980.61754 15.008 0.006
3981.64383 15.016 0.005
3983.83415 15.261 0.006
3986.69571 14.929 0.005
3987.66675 15.002 0.005
3990.79002 15.241 0.006
3993.73482 14.926 0.005
3995.74009 15.021 0.005
3999.74936 15.068 0.005
4002.72150 15.015 0.005
4004.67329 15.209 0.006
4006.69950 15.080 0.005
4007.56288 14.912 0.005
4008.57181 14.988 0.005
4009.73327 15.015 0.006
4013.69838 15.093 0.006
4015.68067 14.984 0.006
4015.69690 14.990 0.006
4018.69606 15.211 0.006
4019.68463 15.305 0.006
4021.67712 14.912 0.005
4024.65059 15.101 0.005
4026.62947 15.303 0.006
4028.62543 14.921 0.005
4030.63799 15.008 0.005
4032.69009 15.181 0.006
4037.66628 15.008 0.005
4039.60422 15.160 0.006
4041.60374 15.157 0.006
4043.58944 14.973 0.006
4046.59877 15.162 0.006
4048.56467 15.193 0.006
4050.60679 14.968 0.005
4052.55889 15.074 0.005
4054.61307 15.286 0.006
4056.58516 14.940 0.005
4058.61871 15.004 0.005
4060.51755 15.148 0.006
4064.51518 14.955 0.005
4066.55665 15.064 0.005
4069.51502 15.269 0.006
4073.59859 15.057 0.006
4077.52194 14.993 0.006
4079.52388 15.017 0.006
4082.52384 15.262 0.006
4085.56155 14.942 0.005
4092.55760 14.938 0.005
4096.58355 15.253 0.006
4100.58634 15.000 0.005
4105.55417 15.038 0.006
4108.53042 15.020 0.006
4113.60831 14.927 0.005
4120.57914 14.916 0.005
4126.57697 15.075 0.006
4252.92626 15.228 0.006
4255.84555 15.010 0.006
4268.89906 14.951 0.006
4275.92119 14.948 0.006
4279.79887 15.240 0.007
4282.80943 14.939 0.006
4283.86237 15.012 0.006
4285.91669 15.132 0.006
4291.93747 15.043 0.006
4292.85599 15.123 0.006
4295.86004 15.048 0.006
4296.88980 14.926 0.006
4297.92266 15.007 0.006
4299.85747 15.129 0.006
4300.87896 15.240 0.006
4301.89697 15.309 0.006
4302.91858 15.049 0.006
4306.86321 15.129 0.006
4307.89749 15.239 0.006
4308.65864 15.313 0.006
4308.86662 15.313 0.006
4310.83897 14.931 0.006
4311.82652 15.001 0.006
4312.90040 15.015 0.006
4314.91987 15.222 0.006
4316.82641 15.098 0.006
4319.86359 15.019 0.006
4320.89045 15.115 0.006
4326.83432 15.003 0.006
4327.81259 15.092 0.006
4328.82822 15.204 0.006
4329.83076 15.312 0.006
4330.85900 15.110 0.006
4333.86030 15.004 0.006
4338.90068 14.917 0.006
4340.77316 14.990 0.006
4341.76831 15.098 0.006
4342.82417 15.193 0.006
4343.76181 15.308 0.006
4344.74396 15.151 0.006
4345.78995 14.917 0.006
4347.77884 14.998 0.006
4349.79203 15.185 0.006
4351.72913 15.179 0.006
4353.75235 14.979 0.006
4357.70122 15.291 0.006
4359.69915 14.932 0.005
4361.70171 15.002 0.006
4362.72443 15.075 0.006
4364.58347 15.268 0.006
4367.68098 14.954 0.006
4370.67263 15.145 0.006
4372.73610 15.227 0.006
4376.65149 15.056 0.006
4378.61807 15.271 0.006
4379.64603 15.269 0.006
4380.75888 14.947 0.006
4382.68633 15.007 0.006
4386.66139 15.279 0.006
4388.66187 14.938 0.006
4390.67086 15.041 0.006
4393.64464 15.292 0.006
4395.67952 14.941 0.006
4398.64496 15.130 0.006
4400.66784 15.297 0.006
4403.69363 15.006 0.006
4407.63372 15.289 0.006
4408.67990 15.032 0.006
4410.70284 15.004 0.006
4415.68697 15.043 0.006
4418.59364 15.018 0.006
4422.65487 15.073 0.006
4424.65193 15.000 0.006
4427.53863 15.215 0.006
4429.56456 15.120 0.006
4431.56900 15.002 0.006
4433.57486 15.113 0.006
4435.56321 15.311 0.006
4437.65225 14.927 0.006
4439.56412 15.007 0.006
4441.59995 15.205 0.006
4443.59068 15.121 0.006
4449.64470 15.310 0.006
4451.59983 14.924 0.006
4453.58181 15.014 0.006
4456.58324 15.300 0.006
4459.53574 14.980 0.006
4464.57543 15.144 0.006
4465.54136 14.927 0.006
4470.56029 15.295 0.006
4474.59679 15.006 0.006
4476.57493 15.172 0.006
4479.59974 14.931 0.006
4481.58441 15.013 0.006
4484.60109 15.292 0.007
4487.62265 14.961 0.006
4609.89594 15.116 0.006
4643.88061 15.020 0.006
4649.93082 14.979 0.006
4661.89396 15.169 0.006
4662.77668 14.944 0.005
4662.89360 14.933 0.006
4663.74837 14.954 0.006
4663.93227 14.973 0.006
4665.82132 15.078 0.006
4665.91527 15.051 0.006
4666.90913 15.176 0.006
4670.90358 14.968 0.006
4671.81782 15.001 0.006
4672.87754 15.077 0.006
4675.89515 15.209 0.006
4681.87488 15.284 0.006
4683.87013 14.956 0.006
4685.85625 15.005 0.006
4688.80759 15.266 0.006
4690.73315 15.002 0.006
4691.73602 14.935 0.006
4693.89111 15.051 0.006
4696.84103 15.280 0.007
4698.75286 14.936 0.005
4699.74687 15.002 0.006
4700.78438 15.036 0.006
4701.78958 15.135 0.006
4702.84972 15.257 0.006
4703.74876 15.306 0.006
4704.76761 15.028 0.006
4705.77485 14.939 0.006
4707.76752 15.034 0.006
4708.83578 15.130 0.006
4710.75175 15.314 0.006
4716.75326 15.241 0.006
4719.74543 14.921 0.005
4721.73439 15.014 0.006
4724.76409 15.314 0.006
4726.65976 14.921 0.006
4729.67074 15.116 0.006
4731.76099 15.324 0.006
4734.74331 14.998 0.006
4736.70809 15.112 0.006
4739.64937 15.111 0.006
4741.72395 14.981 0.005
4747.59056 14.921 0.006
4749.59013 15.009 0.006
4753.65929 15.133 0.006
4755.65321 14.979 0.006
4757.63765 15.093 0.006
4759.65027 15.298 0.006
4761.62054 14.930 0.005
4763.63318 15.008 0.006
4766.60140 15.288 0.006
4769.63947 14.969 0.006
4771.55054 15.074 0.006
4773.67535 15.301 0.006
4775.66219 14.928 0.006
4777.59594 15.006 0.006
4779.63153 15.161 0.006
4781.58145 15.228 0.006
4783.56507 14.945 0.006
4785.59617 15.066 0.006
4789.53158 14.987 0.006
4790.61380 14.939 0.005
4791.61210 14.995 0.006
4793.51623 15.139 0.006
4795.53328 15.279 0.006
4797.52548 14.947 0.006
4798.58878 15.004 0.006
4800.63607 15.149 0.006
4803.52739 15.004 0.006
4804.57757 14.940 0.006
4806.58659 15.047 0.006
4808.54482 15.253 0.006
4808.61232 15.259 0.006
4810.55526 15.003 0.006
4813.59461 15.042 0.006
4815.57074 15.250 0.006
4817.58728 15.006 0.006
4819.58688 15.004 0.006
4821.62878 15.135 0.006
4823.58957 15.296 0.006
4825.61801 14.934 0.006
4832.59113 14.930 0.006
4835.57295 15.108 0.006
4839.59446 14.922 0.006
4842.56152 15.116 0.006
4844.57001 15.305 0.006
4847.62632 15.002 0.006
4849.58618 15.107 0.006
4853.58361 14.936 0.006
4856.57754 15.112 0.006
4865.55067 15.311 0.006
4936.91655 15.134 0.006
4940.89923 15.089 0.006
4940.90309 15.088 0.006
4953.89694 15.010 0.006
4954.88836 15.074 0.006
