 621.87733 16.544 0.011
 625.93760 16.677 0.008
 627.92653 16.803 0.010
 628.93586 16.517 0.008
 632.93618 16.819 0.010
 635.93577 16.729 0.009
 643.90453 16.539 0.008
 645.90804 16.723 0.009
 649.87734 16.924 0.011
 656.92310 16.385 0.007
 657.86432 16.809 0.010
 664.82730 16.906 0.010
 664.91581 16.594 0.008
 665.90283 16.781 0.008
 666.91336 16.423 0.008
 667.92418 16.833 0.009
 668.89474 16.648 0.008
 670.86039 16.759 0.008
 671.88298 16.422 0.007
 673.73870 16.581 0.008
 684.81550 16.363 0.008
 685.75406 16.774 0.008
 686.79647 16.436 0.008
 688.90130 16.712 0.008
 689.79130 16.320 0.007
 697.75729 16.862 0.008
 698.90333 16.727 0.010
 699.75978 16.193 0.007
 700.76843 16.795 0.008
 701.74088 16.474 0.008
 704.71315 16.213 0.007
 706.73688 16.490 0.008
 707.77290 16.907 0.011
 708.74042 16.680 0.010
 712.74080 16.894 0.009
 713.77847 16.721 0.008
 714.79390 16.289 0.007
 716.72751 16.536 0.008
 720.70309 16.806 0.010
 722.66835 16.900 0.010
 726.76045 16.581 0.008
 728.65926 16.710 0.008
 729.72618 16.337 0.007
 730.65030 16.815 0.009
 733.71229 16.760 0.010
 739.77726 16.434 0.008
 741.70380 16.603 0.008
 742.79427 16.203 0.008
 744.74608 16.446 0.008
 745.69737 16.854 0.008
 747.63628 16.865 0.010
 748.59780 16.746 0.009
 749.60549 16.345 0.008
 750.60009 16.857 0.010
 751.60723 16.589 0.008
 752.80977 16.206 0.008
 753.75039 16.802 0.010
 754.71695 16.487 0.008
 755.60601 16.840 0.011
 759.61203 16.406 0.007
 760.61843 16.844 0.009
 761.61538 16.640 0.008
 762.60596 16.583 0.009
 762.74052 16.215 0.008
 763.62495 16.779 0.009
 763.70556 16.812 0.010
 763.79421 16.816 0.013
 764.71219 16.513 0.010
 765.65627 16.885 0.011
 766.55246 16.623 0.013
 766.69311 16.699 0.010
 767.60158 16.368 0.009
 767.66030 16.176 0.008
 767.75493 16.275 0.008
 769.58452 16.461 0.008
 770.57229 16.846 0.009
 771.58684 16.667 0.009
 772.58556 16.271 0.008
 772.76676 16.331 0.008
 773.64741 16.822 0.009
 775.62976 16.887 0.009
 776.61900 16.701 0.009
 776.77160 16.738 0.010
 777.56365 16.211 0.008
 778.60151 16.788 0.010
 778.69242 16.820 0.011
 779.58185 16.497 0.009
 779.73664 16.585 0.008
 780.58583 16.888 0.011
 780.75479 16.844 0.011
 781.63649 16.707 0.008
 782.57109 16.192 0.007
 782.67071 16.283 0.008
 783.61688 16.818 0.008
 784.66235 16.560 0.008
 785.55873 16.882 0.009
 786.56496 16.700 0.008
 787.64665 16.301 0.007
 788.57489 16.836 0.009
 790.61445 16.917 0.009
 795.60236 16.919 0.010
 796.58956 16.756 0.010
 796.71697 16.769 0.011
 797.57043 16.297 0.007
 798.63988 16.830 0.009
 800.57501 16.923 0.009
 802.66668 16.429 0.009
 806.57275 16.763 0.009
 808.59101 16.837 0.011
 816.66731 16.808 0.009
 817.66258 16.460 0.008
 819.64172 16.674 0.008
 822.62809 16.502 0.008
 824.64809 16.687 0.010
 825.63578 16.181 0.008
 828.68115 16.909 0.011
 829.64779 16.717 0.008
 830.56526 16.170 0.009
 832.65460 16.552 0.008
 834.55689 16.660 0.009
 836.62228 16.793 0.011
 838.64113 16.900 0.011
 840.63404 16.306 0.008
 842.64544 16.576 0.009
 843.63631 16.882 0.010
 845.62715 16.336 0.007
 850.60916 16.351 0.008
 855.61392 16.398 0.008
 856.57864 16.811 0.012
 858.54659 16.874 0.012
 860.54836 16.352 0.008
 867.54450 16.613 0.010
 874.54330 16.777 0.010
 963.92668 16.774 0.009
 986.91307 16.676 0.009
 987.92531 16.202 0.007
 996.91189 16.718 0.008
 998.84426 16.770 0.010
1003.84633 16.801 0.011
1005.87056 16.904 0.011
1008.90354 16.835 0.011
1020.86679 16.695 0.009
1025.85239 16.619 0.010
1035.82011 16.377 0.007
1037.84727 16.471 0.008
1038.86539 16.891 0.011
1041.85354 16.787 0.009
1045.81791 16.167 0.007
1049.84683 16.717 0.010
1053.73812 16.870 0.008
1058.80624 16.905 0.011
1059.85179 16.755 0.010
1061.83825 16.822 0.011
1064.79474 16.726 0.011
1069.70813 16.713 0.008
1074.68932 16.712 0.009
1077.68377 16.552 0.008
1079.69404 16.725 0.009
1081.73308 16.850 0.008
1084.67198 16.736 0.008
1087.69142 16.583 0.008
1090.65941 16.321 0.008
1092.72347 16.599 0.008
1095.74970 16.453 0.008
1102.68856 16.628 0.008
1107.65677 16.635 0.008
1112.69993 16.680 0.008
1117.63846 16.661 0.008
1122.65283 16.663 0.008
1128.60294 16.174 0.007
1132.62882 16.709 0.008
1138.67396 16.326 0.007
1140.68230 16.611 0.008
1144.70894 16.836 0.009
1151.62022 16.906 0.010
1154.57738 16.835 0.009
1157.58708 16.747 0.009
1160.61189 16.607 0.008
1163.69031 16.497 0.009
1164.73588 16.907 0.010
1170.59085 16.636 0.008
1178.71340 16.550 0.009
1182.71184 16.833 0.010
1185.65455 16.726 0.008
1187.69110 16.814 0.010
1190.56050 16.698 0.008
1202.63611 16.831 0.011
1208.60665 16.594 0.009
1211.60908 16.413 0.008
1216.59703 16.409 0.008
1219.60142 16.376 0.009
1235.54647 16.813 0.012
1329.83878 16.779 0.011
1335.91912 16.493 0.009
1355.93908 16.591 0.010
1366.89524 16.752 0.010
1367.91725 16.799 0.011
1369.91018 16.826 0.010
1374.90400 16.841 0.010
1395.87027 16.690 0.009
1397.89309 16.820 0.011
1401.90745 16.295 0.007
1402.90520 16.826 0.009
1407.91558 16.839 0.010
1412.81421 16.838 0.011
1418.78817 16.567 0.008
1430.84946 16.784 0.008
1432.81068 16.862 0.009
1435.73639 16.756 0.010
1439.83416 16.220 0.007
1442.79856 16.866 0.009
1447.72750 16.868 0.012
1451.71814 16.445 0.008
1454.71644 16.307 0.008
1460.66057 16.785 0.010
1462.68448 16.858 0.010
1470.63574 16.803 0.010
1475.68349 16.804 0.009
1478.60979 16.656 0.010
1481.62288 16.498 0.008
1484.62455 16.192 0.008
1487.58364 16.857 0.011
1489.60704 16.223 0.007
1491.66921 16.571 0.008
1494.71717 16.398 0.008
1495.57033 16.828 0.009
1499.54245 16.230 0.008
1502.62734 16.896 0.011
1506.62240 16.600 0.010
1509.60594 16.371 0.008
1514.68226 16.455 0.009
1517.59897 16.554 0.008
1520.64179 16.846 0.010
1522.67050 16.190 0.008
1525.56614 16.829 0.011
1528.66414 16.804 0.009
1544.59692 16.525 0.008
1546.65336 16.750 0.011
1551.61535 16.753 0.010
1555.59350 16.923 0.010
1562.62771 16.415 0.008
1568.60122 16.845 0.011
1573.59618 16.849 0.011
1579.57979 16.679 0.010
1581.60703 16.797 0.010
1584.59187 16.684 0.009
1586.60299 16.787 0.009
1588.57651 16.878 0.013
1590.57361 16.199 0.007
1597.57506 16.539 0.008
1602.57226 16.569 0.009
1607.56248 16.583 0.009
1706.93248 16.593 0.009
1738.89974 16.799 0.009
1740.90742 16.874 0.014
1744.92430 16.555 0.009
1745.91748 16.927 0.010
1749.89802 16.549 0.007
1750.90137 16.921 0.010
1751.88187 16.729 0.008
1752.87426 16.255 0.008
1753.87507 16.833 0.009
1754.87097 16.550 0.009
1755.86726 16.944 0.013
1756.89693 16.751 0.015
1757.84601 16.239 0.008
1758.85057 16.816 0.008
1759.86366 16.567 0.008
1761.87981 16.757 0.010
1762.86225 16.323 0.008
1763.86775 16.821 0.009
1764.85748 16.576 0.008
1765.85383 16.918 0.011
1766.82760 16.742 0.010
1768.84141 16.823 0.010
1769.75655 16.564 0.008
1773.81749 16.843 0.008
1775.82905 16.859 0.009
1785.80609 16.663 0.008
1788.84122 16.863 0.009
1789.77390 16.614 0.007
1803.87752 16.914 0.010
1809.80127 16.693 0.008
1812.77514 16.534 0.008
1815.83157 16.315 0.007
1821.72818 16.825 0.008
1823.79743 16.922 0.008
1829.72253 16.732 0.009
1830.78954 16.355 0.008
1864.73389 16.803 0.009
1865.73993 16.475 0.008
1873.71253 16.215 0.007
2104.86893 16.823 0.011
2112.90925 16.774 0.010
2114.86864 16.818 0.012
2115.88530 16.584 0.011
2116.90965 16.822 0.011
2117.87158 16.758 0.011
2123.86163 16.397 0.009
2128.86705 16.426 0.011
2130.80588 16.605 0.010
2131.79887 16.847 0.011
2132.84364 16.789 0.013
2133.85465 16.444 0.011
2135.88360 16.674 0.010
2136.88995 16.193 0.009
2140.85269 16.650 0.012
2141.76288 16.732 0.014
2142.85738 16.815 0.012
2143.86078 16.485 0.009
2144.78859 16.843 0.011
2156.71325 16.423 0.010
2160.79248 16.698 0.011
2162.80283 16.799 0.011
2165.79026 16.709 0.011
2166.79366 16.247 0.008
2167.72690 16.802 0.011
2168.75147 16.515 0.010
2172.78359 16.821 0.011
2173.74576 16.542 0.009
2174.72951 16.900 0.010
2177.67763 16.805 0.012
2184.73896 16.950 0.016
2185.70239 16.734 0.014
2187.64725 16.820 0.014
2189.72882 16.892 0.016
2190.72891 16.756 0.011
2191.63918 16.259 0.009
2192.69813 16.825 0.010
2193.71907 16.582 0.009
2194.69015 16.891 0.011
2200.70457 16.768 0.011
2203.59279 16.579 0.010
2206.64251 16.382 0.011
2208.68660 16.640 0.011
2211.69452 16.445 0.009
2212.68113 16.841 0.012
2214.68112 16.306 0.010
2215.71713 16.794 0.013
2217.67628 16.869 0.016
2219.71326 16.179 0.009
2222.76258 16.910 0.013
2223.66767 16.696 0.012
2225.63187 16.776 0.011
2227.52601 16.840 0.017
2228.59359 16.643 0.011
2230.53167 16.792 0.012
2232.54469 16.845 0.012
2234.58670 16.174 0.008
2236.57594 16.474 0.010
2239.52346 16.269 0.011
2241.56825 16.505 0.011
2243.60662 16.707 0.011
2249.56276 16.218 0.008
2251.61287 16.573 0.009
2254.55604 16.249 0.008
2256.58785 16.564 0.011
2259.60873 16.361 0.009
2262.61522 16.785 0.012
2266.60706 16.613 0.011
2271.58199 16.633 0.011
2273.58124 16.779 0.013
2276.57588 16.640 0.012
2280.56984 16.838 0.013
2285.56577 16.846 0.011
2289.60164 16.501 0.009
2291.60688 16.713 0.010
2293.60315 16.803 0.011
2295.59986 16.928 0.012
2297.60443 16.273 0.008
2299.59907 16.557 0.011
2301.59061 16.729 0.014
2453.87676 16.702 0.016
2460.92341 16.823 0.017
2464.88078 16.330 0.008
2466.87431 16.579 0.011
2468.86857 16.760 0.011
2470.85951 16.818 0.011
2472.87959 16.835 0.010
2474.85038 16.371 0.009
2481.86388 16.628 0.013
2483.92648 16.783 0.011
2486.92728 16.664 0.013
2489.80806 16.413 0.008
2490.80555 16.835 0.015
2497.80189 16.309 0.009
2498.81183 16.795 0.011
2499.89685 16.526 0.009
2500.90525 16.927 0.012
2501.89178 16.706 0.011
2502.87203 16.222 0.009
2508.78263 16.793 0.016
2516.81503 16.709 0.012
2517.86201 16.330 0.009
2518.83627 16.832 0.012
2519.78757 16.547 0.010
2520.82973 16.937 0.013
2521.78032 16.714 0.011
2524.78327 16.567 0.011
2526.81522 16.738 0.009
2529.77375 16.571 0.009
2535.73336 16.891 0.013
2537.73986 16.327 0.010
2538.84030 16.850 0.014
2539.73671 16.581 0.010
2540.78054 16.747 0.013
2541.74875 16.755 0.011
2542.71837 16.348 0.009
2544.69961 16.588 0.010
2545.71188 16.882 0.011
2547.73000 16.387 0.009
2548.74917 16.836 0.011
2550.74434 16.590 0.010
2551.73092 16.785 0.011
2552.74686 16.431 0.009
2553.68764 16.828 0.014
2554.74001 16.641 0.010
2555.74797 16.337 0.009
2556.72719 16.776 0.011
2557.73953 16.449 0.009
2558.69608 16.834 0.011
2559.65299 16.607 0.011
2560.68613 16.541 0.009
2562.70433 16.458 0.010
2563.71234 16.842 0.012
2564.72875 16.658 0.011
2565.72465 16.171 0.008
2566.70361 16.791 0.011
2568.77140 16.898 0.014
2571.69088 16.795 0.011
2572.75934 16.532 0.011
2573.69748 16.869 0.015
2574.67722 16.678 0.010
2576.72169 16.820 0.011
2577.67993 16.518 0.011
2578.66498 16.876 0.013
2579.67512 16.689 0.011
2580.68340 16.205 0.008
2583.65963 16.874 0.013
2584.66194 16.714 0.011
2587.64623 16.517 0.011
2588.65812 16.916 0.013
2589.63710 16.714 0.011
2590.65409 16.258 0.008
2591.68687 16.821 0.011
2593.64365 16.912 0.013
2594.64932 16.741 0.012
2596.62285 16.829 0.013
2597.61011 16.529 0.011
2598.69044 16.902 0.015
2599.65094 16.742 0.012
2608.55159 16.912 0.014
2610.58827 16.326 0.010
2613.57984 16.877 0.014
2615.61096 16.392 0.009
2620.58584 16.389 0.010
2622.53355 16.589 0.011
2625.58699 16.434 0.011
2629.52762 16.753 0.014
2632.56569 16.644 0.010
2636.56212 16.840 0.013
2639.56139 16.782 0.011
2643.53435 16.183 0.009
2649.53902 16.809 0.011
2651.57560 16.897 0.016
2655.53292 16.513 0.017
2658.54930 16.269 0.010
2661.56186 16.915 0.011
2665.52880 16.545 0.014
2669.55497 16.819 0.012
2674.53847 16.826 0.014
2676.55992 16.697 0.011
2678.64248 16.492 0.010
2680.52963 16.628 0.013
2683.55379 16.450 0.011
2804.83169 16.675 0.015
2805.88811 16.252 0.011
2811.94114 16.849 0.014
2815.91496 16.353 0.009
2818.92286 16.809 0.011
2829.86160 16.766 0.011
2831.85182 16.826 0.013
2832.80514 16.590 0.011
2833.90371 16.313 0.011
2835.89245 16.459 0.010
2838.87637 16.298 0.010
2840.88159 16.463 0.010
2843.86755 16.188 0.008
2844.90892 16.818 0.012
2848.81557 16.270 0.011
2849.89360 16.807 0.011
2850.92515 16.544 0.011
2852.85378 16.673 0.013
2854.86513 16.812 0.013
2857.87244 16.708 0.011
2859.85556 16.818 0.011
2860.91208 16.566 0.010
2861.78382 16.871 0.011
2862.86991 16.716 0.011
2863.87183 16.292 0.011
2865.79423 16.526 0.012
2867.78374 16.708 0.011
2868.82438 16.268 0.008
2869.84574 16.829 0.011
2870.85242 16.583 0.010
2872.77654 16.709 0.010
2875.84369 16.584 0.011
2876.81264 16.929 0.011
2877.84213 16.760 0.011
2879.80688 16.828 0.010
2884.75690 16.830 0.011
2886.76270 16.911 0.013
2890.72865 16.566 0.013
2893.78019 16.408 0.009
2895.79104 16.613 0.009
2897.73864 16.755 0.011
2899.77094 16.831 0.011
2903.78965 16.477 0.008
2906.73842 16.437 0.008
2908.71543 16.424 0.010
2910.71027 16.619 0.011
2912.71555 16.796 0.009
2916.72891 16.173 0.008
2918.70595 16.462 0.010
2922.70548 16.787 0.012
2924.64631 16.856 0.011
2926.64042 16.227 0.009
2929.70185 16.910 0.012
2931.67771 16.202 0.008
2933.68998 16.519 0.008
2935.65286 16.691 0.011
2937.67801 16.835 0.013
2939.65620 16.902 0.012
2940.67049 16.727 0.010
2941.64615 16.246 0.008
2942.67377 16.827 0.013
2943.64249 16.543 0.010
2944.62625 16.903 0.013
2946.62483 16.239 0.008
2947.65283 16.839 0.012
2949.63369 16.940 0.012
2950.58518 16.707 0.011
2951.66609 16.342 0.010
2953.61389 16.565 0.011
2955.59889 16.737 0.013
2957.61255 16.836 0.011
2965.66943 16.788 0.011
2968.63197 16.635 0.011
2971.63975 16.430 0.010
2973.62828 16.645 0.011
2975.52504 16.749 0.011
2977.62069 16.864 0.013
2979.60097 16.363 0.010
2982.55556 16.847 0.012
2984.58677 16.264 0.011
2986.59690 16.488 0.009
2988.56934 16.675 0.011
2990.58817 16.815 0.011
2993.59020 16.698 0.010
2997.53396 16.873 0.013
3000.58963 16.815 0.011
3003.56967 16.702 0.011
3006.55930 16.545 0.010
3009.55264 16.272 0.010
3013.55927 16.748 0.011
3017.55372 16.909 0.012
3020.52884 16.813 0.015
3022.55635 16.854 0.013
3024.55548 16.391 0.010
3026.52557 16.579 0.016
3028.52643 16.754 0.023
3030.52954 16.829 0.014
3032.54752 16.614 0.012
3034.54706 16.429 0.009
3038.53788 16.792 0.015
3179.92918 16.428 0.010
3184.89307 16.448 0.011
3193.91608 16.689 0.011
3196.88807 16.495 0.009
3202.87601 16.875 0.011
3203.92049 16.688 0.008
3206.86340 16.523 0.009
3210.92988 16.821 0.010
3211.84597 16.537 0.010
3215.82003 16.813 0.016
3216.76569 16.503 0.011
3217.81555 16.924 0.014
3224.81248 16.277 0.008
3228.79038 16.732 0.011
3230.76389 16.807 0.010
3238.79496 16.758 0.011
3239.83411 16.434 0.009
3240.83124 16.837 0.013
3241.77320 16.606 0.009
3242.76389 16.852 0.013
3244.86571 16.464 0.010
3245.81321 16.826 0.012
3246.81004 16.631 0.011
3247.81429 16.413 0.009
3249.76777 16.431 0.010
3251.78032 16.640 0.009
3254.76641 16.437 0.008
3257.79349 16.194 0.008
3259.70375 16.410 0.010
3261.73943 16.657 0.009
3263.73634 16.808 0.009
3265.76174 16.870 0.011
3267.74444 16.184 0.007
3270.69815 16.853 0.012
3271.70083 16.674 0.011
3273.65933 16.765 0.013
3275.65412 16.880 0.015
3276.74817 16.743 0.014
3277.78707 16.289 0.008
3279.71858 16.541 0.009
3281.68436 16.690 0.010
3283.67877 16.792 0.008
3287.64505 16.206 0.008
3289.65987 16.526 0.008
3291.59824 16.689 0.010
3294.61478 16.532 0.008
3296.58117 16.716 0.009
3298.58903 16.832 0.009
3300.59164 16.888 0.012
3302.57262 16.218 0.008
3305.66862 16.890 0.012
3307.58519 16.290 0.011
3309.60593 16.577 0.010
3311.56148 16.714 0.010
3314.60050 16.599 0.011
3320.63842 16.593 0.009
3323.59078 16.863 0.011
3327.61889 16.442 0.008
3330.59012 16.476 0.010
3335.63476 16.179 0.009
3338.54163 16.863 0.012
3350.55292 16.182 0.008
3357.59002 16.556 0.010
3361.58944 16.822 0.011
3363.59573 16.917 0.013
3369.57269 16.765 0.010
3372.58869 16.605 0.009
3376.56470 16.809 0.011
3380.55105 16.407 0.009
3386.59788 16.832 0.010
3395.54989 16.484 0.011
3399.57376 16.817 0.013
3402.59063 16.692 0.009
3530.94180 16.359 0.008
3543.90686 16.869 0.012
3551.92763 16.813 0.010
3558.91138 16.913 0.011
3562.89827 16.551 0.008
3568.89373 16.920 0.011
3570.85157 16.293 0.009
3571.84183 16.825 0.013
3573.88723 16.869 0.015
3575.84703 16.316 0.008
3577.90361 16.625 0.010
3579.84446 16.746 0.009
3581.91342 16.870 0.011
3582.86583 16.608 0.008
3583.88487 16.646 0.009
3586.87519 16.843 0.008
3588.87334 16.499 0.009
3590.83195 16.420 0.008
3592.79223 16.595 0.008
3594.83302 16.782 0.010
3600.92207 16.519 0.009
3602.78089 16.644 0.012
3603.74512 16.682 0.010
3608.80171 16.187 0.007
3614.83355 16.825 0.009
3615.81927 16.503 0.009
3618.81798 16.233 0.008
3620.84447 16.561 0.008
3622.79850 16.734 0.011
3625.74443 16.524 0.008
3628.76600 16.254 0.008
3630.68146 16.494 0.010
3632.65860 16.671 0.013
3634.68912 16.793 0.010
3637.69439 16.725 0.010
3640.65950 16.521 0.008
3642.70292 16.723 0.011
3644.69522 16.812 0.009
3646.71272 16.930 0.011
3650.72847 16.606 0.009
3652.66993 16.739 0.009
3654.64573 16.818 0.010
3656.69895 16.813 0.010
3657.72709 16.778 0.010
3658.70066 16.417 0.009
3659.68498 16.827 0.013
3660.69070 16.628 0.011
3663.68141 16.422 0.009
3665.70969 16.669 0.011
3668.63828 16.413 0.009
3668.66082 16.424 0.008
3670.64943 16.644 0.011
3672.58213 16.778 0.012
3674.74143 16.880 0.010
3676.62772 16.477 0.008
3682.60442 16.803 0.012
3684.62171 16.844 0.010
3686.58740 16.305 0.008
3688.56036 16.439 0.009
3690.57405 16.655 0.011
3693.57119 16.472 0.010
3695.56679 16.667 0.009
3698.54237 16.464 0.011
3701.59092 16.210 0.008
3703.60152 16.521 0.008
3705.57374 16.698 0.009
3707.57420 16.813 0.011
3712.58918 16.810 0.010
3715.54742 16.726 0.010
3719.62634 16.762 0.011
3722.57331 16.805 0.012
3725.65334 16.769 0.013
3730.55654 16.758 0.009
3735.55919 16.782 0.011
3738.58032 16.655 0.011
3743.53457 16.661 0.011
3748.53847 16.667 0.015
3753.53611 16.690 0.013
3758.55806 16.697 0.012
3762.56462 16.912 0.015
3768.52458 16.709 0.016
3773.52141 16.710 0.020
3777.54738 16.840 0.011
3871.91468 16.893 0.015
3902.93466 16.821 0.012
3907.92965 16.822 0.011
3915.90550 16.721 0.009
3918.92477 16.597 0.009
3932.87619 16.854 0.012
3934.89438 16.619 0.009
3936.90263 16.442 0.008
3938.88683 16.641 0.009
3945.85657 16.813 0.010
3950.83848 16.786 0.009
3957.79408 16.840 0.015
3959.78818 16.246 0.008
3961.77875 16.473 0.010
3964.78589 16.177 0.007
3966.77812 16.498 0.008
3968.77168 16.675 0.009
3970.76330 16.810 0.009
3973.73264 16.697 0.009
3975.74488 16.815 0.010
3980.68010 16.802 0.012
3981.67996 16.492 0.008
3982.74428 16.902 0.014
3986.72148 16.548 0.009
3989.81851 16.388 0.009
3991.75970 16.570 0.009
3994.66070 16.251 0.009
3998.69184 16.741 0.011
4001.66039 16.551 0.008
4003.63216 16.713 0.009
4004.72067 16.391 0.008
4005.70594 16.831 0.009
4007.59917 16.900 0.011
4008.60817 16.745 0.008
4011.65860 16.587 0.009
4014.64102 16.363 0.010
4016.63780 16.616 0.010
4018.63413 16.768 0.011
4020.66683 16.852 0.011
4023.62355 16.808 0.011
4025.62390 16.830 0.011
4027.61199 16.621 0.009
4029.59427 16.392 0.008
4031.58126 16.621 0.009
4036.61664 16.643 0.009
4038.57095 16.790 0.011
4040.55094 16.828 0.011
4042.62027 16.187 0.008
4044.66292 16.551 0.012
4047.57121 16.174 0.008
4049.54699 16.480 0.008
4051.59653 16.740 0.011
4053.60749 16.826 0.009
4055.53669 16.850 0.013
4057.57582 16.251 0.009
4059.61035 16.555 0.009
4063.60174 16.826 0.011
4066.51659 16.695 0.013
4068.58338 16.819 0.010
4071.52507 16.738 0.016
4074.56035 16.572 0.010
4077.61304 16.437 0.010
4079.56013 16.613 0.009
4083.56762 16.837 0.012
4087.58952 16.458 0.008
4095.55344 16.232 0.008
4095.59042 16.166 0.007
4098.57249 16.877 0.011
4102.54463 16.509 0.010
4107.54877 16.519 0.009
4112.54917 16.543 0.009
4119.53874 16.721 0.011
4122.56503 16.606 0.011
4128.56255 16.838 0.013
4253.88619 16.798 0.017
4255.90703 16.897 0.016
4258.92455 16.833 0.014
4273.91086 16.825 0.014
4278.93452 16.848 0.013
4281.76178 16.718 0.013
4282.90164 16.413 0.010
4283.82833 16.819 0.014
4284.89281 16.590 0.011
4289.86723 16.637 0.011
4292.90051 16.448 0.009
4295.89443 16.241 0.008
4296.92866 16.799 0.010
4298.84773 16.851 0.011
4299.89120 16.669 0.010
4300.91304 16.180 0.008
4301.93190 16.822 0.010
4303.82258 16.846 0.011
4307.71959 16.390 0.009
4308.69339 16.833 0.012
4308.90124 16.903 0.011
4310.87332 16.202 0.009
4311.87481 16.813 0.015
4312.93510 16.568 0.010
4314.80375 16.674 0.012
4316.86347 16.819 0.014
4320.84716 16.260 0.008
4326.87154 16.817 0.013
4327.89427 16.605 0.012
4328.86435 16.896 0.013
4329.86447 16.742 0.011
4330.89495 16.386 0.009
4332.91117 16.624 0.011
4334.88815 16.777 0.015
4339.85917 16.756 0.012
4340.81145 16.370 0.010
4341.80428 16.829 0.012
4342.87856 16.635 0.011
4343.79790 16.847 0.012
4344.78004 16.763 0.011
4346.75629 16.836 0.011
4348.74202 16.912 0.011
4350.71876 16.336 0.008
4353.67693 16.921 0.013
4355.73549 16.406 0.011
4358.67884 16.879 0.013
4359.73609 16.777 0.011
4365.64367 16.381 0.011
4369.71718 16.789 0.013
4371.68416 16.854 0.014
4376.68754 16.849 0.011
4378.65421 16.379 0.009
4379.68551 16.803 0.012
4381.64468 16.860 0.013
4383.67320 16.174 0.008
4386.69779 16.888 0.012
4388.69811 16.218 0.008
4390.70706 16.523 0.009
4394.59464 16.800 0.011
4396.67800 16.897 0.012
4398.68113 16.263 0.009
4402.66622 16.716 0.010
4404.68266 16.836 0.013
4407.69117 16.750 0.011
4409.70675 16.816 0.011
4411.70188 16.784 0.011
4415.70574 16.638 0.012
4417.65573 16.757 0.011
4420.64215 16.608 0.011
4422.67417 16.785 0.011
4424.67126 16.839 0.012
4427.55702 16.751 0.012
4429.60009 16.853 0.017
4431.58723 16.703 0.012
4433.59314 16.424 0.010
4435.58146 16.629 0.011
4438.64156 16.478 0.011
4440.61104 16.662 0.011
4442.57252 16.772 0.014
4444.59724 16.861 0.015
4452.60739 16.801 0.012
4454.62760 16.908 0.014
4455.56968 16.685 0.011
4457.57862 16.825 0.015
4460.53302 16.670 0.013
4463.59654 16.563 0.010
4467.57933 16.820 0.012
4470.57876 16.727 0.011
4474.62883 16.751 0.011
4476.60714 16.398 0.009
4481.60284 16.430 0.010
4483.63004 16.642 0.012
4485.61495 16.791 0.014
4488.61211 16.635 0.014
4492.60228 16.876 0.012
4609.93185 16.830 0.013
4643.91597 16.472 0.010
4652.94007 16.836 0.013
4655.89817 16.681 0.010
4661.91195 16.252 0.008
4662.83557 16.803 0.010
4662.93341 16.809 0.010
4663.78426 16.475 0.011
4665.85740 16.690 0.012
4670.93933 16.742 0.012
4671.83579 16.227 0.008
4673.93786 16.603 0.011
4677.85523 16.824 0.010
4682.82959 16.825 0.011
4684.86761 16.857 0.011
4686.82755 16.343 0.008
4688.84377 16.598 0.009
4690.76916 16.732 0.010
4691.77245 16.302 0.009
4694.81873 16.805 0.015
4697.76309 16.845 0.014
4699.78412 16.812 0.011
4700.81800 16.785 0.011
4701.82570 16.440 0.009
4703.78487 16.624 0.011
4704.80361 16.526 0.008
4705.81119 16.796 0.011
4707.82861 16.859 0.011
4709.75941 16.596 0.009
4715.76797 16.788 0.011
4717.72257 16.847 0.011
4720.70148 16.782 0.011
4722.71667 16.861 0.011
4725.72188 16.792 0.011
4730.71244 16.807 0.009
4730.77520 16.799 0.009
4733.74740 16.711 0.010
4740.68994 16.811 0.011
4743.68668 16.709 0.010
4748.67543 16.700 0.010
4750.70829 16.816 0.012
4754.63385 16.252 0.009
4756.64343 16.549 0.010
4758.62364 16.715 0.010
4760.61030 16.824 0.011
4762.60009 16.919 0.012
4767.63571 16.899 0.011
4770.68398 16.807 0.015
4772.62138 16.864 0.011
4774.59684 16.367 0.008
4776.56865 16.579 0.010
4778.56999 16.759 0.011
4780.56725 16.835 0.012
4782.54015 16.873 0.013
4783.60173 16.785 0.012
4789.56787 16.423 0.008
4791.54943 16.606 0.011
4793.55677 16.785 0.011
4795.56970 16.840 0.011
4797.56186 16.250 0.009
4798.62506 16.799 0.011
4801.52632 16.653 0.010
4802.61377 16.194 0.008
4803.58567 16.797 0.011
4805.52068 16.854 0.019
4807.54741 16.195 0.009
4809.57262 16.531 0.010
4811.59448 16.727 0.011
4814.55237 16.517 0.010
4816.55446 16.713 0.011
4818.56847 16.808 0.011
4820.54648 16.911 0.012
4822.60321 16.352 0.008
4824.58803 16.616 0.011
4831.55970 16.757 0.011
4833.58752 16.855 0.011
4835.61027 16.490 0.009
4839.61329 16.673 0.012
4842.57997 16.445 0.011
4844.59044 16.675 0.011
4847.64462 16.500 0.013
4849.60461 16.685 0.011
4853.60188 16.889 0.013
4855.61507 16.228 0.009
4859.60735 16.713 0.012
4862.58889 16.527 0.009
4868.57111 16.927 0.013
