2104.88767 16.045 0.008
2112.88129 15.347 0.006
2115.84972 15.700 0.008
2116.93213 16.031 0.008
2117.84885 15.418 0.006
2123.88620 15.971 0.008
2125.77122 15.804 0.009
2128.88581 15.990 0.008
2129.91370 15.384 0.006
2130.89077 15.909 0.007
2131.77972 16.117 0.008
2132.86261 15.719 0.007
2133.83554 16.012 0.008
2134.86812 15.490 0.007
2136.90886 15.774 0.008
2137.86743 15.809 0.008
2140.87149 15.985 0.008
2141.78171 15.626 0.008
2142.84013 15.857 0.007
2143.89115 16.130 0.008
2144.77115 15.619 0.006
2156.73197 15.533 0.007
2160.81159 16.114 0.008
2161.69043 15.612 0.007
2162.82389 15.993 0.008
2166.65190 15.684 0.007
2167.70798 16.006 0.008
2168.77030 15.484 0.006
2171.77734 15.807 0.007
2172.82107 16.091 0.008
2173.76457 15.603 0.006
2174.69095 15.954 0.008
2177.69643 16.106 0.008
2184.75769 16.021 0.008
2186.74600 15.940 0.008
2189.74761 16.068 0.009
2190.74773 15.598 0.006
2191.62172 15.950 0.008
2192.71543 15.330 0.006
2193.74265 15.862 0.006
2194.70734 16.117 0.008
2200.72236 15.750 0.007
2203.61028 15.914 0.008
2208.70678 15.964 0.008
2211.71333 16.105 0.008
2212.69916 15.690 0.007
2217.69372 15.760 0.008
2219.73049 15.555 0.007
2221.58238 15.959 0.008
2223.63245 16.076 0.008
2225.65008 15.974 0.008
2227.54333 15.834 0.008
2228.61131 16.099 0.008
2230.59841 15.991 0.008
2232.61869 15.906 0.007
2234.60403 15.747 0.007
2236.59316 15.503 0.006
2239.54204 15.784 0.008
2241.58563 15.600 0.007
2243.62385 15.320 0.006
2249.58473 15.915 0.007
2251.58632 15.760 0.007
2254.58770 15.972 0.007
2256.60590 15.838 0.008
2263.54437 15.695 0.008
2265.57973 15.434 0.006
2270.60412 15.563 0.006
2274.58499 16.114 0.009
2276.59569 15.982 0.008
2278.57238 15.910 0.008
2283.60250 15.950 0.007
2290.55570 15.863 0.008
2292.61545 15.721 0.007
2294.62002 15.446 0.006
2296.58030 16.077 0.009
2298.58883 16.063 0.009
2300.58406 15.960 0.008
2303.56784 16.097 0.010
2453.89625 16.099 0.010
2462.90003 15.989 0.008
2464.90063 15.860 0.007
2466.89304 15.704 0.008
2468.88906 15.397 0.006
2470.87826 16.101 0.008
2472.86067 16.000 0.006
2483.94583 15.735 0.008
2488.76591 15.745 0.008
2489.82819 16.028 0.008
2490.82421 15.523 0.008
2492.80987 15.835 0.008
2496.80802 15.988 0.008
2497.83077 15.332 0.006
2498.83094 15.899 0.007
2499.91866 16.104 0.008
2500.92439 15.752 0.007
2501.91505 16.037 0.008
2502.89093 15.478 0.006
2511.75530 16.077 0.009
2516.88066 16.091 0.008
2517.88117 15.747 0.007
2518.85706 16.027 0.008
2519.76845 15.421 0.006
2520.84878 15.942 0.008
2521.73861 16.038 0.008
2524.76424 15.544 0.007
2529.74608 15.629 0.007
2535.75240 16.020 0.008
2537.75890 15.924 0.009
2537.77786 15.956 0.009
2538.85556 15.631 0.007
2538.86357 15.598 0.007
2539.75416 15.780 0.007
2540.80108 16.087 0.010
2541.76953 15.585 0.007
2542.73595 15.962 0.008
2544.71853 15.836 0.007
2545.73333 16.109 0.008
2547.74735 16.001 0.008
2548.76803 15.378 0.006
2550.76308 16.101 0.008
2551.75051 15.732 0.007
2552.76564 16.033 0.008
2553.70641 15.466 0.007
2554.75890 15.962 0.008
2555.76685 15.791 0.007
2556.74601 15.822 0.007
2557.75840 16.091 0.008
2558.71485 15.581 0.006
2559.67198 15.966 0.008
2560.70502 15.389 0.006
2561.75047 15.874 0.008
2562.72321 16.105 0.008
2563.73118 15.691 0.007
2564.75856 16.007 0.008
2565.74872 15.390 0.006
2566.72356 15.901 0.008
2571.71006 15.921 0.008
2573.71515 15.810 0.008
2574.70263 16.080 0.008
2576.74181 15.982 0.008
2577.70029 15.344 0.006
2578.68226 15.866 0.008
2579.69284 16.111 0.008
2580.70443 15.703 0.007
2583.68122 15.923 0.008
2584.68389 16.084 0.008
2587.66546 15.516 0.007
2588.67807 15.937 0.008
2589.67022 15.773 0.007
2590.67867 15.823 0.007
2591.70595 16.111 0.008
2593.66300 15.990 0.008
2594.66996 15.319 0.006
2596.64393 16.089 0.010
2597.63094 15.664 0.007
2598.70932 16.005 0.008
2599.67292 15.416 0.006
2609.53326 15.552 0.007
2611.58250 15.363 0.007
2614.54742 15.663 0.007
2618.57899 16.096 0.008
2622.55575 15.915 0.008
2626.51961 15.576 0.009
2629.56539 15.877 0.008
2640.54918 15.622 0.007
2643.55184 15.633 0.007
2649.55804 16.010 0.008
2652.54372 16.001 0.009
2655.55505 15.579 0.008
2658.53191 15.864 0.010
2662.53548 15.365 0.007
2665.54633 15.743 0.007
2670.53266 15.797 0.008
2674.55711 15.344 0.006
2677.54066 15.708 0.008
2678.68220 16.037 0.008
2680.54778 15.923 0.008
2684.52736 15.547 0.008
2804.81291 16.110 0.012
2805.90829 15.719 0.009
2812.92327 15.569 0.007
2815.93368 15.842 0.007
2818.94600 16.007 0.008
2829.88032 15.586 0.007
2831.88117 15.399 0.006
2832.84518 15.846 0.008
2833.92227 16.116 0.009
2836.91140 15.402 0.007
2837.92567 15.934 0.009
2838.91330 16.089 0.009
2840.86203 16.022 0.008
2843.88617 15.823 0.007
2844.92741 15.829 0.008
2848.85333 15.372 0.007
2849.91211 15.886 0.008
2851.83909 15.668 0.007
2852.87225 16.008 0.008
2854.88359 15.931 0.008
2857.89097 16.036 0.008
2859.87826 15.963 0.008
2860.93062 15.408 0.006
2861.80252 15.807 0.007
2862.85125 16.090 0.009
2863.89027 15.641 0.008
2865.77558 15.386 0.006
2866.77157 15.861 0.008
2867.86211 16.121 0.008
2869.82827 16.004 0.008
2870.87111 15.441 0.006
2872.79503 16.085 0.008
2877.80401 15.727 0.007
2879.82665 16.080 0.008
2884.77547 16.121 0.008
2886.78834 16.015 0.008
2888.73154 15.901 0.008
2890.77001 15.763 0.008
2893.79874 15.961 0.008
2895.77264 15.831 0.007
2897.75716 15.634 0.007
2899.78950 15.341 0.006
2903.80849 16.010 0.007
2906.75686 16.023 0.008
2908.73463 16.045 0.008
2910.72888 15.957 0.008
2912.73472 15.832 0.007
2916.74758 15.357 0.006
2918.72459 16.119 0.008
2922.72752 15.935 0.008
2924.72378 15.785 0.008
2926.65919 15.528 0.007
2929.72057 15.854 0.008
2931.69806 15.649 0.006
2933.70861 15.364 0.006
2935.67273 16.128 0.008
2937.70220 16.018 0.008
2939.63751 15.914 0.008
2941.66473 15.779 0.007
2943.66093 15.564 0.006
2944.66341 15.965 0.008
2946.64350 15.838 0.007
2947.67129 16.118 0.009
2949.65217 16.003 0.008
2951.68471 15.908 0.008
2953.63270 15.721 0.007
2955.61731 15.456 0.007
2957.63356 15.949 0.008
2960.65119 15.602 0.006
2964.66383 16.119 0.008
2966.60761 15.996 0.008
2969.63290 16.096 0.008
2971.65973 16.034 0.008
2974.53449 16.039 0.008
2976.56758 16.069 0.008
2978.55544 15.976 0.008
2980.61027 15.879 0.008
2982.57499 15.666 0.007
2984.60583 15.422 0.007
2986.61838 16.073 0.008
2989.56988 15.502 0.007
2992.58602 15.831 0.008
2996.59137 15.347 0.006
2999.58820 15.715 0.007
3003.53243 16.093 0.011
3006.57932 15.551 0.006
3009.57140 15.855 0.008
3013.58386 15.357 0.006
3017.57255 16.025 0.008
3020.54730 16.025 0.008
3022.57492 16.062 0.008
3024.57402 15.976 0.008
3026.54425 15.835 0.007
3028.54503 15.662 0.007
3030.54877 15.363 0.006
3032.56591 16.105 0.008
3034.56543 16.019 0.008
3038.55650 15.812 0.008
3180.91941 15.550 0.006
3184.91124 16.104 0.008
3193.93543 15.943 0.007
3196.90640 16.054 0.008
3202.89893 15.670 0.007
3204.86899 15.376 0.006
3206.88181 16.109 0.008
3211.79327 16.076 0.008
3211.83016 16.010 0.007
3216.78405 15.661 0.007
3217.83415 15.841 0.008
3222.87684 15.936 0.008
3224.83081 15.747 0.006
3228.80874 15.961 0.008
3230.78629 16.062 0.007
3238.81330 15.398 0.006
3239.85268 15.934 0.007
3241.75486 15.731 0.006
3242.79077 16.026 0.008
3244.72778 15.928 0.008
3245.83161 15.707 0.007
3246.82857 15.829 0.007
3248.73338 15.558 0.006
3250.79432 15.346 0.006
3253.74796 15.674 0.007
3256.73101 15.892 0.007
3260.70371 15.473 0.006
3262.73960 15.864 0.006
3264.69136 16.045 0.007
3266.76228 15.980 0.008
3268.69575 15.842 0.006
3270.75960 15.717 0.007
3271.72337 16.011 0.008
3273.68219 15.890 0.008
3275.67265 15.730 0.008
3276.76670 16.062 0.008
3278.63126 15.941 0.008
3280.67881 15.791 0.006
3282.66953 15.578 0.006
3286.63257 16.068 0.007
3288.64627 15.997 0.006
3291.62141 16.100 0.008
3294.63326 15.472 0.006
3296.60054 15.913 0.007
3298.60946 16.046 0.007
3300.61000 15.982 0.008
3302.59111 15.836 0.007
3305.68707 16.018 0.007
3307.60361 15.916 0.008
3309.62434 15.771 0.006
3311.57997 15.493 0.006
3315.61344 16.094 0.007
3320.65688 16.145 0.008
3323.61359 15.450 0.006
3324.62334 15.937 0.007
3329.55680 15.972 0.007
3334.57305 15.997 0.008
3336.56893 15.882 0.007
3341.61586 15.949 0.007
3350.57158 15.655 0.006
3354.60359 16.087 0.008
3360.58346 15.822 0.007
3366.62304 16.117 0.008
3372.60755 15.765 0.006
3376.58331 15.679 0.006
3379.60072 15.650 0.006
3387.53617 15.891 0.008
3395.56851 16.127 0.008
3399.55534 15.900 0.008
3403.54645 15.498 0.006
3543.92508 15.423 0.006
3552.87607 16.077 0.008
3558.92966 15.733 0.006
3562.92416 15.982 0.007
3568.91568 15.865 0.007
3570.87546 15.659 0.007
3571.86406 15.993 0.008
3573.90992 15.893 0.008
3575.86900 15.735 0.006
3578.93919 15.956 0.007
3579.86681 16.017 0.006
3581.93576 16.085 0.007
3582.76410 15.495 0.006
3589.84655 15.365 0.006
3590.87684 15.909 0.006
3592.81848 15.719 0.006
3594.85580 15.490 0.006
3603.76733 16.108 0.007
3607.86000 15.935 0.007
3617.81627 15.982 0.007
3619.79220 15.861 0.006
3621.78930 15.676 0.006
3621.83474 15.713 0.006
3625.78767 16.097 0.007
3628.73787 15.481 0.006
3630.70444 15.983 0.008
3632.73337 16.086 0.008
3634.64690 15.957 0.007
3637.72111 16.107 0.008
3640.68651 15.350 0.006
3642.68446 16.103 0.008
3644.71730 16.044 0.007
3646.73105 15.953 0.007
3650.74673 15.629 0.006
3652.69519 15.361 0.006
3654.66844 16.130 0.007
3656.74207 16.020 0.007
3657.74546 15.443 0.006
3659.70721 16.091 0.009
3661.63379 16.039 0.008
3664.70390 15.694 0.006
3666.70291 16.106 0.007
3668.68719 15.997 0.007
3670.66783 15.893 0.007
3672.62802 15.687 0.006
3674.75988 15.510 0.006
3676.65324 16.090 0.007
3682.62678 15.830 0.008
3684.64037 15.626 0.006
3686.60990 15.371 0.006
3688.58275 16.126 0.008
3690.59630 16.017 0.008
3693.59448 16.090 0.008
3695.59052 16.065 0.008
3697.58100 15.971 0.008
3699.58078 15.829 0.007
3701.61482 15.659 0.006
3703.61988 15.368 0.006
3705.63021 16.134 0.007
3707.59675 16.031 0.007
3712.65738 16.065 0.008
3715.59832 15.425 0.006
3717.57698 16.114 0.008
3720.61273 15.375 0.006
3724.58202 16.022 0.008
3726.60238 15.948 0.007
3731.54224 15.969 0.008
3735.58124 15.675 0.006
3739.54373 16.109 0.008
3743.55780 15.930 0.008
3748.56140 16.005 0.009
3753.55842 16.019 0.008
3759.56326 15.546 0.006
3763.54807 16.088 0.008
3769.52589 15.711 0.007
3773.55180 16.000 0.008
3778.52654 15.539 0.007
3903.91027 16.073 0.008
3908.92829 16.135 0.007
3915.92364 16.028 0.007
3918.94296 15.616 0.006
3933.83470 15.510 0.006
3935.83112 15.870 0.006
3937.86903 16.097 0.008
3945.83844 15.425 0.006
3950.85647 15.566 0.006
3957.81195 15.348 0.006
3959.81176 16.144 0.008
3961.79675 16.020 0.008
3964.80385 16.029 0.006
3966.79638 16.052 0.007
3968.78967 15.971 0.007
3970.78122 15.825 0.006
3973.75220 15.986 0.007
3975.76550 15.897 0.007
3980.69799 15.923 0.007
3981.69793 16.107 0.007
3982.76228 15.794 0.007
3986.73934 15.583 0.006
3989.84205 15.704 0.007
3991.78023 15.384 0.006
3994.69200 15.706 0.006
3998.81948 15.729 0.006
4001.68657 15.545 0.006
4003.65014 15.772 0.006
4005.72511 16.106 0.007
4007.61903 15.962 0.007
4008.64902 15.332 0.006
4011.67667 15.721 0.006
4014.67472 15.941 0.008
4016.65584 15.779 0.006
4018.65224 15.556 0.006
4020.69152 15.387 0.006
4023.64167 15.665 0.007
4025.64200 15.348 0.006
4027.63016 16.140 0.007
4029.61232 16.016 0.007
4031.59928 15.938 0.007
4036.65807 15.969 0.007
4038.63119 15.854 0.007
4040.56947 15.660 0.007
4042.63833 15.393 0.006
4045.52089 15.721 0.007
4047.59246 15.489 0.006
4049.56510 16.015 0.007
4051.61472 16.087 0.008
4053.58912 15.967 0.006
4055.55471 15.865 0.008
4057.55779 15.681 0.007
4060.53604 15.902 0.007
4064.58124 15.512 0.006
4066.53857 15.965 0.007
4068.60268 16.090 0.007
4071.57063 15.354 0.006
4073.57754 16.123 0.008
4075.62259 16.020 0.007
4077.59504 15.942 0.007
4079.57846 15.788 0.006
4083.54960 15.774 0.007
4087.60765 16.000 0.007
4095.57174 16.001 0.007
4100.54916 15.538 0.006
4105.62583 15.424 0.006
4107.56693 16.118 0.007
4108.61301 15.756 0.006
4112.56729 15.901 0.007
4119.56933 16.121 0.008
4120.60012 15.708 0.006
4122.58873 15.436 0.006
4127.58096 15.534 0.006
4253.90653 15.772 0.008
4255.92663 15.555 0.008
4258.90763 15.830 0.008
4273.92774 15.967 0.009
4279.75670 15.416 0.007
4282.84327 15.713 0.007
4283.81139 16.020 0.008
4284.91315 15.512 0.007
4289.88401 15.589 0.007
4292.91747 15.881 0.007
4295.91131 16.010 0.008
4296.94560 15.450 0.006
4298.86466 16.100 0.008
4299.90808 15.761 0.007
4300.93034 16.054 0.008
4302.83082 15.950 0.008
4303.83958 15.910 0.008
4307.78017 15.962 0.008
4308.71132 15.805 0.008
4308.91872 15.352 0.006
4310.89043 16.140 0.009
4314.82095 15.909 0.008
4316.88081 15.779 0.008
4320.81252 15.833 0.008
4326.89074 15.918 0.008
4327.91239 16.116 0.009
4328.88230 15.748 0.008
4329.89850 16.026 0.008
4330.93128 15.522 0.007
4331.88029 15.951 0.008
4333.91447 15.797 0.008
4336.87691 15.973 0.009
4339.88476 16.120 0.009
4340.86964 15.676 0.007
4342.84244 15.362 0.006
4344.80292 16.118 0.008
4346.77629 16.019 0.008
4348.76000 15.905 0.008
4350.73682 15.756 0.007
4353.69505 15.948 0.008
4355.75370 15.834 0.008
4358.69688 15.975 0.008
4362.70465 15.700 0.008
4363.71193 16.006 0.008
4365.70135 15.925 0.008
4369.73544 15.567 0.007
4370.69551 15.955 0.008
4373.70716 16.090 0.008
4376.70558 15.353 0.007
4378.67246 16.117 0.008
4379.70406 15.723 0.008
4381.66275 15.406 0.007
4383.69138 15.987 0.008
4386.71751 15.578 0.006
4388.71617 15.373 0.006
4391.53930 15.577 0.006
4394.63354 15.882 0.008
4396.69639 15.737 0.007
4398.69925 15.506 0.007
4402.68423 16.059 0.008
4404.70086 15.960 0.008
4409.68846 16.003 0.008
4412.63316 16.145 0.009
4415.72425 15.571 0.007
4417.67423 15.776 0.007
4420.66103 15.616 0.007
4423.65117 15.874 0.008
4426.53272 16.003 0.009
4428.59166 15.908 0.008
4430.61158 15.751 0.007
4432.59747 15.488 0.006
4434.63890 15.699 0.007
4436.61553 16.087 0.008
4438.62341 15.989 0.008
4440.62928 15.890 0.008
4442.59072 15.709 0.007
4444.61525 15.429 0.007
4450.59353 15.959 0.008
4452.62545 15.850 0.008
4454.60665 15.648 0.007
4456.60153 15.349 0.007
4457.63037 15.902 0.008
4460.57901 16.017 0.008
4462.60392 15.947 0.008
4464.59852 15.790 0.007
4471.57180 15.673 0.007
4473.55975 15.360 0.006
4475.62307 16.090 0.008
4480.60705 15.849 0.007
4482.60925 16.116 0.009
4484.61953 16.022 0.010
4486.63132 15.881 0.008
4490.56050 15.382 0.006
4643.93391 15.828 0.008
4651.91033 16.021 0.008
4655.83128 15.755 0.007
4661.92997 16.125 0.008
4662.85359 15.651 0.006
4663.80224 15.980 0.008
4665.87537 15.908 0.008
4671.90931 15.719 0.007
4674.81408 15.572 0.007
4677.87314 15.891 0.008
4682.84751 15.910 0.008
4682.85852 15.923 0.008
4684.88560 15.758 0.007
4686.84565 15.504 0.006
4688.86179 15.701 0.006
4690.78730 16.063 0.008
4691.79054 15.582 0.007
4694.76518 15.838 0.009
4697.78128 16.011 0.008
4699.80213 15.909 0.007
4700.83611 16.047 0.008
4701.84385 15.772 0.007
4702.74990 16.031 0.008
4703.80314 15.529 0.006
4704.82151 15.947 0.007
4705.82923 15.629 0.007
4707.81042 16.096 0.008
4709.78107 15.981 0.007
4715.78603 15.423 0.006
4717.74067 16.078 0.006
4720.71969 15.501 0.006
4724.68399 16.054 0.008
4726.67804 15.965 0.008
4730.73244 15.700 0.006
4740.70985 15.829 0.007
4743.70756 15.986 0.007
4748.69371 16.014 0.008
4750.72641 15.948 0.009
4754.65198 15.524 0.007
4756.68213 15.570 0.006
4758.64172 16.089 0.008
4760.62844 15.999 0.007
4762.61842 15.893 0.008
4767.67470 15.936 0.008
4771.56895 15.509 0.006
4772.63953 15.969 0.008
4774.63599 15.845 0.008
4776.58642 15.620 0.007
4778.58871 15.332 0.006
4780.60640 16.116 0.008
4782.55818 16.012 0.008
4783.61989 15.477 0.006
4786.54088 15.763 0.008
4789.60400 15.960 0.007
4791.56820 15.843 0.007
4793.57492 15.643 0.006
4795.60919 15.370 0.006
4797.58230 16.136 0.009
4799.58873 16.050 0.008
4801.56534 15.935 0.007
4802.63208 15.817 0.007
4803.60452 15.807 0.007
4805.54700 15.556 0.006
4807.56556 15.433 0.007
4809.59063 16.112 0.008
4811.61256 16.021 0.008
4814.57030 16.114 0.008
4816.57252 16.031 0.008
4818.55037 15.949 0.008
4820.56454 15.817 0.007
4822.63733 15.652 0.006
4824.60624 15.341 0.006
4831.58235 16.044 0.008
4834.61592 15.587 0.007
4838.61517 16.134 0.008
4841.59769 15.370 0.006
4843.59515 16.118 0.009
4846.60087 15.487 0.006
4848.63717 15.814 0.007
4850.62467 16.103 0.008
4853.62038 15.352 0.006
4856.59611 15.691 0.007
4864.57375 15.944 0.007
4868.59351 15.612 0.007
4870.53299 15.360 0.006
4873.54864 15.684 0.007
