 627.84938 16.625 0.010
 628.89047 16.376 0.008
 629.88827 16.600 0.010
 631.91922 16.586 0.009
 632.85972 16.735 0.011
 633.89515 16.564 0.009
 635.89002 16.541 0.009
 643.85902 16.389 0.009
 645.83075 16.435 0.009
 647.78846 16.684 0.015
 649.78586 16.738 0.012
 652.83307 16.508 0.009
 656.84622 16.470 0.009
 657.81848 16.648 0.010
 658.85878 16.428 0.010
 663.76504 16.594 0.011
 664.86996 16.558 0.009
 665.81725 16.574 0.007
 666.82780 16.730 0.009
 667.84702 16.566 0.009
 668.81784 16.747 0.008
 670.78342 16.721 0.011
 671.80547 16.483 0.008
 672.81101 16.687 0.008
 673.77839 16.441 0.008
 684.73878 16.528 0.008
 685.79363 16.742 0.009
 686.69489 16.491 0.010
 687.77625 16.722 0.009
 688.71830 16.469 0.008
 689.74544 16.670 0.009
 697.71157 16.573 0.009
 698.78268 16.644 0.009
 699.68172 16.545 0.008
 700.72249 16.745 0.009
 701.69472 16.530 0.009
 704.72270 16.697 0.010
 706.68836 16.660 0.011
 707.72592 16.439 0.009
 708.75007 16.659 0.010
 712.75062 16.611 0.009
 713.73199 16.538 0.008
 714.74697 16.594 0.009
 715.71252 16.709 0.010
 716.68060 16.564 0.009
 726.66322 16.378 0.009
 728.67393 16.417 0.008
 729.67607 16.614 0.009
 730.66044 16.598 0.009
 733.62693 16.548 0.010
 739.64689 16.460 0.009
 741.61269 16.397 0.007
 742.58893 16.633 0.009
 744.63606 16.611 0.009
 745.58699 16.535 0.009
 746.77779 16.614 0.009
 747.64827 16.617 0.009
 748.61000 16.568 0.009
 749.61538 16.727 0.011
 750.60923 16.521 0.009
 751.61763 16.730 0.011
 752.73205 16.544 0.009
 753.66768 16.725 0.010
 759.62553 16.639 0.009
 760.65120 16.383 0.008
 761.62724 16.614 0.009
 761.73251 16.623 0.011
 762.61863 16.500 0.009
 762.64818 16.434 0.009
 763.63484 16.580 0.009
 763.74559 16.613 0.010
 764.72154 16.498 0.011
 765.56691 16.543 0.012
 766.60436 16.754 0.013
 766.70725 16.686 0.012
 767.61190 16.558 0.012
 767.67351 16.572 0.013
 767.77413 16.552 0.012
 769.59473 16.512 0.009
 769.66844 16.515 0.009
 770.60086 16.721 0.010
 771.63393 16.491 0.009
 772.59577 16.688 0.010
 773.60087 16.458 0.009
 773.75309 16.476 0.010
 774.59387 16.643 0.009
 775.55177 16.397 0.008
 776.63268 16.642 0.009
 777.60694 16.364 0.008
 778.61034 16.632 0.010
 779.63722 16.419 0.009
 779.74754 16.378 0.009
 780.63709 16.586 0.009
 781.55142 16.695 0.009
 781.72976 16.473 0.009
 782.61480 16.586 0.010
 782.74078 16.600 0.010
 783.53397 16.756 0.009
 784.57590 16.527 0.009
 785.60277 16.729 0.010
 785.74834 16.724 0.009
 786.60643 16.508 0.009
 787.68688 16.730 0.009
 788.61972 16.489 0.009
 788.64526 16.497 0.009
 790.56841 16.433 0.009
 792.54637 16.381 0.009
 795.61106 16.614 0.009
 796.53995 16.554 0.011
 796.72533 16.366 0.010
 797.70011 16.594 0.009
 798.56276 16.686 0.009
 799.70071 16.592 0.009
 800.61569 16.724 0.009
 802.67574 16.740 0.012
 805.60307 16.488 0.010
 806.61326 16.676 0.011
 808.54466 16.664 0.012
 816.67565 16.584 0.009
 817.58574 16.748 0.009
 819.54854 16.711 0.010
 820.62484 16.523 0.009
 822.54540 16.464 0.009
 824.57119 16.463 0.010
 825.64433 16.671 0.011
 828.60449 16.380 0.007
 829.57109 16.602 0.009
 832.57799 16.626 0.009
 833.59787 16.571 0.009
 834.56747 16.741 0.012
 836.54560 16.733 0.012
 838.57856 16.719 0.011
 840.58832 16.693 0.010
 845.54005 16.362 0.009
 850.56319 16.572 0.010
 855.56819 16.670 0.012
 859.55600 16.643 0.010
 866.52057 16.700 0.011
 962.92442 16.508 0.009
 966.92391 16.462 0.008
 970.90030 16.385 0.009
 976.88095 16.713 0.012
 986.83530 16.642 0.011
 987.84893 16.366 0.009
 991.91696 16.583 0.009
 996.92088 16.528 0.009
 998.89199 16.478 0.009
1004.79057 16.383 0.009
1006.81918 16.531 0.010
1020.88864 16.650 0.010
1025.92643 16.510 0.009
1035.74135 16.641 0.009
1037.77055 16.617 0.009
1041.77873 16.568 0.008
1045.74043 16.497 0.009
1048.72162 16.703 0.010
1052.76448 16.639 0.009
1055.63778 16.588 0.009
1058.84974 16.609 0.011
1059.76772 16.691 0.011
1061.72050 16.741 0.010
1064.80438 16.490 0.010
1068.70579 16.422 0.009
1072.68592 16.482 0.008
1076.66372 16.739 0.009
1078.67427 16.727 0.009
1081.68682 16.491 0.008
1084.62499 16.666 0.009
1087.64488 16.357 0.008
1090.70128 16.594 0.009
1092.73337 16.587 0.009
1094.64007 16.533 0.009
1102.61024 16.388 0.008
1106.70509 16.404 0.007
1110.62420 16.771 0.014
1116.58268 16.660 0.009
1120.57126 16.624 0.010
1126.64659 16.566 0.009
1129.54506 16.717 0.010
1132.52811 16.449 0.009
1135.57818 16.643 0.009
1138.62787 16.364 0.008
1140.60530 16.529 0.008
1144.66284 16.760 0.011
1151.54244 16.433 0.009
1155.54405 16.421 0.008
1159.53950 16.726 0.011
1162.57190 16.532 0.008
1164.68547 16.535 0.009
1170.54388 16.392 0.008
1178.65393 16.731 0.010
1182.66584 16.701 0.009
1183.70418 16.494 0.009
1185.68733 16.472 0.009
1188.68667 16.662 0.010
1191.57042 16.553 0.010
1202.58550 16.427 0.010
1205.53695 16.618 0.009
1211.55740 16.552 0.011
1217.56805 16.470 0.009
1220.57052 16.657 0.010
1229.52325 16.741 0.013
1238.51954 16.363 0.012
1327.90379 16.462 0.013
1330.82048 16.604 0.011
1335.87223 16.681 0.013
1340.89173 16.494 0.009
1348.92778 16.362 0.009
1354.90138 16.734 0.011
1360.92111 16.667 0.011
1365.91731 16.376 0.009
1367.84082 16.533 0.011
1374.91286 16.513 0.009
1394.84904 16.667 0.011
1395.88052 16.464 0.009
1397.80223 16.394 0.009
1401.82926 16.536 0.009
1402.91415 16.593 0.009
1407.83724 16.741 0.011
1412.73254 16.408 0.009
1417.89088 16.615 0.009
1430.72350 16.635 0.012
1432.73419 16.620 0.009
1435.69064 16.678 0.012
1439.65705 16.712 0.010
1442.66073 16.476 0.009
1447.73594 16.648 0.012
1451.67216 16.591 0.009
1455.69187 16.532 0.009
1460.73261 16.693 0.010
1462.63823 16.652 0.011
1470.64445 16.551 0.009
1471.77126 16.713 0.010
1472.63167 16.520 0.009
1475.63741 16.719 0.011
1477.56647 16.678 0.012
1481.58425 16.644 0.010
1484.63314 16.546 0.009
1487.62827 16.563 0.009
1490.66701 16.739 0.010
1492.56667 16.685 0.012
1495.52345 16.408 0.009
1499.55210 16.505 0.011
1502.55023 16.570 0.011
1505.61678 16.744 0.013
1508.55213 16.498 0.009
1509.52843 16.676 0.010
1512.63031 16.435 0.010
1515.60495 16.651 0.009
1517.60842 16.605 0.009
1520.59567 16.725 0.010
1524.54338 16.725 0.012
1526.58352 16.687 0.009
1531.63508 16.403 0.009
1543.59256 16.696 0.010
1546.60740 16.429 0.008
1551.56917 16.600 0.009
1555.60270 16.543 0.009
1562.58127 16.699 0.011
1569.56040 16.572 0.009
1575.58622 16.722 0.009
1580.56124 16.433 0.009
1583.56391 16.624 0.009
1587.54369 16.584 0.009
1597.52918 16.429 0.011
1603.53729 16.583 0.010
1608.51301 16.520 0.011
1701.89481 16.489 0.009
1703.89795 16.469 0.009
1705.90343 16.416 0.009
1716.86385 16.542 0.010
1717.87421 16.738 0.010
1718.86022 16.503 0.013
1729.90988 16.600 0.008
1732.87966 16.739 0.011
1740.83073 16.667 0.010
1742.87850 16.658 0.010
1744.84759 16.624 0.010
1745.87185 16.539 0.009
1749.85228 16.737 0.009
1750.82423 16.520 0.009
1751.83604 16.720 0.009
1752.79740 16.483 0.009
1753.79843 16.667 0.010
1754.82513 16.450 0.009
1755.79049 16.644 0.011
1756.81996 16.426 0.011
1757.76914 16.649 0.011
1758.77365 16.359 0.008
1759.81800 16.621 0.009
1761.79902 16.599 0.009
1762.78543 16.657 0.011
1763.78843 16.580 0.009
1764.78092 16.724 0.009
1765.77543 16.529 0.009
1766.71645 16.710 0.013
1768.79554 16.713 0.011
1769.70492 16.462 0.009
1771.82100 16.458 0.012
1772.76338 16.656 0.009
1773.73068 16.390 0.009
1776.75348 16.617 0.009
1784.73014 16.502 0.009
1788.79563 16.458 0.008
1803.75594 16.483 0.009
1806.75008 16.679 0.009
1808.81969 16.651 0.011
1811.74808 16.484 0.008
1814.79492 16.562 0.009
1817.76058 16.722 0.009
1822.63803 16.424 0.009
1826.78912 16.381 0.009
1829.73137 16.609 0.010
1846.77937 16.613 0.010
1850.73615 16.549 0.011
1854.79219 16.474 0.008
1858.71608 16.395 0.009
1862.71495 16.483 0.009
1867.73938 16.528 0.010
1871.74594 16.483 0.008
2085.90914 16.406 0.011
2086.88843 16.641 0.012
2090.90645 16.591 0.012
2103.89525 16.644 0.009
2105.90431 16.616 0.010
2105.92315 16.622 0.010
2106.86900 16.590 0.011
2106.89098 16.578 0.010
2112.84336 16.720 0.009
2113.84931 16.481 0.009
2116.85251 16.664 0.010
2116.87111 16.683 0.010
2123.79926 16.671 0.011
2123.81803 16.645 0.010
2127.81422 16.727 0.015
2128.80717 16.504 0.011
2128.82553 16.524 0.010
2129.83914 16.721 0.010
2129.85750 16.738 0.011
2130.84387 16.486 0.010
2130.86372 16.489 0.009
2131.83748 16.692 0.011
2131.85700 16.676 0.012
2132.80627 16.471 0.010
2133.87603 16.654 0.014
2133.89460 16.669 0.014
2134.79108 16.416 0.010
2134.81000 16.420 0.011
2135.82375 16.692 0.009
2135.84408 16.684 0.011
2136.84410 16.379 0.009
2137.79775 16.620 0.010
2137.89208 16.664 0.013
2140.79271 16.664 0.011
2140.81134 16.645 0.010
2141.82752 16.568 0.012
2142.75205 16.771 0.011
2142.76949 16.732 0.010
2143.80029 16.536 0.009
2143.81755 16.557 0.009
2144.82425 16.770 0.010
2144.84635 16.747 0.010
2155.86014 16.400 0.012
2155.87863 16.388 0.011
2156.80676 16.584 0.011
2156.82521 16.602 0.011
2160.73173 16.523 0.010
2160.75460 16.534 0.011
2162.74263 16.505 0.009
2162.76139 16.516 0.009
2166.73725 16.411 0.009
2166.75600 16.447 0.009
2167.76446 16.664 0.009
2167.78340 16.652 0.010
2168.71363 16.390 0.009
2171.72201 16.594 0.009
2171.73955 16.621 0.009
2172.72763 16.565 0.009
2172.74617 16.543 0.009
2173.70817 16.585 0.009
2177.59917 16.499 0.011
2177.63966 16.532 0.010
2184.68234 16.665 0.013
2184.70130 16.669 0.012
2185.64629 16.379 0.009
2185.66480 16.391 0.009
2186.68965 16.632 0.013
2187.68483 16.430 0.010
2187.70370 16.384 0.010
2188.66169 16.586 0.012
2188.73199 16.615 0.011
2190.67272 16.574 0.009
2190.69136 16.569 0.009
2191.66474 16.745 0.011
2191.68098 16.704 0.011
2192.64577 16.537 0.009
2192.66325 16.545 0.009
2193.66687 16.727 0.009
2193.68432 16.752 0.009
2194.63500 16.496 0.009
2194.65442 16.513 0.009
2195.70179 16.690 0.009
2200.61254 16.398 0.009
2201.64961 16.665 0.010
2203.55089 16.629 0.011
2206.60721 16.714 0.015
2211.62361 16.502 0.010
2211.64130 16.511 0.009
2212.62461 16.715 0.012
2213.63301 16.492 0.011
2213.65095 16.479 0.011
2214.61722 16.671 0.012
2215.63166 16.436 0.009
2215.64912 16.443 0.009
2217.61865 16.397 0.010
2219.66111 16.377 0.009
2219.67868 16.398 0.009
2222.62968 16.592 0.012
2224.69634 16.585 0.009
2224.71356 16.586 0.010
2226.61688 16.531 0.011
2228.54117 16.501 0.012
2228.55833 16.497 0.010
2229.59938 16.719 0.012
2229.61659 16.708 0.011
2231.55103 16.661 0.012
2231.64326 16.685 0.011
2232.50999 16.429 0.011
2233.61341 16.654 0.010
2235.64129 16.649 0.009
2235.66353 16.629 0.009
2238.52990 16.616 0.012
2240.63375 16.635 0.010
2240.65138 16.621 0.011
2242.60155 16.741 0.012
2242.61889 16.741 0.013
2244.61975 16.718 0.011
2248.58257 16.663 0.009
2248.60354 16.678 0.009
2250.54997 16.684 0.012
2250.57686 16.681 0.010
2252.60744 16.650 0.011
2253.57050 16.382 0.008
2255.58555 16.516 0.009
2255.60716 16.490 0.010
2257.60724 16.647 0.009
2258.57346 16.580 0.009
2262.59787 16.514 0.009
2263.58419 16.713 0.010
2266.55498 16.419 0.009
2266.58731 16.456 0.010
2271.56456 16.611 0.010
2272.56490 16.539 0.009
2273.56390 16.600 0.013
2274.55052 16.717 0.011
2275.59883 16.567 0.011
2276.55838 16.764 0.015
2277.58557 16.550 0.009
2278.59096 16.739 0.012
2280.58682 16.704 0.012
2283.58242 16.453 0.009
2284.58970 16.672 0.011
2290.57714 16.604 0.010
2290.60368 16.590 0.010
2292.58769 16.580 0.011
2293.56596 16.763 0.012
2294.59085 16.546 0.010
2295.55870 16.752 0.011
2297.56199 16.714 0.013
2298.56767 16.485 0.012
2299.56109 16.695 0.013
2300.56644 16.453 0.011
2301.55335 16.691 0.013
2303.54996 16.670 0.014
2445.89193 16.684 0.014
2445.91192 16.645 0.013
2458.93304 16.692 0.012
2460.87884 16.713 0.015
2463.89667 16.368 0.009
2463.91518 16.365 0.009
2465.90934 16.407 0.009
2465.92794 16.381 0.009
2467.88219 16.627 0.011
2467.90093 16.590 0.010
2469.88184 16.733 0.010
2469.90031 16.734 0.010
2470.91616 16.538 0.009
2471.88975 16.745 0.011
2471.92738 16.749 0.012
2473.86735 16.704 0.010
2473.89113 16.698 0.009
2483.83976 16.586 0.009
2483.88864 16.596 0.009
2486.85724 16.733 0.014
2486.88565 16.721 0.012
2488.87656 16.749 0.015
2489.90382 16.514 0.011
2492.90335 16.693 0.011
2498.77378 16.607 0.011
2499.84089 16.485 0.010
2499.85936 16.437 0.009
2500.84534 16.587 0.010
2500.86493 16.588 0.009
2501.85389 16.630 0.009
2502.81508 16.553 0.010
2502.83412 16.556 0.010
2503.83059 16.731 0.011
2508.74536 16.461 0.013
2516.75779 16.574 0.012
2516.77666 16.588 0.012
2517.80457 16.568 0.010
2517.82340 16.593 0.011
2518.77555 16.695 0.010
2518.79484 16.680 0.013
2519.85437 16.543 0.009
2520.77256 16.742 0.011
2520.79113 16.748 0.011
2524.84155 16.710 0.013
2526.75915 16.652 0.009
2534.81620 16.592 0.010
2534.83408 16.618 0.012
2535.81429 16.651 0.010
2535.83613 16.605 0.011
2537.68350 16.726 0.015
2537.70207 16.734 0.015
2539.68434 16.691 0.011
2539.70185 16.707 0.012
2541.69625 16.666 0.010
2541.71375 16.690 0.010
2542.66605 16.430 0.009
2542.68354 16.438 0.009
2544.64357 16.382 0.009
2544.66208 16.401 0.009
2545.65977 16.621 0.009
2545.67711 16.644 0.009
2547.67763 16.594 0.011
2547.69512 16.635 0.010
2548.69307 16.471 0.009
2548.71156 16.438 0.009
2550.68799 16.630 0.012
2550.70669 16.620 0.010
2551.67470 16.537 0.009
2551.69333 16.567 0.009
2552.69084 16.709 0.010
2553.64905 16.543 0.012
2554.68402 16.703 0.011
2554.70257 16.728 0.011
2555.71050 16.501 0.010
2556.68952 16.703 0.010
2557.70206 16.475 0.009
2558.63995 16.660 0.011
2558.65854 16.678 0.011
2559.59667 16.407 0.009
2559.61544 16.424 0.009
2560.64850 16.649 0.010
2562.64833 16.604 0.009
2562.66694 16.610 0.010
2563.67487 16.369 0.009
2564.69026 16.630 0.010
2565.68116 16.472 0.009
2566.64369 16.563 0.010
2566.66144 16.574 0.010
2568.69242 16.553 0.013
2571.62651 16.736 0.015
2571.64511 16.746 0.015
2572.72400 16.509 0.011
2577.62924 16.683 0.013
2580.63034 16.369 0.009
2586.62397 16.754 0.011
2587.58964 16.506 0.010
2587.60838 16.515 0.010
2588.61850 16.710 0.011
2588.71680 16.742 0.012
2589.57961 16.477 0.009
2589.59832 16.459 0.010
2590.59439 16.685 0.012
2590.61345 16.707 0.012
2591.59555 16.456 0.009
2591.63659 16.455 0.009
2593.58615 16.406 0.009
2593.60559 16.419 0.009
2594.58990 16.646 0.013
2594.60936 16.650 0.013
2596.56607 16.597 0.013
2596.58489 16.628 0.013
2597.55341 16.418 0.010
2597.57206 16.413 0.009
2598.60633 16.587 0.010
2598.64593 16.607 0.012
2599.58547 16.601 0.014
2599.60541 16.562 0.012
2607.62660 16.693 0.014
2610.52671 16.402 0.010
2610.54642 16.428 0.011
2613.51888 16.620 0.011
2613.54032 16.616 0.012
2615.55069 16.613 0.013
2615.56917 16.599 0.011
2619.53015 16.528 0.010
2619.55687 16.545 0.012
2621.54678 16.527 0.010
2621.56577 16.536 0.010
2623.59473 16.494 0.009
2625.54841 16.482 0.013
2626.53830 16.659 0.010
2628.54178 16.648 0.016
2629.54488 16.380 0.011
2632.54820 16.633 0.011
2635.54596 16.731 0.009
2636.54337 16.576 0.013
2639.52641 16.724 0.017
2639.54386 16.741 0.013
2641.57196 16.697 0.010
2642.55261 16.479 0.012
2646.55782 16.380 0.010
2646.56543 16.394 0.009
2650.57034 16.570 0.009
2651.53746 16.583 0.015
2654.53775 16.759 0.015
2654.55527 16.786 0.015
2656.58581 16.730 0.012
2657.55813 16.490 0.011
2660.53155 16.676 0.014
2660.55391 16.688 0.013
2664.55642 16.645 0.012
2669.52911 16.726 0.012
2671.55158 16.755 0.014
2673.54609 16.742 0.013
2673.56338 16.744 0.015
2675.56197 16.697 0.011
2676.52475 16.491 0.013
2678.56229 16.448 0.010
2679.53811 16.665 0.012
2682.52203 16.466 0.013
2682.54043 16.415 0.012
2777.88447 16.730 0.015
2777.90295 16.697 0.015
2804.86989 16.670 0.014
2804.89045 16.649 0.014
2810.92282 16.588 0.011
2811.90436 16.645 0.015
2814.92038 16.537 0.010
2814.94001 16.560 0.010
2817.90833 16.705 0.012
2817.92658 16.711 0.012
2825.88407 16.611 0.013
2830.92254 16.759 0.013
2831.76280 16.511 0.012
2831.78143 16.521 0.011
2832.72829 16.703 0.013
2832.74739 16.704 0.013
2832.92536 16.763 0.012
2833.84637 16.517 0.012
2833.86530 16.514 0.012
2834.85412 16.717 0.014
2835.87395 16.494 0.010
2837.85229 16.441 0.012
2837.87502 16.474 0.014
2838.93218 16.695 0.014
2839.88805 16.398 0.009
2840.82492 16.654 0.013
2841.86874 16.387 0.009
2843.82636 16.590 0.009
2844.85400 16.591 0.009
2844.87219 16.604 0.011
2845.89996 16.657 0.014
2845.91818 16.635 0.013
2848.93697 16.553 0.014
2849.85561 16.748 0.012
2850.87007 16.530 0.011
2850.88837 16.520 0.011
2851.91336 16.726 0.011
2851.93194 16.723 0.013
2852.78400 16.456 0.009
2852.80262 16.453 0.010
2853.92389 16.696 0.011
2853.94203 16.699 0.012
2856.79707 16.396 0.011
2856.81529 16.400 0.010
2858.89110 16.375 0.009
2858.90934 16.377 0.009
2860.85718 16.527 0.010
2860.87534 16.477 0.009
2861.72813 16.554 0.009
2862.90715 16.626 0.012
2862.92552 16.582 0.012
2863.81623 16.565 0.012
2863.83472 16.554 0.013
2865.85017 16.516 0.009
2866.86289 16.731 0.012
2866.88126 16.707 0.013
2867.84384 16.487 0.009
2868.76894 16.689 0.011
2868.78757 16.697 0.010
2869.90194 16.501 0.010
2870.79725 16.663 0.010
2870.81554 16.666 0.010
2871.85846 16.438 0.009
2872.75467 16.649 0.009
2875.79802 16.408 0.011
2876.75744 16.597 0.010
2876.77573 16.601 0.010
2877.79763 16.607 0.010
2879.78805 16.721 0.009
2883.80643 16.715 0.009
2883.82540 16.725 0.010
2885.74162 16.666 0.011
2885.76020 16.663 0.011
2888.78984 16.428 0.009
2888.80852 16.423 0.009
2892.78146 16.402 0.011
2892.79988 16.400 0.012
2894.72904 16.660 0.011
2894.74773 16.625 0.010
2896.72614 16.740 0.010
2896.74486 16.725 0.011
2898.74712 16.750 0.010
2898.76577 16.750 0.010
2900.72775 16.693 0.009
2900.74596 16.723 0.009
2902.72728 16.691 0.009
2902.74548 16.702 0.010
2905.73445 16.409 0.009
2905.75268 16.406 0.009
2907.73571 16.379 0.009
2907.75408 16.388 0.009
2909.72470 16.496 0.009
2909.74319 16.463 0.007
2911.71617 16.669 0.009
2911.73455 16.662 0.009
2915.68756 16.723 0.011
2915.70602 16.746 0.010
2917.71355 16.714 0.009
2917.73213 16.711 0.010
2921.71145 16.664 0.011
2921.72988 16.679 0.011
2923.73276 16.645 0.010
2923.75183 16.663 0.012
2925.69630 16.637 0.009
2925.71480 16.626 0.010
2927.69373 16.605 0.011
2927.71233 16.596 0.010
2930.71161 16.728 0.011
2930.73038 16.733 0.011
2932.71797 16.744 0.011
2932.73689 16.734 0.011
2934.69806 16.725 0.010
2934.71672 16.704 0.010
2937.61857 16.430 0.010
2937.64073 16.441 0.009
2939.69337 16.409 0.009
2939.71219 16.412 0.009
2940.61519 16.618 0.009
2940.63350 16.630 0.009
2941.60882 16.439 0.009
2941.68332 16.370 0.009
2942.61500 16.599 0.009
2942.63345 16.625 0.010
2943.56739 16.683 0.012
2943.60468 16.641 0.011
2944.57082 16.559 0.009
2944.58927 16.580 0.010
2945.58759 16.744 0.015
2945.60604 16.747 0.015
2947.58440 16.741 0.012
2947.61554 16.747 0.012
2949.57856 16.717 0.011
2949.59685 16.733 0.011
2950.64160 16.477 0.009
2951.61031 16.688 0.012
2951.62878 16.698 0.012
2952.63771 16.458 0.009
2952.65771 16.484 0.011
2954.66427 16.446 0.010
2954.68263 16.457 0.010
2956.61034 16.379 0.008
2956.62862 16.386 0.009
2958.59501 16.449 0.009
2958.62303 16.417 0.010
2961.57582 16.566 0.013
2961.59410 16.607 0.015
2965.60421 16.522 0.009
2968.57532 16.707 0.012
2968.59386 16.706 0.011
2970.59466 16.673 0.010
2970.61311 16.682 0.010
2972.59760 16.654 0.010
2974.57313 16.614 0.011
2974.59835 16.623 0.010
2976.52905 16.589 0.011
2976.54805 16.588 0.011
2977.59605 16.642 0.012
2978.57415 16.592 0.014
2979.56036 16.756 0.013
2980.59102 16.573 0.013
2981.60539 16.753 0.015
2982.53624 16.511 0.010
2984.62711 16.513 0.011
2986.63724 16.481 0.010
2987.62911 16.686 0.010
2988.52960 16.423 0.013
2989.55140 16.637 0.010
2991.60267 16.653 0.010
2992.55319 16.482 0.010
2994.58439 16.624 0.010
2995.59605 16.577 0.009
2997.55718 16.554 0.009
2998.55403 16.759 0.013
3001.55533 16.496 0.009
3001.57363 16.510 0.010
3004.54730 16.651 0.011
3005.53170 16.421 0.013
3007.55342 16.375 0.009
3008.55336 16.632 0.014
3008.55802 16.625 0.014
3010.55256 16.612 0.009
3011.56139 16.642 0.013
3016.56968 16.529 0.010
3016.58805 16.532 0.011
3018.57452 16.499 0.009
3019.58313 16.692 0.011
3020.60257 16.475 0.009
3021.59706 16.690 0.009
3021.61538 16.684 0.009
3023.55240 16.655 0.010
3023.57128 16.644 0.010
3025.54974 16.627 0.011
3025.56979 16.649 0.012
3027.58503 16.630 0.010
3027.60330 16.622 0.010
3029.55695 16.570 0.009
3029.57520 16.589 0.010
3031.56130 16.552 0.011
3031.57974 16.566 0.010
3033.56379 16.526 0.009
3033.58211 16.531 0.010
3036.58099 16.712 0.012
3037.52913 16.449 0.011
3040.54401 16.665 0.012
3160.84150 16.487 0.011
3164.92956 16.449 0.009
3183.89340 16.399 0.009
3183.91153 16.416 0.009
3193.86117 16.721 0.012
3193.87929 16.725 0.012
3195.92015 16.705 0.010
3195.93849 16.699 0.010
3197.89573 16.688 0.011
3197.91395 16.674 0.010
3201.85317 16.619 0.009
3201.87137 16.650 0.010
3203.86033 16.616 0.009
3203.87932 16.627 0.009
3204.92393 16.487 0.009
3206.81719 16.744 0.012
3210.87494 16.737 0.010
3210.89322 16.734 0.011
3211.88465 16.494 0.009
3211.90321 16.499 0.009
3215.66076 16.359 0.011
3215.68167 16.366 0.010
3216.70294 16.639 0.014
3216.72877 16.616 0.013
3217.77892 16.357 0.009
3217.92930 16.382 0.009
3218.88896 16.657 0.015
3218.91393 16.628 0.014
3223.81647 16.741 0.012
3223.83478 16.723 0.012
3226.80497 16.520 0.010
3226.82503 16.533 0.010
3229.83216 16.685 0.009
3231.81430 16.662 0.013
3239.79267 16.578 0.010
3240.76361 16.744 0.012
3240.78993 16.712 0.013
3241.81429 16.543 0.009
3241.83281 16.548 0.010
3242.69530 16.700 0.010
3242.71361 16.729 0.011
3243.82793 16.522 0.010
3243.85006 16.552 0.010
3244.82725 16.737 0.013
3245.75445 16.482 0.009
3245.77639 16.489 0.011
3246.75073 16.676 0.010
3246.76884 16.671 0.014
3247.74207 16.440 0.009
3247.76260 16.456 0.009
3249.70918 16.390 0.009
3249.72731 16.404 0.010
3251.72192 16.382 0.008
3251.74083 16.401 0.009
3254.70926 16.602 0.010
3254.72795 16.588 0.009
3256.77512 16.568 0.009
3257.74436 16.755 0.009
3259.66354 16.726 0.011
3260.68530 16.503 0.010
3261.70164 16.693 0.009
3262.72124 16.468 0.008
3263.68434 16.662 0.009
3264.67293 16.435 0.008
3265.71873 16.661 0.009
3266.74393 16.431 0.009
3267.70757 16.653 0.008
3268.67724 16.435 0.008
3269.78399 16.620 0.012
3270.65758 16.640 0.010
3270.74081 16.500 0.009
3271.64504 16.575 0.010
3271.66364 16.573 0.010
3272.70187 16.708 0.010
3272.72083 16.707 0.010
3274.68403 16.749 0.011
3274.70670 16.771 0.011
3276.69288 16.733 0.011
3276.71113 16.749 0.012
3277.72570 16.493 0.009
3277.74427 16.523 0.009
3279.65830 16.463 0.009
3279.67659 16.447 0.009
3281.61774 16.398 0.008
3281.64027 16.420 0.009
3283.62356 16.374 0.007
3283.64171 16.363 0.007
3287.58963 16.690 0.010
3287.60793 16.669 0.009
3289.60060 16.758 0.009
3289.61900 16.769 0.010
3293.57761 16.692 0.009
3293.59579 16.699 0.009
3295.59635 16.683 0.008
3295.61458 16.676 0.008
3297.57764 16.647 0.008
3297.59633 16.646 0.008
3299.63453 16.646 0.008
3299.65270 16.650 0.008
3301.60864 16.641 0.012
3301.62694 16.617 0.011
3303.67078 16.602 0.010
3303.68919 16.599 0.010
3306.60342 16.728 0.009
3306.62174 16.743 0.009
3308.59130 16.732 0.013
3308.60946 16.761 0.013
3310.59043 16.689 0.011
3310.60859 16.711 0.010
3312.59271 16.671 0.009
3312.65261 16.678 0.010
3314.54508 16.646 0.013
3314.56347 16.664 0.012
3320.58283 16.604 0.009
3320.60130 16.598 0.009
3321.57855 16.685 0.010
3327.53764 16.718 0.012
3327.55626 16.709 0.010
3330.53156 16.439 0.009
3330.55049 16.435 0.009
3335.57260 16.612 0.010
3335.59532 16.621 0.011
3338.57963 16.679 0.009
3338.59893 16.684 0.009
3349.57673 16.400 0.007
3349.59526 16.402 0.009
3353.55408 16.536 0.009
3353.57435 16.517 0.009
3359.55088 16.742 0.011
3360.56269 16.519 0.010
3363.53457 16.669 0.011
3363.55822 16.694 0.011
3367.59776 16.650 0.009
3367.61754 16.649 0.010
3372.54829 16.705 0.009
3375.53075 16.526 0.010
3376.52760 16.728 0.015
3378.57631 16.743 0.010
3378.59455 16.729 0.011
3386.54267 16.620 0.009
3386.56098 16.638 0.009
3390.55112 16.558 0.010
3390.57456 16.595 0.012
3398.53811 16.434 0.009
3398.55632 16.447 0.009
3402.52621 16.394 0.009
3402.54472 16.362 0.008
3528.93692 16.627 0.011
3538.93504 16.513 0.009
3541.92972 16.651 0.009
3547.91431 16.589 0.009
3554.92252 16.716 0.011
3568.83766 16.524 0.009
3570.72262 16.477 0.011
3571.77940 16.680 0.014
3571.80071 16.674 0.014
3573.81609 16.660 0.011
3573.83820 16.669 0.012
3577.82114 16.635 0.009
3577.83586 16.631 0.009
3581.84420 16.558 0.009
3583.83350 16.550 0.009
3586.80784 16.703 0.009
3588.82573 16.684 0.009
3589.81854 16.460 0.008
3593.81090 16.389 0.009
3596.89136 16.590 0.009
3614.78579 16.506 0.008
3617.76529 16.516 0.008
3619.69821 16.479 0.009
3621.71667 16.485 0.009
3624.86497 16.693 0.012
3629.66796 16.473 0.010
3633.69564 16.745 0.012
3637.64955 16.700 0.010
3639.69963 16.678 0.008
3646.65552 16.511 0.009
3650.65877 16.708 0.010
3651.73275 16.515 0.009
3655.69509 16.485 0.008
3659.63835 16.355 0.009
3663.55998 16.639 0.013
3668.57198 16.483 0.009
3673.67376 16.676 0.011
3694.55966 16.605 0.010
3700.57480 16.542 0.009
3704.59036 16.456 0.009
3706.61079 16.440 0.008
3708.56488 16.443 0.009
3708.58367 16.415 0.009
3711.59026 16.641 0.011
3714.52401 16.636 0.015
3717.56195 16.562 0.012
3721.52618 16.487 0.015
3721.55342 16.490 0.009
3724.56310 16.654 0.009
3728.55677 16.610 0.009
3734.56022 16.548 0.011
3742.53452 16.418 0.012
3746.53946 16.387 0.010
3751.53618 16.545 0.013
3756.55244 16.670 0.010
3761.58737 16.401 0.009
3761.60271 16.401 0.009
3765.55348 16.544 0.008
3766.52751 16.567 0.012
3771.56542 16.715 0.011
3772.55033 16.513 0.009
3776.55040 16.433 0.009
3780.54912 16.371 0.010
3871.87630 16.391 0.010
3901.93882 16.438 0.009
3906.93909 16.612 0.009
3913.91603 16.726 0.009
3918.87954 16.433 0.009
3934.85790 16.654 0.009
3936.86610 16.644 0.009
3938.85009 16.642 0.010
3946.86561 16.510 0.009
3960.81241 16.708 0.009
3960.82682 16.660 0.009
3963.80913 16.509 0.010
3963.82353 16.510 0.011
3965.80103 16.489 0.007
3965.81541 16.478 0.007
3967.82072 16.462 0.008
3967.83526 16.464 0.008
3969.78656 16.416 0.009
3969.80090 16.422 0.008
3971.76223 16.363 0.007
3971.77709 16.349 0.008
3974.77883 16.586 0.009
3979.73419 16.728 0.009
3980.61754 16.471 0.010
3981.64383 16.674 0.009
3983.83415 16.700 0.011
3983.89915 16.704 0.010
3986.69571 16.402 0.009
3987.66675 16.649 0.009
3990.79002 16.361 0.008
3993.73482 16.555 0.009
3999.74936 16.467 0.008
4006.69950 16.595 0.008
4007.54651 16.694 0.009
4007.56288 16.670 0.009
4008.57181 16.566 0.009
4013.69838 16.693 0.010
4015.68067 16.701 0.012
4019.68463 16.640 0.010
4030.63799 16.698 0.009
4060.51755 16.729 0.011
4064.51518 16.668 0.009
4065.51713 16.458 0.009
4068.51724 16.653 0.010
4069.51502 16.390 0.011
4070.53581 16.620 0.010
4073.56171 16.447 0.009
4076.62889 16.554 0.009
4077.52194 16.742 0.012
4078.58888 16.543 0.008
4079.52388 16.738 0.014
4080.59951 16.535 0.009
4082.52384 16.467 0.011
4085.54704 16.691 0.010
4085.56155 16.668 0.009
4092.54199 16.637 0.009
4092.55760 16.613 0.009
4096.55352 16.716 0.010
4096.58355 16.713 0.009
4099.59664 16.507 0.009
4100.58634 16.697 0.011
4104.58751 16.671 0.011
4105.55417 16.394 0.009
4108.53042 16.572 0.011
4113.60831 16.738 0.009
4120.53254 16.390 0.008
4120.57914 16.402 0.008
4126.55741 16.571 0.010
4126.57697 16.597 0.011
4252.91154 16.593 0.012
4255.82730 16.740 0.015
4255.84555 16.744 0.014
4268.94014 16.449 0.009
4275.90759 16.507 0.010
4279.78530 16.414 0.013
4282.79591 16.612 0.011
4283.87929 16.381 0.010
4283.93413 16.371 0.009
4291.92358 16.724 0.012
4299.84378 16.625 0.009
4308.64468 16.682 0.012
4308.65864 16.675 0.012
4308.85110 16.722 0.010
4319.84426 16.581 0.010
4338.90068 16.673 0.013
4340.77316 16.719 0.011
4341.76831 16.513 0.011
4342.82417 16.711 0.012
4343.76181 16.473 0.009
4344.74396 16.658 0.010
4347.77884 16.406 0.009
4353.75235 16.689 0.014
4357.70122 16.718 0.013
4359.69915 16.696 0.010
4361.70171 16.667 0.012
4364.58347 16.371 0.011
4367.68098 16.592 0.012
4370.67263 16.719 0.012
4376.65149 16.665 0.012
4378.61807 16.653 0.012
4380.75888 16.659 0.010
4388.66187 16.549 0.010
4393.64464 16.679 0.012
4422.65487 16.540 0.010
4439.54615 16.549 0.013
4456.58324 16.529 0.011
4459.53574 16.676 0.013
4465.54136 16.642 0.011
4474.59679 16.755 0.014
4479.59974 16.442 0.011
4481.58441 16.430 0.009
4484.60109 16.651 0.015
4487.62265 16.579 0.014
4609.87294 16.631 0.011
4649.93082 16.567 0.010
4656.90275 16.657 0.009
4662.75900 16.560 0.010
4663.73061 16.744 0.011
4663.74837 16.724 0.013
4688.80759 16.668 0.010
4690.73315 16.639 0.010
4693.89111 16.408 0.010
4696.84103 16.588 0.013
4698.75286 16.553 0.009
4699.74687 16.726 0.011
4700.78438 16.523 0.010
4702.84972 16.519 0.010
4703.74876 16.684 0.010
4707.76752 16.650 0.009
4708.83578 16.417 0.009
4716.75326 16.725 0.010
4719.74543 16.485 0.010
4721.73439 16.449 0.010
4726.65976 16.599 0.012
4729.67074 16.634 0.013
4731.76099 16.678 0.009
4739.64937 16.636 0.012
4766.60140 16.526 0.010
4773.67535 16.658 0.009
4775.66219 16.645 0.011
4789.53158 16.413 0.010
4790.61380 16.652 0.009
4791.61210 16.390 0.009
4792.57381 16.624 0.009
4793.51623 16.452 0.010
4795.53328 16.588 0.009
4796.62422 16.564 0.009
4804.57757 16.479 0.011
4806.58659 16.430 0.009
4808.61232 16.418 0.009
4813.59461 16.574 0.011
4815.57074 16.563 0.010
4817.58728 16.531 0.009
4819.58688 16.495 0.009
4823.58957 16.434 0.009
4835.57295 16.735 0.013
4839.59446 16.693 0.012
4842.56152 16.400 0.009
4847.62632 16.611 0.014
4849.58618 16.558 0.009
4853.58361 16.493 0.009
4856.57754 16.680 0.010
