 621.85516 15.215 0.006
 626.93834 15.241 0.005
 627.90431 15.346 0.006
 628.91370 15.465 0.006
 632.91398 15.363 0.006
 633.91849 15.501 0.006
 635.91360 15.177 0.005
 643.88236 15.567 0.006
 645.88584 15.219 0.005
 649.85514 15.156 0.006
 656.90093 15.391 0.005
 657.84212 15.511 0.006
 658.91376 15.313 0.006
 664.80512 15.212 0.005
 664.89365 15.222 0.005
 665.88062 15.325 0.005
 666.89116 15.440 0.005
 667.90198 15.562 0.005
 668.87258 15.150 0.005
 670.83821 15.346 0.005
 671.86075 15.464 0.005
 672.91426 15.522 0.005
 673.71652 15.144 0.005
 673.91823 15.167 0.005
 684.79328 15.300 0.005
 685.73184 15.402 0.005
 686.77425 15.557 0.006
 688.87909 15.236 0.005
 689.76907 15.334 0.005
 697.73509 15.158 0.005
 698.88110 15.286 0.005
 699.73760 15.379 0.005
 700.74621 15.505 0.006
 701.71865 15.384 0.005
 704.69093 15.397 0.006
 706.71469 15.271 0.006
 707.75067 15.203 0.006
 708.71819 15.311 0.006
 712.71853 15.228 0.005
 713.75627 15.338 0.005
 714.77164 15.464 0.005
 716.70526 15.150 0.005
 720.68084 15.477 0.006
 722.64610 15.265 0.005
 726.73824 15.204 0.005
 728.63700 15.400 0.005
 729.70393 15.559 0.006
 730.62804 15.233 0.005
 733.69004 15.442 0.006
 739.75497 15.482 0.006
 741.68156 15.270 0.005
 742.77198 15.385 0.006
 744.72385 15.339 0.005
 745.67512 15.187 0.005
 747.61400 15.396 0.006
 748.57554 15.532 0.006
 749.58324 15.300 0.006
 750.57779 15.201 0.005
 751.58491 15.317 0.006
 752.78750 15.449 0.006
 753.72810 15.572 0.006
 754.69468 15.145 0.005
 755.58373 15.223 0.005
 759.58975 15.148 0.005
 760.59614 15.253 0.005
 761.59308 15.351 0.005
 762.58369 15.482 0.006
 762.71819 15.494 0.006
 763.60267 15.484 0.006
 763.68328 15.425 0.006
 763.77195 15.355 0.006
 764.68986 15.174 0.006
 765.63398 15.280 0.006
 766.53020 15.384 0.006
 766.67080 15.386 0.006
 767.57927 15.515 0.007
 767.63798 15.511 0.007
 767.73267 15.533 0.007
 769.56223 15.181 0.005
 770.53984 15.288 0.005
 771.56455 15.406 0.006
 772.56326 15.545 0.006
 772.74449 15.560 0.006
 773.62512 15.191 0.005
 774.65518 15.222 0.005
 775.60747 15.323 0.005
 776.59671 15.438 0.006
 776.74932 15.457 0.006
 777.54139 15.571 0.006
 778.57921 15.150 0.006
 778.67013 15.153 0.006
 779.55957 15.234 0.006
 779.71434 15.249 0.005
 780.55160 15.343 0.006
 780.56354 15.339 0.006
 780.73252 15.356 0.005
 781.61422 15.463 0.005
 782.54876 15.541 0.006
 782.64844 15.508 0.006
 783.59458 15.155 0.005
 784.64006 15.270 0.005
 785.53645 15.367 0.005
 786.54268 15.496 0.006
 787.62434 15.348 0.005
 788.55258 15.180 0.005
 790.59214 15.396 0.005
 795.58003 15.426 0.006
 796.56728 15.579 0.007
 796.69467 15.593 0.007
 797.54813 15.160 0.005
 798.61755 15.232 0.005
 800.55271 15.458 0.005
 802.64436 15.153 0.005
 806.55046 15.467 0.006
 808.56873 15.292 0.006
 816.64499 15.162 0.005
 817.64023 15.233 0.006
 819.61941 15.452 0.005
 822.60576 15.257 0.005
 824.62576 15.481 0.006
 825.61348 15.483 0.006
 828.65882 15.391 0.006
 829.62544 15.530 0.006
 830.54293 15.364 0.006
 832.63229 15.313 0.005
 834.53451 15.548 0.007
 836.59996 15.208 0.005
 838.61882 15.443 0.006
 840.61176 15.138 0.005
 842.56736 15.353 0.005
 843.61405 15.464 0.006
 845.59824 15.158 0.005
 850.58687 15.185 0.005
 855.59163 15.210 0.006
 856.55638 15.316 0.007
 858.52430 15.575 0.007
 860.52603 15.228 0.006
 867.52223 15.481 0.006
 874.52101 15.204 0.005
 963.90449 15.495 0.006
 986.89087 15.503 0.006
 987.90310 15.378 0.005
 996.88974 15.572 0.006
 998.82207 15.217 0.005
1003.82413 15.240 0.006
1005.84834 15.485 0.006
1008.88133 15.283 0.006
1020.84457 15.575 0.006
1025.83023 15.535 0.006
1035.79794 15.287 0.005
1037.82502 15.321 0.005
1038.84317 15.430 0.006
1041.83139 15.234 0.005
1045.79572 15.149 0.005
1049.82460 15.454 0.005
1053.71593 15.510 0.006
1058.78396 15.548 0.006
1059.82962 15.187 0.005
1061.81606 15.332 0.005
1064.77250 15.148 0.005
1069.68591 15.155 0.005
1074.66710 15.186 0.005
1077.66158 15.531 0.005
1079.66360 15.207 0.005
1081.71079 15.429 0.005
1084.64976 15.224 0.005
1087.66917 15.572 0.005
1090.63716 15.352 0.006
1092.70122 15.492 0.006
1094.69703 15.272 0.005
1095.72749 15.378 0.006
1102.66635 15.232 0.005
1107.63453 15.154 0.005
1112.67766 15.156 0.005
1117.61622 15.177 0.005
1122.63059 15.204 0.005
1128.58060 15.329 0.005
1132.60656 15.253 0.005
1138.65165 15.396 0.005
1140.66006 15.317 0.005
1144.68665 15.551 0.006
1151.59796 15.246 0.005
1154.55505 15.561 0.006
1157.56480 15.368 0.005
1160.58958 15.179 0.005
1163.66801 15.551 0.006
1164.71360 15.209 0.005
1170.56855 15.223 0.005
1178.69109 15.388 0.006
1182.68953 15.541 0.006
1185.63227 15.306 0.005
1187.66878 15.568 0.006
1190.53820 15.322 0.005
1202.61384 15.333 0.006
1208.58436 15.210 0.006
1211.58676 15.580 0.006
1216.57473 15.542 0.006
1219.57915 15.371 0.006
1228.53013 15.308 0.006
1234.52558 15.443 0.007
1235.52415 15.561 0.007
1329.81659 15.441 0.007
1330.92571 15.575 0.006
1335.89690 15.518 0.006
1341.93098 15.193 0.005
1347.92863 15.319 0.006
1349.92401 15.580 0.006
1355.91686 15.153 0.006
1366.87307 15.314 0.006
1367.89508 15.420 0.006
1369.88797 15.175 0.005
1374.88185 15.150 0.005
1395.84810 15.342 0.006
1397.87087 15.528 0.006
1401.88528 15.499 0.006
1402.88299 15.365 0.006
1407.89338 15.241 0.005
1412.79204 15.184 0.006
1418.76597 15.243 0.005
1432.78849 15.218 0.005
1435.71418 15.562 0.006
1439.81196 15.465 0.006
1442.77636 15.265 0.005
1447.70527 15.273 0.006
1451.69595 15.192 0.005
1454.69423 15.560 0.006
1460.63834 15.153 0.006
1462.66224 15.352 0.006
1470.61347 15.186 0.006
1475.66126 15.212 0.005
1478.58746 15.566 0.006
1480.69585 15.240 0.006
1484.60226 15.153 0.005
1487.56141 15.476 0.006
1489.58476 15.164 0.005
1491.64691 15.389 0.006
1494.69493 15.214 0.005
1495.54798 15.297 0.006
1499.52017 15.230 0.006
1502.60505 15.568 0.006
1506.60009 15.477 0.006
1509.58365 15.278 0.005
1514.65999 15.299 0.006
1517.57669 15.258 0.005
1520.61953 15.438 0.006
1522.64823 15.141 0.005
1525.54385 15.451 0.006
1528.64179 15.255 0.005
1544.57456 15.437 0.006
1546.63101 15.142 0.005
1551.59304 15.158 0.005
1555.57122 15.336 0.006
1562.60543 15.328 0.006
1568.57888 15.472 0.006
1573.57388 15.505 0.006
1579.55746 15.276 0.005
1581.58473 15.321 0.005
1584.56957 15.164 0.005
1586.58066 15.332 0.005
1588.55417 15.561 0.007
1592.57729 15.489 0.006
1597.55279 15.524 0.006
1602.54995 15.550 0.007
1607.54016 15.558 0.006
1706.91032 15.478 0.006
1726.94297 15.538 0.007
1730.92647 15.492 0.006
1738.87751 15.304 0.005
1740.88521 15.560 0.006
1744.90208 15.452 0.006
1745.89523 15.575 0.006
1749.87586 15.471 0.005
1750.87916 15.512 0.006
1751.85971 15.166 0.005
1752.85206 15.268 0.006
1753.85286 15.374 0.005
1754.84879 15.505 0.006
1755.84506 15.366 0.006
1756.87476 15.197 0.006
1757.82380 15.287 0.006
1758.82837 15.395 0.005
1759.84150 15.552 0.006
1761.85763 15.215 0.005
1762.84004 15.313 0.005
1763.84558 15.437 0.005
1764.83532 15.572 0.006
1765.83167 15.158 0.005
1766.80540 15.242 0.006
1768.81919 15.457 0.006
1769.73437 15.569 0.006
1773.79532 15.489 0.006
1775.80684 15.168 0.005
1785.78386 15.224 0.005
1788.81901 15.572 0.006
1789.75168 15.150 0.005
1803.85530 15.205 0.005
1809.77900 15.231 0.005
1812.75290 15.556 0.005
1815.80932 15.370 0.005
1821.70589 15.519 0.006
1823.77520 15.206 0.005
1829.70028 15.325 0.005
1830.76726 15.457 0.006
1864.71162 15.536 0.006
1865.71762 15.284 0.005
1873.69018 15.448 0.005
2086.91788 15.277 0.006
2104.84997 15.160 0.006
2106.90981 15.382 0.007
2115.90479 15.327 0.006
2116.89092 15.437 0.006
2117.89659 15.575 0.007
2123.83959 15.147 0.006
2128.84414 15.179 0.006
2129.87626 15.282 0.006
2130.82514 15.385 0.006
2131.81866 15.525 0.007
2132.82488 15.286 0.006
2133.91343 15.217 0.007
2134.82976 15.316 0.007
2135.86420 15.413 0.006
2136.86411 15.562 0.007
2137.90908 15.155 0.006
2140.83398 15.453 0.006
2142.88122 15.140 0.006
2143.83528 15.247 0.006
2144.80679 15.359 0.006
2155.89748 15.565 0.008
2156.84401 15.188 0.006
2160.77372 15.572 0.007
2162.78028 15.234 0.006
2166.77505 15.147 0.005
2167.74587 15.250 0.006
2168.73237 15.363 0.006
2171.75844 15.178 0.005
2172.76501 15.291 0.006
2173.72710 15.394 0.006
2177.65875 15.294 0.006
2184.72010 15.519 0.007
2185.68358 15.144 0.006
2187.66619 15.349 0.007
2190.71010 15.166 0.006
2191.65193 15.268 0.006
2192.68069 15.358 0.006
2193.70166 15.505 0.006
2194.67294 15.353 0.006
2201.73902 15.329 0.006
2206.62485 15.299 0.007
2211.66350 15.358 0.006
2212.66257 15.486 0.007
2213.67355 15.407 0.007
2214.65992 15.163 0.006
2215.67521 15.283 0.006
2217.65287 15.527 0.007
2219.69602 15.210 0.006
2222.74525 15.563 0.007
2223.68499 15.159 0.006
2225.61452 15.321 0.006
2226.66086 15.447 0.007
2228.57626 15.141 0.006
2230.51353 15.341 0.007
2232.52733 15.554 0.007
2234.56941 15.259 0.006
2236.55890 15.491 0.006
2238.56428 15.171 0.006
2241.55111 15.529 0.007
2243.58935 15.200 0.006
2248.63379 15.238 0.006
2250.59981 15.457 0.006
2253.58770 15.259 0.006
2256.56998 15.433 0.007
2258.61041 15.283 0.006
2263.60167 15.311 0.006
2265.62769 15.567 0.006
2270.58588 15.558 0.007
2272.58395 15.246 0.006
2274.56780 15.470 0.007
2276.53139 15.156 0.007
2280.54787 15.352 0.007
2285.58638 15.205 0.006
2289.58329 15.568 0.007
2291.58400 15.247 0.006
2293.58450 15.464 0.007
2295.58081 15.162 0.006
2297.58399 15.384 0.007
2299.58047 15.375 0.006
2301.57316 15.298 0.007
2448.90478 15.243 0.007
2460.90484 15.524 0.008
2463.93393 15.313 0.006
2466.85579 15.206 0.007
2467.91966 15.233 0.006
2469.91896 15.442 0.006
2471.90850 15.142 0.006
2472.89857 15.244 0.005
2473.92476 15.361 0.005
2481.88403 15.188 0.007
2483.90769 15.415 0.006
2486.90780 15.224 0.007
2488.90976 15.438 0.007
2492.92209 15.363 0.006
2496.92186 15.266 0.006
2498.79311 15.488 0.007
2499.87810 15.387 0.006
2500.88653 15.184 0.006
2501.87328 15.280 0.006
2502.85344 15.385 0.007
2508.76406 15.569 0.009
2516.79550 15.357 0.007
2517.84227 15.473 0.007
2518.81456 15.502 0.007
2519.81284 15.157 0.006
2520.81101 15.275 0.007
2521.79929 15.370 0.006
2524.80269 15.187 0.006
2526.79652 15.399 0.006
2529.79274 15.208 0.006
2534.85334 15.252 0.006
2535.79098 15.350 0.006
2537.72106 15.563 0.008
2538.82214 15.154 0.006
2539.71930 15.252 0.006
2540.76180 15.376 0.007
2541.73118 15.489 0.007
2542.70100 15.474 0.007
2544.68093 15.270 0.006
2545.69446 15.379 0.006
2547.71245 15.324 0.006
2548.73044 15.192 0.006
2550.72571 15.410 0.006
2551.71224 15.561 0.007
2552.72825 15.187 0.006
2554.72135 15.324 0.006
2555.72929 15.448 0.006
2556.70836 15.573 0.007
2557.72088 15.133 0.006
2558.67736 15.230 0.006
2559.63441 15.339 0.006
2560.66734 15.456 0.006
2561.71296 15.514 0.007
2562.68572 15.145 0.006
2563.69365 15.257 0.006
2564.71001 15.377 0.007
2565.70601 15.502 0.007
2566.68095 15.339 0.006
2568.75000 15.298 0.006
2571.66655 15.272 0.006
2572.74181 15.224 0.006
2573.67988 15.311 0.007
2574.65986 15.420 0.006
2576.69460 15.148 0.006
2577.65966 15.224 0.006
2578.64716 15.343 0.007
2579.65768 15.452 0.007
2580.66582 15.551 0.007
2583.63787 15.355 0.007
2584.64432 15.488 0.007
2586.64552 15.169 0.006
2587.62740 15.281 0.006
2589.61831 15.503 0.007
2590.63505 15.321 0.006
2591.66123 15.197 0.006
2593.62450 15.404 0.007
2594.63052 15.562 0.008
2596.60414 15.207 0.006
2597.59131 15.320 0.006
2598.67151 15.440 0.007
2599.62558 15.566 0.008
2607.64568 15.385 0.007
2610.56701 15.186 0.006
2613.56101 15.536 0.007
2615.59140 15.204 0.006
2619.57591 15.175 0.006
2621.58490 15.344 0.007
2625.56764 15.266 0.007
2627.53833 15.478 0.007
2630.55276 15.290 0.007
2635.56647 15.311 0.006
2637.56136 15.577 0.007
2640.53168 15.327 0.007
2642.57143 15.575 0.008
2646.58278 15.488 0.007
2651.55685 15.514 0.008
2654.57706 15.307 0.007
2657.53693 15.267 0.007
2661.53346 15.580 0.007
2664.57393 15.358 0.007
2672.55188 15.186 0.007
2676.54208 15.313 0.006
2679.55678 15.427 0.007
2683.53515 15.343 0.008
2777.92190 15.228 0.007
2804.85045 15.569 0.008
2805.86773 15.158 0.007
2811.92285 15.286 0.007
2815.89647 15.198 0.006
2817.94510 15.421 0.007
2830.83565 15.269 0.006
2831.80530 15.371 0.007
2832.76599 15.507 0.007
2832.94386 15.534 0.007
2833.88382 15.327 0.007
2834.93447 15.202 0.006
2838.83584 15.238 0.006
2840.84353 15.329 0.006
2843.84485 15.146 0.005
2844.89057 15.245 0.006
2845.93760 15.363 0.007
2849.87410 15.276 0.006
2850.90685 15.387 0.007
2852.83544 15.406 0.007
2854.84679 15.300 0.007
2857.85421 15.256 0.006
2858.92783 15.218 0.006
2860.89376 15.435 0.007
2861.76519 15.544 0.007
2862.88863 15.148 0.006
2865.81300 15.442 0.007
2866.89972 15.544 0.009
2867.80240 15.140 0.006
2868.80602 15.251 0.006
2869.79255 15.352 0.006
2870.83404 15.480 0.007
2871.87716 15.422 0.007
2872.83399 15.167 0.006
2875.82483 15.512 0.007
2876.79424 15.330 0.006
2879.72076 15.397 0.007
2883.84398 15.328 0.006
2885.77933 15.568 0.007
2890.71021 15.572 0.008
2893.76166 15.364 0.007
2895.81088 15.360 0.006
2897.71437 15.282 0.006
2899.75206 15.535 0.007
2903.76784 15.429 0.005
2906.72005 15.224 0.006
2908.69706 15.438 0.007
2910.69195 15.146 0.006
2912.69729 15.350 0.006
2916.71004 15.273 0.006
2918.68693 15.507 0.007
2922.68690 15.398 0.007
2924.62789 15.262 0.006
2926.62189 15.316 0.006
2929.68310 15.143 0.006
2931.65902 15.343 0.006
2933.66948 15.539 0.006
2935.63383 15.259 0.006
2937.65942 15.500 0.007
2939.67488 15.181 0.006
2940.65205 15.289 0.006
2941.62729 15.389 0.006
2942.65210 15.537 0.007
2943.62343 15.309 0.006
2944.60779 15.204 0.006
2946.56257 15.405 0.007
2946.60253 15.413 0.007
2947.63414 15.557 0.007
2949.61524 15.219 0.006
2950.56678 15.322 0.006
2951.64736 15.449 0.007
2953.59527 15.143 0.006
2955.58041 15.342 0.007
2957.59399 15.520 0.007
2960.60844 15.389 0.007
2962.64828 15.338 0.006
2965.65094 15.402 0.006
2968.61328 15.221 0.006
2970.63211 15.430 0.007
2972.63667 15.142 0.006
2975.54474 15.449 0.007
2977.64055 15.167 0.007
2979.58044 15.377 0.007
2983.56125 15.285 0.007
2986.57784 15.286 0.006
2988.54983 15.316 0.007
2991.57597 15.188 0.006
2994.56171 15.450 0.007
2997.57710 15.253 0.006
3000.56823 15.498 0.007
3003.55109 15.383 0.007
3006.53839 15.191 0.006
3009.53367 15.555 0.008
3013.53610 15.422 0.007
3015.57133 15.157 0.006
3018.54843 15.465 0.007
3020.58414 15.159 0.006
3022.53702 15.371 0.007
3024.53679 15.406 0.007
3025.59639 15.191 0.006
3027.62189 15.393 0.006
3029.59359 15.253 0.006
3031.59841 15.313 0.006
3034.52866 15.169 0.006
3037.54783 15.448 0.007
3183.92985 15.288 0.006
3193.89773 15.345 0.006
3196.86979 15.151 0.005
3197.93221 15.248 0.006
3202.85771 15.273 0.006
3203.89774 15.380 0.006
3206.83557 15.192 0.006
3210.91158 15.212 0.006
3211.86619 15.218 0.006
3215.80130 15.177 0.007
3217.79717 15.348 0.007
3223.85333 15.509 0.007
3228.77203 15.527 0.007
3229.85386 15.291 0.006
3231.83533 15.320 0.006
3238.77219 15.573 0.007
3239.81573 15.144 0.006
3240.80846 15.262 0.006
3241.79193 15.351 0.006
3242.73593 15.482 0.007
3243.86853 15.468 0.007
3244.84712 15.191 0.007
3245.79486 15.276 0.006
3246.78762 15.372 0.006
3247.79600 15.513 0.007
3249.74630 15.183 0.006
3251.75986 15.397 0.006
3254.74755 15.209 0.006
3259.68459 15.234 0.006
3261.72064 15.459 0.006
3263.71786 15.160 0.005
3265.73920 15.374 0.006
3267.72596 15.468 0.006
3269.82047 15.300 0.006
3270.67941 15.374 0.006
3271.68234 15.521 0.007
3273.64065 15.200 0.006
3275.62651 15.399 0.006
3276.72991 15.539 0.007
3277.76855 15.161 0.006
3279.70017 15.344 0.006
3281.65874 15.575 0.006
3283.66041 15.251 0.005
3287.62654 15.155 0.006
3289.64152 15.368 0.005
3293.61508 15.312 0.005
3295.63301 15.533 0.005
3298.57091 15.336 0.005
3300.57321 15.576 0.007
3302.55018 15.220 0.006
3305.65020 15.566 0.007
3307.56249 15.252 0.006
3309.58759 15.488 0.006
3311.53920 15.170 0.006
3314.58215 15.520 0.007
3320.61995 15.204 0.006
3323.56739 15.437 0.006
3327.57491 15.352 0.006
3330.57040 15.162 0.006
3335.61440 15.193 0.006
3338.56007 15.540 0.006
3350.53438 15.250 0.005
3353.59297 15.454 0.006
3359.57002 15.206 0.006
3363.57693 15.198 0.006
3367.63652 15.579 0.006
3372.56999 15.515 0.006
3376.54611 15.516 0.006
3380.53252 15.398 0.008
3386.57950 15.573 0.006
3395.52729 15.494 0.009
3398.57501 15.293 0.006
3402.57225 15.204 0.006
3543.88591 15.559 0.007
3551.90940 15.384 0.007
3554.94062 15.173 0.006
3561.94786 15.435 0.006
3564.92553 15.226 0.005
3568.87116 15.153 0.005
3570.83216 15.339 0.006
3571.82311 15.466 0.007
3573.86881 15.157 0.006
3575.82459 15.382 0.006
3577.88097 15.365 0.006
3578.91699 15.187 0.005
3579.82205 15.286 0.005
3581.89113 15.548 0.006
3582.84743 15.264 0.006
3583.85766 15.208 0.005
3585.87875 15.419 0.005
3586.83092 15.564 0.006
3588.84922 15.221 0.005
3590.80526 15.453 0.006
3592.77001 15.141 0.005
3594.80950 15.360 0.005
3597.84945 15.171 0.005
3600.88561 15.523 0.007
3602.74651 15.186 0.006
3607.83761 15.231 0.005
3617.79363 15.261 0.005
3619.77173 15.497 0.006
3621.76422 15.181 0.005
3628.79109 15.431 0.006
3630.64295 15.209 0.006
3632.64031 15.331 0.006
3634.71321 15.570 0.006
3637.67204 15.351 0.006
3639.72195 15.479 0.005
3641.71873 15.284 0.006
3643.81714 15.536 0.007
3644.75780 15.329 0.005
3646.68884 15.310 0.006
3650.71007 15.211 0.005
3652.64523 15.424 0.006
3654.61568 15.160 0.005
3656.64723 15.346 0.006
3657.70494 15.462 0.006
3658.67986 15.543 0.006
3659.66256 15.152 0.006
3661.61124 15.361 0.006
3663.63418 15.430 0.007
3665.66652 15.284 0.006
3668.61568 15.303 0.006
3670.56638 15.312 0.006
3672.60581 15.565 0.006
3674.63507 15.227 0.005
3676.59289 15.442 0.006
3682.58183 15.519 0.006
3684.57469 15.265 0.006
3686.56458 15.506 0.006
3688.53766 15.198 0.005
3690.54357 15.393 0.007
3692.59612 15.230 0.006
3694.58270 15.316 0.006
3696.57883 15.575 0.006
3698.61253 15.239 0.006
3700.62258 15.462 0.006
3702.61350 15.166 0.006
3704.61402 15.363 0.006
3706.62888 15.376 0.006
3708.61028 15.292 0.006
3712.56681 15.200 0.006
3714.56948 15.421 0.006
3718.55296 15.336 0.006
3721.58516 15.152 0.006
3725.61403 15.443 0.006
3730.53829 15.338 0.006
3734.60896 15.560 0.006
3738.56103 15.431 0.006
3742.55821 15.354 0.006
3747.55798 15.375 0.007
3751.56677 15.289 0.006
3762.54475 15.444 0.007
3766.55000 15.348 0.006
3772.57675 15.531 0.006
3777.52409 15.554 0.007
3871.89614 15.409 0.007
3902.91644 15.154 0.006
3907.91130 15.170 0.006
3913.93685 15.315 0.005
3918.90664 15.341 0.005
3931.93820 15.194 0.006
3934.87617 15.564 0.006
3936.88445 15.225 0.006
3938.86851 15.442 0.006
3945.87547 15.158 0.005
3950.82042 15.170 0.005
3957.77596 15.406 0.007
3959.76543 15.206 0.006
3961.75956 15.322 0.006
3964.76779 15.145 0.005
3966.76004 15.354 0.005
3968.75372 15.526 0.006
3970.74541 15.276 0.005
3973.71474 15.408 0.006
3975.72698 15.290 0.005
3980.66221 15.314 0.006
3981.66195 15.415 0.006
3982.72633 15.567 0.007
3986.69968 15.458 0.006
3991.72887 15.487 0.006
3994.64129 15.295 0.006
3998.67166 15.189 0.005
4001.64248 15.542 0.006
4003.61392 15.216 0.006
4004.69372 15.338 0.006
4005.68785 15.428 0.006
4007.58110 15.162 0.005
4008.59000 15.233 0.005
4011.64048 15.538 0.006
4014.62292 15.375 0.007
4016.61971 15.409 0.006
4018.61612 15.290 0.006
4020.61956 15.522 0.006
4023.60541 15.329 0.006
4025.60578 15.569 0.006
4027.59390 15.228 0.005
4029.57620 15.447 0.006
4031.56328 15.151 0.005
4033.65756 15.374 0.005
4040.53300 15.365 0.006
4042.56089 15.301 0.006
4044.58389 15.561 0.007
4046.61698 15.221 0.006
4049.52892 15.574 0.006
4051.57850 15.245 0.006
4053.62593 15.465 0.006
4055.51857 15.165 0.006
4057.59394 15.358 0.006
4059.59237 15.378 0.006
4063.53741 15.523 0.006
4065.58704 15.207 0.005
4067.58031 15.414 0.006
4069.53318 15.180 0.005
4071.54400 15.344 0.006
4074.54011 15.149 0.005
4077.54182 15.479 0.006
4079.54200 15.177 0.005
4082.54336 15.524 0.006
4085.62069 15.308 0.006
4092.57619 15.564 0.006
4097.61878 15.482 0.006
4100.61020 15.381 0.006
4105.57419 15.416 0.006
4111.61065 15.574 0.006
4115.53011 15.456 0.006
4120.56100 15.495 0.006
4124.57249 15.397 0.006
4128.59647 15.317 0.006
4252.94414 15.352 0.007
4255.86414 15.154 0.006
4268.92311 15.555 0.007
4275.93802 15.257 0.006
4279.83488 15.169 0.007
4282.82628 15.514 0.007
4283.84533 15.331 0.007
4284.87573 15.200 0.006
4285.94115 15.311 0.007
4292.88361 15.567 0.007
4295.87707 15.354 0.006
4296.90756 15.471 0.006
4297.93949 15.471 0.007
4299.87436 15.267 0.006
4300.89610 15.375 0.006
4301.91467 15.513 0.006
4302.93655 15.311 0.006
4306.93326 15.558 0.007
4307.84785 15.254 0.006
4308.67605 15.190 0.006
4308.88395 15.216 0.006
4310.85613 15.427 0.007
4311.85598 15.568 0.008
4312.91815 15.141 0.006
4314.93723 15.354 0.007
4316.84512 15.547 0.008
4320.87243 15.483 0.007
4326.85465 15.301 0.006
4327.83061 15.206 0.007
4328.84636 15.302 0.006
4329.84769 15.409 0.007
4330.87702 15.566 0.007
4332.89323 15.232 0.006
4334.87019 15.452 0.007
4338.92266 15.367 0.007
4340.79350 15.514 0.007
4341.78636 15.161 0.006
4342.86055 15.271 0.006
4343.77992 15.375 0.007
4344.76199 15.507 0.007
4346.71830 15.182 0.006
4348.72407 15.398 0.006
4350.70071 15.303 0.006
4352.80288 15.335 0.007
4353.65885 15.415 0.007
4354.78018 15.574 0.007
4357.76390 15.352 0.007
4359.71785 15.571 0.007
4362.66551 15.363 0.007
4363.62481 15.473 0.007
4365.68317 15.173 0.006
4369.67713 15.362 0.007
4371.66608 15.301 0.007
4376.66957 15.318 0.006
4378.63617 15.572 0.007
4379.66748 15.169 0.007
4381.62663 15.351 0.007
4382.70518 15.474 0.007
4386.67945 15.371 0.007
4388.68017 15.390 0.006
4390.68899 15.286 0.006
4393.68355 15.269 0.006
4396.65811 15.424 0.007
4398.66309 15.174 0.006
4400.68761 15.348 0.006
4404.66459 15.258 0.006
4407.65248 15.475 0.007
4410.68241 15.386 0.006
4415.66874 15.407 0.006
4418.61426 15.217 0.006
4421.67204 15.567 0.007
4423.67651 15.245 0.006
4426.55272 15.562 0.008
4428.56942 15.262 0.007
4430.62964 15.499 0.007
4432.61551 15.172 0.006
4434.62079 15.390 0.006
4436.59710 15.275 0.006
4438.65976 15.321 0.007
4440.59287 15.563 0.007
4442.55437 15.231 0.007
4444.57918 15.450 0.007
4450.61160 15.438 0.007
4452.58914 15.283 0.006
4454.52620 15.514 0.009
4455.59830 15.314 0.006
4457.53381 15.306 0.007
4459.55392 15.547 0.007
4462.58536 15.333 0.007
4466.60949 15.244 0.006
4471.54414 15.266 0.006
4475.53680 15.178 0.006
4480.57922 15.211 0.006
4482.58618 15.421 0.007
4485.58926 15.234 0.007
4488.59149 15.546 0.007
4609.91387 15.268 0.006
4643.89803 15.343 0.007
4650.93691 15.463 0.006
4655.91632 15.315 0.006
4662.79470 15.325 0.006
4662.91153 15.322 0.006
4663.76632 15.429 0.007
4663.91414 15.438 0.007
4665.83940 15.150 0.006
4665.93323 15.140 0.006
4666.92850 15.244 0.006
4666.93239 15.246 0.006
4670.92150 15.165 0.006
4671.89140 15.261 0.006
4673.87344 15.507 0.006
4674.80185 15.427 0.007
4674.86205 15.391 0.007
4676.92169 15.295 0.007
4677.83729 15.376 0.006
4682.81176 15.407 0.006
4684.84962 15.160 0.006
4686.80960 15.330 0.006
4688.82556 15.564 0.006
4690.75115 15.249 0.006
4691.75417 15.354 0.006
4693.90918 15.409 0.007
4696.88282 15.387 0.007
4697.82134 15.517 0.007
4698.77094 15.346 0.006
4699.76504 15.193 0.006
4700.79978 15.296 0.006
4701.80767 15.411 0.007
4703.76688 15.240 0.006
4704.78564 15.217 0.006
4705.79312 15.337 0.006
4707.78554 15.565 0.006
4709.74133 15.238 0.006
4710.76990 15.342 0.005
4715.74991 15.369 0.006
4716.77560 15.503 0.006
4717.70037 15.454 0.006
4719.78965 15.286 0.006
4721.78330 15.546 0.007
4724.66589 15.288 0.006
4725.74535 15.413 0.006
4728.75092 15.235 0.006
4733.72748 15.257 0.006
4740.66908 15.505 0.007
4741.70446 15.345 0.006
4747.60865 15.216 0.006
4749.60833 15.421 0.007
4753.67932 15.355 0.007
4755.67131 15.544 0.007
4757.65583 15.261 0.006
4759.67052 15.493 0.006
4761.63889 15.168 0.005
4763.65132 15.404 0.007
4767.59707 15.299 0.006
4770.66561 15.171 0.006
4772.60337 15.333 0.006
4774.55792 15.563 0.006
4776.54951 15.238 0.006
4777.65146 15.354 0.007
4780.52014 15.148 0.006
4781.61430 15.271 0.006
4783.58323 15.496 0.007
4785.61859 15.193 0.006
4789.54971 15.285 0.006
4791.53126 15.313 0.006
4793.53867 15.573 0.007
4795.55134 15.233 0.006
4797.54359 15.449 0.007
4798.60694 15.564 0.007
4800.65432 15.271 0.006
4803.54545 15.464 0.006
4804.60055 15.199 0.006
4805.58740 15.291 0.006
4807.52518 15.512 0.008
4809.55453 15.198 0.006
4811.57643 15.418 0.006
4813.55337 15.197 0.006
4815.58928 15.339 0.007
4816.53637 15.431 0.006
4818.58665 15.156 0.006
4820.52814 15.349 0.007
4822.58489 15.489 0.006
4824.56971 15.280 0.006
4826.61935 15.518 0.007
4833.56875 15.226 0.006
4835.59200 15.456 0.007
4837.60295 15.166 0.006
4841.57929 15.528 0.007
4843.57354 15.269 0.006
4846.58263 15.384 0.006
4848.61887 15.303 0.006
4850.60635 15.554 0.007
4854.59759 15.434 0.006
4856.61483 15.151 0.005
4862.56274 15.258 0.006
4868.55309 15.393 0.006
