 621.85628 16.981 0.014
 626.93946 16.662 0.009
 627.90543 17.211 0.013
 628.91482 17.129 0.013
 632.91509 17.094 0.012
 633.91960 16.829 0.010
 643.88347 17.095 0.011
 645.88695 16.768 0.010
 649.85626 17.265 0.016
 656.90205 16.521 0.008
 657.84323 17.189 0.014
 658.91487 17.110 0.013
 664.80624 17.208 0.011
 664.89477 17.238 0.012
 665.88174 17.164 0.011
 666.89228 16.973 0.010
 667.90310 16.641 0.008
 668.87370 17.214 0.010
 670.83933 16.905 0.010
 671.86186 16.585 0.007
 672.91537 17.226 0.010
 673.71764 16.992 0.011
 673.91935 17.116 0.010
 684.79439 17.086 0.011
 685.73296 16.755 0.008
 686.77536 17.244 0.011
 688.88020 17.086 0.010
 689.77018 16.665 0.008
 697.73620 17.193 0.011
 698.88222 17.209 0.013
 699.73871 17.039 0.010
 700.74732 16.750 0.009
 701.71976 17.223 0.012
 704.69204 16.550 0.011
 706.71581 17.140 0.017
 707.75178 16.884 0.014
 708.71930 16.758 0.012
 712.71965 17.262 0.011
 713.75738 17.189 0.010
 714.77276 17.052 0.010
 716.70638 17.226 0.010
 720.68195 17.203 0.012
 722.64722 16.774 0.010
 726.73935 16.786 0.009
 728.63811 17.154 0.010
 729.70504 16.979 0.010
 730.62915 16.510 0.010
 733.69115 16.876 0.011
 739.75608 17.195 0.013
 741.68267 16.662 0.009
 742.77309 17.277 0.014
 744.72497 16.971 0.010
 745.67624 16.511 0.008
 747.61511 17.081 0.011
 748.57666 16.755 0.010
 749.58436 17.253 0.016
 750.57890 17.187 0.012
 751.58602 16.988 0.012
 752.78861 16.859 0.011
 753.72922 17.230 0.011
 754.69580 17.163 0.013
 755.58485 16.939 0.010
 759.59087 16.845 0.009
 760.59725 17.003 0.010
 761.59420 17.206 0.011
 762.58480 17.063 0.013
 762.71930 17.117 0.013
 763.60379 16.748 0.010
 763.68440 16.836 0.010
 763.77306 16.902 0.013
 764.69098 17.050 0.017
 765.63509 17.144 0.015
 766.53132 16.931 0.015
 766.67191 17.028 0.012
 767.58038 16.597 0.011
 767.63909 16.709 0.012
 767.73379 16.826 0.014
 769.56334 17.106 0.012
 770.54095 16.878 0.010
 771.56567 16.603 0.009
 772.56438 17.228 0.013
 772.74561 17.230 0.012
 773.62623 17.105 0.011
 774.65629 16.873 0.010
 775.60858 17.124 0.011
 776.59782 17.170 0.012
 776.75043 17.232 0.013
 777.54251 16.993 0.012
 778.58033 16.720 0.011
 778.67125 16.797 0.012
 779.56068 17.214 0.016
 779.71545 17.024 0.012
 780.55271 17.116 0.016
 780.56466 17.168 0.014
 780.73363 17.200 0.013
 781.61533 16.995 0.010
 782.54987 16.521 0.009
 782.64955 16.656 0.010
 783.59570 17.215 0.010
 784.64118 17.152 0.011
 785.53757 16.860 0.010
 786.54379 17.039 0.010
 787.62545 17.207 0.013
 788.55370 17.069 0.010
 790.59325 17.211 0.012
 795.58115 17.157 0.012
 796.56839 16.916 0.014
 796.69579 17.033 0.015
 797.54924 16.516 0.008
 798.61866 17.210 0.011
 800.55382 16.841 0.009
 802.64547 17.193 0.013
 806.55157 17.180 0.012
 808.56984 16.629 0.011
 816.64610 16.564 0.009
 817.64135 17.214 0.014
 819.62052 16.795 0.009
 822.60688 17.007 0.011
 824.62688 17.227 0.015
 825.61459 17.133 0.015
 828.65993 17.201 0.013
 829.62655 17.108 0.013
 830.54404 16.798 0.012
 832.63340 17.213 0.013
 834.53563 16.664 0.011
 836.60107 17.183 0.015
 838.61994 16.612 0.010
 840.61288 17.148 0.015
 842.56847 16.785 0.010
 843.61516 17.205 0.013
 845.59936 16.799 0.009
 850.58798 17.250 0.014
 855.59274 17.114 0.016
 856.55749 16.811 0.014
 858.52541 17.140 0.016
 860.52714 16.692 0.011
 867.52334 16.861 0.011
 874.52212 17.000 0.012
 963.90560 17.240 0.013
 986.89199 17.195 0.013
 987.90422 17.030 0.011
 996.89085 16.995 0.010
 998.82319 17.021 0.012
1003.82524 16.500 0.010
1005.84945 17.113 0.013
1008.88244 17.213 0.017
1020.84568 17.085 0.012
1025.83135 16.752 0.010
1035.79905 17.078 0.010
1037.82614 17.205 0.013
1038.84428 17.203 0.014
1041.83250 17.273 0.011
1045.79684 17.231 0.011
1049.82571 17.232 0.012
1053.71705 17.155 0.012
1058.78507 16.890 0.011
1059.83073 16.534 0.009
1061.81717 17.111 0.012
1064.77361 17.181 0.013
1069.68702 16.878 0.010
1074.66822 17.232 0.013
1077.66269 16.651 0.008
1079.66471 17.141 0.012
1081.71190 16.558 0.008
1084.65087 16.810 0.009
1087.67028 17.035 0.010
1090.63828 17.168 0.014
1092.70234 16.670 0.009
1094.69814 17.146 0.011
1095.72860 16.959 0.012
1102.66746 17.038 0.010
1107.63564 16.527 0.008
1112.67878 17.186 0.012
1117.61733 16.971 0.010
1122.63170 16.515 0.009
1128.58172 17.009 0.012
1132.60767 16.974 0.010
1138.65277 17.228 0.011
1140.66117 16.865 0.010
1144.68777 16.788 0.010
1151.59908 16.877 0.010
1154.55617 17.009 0.012
1157.56591 17.145 0.012
1160.59069 17.214 0.012
1163.66912 16.591 0.010
1164.71471 17.212 0.012
1170.56966 16.689 0.009
1178.69221 16.586 0.010
1182.69065 16.586 0.010
1185.63339 16.735 0.009
1187.66989 17.179 0.013
1190.53931 17.220 0.013
1202.61496 17.150 0.013
1208.58547 17.083 0.013
1211.58788 16.751 0.011
1216.57585 17.213 0.015
1219.58027 16.560 0.011
1228.53125 17.122 0.015
1234.52669 17.137 0.017
1235.52526 17.153 0.016
1329.81770 17.210 0.017
1330.92683 17.135 0.013
1335.89801 16.786 0.011
1341.93210 17.163 0.012
1347.92975 16.851 0.011
1349.92512 17.061 0.013
1355.91797 17.220 0.016
1366.87418 17.238 0.013
1367.89619 17.186 0.015
1369.88909 16.531 0.009
1374.88296 17.187 0.014
1395.84921 16.565 0.010
1397.87199 17.140 0.014
1401.88640 17.099 0.011
1402.88410 16.839 0.010
1407.89450 17.239 0.013
1412.79315 17.063 0.013
1418.76708 17.217 0.013
1432.78960 16.653 0.009
1435.71529 16.879 0.011
1439.81307 16.885 0.010
1442.77747 17.035 0.010
1447.70638 16.502 0.010
1451.69706 17.157 0.012
1454.69535 16.724 0.010
1460.63946 17.093 0.015
1462.66335 16.827 0.012
1470.61459 17.214 0.014
1475.66238 17.066 0.012
1478.58858 17.174 0.014
1480.69696 16.795 0.010
1484.60337 16.523 0.009
1487.56253 16.826 0.010
1489.58588 17.205 0.011
1491.64802 16.808 0.011
1494.69604 17.045 0.012
1495.54910 16.545 0.009
1499.52128 17.017 0.014
1502.60617 16.876 0.012
1506.60120 16.764 0.012
1509.58476 16.955 0.010
1514.66110 16.548 0.010
1517.57780 16.790 0.010
1520.62064 17.032 0.011
1522.64934 17.215 0.016
1525.54496 16.502 0.009
1528.64290 16.914 0.010
1544.57568 17.133 0.011
1546.63212 17.076 0.011
1551.59415 16.620 0.009
1555.57233 16.563 0.010
1562.60654 16.730 0.011
1568.58000 17.113 0.012
1573.57500 16.778 0.011
1579.55857 17.150 0.013
1581.58584 16.528 0.009
1584.57068 16.860 0.011
1586.58177 17.212 0.012
1588.55528 16.743 0.014
1592.57840 16.635 0.010
1597.55390 17.213 0.014
1602.55107 16.986 0.014
1607.54127 16.546 0.010
1706.91144 17.219 0.016
1726.94408 17.103 0.016
1730.92758 17.023 0.010
1738.87863 16.826 0.010
1740.88633 17.183 0.016
1744.90320 17.181 0.015
1745.89634 16.990 0.011
1749.87697 16.886 0.009
1750.88028 16.592 0.009
1751.86083 17.217 0.012
1752.85317 17.063 0.013
1753.85397 16.775 0.010
1754.84991 17.246 0.014
1755.84617 17.124 0.017
1756.87587 17.033 0.019
1757.82492 16.593 0.010
1758.82949 17.228 0.013
1759.84261 17.143 0.012
1761.85875 16.507 0.009
1762.84116 17.210 0.012
1763.84670 17.085 0.010
1764.83643 16.828 0.009
1765.83278 17.198 0.013
1766.80652 17.138 0.016
1768.82030 16.700 0.010
1769.73548 17.200 0.012
1773.79644 17.213 0.011
1775.80796 16.875 0.010
1785.78497 17.131 0.010
1788.82013 17.237 0.012
1789.75279 17.064 0.010
1803.85641 17.219 0.013
1809.78012 16.692 0.008
1812.75402 16.924 0.010
1815.81043 17.122 0.011
1821.70701 17.235 0.013
1823.77632 17.002 0.010
1829.70139 17.178 0.013
1830.76838 17.092 0.013
1864.71273 16.967 0.010
1865.71873 16.589 0.008
1873.69130 17.261 0.013
2086.91788 16.508 0.010
2104.84997 16.748 0.010
2106.90981 17.188 0.016
2115.90479 16.899 0.016
2116.89092 17.005 0.012
2117.89659 17.191 0.014
2123.83959 16.535 0.010
2128.84414 17.242 0.018
2129.87626 17.107 0.014
2130.82514 16.778 0.012
2131.81866 17.247 0.016
2133.91343 17.090 0.019
2134.82976 16.680 0.013
2135.86420 17.214 0.015
2136.86411 17.185 0.017
2142.88122 16.623 0.011
2143.83528 17.202 0.016
2156.84401 16.845 0.012
2160.77372 16.654 0.011
2162.78028 17.160 0.013
2166.77505 17.097 0.012
2167.74587 16.809 0.011
2168.73237 17.265 0.016
2171.75844 16.759 0.012
2172.76501 17.237 0.016
2173.72710 17.162 0.014
2177.65875 17.088 0.015
2184.72010 17.179 0.017
2185.68358 16.975 0.014
2187.66619 17.269 0.020
2190.71010 16.535 0.010
2191.65193 17.238 0.016
2192.68069 17.077 0.012
2193.70166 16.827 0.010
2194.67294 17.267 0.014
2201.73902 16.638 0.010
2211.66350 16.987 0.013
2212.66257 16.587 0.011
2213.67355 17.189 0.018
2214.65992 17.135 0.017
2215.67521 16.951 0.015
2217.65287 17.203 0.019
2219.69602 16.891 0.015
2222.74525 17.072 0.016
2223.68499 16.755 0.012
2225.61452 17.144 0.014
2226.66086 16.935 0.015
2228.57626 17.216 0.016
2230.51353 16.772 0.016
2232.52733 17.170 0.017
2234.56941 16.699 0.010
2236.55890 17.156 0.014
2238.56428 16.520 0.010
2241.55111 16.843 0.014
2243.58935 17.236 0.015
2248.63379 17.051 0.012
2253.58770 16.536 0.010
2258.61041 17.206 0.014
2263.60167 17.019 0.015
2270.58588 17.096 0.014
2272.58395 17.094 0.015
2274.56780 17.053 0.016
2276.53139 17.206 0.022
2280.54787 17.247 0.021
2295.58081 17.243 0.017
2460.90484 17.224 0.020
2463.93393 16.525 0.010
2466.85579 16.809 0.015
2467.91966 16.926 0.013
2469.91896 17.039 0.013
2471.90850 17.241 0.016
2472.89857 17.160 0.011
2473.92476 17.005 0.011
2481.88403 16.801 0.015
2483.90769 17.190 0.013
2486.90780 17.264 0.021
2488.90976 16.967 0.016
2496.92186 16.805 0.012
2498.79311 17.154 0.015
2499.87810 16.989 0.013
2500.88653 16.647 0.011
2501.87328 17.219 0.014
2502.85344 17.114 0.016
2508.76406 17.250 0.026
2516.79550 17.192 0.018
2517.84227 17.116 0.016
2518.81456 16.827 0.012
2519.81284 17.029 0.013
2520.81101 17.203 0.017
2521.79929 17.038 0.013
2524.80269 17.164 0.018
2526.79652 16.586 0.009
2529.79274 16.889 0.012
2535.79098 17.184 0.015
2537.72106 16.598 0.013
2538.82214 17.240 0.018
2539.71930 17.137 0.016
2540.76180 16.950 0.016
2541.73118 16.522 0.010
2542.70100 17.209 0.015
2544.68093 16.755 0.011
2545.69446 17.263 0.015
2547.71245 17.015 0.014
2548.73044 16.715 0.011
2550.72571 17.158 0.014
2551.71224 16.938 0.012
2552.72825 16.535 0.009
2554.72135 17.112 0.014
2555.72929 16.881 0.012
2556.70836 16.844 0.011
2557.72088 17.191 0.013
2558.67736 17.051 0.014
2559.63441 16.691 0.011
2560.66734 17.227 0.014
2561.71296 17.188 0.016
2562.68572 16.975 0.013
2563.69365 16.594 0.011
2564.71001 17.198 0.016
2565.70601 17.144 0.016
2566.68095 16.885 0.012
2568.75000 17.201 0.017
2573.67988 17.018 0.017
2574.65986 16.674 0.010
2576.69460 17.191 0.016
2577.65966 16.953 0.016
2578.64716 16.521 0.011
2579.65768 17.206 0.016
2580.66582 17.106 0.014
2583.63787 17.190 0.017
2584.64432 17.052 0.014
2586.64552 17.293 0.016
2587.62740 17.146 0.015
2589.61831 16.565 0.010
2590.63505 17.220 0.016
2591.66123 17.143 0.016
2593.62450 16.541 0.010
2594.63052 17.199 0.018
2596.60414 16.790 0.014
2597.59131 17.281 0.020
2598.67151 17.200 0.016
2599.62558 17.024 0.018
2610.56701 17.040 0.016
2613.56101 17.160 0.015
2615.59140 16.620 0.010
2619.57591 16.556 0.010
2621.58490 17.107 0.017
2637.56136 16.773 0.013
2777.92190 17.221 0.019
2804.85045 17.237 0.025
2805.86773 17.037 0.023
2811.92285 17.220 0.021
2815.89647 17.217 0.016
2817.94510 16.865 0.016
2831.80530 17.033 0.017
2833.88382 17.289 0.023
2850.90685 17.016 0.016
2861.76519 16.938 0.012
2862.88863 16.701 0.012
2865.81300 16.894 0.013
2866.89972 16.594 0.015
2867.80240 17.213 0.016
2868.80602 17.079 0.015
2869.79255 16.802 0.012
2870.83404 17.035 0.014
2871.87716 17.211 0.016
2872.83399 17.023 0.012
2875.82483 17.171 0.017
2876.79424 16.954 0.013
2879.72076 17.098 0.014
2883.84398 17.095 0.013
2885.77933 17.241 0.013
2893.76166 17.213 0.016
2903.76784 16.581 0.008
2906.72005 16.850 0.011
2937.65942 17.237 0.016
2939.67488 17.024 0.015
2940.65205 16.588 0.009
2941.62729 17.230 0.014
2942.65210 17.140 0.016
2943.62343 16.887 0.013
2944.60779 16.895 0.012
2946.60253 17.048 0.015
2947.63414 16.818 0.013
2949.61524 17.199 0.015
2951.64736 16.706 0.012
2955.58041 16.559 0.012
2960.60844 17.229 0.019
2968.61328 17.164 0.016
2975.54474 17.205 0.015
2977.64055 16.776 0.014
2979.58044 17.150 0.016
2983.56125 17.114 0.016
2997.57710 17.225 0.017
3003.55109 16.724 0.013
3009.53367 17.139 0.021
3018.54843 16.712 0.014
3183.92985 16.832 0.013
3193.89773 17.125 0.016
3197.93221 17.048 0.015
3203.89774 17.227 0.012
3206.83557 17.061 0.016
3210.91158 17.172 0.015
3211.86619 17.211 0.015
3215.80130 17.154 0.020
3223.85333 17.044 0.014
3240.80846 17.235 0.017
3241.79193 17.132 0.016
3242.73593 16.891 0.013
3245.79486 17.144 0.017
3246.78762 16.835 0.012
3247.79600 17.159 0.016
3259.68459 17.212 0.016
3261.72064 16.761 0.010
3263.71786 17.179 0.012
3271.68234 17.052 0.013
3277.76855 17.250 0.015
3279.70017 16.977 0.011
3281.65874 17.227 0.012
3283.66041 16.850 0.010
3287.62654 16.741 0.013
3289.64152 17.178 0.012
3293.61508 17.134 0.012
3295.63301 16.886 0.009
3323.56739 17.023 0.013
3327.57491 16.998 0.012
3330.57040 17.182 0.018
3338.56007 17.063 0.013
3350.53438 16.767 0.010
3353.59297 17.067 0.012
3551.90940 17.125 0.018
3554.94062 17.214 0.015
3561.94786 17.089 0.014
3564.92553 16.698 0.009
3568.87116 16.493 0.009
3570.83216 17.052 0.016
3571.82311 16.802 0.015
3573.86881 17.166 0.019
3575.82459 16.678 0.011
3577.88097 17.163 0.016
3578.91699 17.008 0.010
3579.82205 16.527 0.009
3581.89113 17.155 0.015
3582.84743 16.883 0.012
3583.85766 16.591 0.009
3585.87875 17.090 0.010
3586.83092 16.761 0.009
3588.84922 17.202 0.013
3590.80526 16.610 0.009
3592.77001 17.120 0.010
3594.80950 16.503 0.008
3597.84945 16.872 0.012
3600.88561 17.066 0.018
3602.74651 17.207 0.019
3607.83761 17.145 0.012
3617.79363 17.216 0.012
3619.77173 16.924 0.010
3621.76422 17.185 0.011
3628.79109 17.253 0.017
3630.64295 16.850 0.014
3632.64031 17.191 0.018
3634.71321 16.846 0.011
3637.67204 17.036 0.012
3639.72195 17.233 0.011
3641.71873 17.013 0.012
3643.81714 17.263 0.017
3644.75780 17.134 0.010
3646.68884 16.570 0.010
3650.71007 17.166 0.012
3652.64523 17.003 0.010
3654.61568 17.209 0.014
3656.64723 16.911 0.012
3657.70494 16.550 0.009
3658.67986 17.209 0.014
3659.66256 17.145 0.015
3661.61124 17.287 0.017
3663.63418 16.989 0.016
3665.66652 17.243 0.013
3668.61568 16.549 0.010
3670.56638 17.097 0.016
3672.60581 16.908 0.011
3674.63507 17.076 0.011
3676.59289 17.282 0.014
3682.58183 16.890 0.011
3684.57469 17.211 0.013
3686.56458 16.789 0.011
3688.53766 17.184 0.014
3690.54357 16.683 0.012
3692.59612 17.193 0.015
3694.58270 16.570 0.009
3696.57883 17.130 0.012
3698.61253 16.523 0.010
3700.62258 17.079 0.012
3702.61350 17.181 0.014
3704.61402 17.013 0.011
3706.62888 17.253 0.013
3708.61028 16.965 0.013
3712.56681 16.847 0.011
3714.56948 17.204 0.016
3718.55296 17.176 0.015
3721.58516 17.227 0.016
3725.61403 17.207 0.013
3730.53829 17.008 0.011
3734.60896 17.009 0.013
3738.56103 16.887 0.013
3742.55821 16.834 0.014
3747.55798 17.190 0.017
3751.56677 17.223 0.018
3762.54475 17.262 0.022
3766.55000 17.207 0.013
3772.57675 16.756 0.010
3777.52409 17.190 0.020
3871.89614 17.241 0.020
3902.91644 17.148 0.016
3907.91130 16.876 0.012
3913.93685 17.185 0.011
3918.90664 16.933 0.010
3931.93820 17.230 0.016
3934.87617 16.630 0.009
3936.88445 17.056 0.013
3938.86851 17.234 0.015
3945.87547 16.515 0.009
3950.82042 17.193 0.012
3957.77596 17.231 0.021
3959.76543 16.825 0.012
3961.75956 17.205 0.017
3964.76779 17.244 0.011
3966.76004 16.952 0.010
3968.75372 17.226 0.013
3970.74541 16.864 0.010
3973.71474 17.074 0.014
3975.72698 17.252 0.014
3980.66221 17.124 0.015
3981.66195 16.856 0.011
3982.72633 16.535 0.011
3986.69968 17.224 0.016
3991.72887 17.170 0.015
3994.64129 17.203 0.017
3998.67166 17.169 0.014
4001.64248 17.236 0.012
4003.61392 16.939 0.012
4004.69372 16.648 0.010
4005.68785 17.206 0.012
4007.58110 16.865 0.012
4008.59000 17.040 0.010
4011.64048 16.783 0.010
4014.62292 17.016 0.016
4016.61971 17.235 0.014
4018.61612 16.930 0.012
4020.61956 17.254 0.016
4023.60541 17.091 0.014
4025.60578 17.021 0.012
4027.59390 17.270 0.015
4029.57620 16.946 0.012
4031.56328 17.207 0.013
4033.65756 16.933 0.010
4040.53300 16.993 0.015
4042.56089 17.198 0.015
4044.58389 16.959 0.016
4046.61698 17.203 0.016
4049.52892 17.202 0.013
4051.57850 17.039 0.013
4053.62593 17.205 0.012
4055.51857 16.962 0.016
4057.59394 17.281 0.017
4059.59237 16.934 0.010
4063.53741 16.805 0.010
4065.58704 17.156 0.013
4067.58031 16.735 0.010
4069.53318 17.161 0.015
4071.54400 16.514 0.010
4074.54011 16.883 0.012
4077.54182 17.079 0.012
4079.54200 17.259 0.015
4082.54336 16.623 0.009
4085.62069 16.976 0.013
4092.57619 17.061 0.010
4097.61878 16.726 0.011
4100.61020 16.904 0.011
4105.57419 16.969 0.012
4111.61065 17.002 0.010
4115.53011 16.858 0.013
4120.56100 17.194 0.012
4124.57249 17.254 0.015
4128.59647 17.198 0.014
4252.94414 17.241 0.018
4255.86414 16.552 0.011
4268.92311 17.140 0.016
4275.93802 17.196 0.017
4279.83488 17.114 0.020
4282.82628 17.216 0.016
4283.84533 17.107 0.017
4284.87573 16.851 0.014
4285.94115 16.497 0.010
4292.88361 16.646 0.010
4295.87707 16.909 0.012
4296.90756 16.532 0.010
4297.93949 17.209 0.014
4299.87436 16.829 0.010
4300.89610 16.905 0.011
4301.91467 17.209 0.013
4302.93655 17.077 0.014
4306.93326 16.998 0.014
4307.84785 16.554 0.010
4308.67605 17.160 0.016
4308.88395 17.208 0.015
4310.85613 16.878 0.013
4311.85598 16.590 0.014
4312.91815 17.208 0.014
4314.93723 16.878 0.016
4316.84512 17.172 0.018
4320.87243 17.140 0.015
4326.85465 16.835 0.012
4327.83061 17.181 0.020
4328.84636 17.067 0.015
4329.84769 16.754 0.012
4330.87702 17.237 0.016
4332.89323 17.007 0.014
4334.87019 17.210 0.017
4338.92266 17.216 0.016
4340.79350 16.776 0.012
4341.78636 17.253 0.017
4342.86055 17.186 0.016
4343.77992 16.994 0.014
4344.76199 16.622 0.011
4346.71830 17.112 0.016
4348.72407 16.685 0.011
4350.70071 17.049 0.012
4352.80288 16.891 0.013
4353.65885 17.163 0.017
4354.78018 17.048 0.015
4357.76390 17.161 0.016
4359.71785 16.527 0.011
4362.66551 16.812 0.016
4363.62481 17.235 0.017
4365.68317 17.042 0.016
4369.67713 16.963 0.015
4371.66608 17.223 0.018
4376.66957 17.070 0.014
4378.63617 17.217 0.016
4379.66748 17.159 0.019
4381.62663 16.583 0.012
4382.70518 17.225 0.014
4386.67945 17.222 0.015
4388.68017 16.865 0.012
4390.68899 17.197 0.013
4393.68355 17.276 0.016
4396.65811 16.598 0.010
4398.66309 17.134 0.016
4400.68761 16.502 0.010
4404.66459 17.201 0.017
4407.65248 16.705 0.011
4410.68241 16.983 0.013
4415.66874 16.547 0.010
4418.61426 16.742 0.010
4421.67204 17.029 0.014
4423.67651 17.233 0.017
4426.55272 16.978 0.015
4428.56942 17.073 0.017
4430.62964 17.110 0.014
4432.61551 17.033 0.013
4434.62079 17.248 0.016
4436.59710 16.954 0.012
4438.65976 17.231 0.017
4440.59287 16.885 0.014
4442.55437 17.201 0.020
4444.57918 16.749 0.015
4450.61160 17.184 0.019
4452.58914 16.507 0.010
4454.52620 17.067 0.027
4455.59830 16.853 0.012
4457.53381 17.179 0.022
4459.55392 16.707 0.012
4462.58536 16.980 0.015
4466.60949 16.926 0.013
4471.54414 17.242 0.017
4475.53680 17.234 0.018
4480.57922 17.127 0.015
4482.58618 16.622 0.013
4485.58926 16.771 0.015
4488.59149 17.012 0.016
4609.91387 16.838 0.012
4643.89803 16.641 0.012
4650.93691 16.875 0.011
4655.91632 17.243 0.014
4662.79470 17.220 0.013
4662.91153 16.495 0.010
4663.76632 17.160 0.018
4663.91414 17.215 0.016
4665.83940 16.762 0.012
4665.93323 16.854 0.014
4666.92850 17.047 0.016
4666.93239 17.041 0.016
4670.92150 17.225 0.016
4671.89140 17.118 0.016
4673.87344 16.522 0.010
4674.80185 17.180 0.017
4674.86205 17.248 0.017
4676.92169 16.883 0.015
4677.83729 17.163 0.013
4682.81176 17.134 0.015
4684.84962 16.594 0.010
4686.80960 17.102 0.011
4688.82556 16.629 0.010
4690.75115 17.030 0.012
4691.75417 16.707 0.012
4693.90918 17.218 0.019
4696.88282 17.249 0.021
4697.82134 17.116 0.018
4698.77094 16.898 0.010
4699.76504 16.563 0.010
4700.79978 17.217 0.015
4701.80767 17.129 0.015
4703.76688 17.226 0.016
4704.78564 17.186 0.013
4705.79312 17.043 0.014
4707.78554 17.237 0.012
4709.74133 16.926 0.012
4710.76990 16.553 0.009
4715.74991 17.204 0.015
4716.77560 17.070 0.011
4717.70037 16.681 0.011
4719.78965 17.158 0.016
4721.78330 16.663 0.013
4724.66589 16.864 0.014
4725.74535 16.493 0.010
4728.75092 16.854 0.011
4733.72748 17.231 0.015
4740.66908 17.161 0.014
4741.70446 17.192 0.012
4747.60865 16.517 0.010
4749.60833 17.100 0.018
4753.67932 17.081 0.016
4755.67131 17.217 0.015
4757.65583 17.003 0.013
4759.67052 17.218 0.013
4761.63889 16.914 0.010
4763.65132 17.231 0.017
4767.59707 17.167 0.015
4770.66561 17.266 0.016
4772.60337 16.963 0.011
4774.55792 17.206 0.014
4776.54951 16.846 0.012
4777.65146 16.509 0.011
4780.52014 16.708 0.013
4781.61430 17.220 0.017
4783.58323 16.988 0.014
4785.61859 17.195 0.020
4789.54971 17.205 0.015
4791.53126 16.779 0.012
4793.53867 17.191 0.016
4795.55134 16.701 0.010
4797.54359 17.136 0.015
4798.60694 17.019 0.015
4800.65432 17.193 0.015
4803.54545 16.754 0.010
4804.60055 17.241 0.019
4805.58740 17.078 0.014
4807.52518 17.281 0.027
4809.55453 17.001 0.013
4811.57643 17.229 0.016
4813.55337 16.982 0.016
4815.58928 17.217 0.018
4816.53637 17.079 0.014
4818.58665 16.598 0.010
4820.52814 17.032 0.020
4822.58489 17.214 0.015
4824.56971 17.001 0.016
4826.61935 17.253 0.016
4833.56875 17.015 0.012
4835.59200 17.041 0.016
4837.60295 17.248 0.021
4841.57929 17.206 0.017
4843.57354 16.922 0.015
4846.58263 17.091 0.014
4848.61887 16.757 0.010
4850.60635 17.021 0.015
4854.59759 17.000 0.013
4856.61483 17.211 0.014
4862.56274 16.779 0.010
4868.55309 17.114 0.016
