 621.86313 15.207 0.006
 627.91231 15.015 0.005
 628.92165 15.306 0.005
 632.92194 15.468 0.006
 633.92644 15.658 0.006
 635.92155 15.386 0.006
 643.89031 15.640 0.006
 645.89380 15.360 0.006
 649.86312 15.521 0.006
 656.90888 15.558 0.006
 657.85009 15.520 0.006
 658.92172 15.272 0.006
 664.81307 14.980 0.005
 664.90161 14.985 0.005
 665.88861 15.332 0.005
 666.89913 15.544 0.006
 667.90996 15.499 0.005
 668.88054 15.242 0.005
 670.84619 15.669 0.006
 671.86873 15.119 0.005
 672.92224 15.417 0.005
 673.72451 15.585 0.006
 684.80128 15.118 0.005
 685.73981 15.282 0.005
 686.78222 15.518 0.005
 688.88706 15.215 0.005
 689.77705 15.446 0.005
 697.74308 15.710 0.006
 698.88908 15.196 0.005
 699.74557 15.427 0.006
 700.75419 15.615 0.006
 701.72662 14.982 0.005
 704.69893 15.595 0.007
 706.72267 15.492 0.007
 707.75868 15.700 0.007
 708.72619 15.125 0.006
 712.72653 15.328 0.005
 713.76426 15.543 0.006
 714.77962 15.554 0.006
 716.71325 15.469 0.005
 720.68884 15.584 0.006
 722.65410 15.305 0.005
 726.74623 15.465 0.005
 728.64501 15.035 0.005
 729.71193 15.377 0.005
 730.63604 15.563 0.006
 733.69802 15.527 0.006
 739.76296 15.380 0.006
 741.68955 15.284 0.005
 742.77998 15.287 0.005
 744.73182 15.699 0.006
 745.68310 15.159 0.005
 747.62200 15.622 0.006
 748.58353 14.973 0.005
 749.59123 15.345 0.006
 750.58581 15.541 0.006
 751.59293 15.603 0.006
 752.79551 15.295 0.006
 753.73608 15.503 0.006
 754.70269 15.703 0.007
 755.59174 15.106 0.005
 759.59776 15.316 0.005
 760.60414 15.535 0.006
 761.60108 15.645 0.006
 762.59171 15.223 0.006
 762.72623 15.262 0.006
 763.61069 15.474 0.006
 763.69128 15.493 0.006
 763.77995 15.504 0.007
 764.69789 15.700 0.007
 765.64198 15.101 0.005
 766.53822 15.380 0.006
 766.67880 15.405 0.006
 767.58727 15.588 0.007
 767.64600 15.595 0.006
 767.74068 15.625 0.007
 769.57025 15.290 0.005
 770.55801 15.512 0.006
 771.57256 15.690 0.007
 772.57127 15.198 0.005
 772.75248 15.255 0.005
 773.63313 15.470 0.006
 774.66316 15.685 0.005
 775.61548 15.066 0.005
 776.60473 15.381 0.005
 776.75733 15.417 0.006
 777.54939 15.576 0.006
 778.58719 15.148 0.006
 778.67814 14.993 0.005
 779.56757 15.298 0.006
 779.72236 15.312 0.005
 780.57155 15.517 0.006
 780.74051 15.537 0.006
 781.62222 15.695 0.006
 782.55680 15.178 0.005
 782.65645 15.214 0.005
 783.60259 15.443 0.005
 784.64806 15.651 0.006
 785.54446 15.004 0.005
 786.55067 15.350 0.005
 787.63236 15.572 0.006
 788.56060 15.357 0.005
 790.60013 15.518 0.006
 795.58804 15.004 0.005
 796.57530 15.362 0.007
 796.70268 15.384 0.006
 797.55613 15.559 0.006
 798.62558 15.305 0.005
 800.56071 15.503 0.005
 802.65238 15.181 0.006
 806.55847 15.341 0.005
 808.57673 15.550 0.006
 816.65300 15.355 0.005
 817.64825 15.582 0.007
 819.62741 15.247 0.005
 822.61378 15.120 0.005
 824.63377 15.621 0.007
 825.62150 14.976 0.005
 828.66682 15.566 0.006
 829.63347 15.232 0.005
 830.55092 15.469 0.007
 832.64030 15.104 0.005
 834.54253 15.591 0.006
 836.60797 15.307 0.005
 838.62682 15.665 0.006
 840.61975 15.468 0.006
 842.63116 15.086 0.005
 843.62202 15.387 0.006
 845.60624 15.082 0.005
 850.59487 15.455 0.006
 855.59961 15.248 0.006
 856.56437 15.274 0.006
 858.53229 15.707 0.007
 860.53403 15.445 0.006
 867.53022 15.519 0.007
 874.52897 15.549 0.006
 963.91245 15.314 0.005
 986.89882 15.177 0.005
 987.91105 15.447 0.005
 996.89769 15.150 0.005
 998.83006 15.628 0.006
1003.83206 15.258 0.006
1005.85632 15.687 0.006
1008.88929 15.612 0.007
1020.85254 15.319 0.005
1025.83819 15.663 0.006
1035.80591 15.634 0.006
1037.83300 15.377 0.005
1038.85114 15.568 0.006
1041.83935 15.521 0.005
1045.80369 15.638 0.006
1049.83259 15.405 0.005
1053.72391 15.106 0.005
1058.79196 15.563 0.006
1059.83759 15.495 0.006
1061.82402 15.506 0.006
1064.78049 15.400 0.006
1069.69389 15.695 0.006
1074.67509 15.375 0.006
1077.66954 15.280 0.005
1079.67159 15.709 0.006
1081.71878 15.442 0.005
1084.65775 15.356 0.005
1087.67718 15.269 0.005
1090.64515 15.154 0.005
1092.70922 15.630 0.006
1094.70502 15.352 0.005
1095.73547 15.571 0.006
1102.67432 15.605 0.005
1107.64254 15.233 0.005
1112.68568 15.610 0.006
1117.62420 15.190 0.005
1122.63858 15.595 0.006
1128.58861 15.450 0.006
1132.61454 15.573 0.006
1138.65966 15.455 0.005
1140.66804 15.039 0.005
1144.69466 15.286 0.005
1151.60596 15.350 0.005
1154.56307 15.245 0.005
1157.57280 15.104 0.005
1160.59761 14.970 0.005
1163.67601 15.534 0.006
1164.72161 15.276 0.005
1170.57654 15.019 0.005
1178.69910 15.402 0.005
1182.69753 15.541 0.005
1185.64027 15.465 0.005
1187.67679 15.091 0.005
1190.54620 15.357 0.005
1202.62184 15.514 0.006
1208.59236 15.347 0.006
1211.59474 15.261 0.006
1216.58274 15.625 0.007
1219.58715 15.544 0.007
1228.53814 15.319 0.007
1235.53216 15.386 0.006
1329.82456 15.498 0.006
1330.93493 15.709 0.007
1335.90486 15.343 0.006
1347.93659 15.496 0.007
1349.93195 15.495 0.006
1355.92484 15.335 0.006
1366.88102 15.524 0.006
1367.90302 15.665 0.007
1369.89593 15.475 0.006
1374.88980 15.079 0.005
1395.85607 15.265 0.005
1397.87887 15.703 0.007
1401.89323 14.995 0.005
1402.89097 15.349 0.005
1407.90133 15.697 0.006
1412.80000 15.317 0.006
1418.77397 15.056 0.005
1432.79648 15.289 0.005
1435.72216 15.153 0.006
1439.81993 15.365 0.005
1442.78434 15.278 0.005
1447.71326 15.612 0.007
1451.70391 15.622 0.006
1454.70222 15.672 0.007
1460.64633 15.530 0.007
1462.67022 15.206 0.005
1470.62148 15.514 0.006
1475.66928 15.043 0.005
1478.59547 15.435 0.006
1481.60866 15.702 0.006
1484.61030 15.622 0.006
1487.56939 15.550 0.006
1489.59278 15.248 0.005
1491.65493 15.700 0.006
1494.70291 15.640 0.006
1495.55601 14.982 0.005
1499.52817 15.214 0.006
1502.61307 15.111 0.005
1506.60810 15.317 0.006
1509.59168 15.209 0.005
1514.66796 15.601 0.006
1517.58470 15.528 0.006
1520.62752 15.459 0.006
1522.65624 15.085 0.005
1525.55185 15.291 0.006
1528.64980 15.684 0.006
1544.58257 15.552 0.006
1546.63902 15.271 0.005
1551.60102 15.624 0.006
1555.57921 15.574 0.006
1562.61342 14.956 0.005
1568.58689 15.684 0.006
1573.58188 15.314 0.006
1579.56545 15.057 0.005
1581.59274 15.593 0.006
1584.57758 15.524 0.006
1586.58866 15.192 0.005
1588.56217 15.653 0.007
1592.58531 15.197 0.005
1597.56078 15.436 0.006
1602.55794 15.411 0.006
1607.54815 15.409 0.006
1706.91828 15.096 0.005
1730.93444 15.295 0.005
1738.88549 15.566 0.006
1740.89317 15.272 0.006
1744.91008 15.428 0.006
1745.90323 15.627 0.006
1749.88383 15.563 0.005
1750.88713 15.259 0.005
1751.86767 15.489 0.005
1752.86001 15.703 0.006
1753.86082 15.114 0.005
1754.85676 15.400 0.006
1755.85305 15.602 0.007
1756.88272 14.985 0.006
1757.83179 15.324 0.006
1758.83633 15.528 0.006
1759.84947 15.656 0.006
1761.86560 15.477 0.006
1762.84802 15.674 0.006
1763.85354 15.086 0.005
1764.84327 15.388 0.005
1765.83964 15.584 0.006
1766.81338 15.094 0.005
1768.82720 15.523 0.006
1769.74233 15.704 0.006
1773.80328 15.040 0.005
1775.81480 15.572 0.006
1785.79184 15.562 0.005
1788.82700 15.517 0.006
1789.75966 15.702 0.006
1803.86329 14.989 0.005
1809.78699 15.677 0.006
1812.76090 15.605 0.006
1815.81732 15.540 0.006
1821.71392 15.371 0.005
1823.78320 15.051 0.005
1829.70827 15.642 0.006
1830.77525 15.050 0.005
1843.78573 15.294 0.005
1843.82004 15.203 0.005
1847.62436 15.093 0.005
1847.71347 15.133 0.005
1848.62112 15.391 0.005
1848.73085 15.420 0.005
1851.59744 15.315 0.006
1851.69969 15.333 0.006
1852.72775 15.550 0.006
1856.54106 15.638 0.007
1856.69268 15.686 0.007
1860.74467 14.979 0.005
1861.58049 15.292 0.006
1861.68950 15.320 0.005
1864.71961 15.231 0.005
1865.61809 15.454 0.005
1865.72564 15.480 0.005
1866.58468 15.646 0.006
1869.67223 15.584 0.005
1869.72921 15.613 0.006
1870.51806 15.462 0.006
1870.66542 15.077 0.005
1873.69819 15.689 0.006
2104.86893 15.671 0.007
2112.90925 15.309 0.006
2114.86864 15.691 0.007
2115.88530 15.191 0.006
2116.90965 15.457 0.007
2117.87158 15.661 0.007
2123.86163 15.522 0.007
2128.86705 15.019 0.006
2130.80588 15.545 0.007
2131.79887 15.486 0.007
2132.84364 15.264 0.007
2133.85465 15.514 0.007
2135.88360 15.165 0.005
2136.88995 15.448 0.007
2140.85269 15.562 0.007
2141.76288 15.628 0.008
2142.85738 15.242 0.006
2143.86078 15.493 0.007
2144.78859 15.685 0.007
2156.71325 15.367 0.007
2160.79248 15.535 0.007
2162.80283 15.213 0.006
2165.79026 15.061 0.006
2166.79366 15.377 0.007
2167.72690 15.565 0.007
2168.75147 15.219 0.007
2172.78359 15.192 0.006
2173.74576 15.442 0.007
2174.72951 15.634 0.007
2177.67763 15.545 0.007
2184.73896 15.628 0.007
2185.70239 14.978 0.006
2187.64725 15.545 0.007
2189.72882 15.246 0.007
2190.72891 15.491 0.007
2191.63918 15.663 0.007
2192.69813 15.104 0.006
2193.71907 15.403 0.006
2194.69015 15.589 0.007
2200.70457 15.477 0.007
2203.59279 15.375 0.007
2206.64251 15.296 0.007
2208.68660 15.701 0.007
2211.69452 15.665 0.007
2212.68113 15.058 0.006
2214.68112 15.593 0.007
2215.71713 15.037 0.006
2217.67628 15.510 0.007
2219.71326 15.179 0.007
2222.76258 15.069 0.006
2223.66767 15.362 0.007
2225.63187 15.402 0.007
2227.52601 15.484 0.008
2228.59359 15.686 0.007
2230.53167 15.398 0.007
2232.54469 14.977 0.006
2234.58670 15.543 0.007
2236.57594 15.229 0.006
2239.52346 15.076 0.007
2241.56825 15.600 0.007
2243.60662 15.320 0.007
2249.56276 15.070 0.006
2251.61287 15.611 0.007
2254.55604 15.526 0.007
2256.58785 15.195 0.007
2259.60873 15.058 0.006
2262.61522 15.049 0.006
2266.60706 15.202 0.006
2271.58199 15.560 0.007
2273.58124 15.273 0.007
2276.57588 15.165 0.007
2280.56984 15.355 0.007
2285.56577 15.698 0.007
2289.60164 14.984 0.006
2291.60688 15.551 0.007
2293.60315 15.256 0.006
2295.59986 15.690 0.007
2297.60443 15.414 0.007
2299.59907 14.972 0.006
2301.59061 15.538 0.007
2453.87676 15.055 0.007
2460.92341 15.193 0.007
2464.88078 15.335 0.007
2466.87431 15.249 0.007
2468.86857 15.511 0.007
2470.85951 15.157 0.006
2472.87959 15.629 0.006
2474.85038 15.343 0.007
2481.86388 15.425 0.007
2483.92648 15.016 0.006
2486.92728 15.398 0.007
2489.80806 15.665 0.006
2490.80555 15.092 0.007
2497.80189 15.213 0.007
2498.81183 15.467 0.007
2499.89685 15.693 0.007
2500.90525 15.125 0.006
2501.89178 15.398 0.007
2502.87203 15.607 0.007
2508.78263 15.447 0.007
2516.81503 15.700 0.008
2517.86201 15.193 0.007
2518.83627 15.452 0.007
2519.78757 15.635 0.007
2520.82973 15.042 0.006
2521.78032 15.348 0.007
2524.78327 15.274 0.007
2526.81522 15.713 0.007
2529.77375 15.621 0.007
2535.73336 15.484 0.007
2537.73986 15.112 0.007
2538.84030 15.439 0.007
2539.73671 15.610 0.007
2540.78054 14.978 0.006
2541.74875 15.324 0.007
2542.71837 15.539 0.007
2544.69961 15.216 0.007
2545.71188 15.470 0.007
2547.73000 15.096 0.006
2548.74917 15.404 0.007
2550.74434 14.998 0.006
2551.73092 15.307 0.007
2552.74686 15.526 0.007
2553.68764 15.694 0.008
2554.74001 15.200 0.006
2555.74797 15.466 0.007
2556.72719 15.661 0.007
2557.73953 15.074 0.006
2558.69608 15.378 0.007
2559.65299 15.565 0.007
2560.68613 15.237 0.006
2562.70433 15.528 0.007
2563.71234 15.710 0.007
2564.72875 15.189 0.007
2565.72465 15.449 0.007
2566.70361 15.657 0.007
2568.77140 15.387 0.007
2571.69088 15.271 0.007
2572.75934 15.523 0.007
2573.69748 15.713 0.008
2574.67722 15.162 0.006
2576.72169 15.642 0.007
2577.67993 15.000 0.006
2578.66498 15.348 0.007
2579.67512 15.560 0.007
2580.68340 15.494 0.007
2583.65963 15.703 0.008
2584.66194 15.119 0.006
2587.64623 14.978 0.006
2588.65812 15.332 0.007
2589.63710 15.539 0.007
2590.65409 15.622 0.007
2591.68687 15.234 0.007
2593.64365 15.677 0.007
2594.64932 15.101 0.007
2596.62285 15.604 0.007
2597.61011 15.037 0.006
2598.69044 15.335 0.007
2599.65094 15.543 0.007
2608.55159 15.266 0.007
2610.58827 15.698 0.008
2613.57984 15.645 0.008
2615.61096 15.368 0.007
2620.58584 15.705 0.008
2622.53355 15.410 0.007
2625.58699 15.356 0.007
2629.52762 15.484 0.007
2632.56569 15.403 0.007
2636.56212 15.538 0.007
2639.56139 15.488 0.007
2643.53435 15.598 0.007
2649.53902 15.460 0.007
2651.57560 15.099 0.007
2655.53292 15.306 0.008
2658.54930 15.195 0.007
2661.56186 15.046 0.006
2665.52880 15.303 0.007
2669.55497 15.436 0.007
2674.53847 15.362 0.007
2676.55992 15.514 0.007
2678.64248 15.192 0.007
2680.52963 15.629 0.008
2683.55379 15.555 0.008
2804.83169 15.687 0.009
2805.88811 15.171 0.007
2811.94114 15.180 0.007
2815.91496 15.169 0.007
2818.92286 15.015 0.006
2829.86160 15.315 0.007
2831.85182 15.609 0.007
2832.80514 15.213 0.007
2833.90371 15.486 0.007
2835.89245 15.111 0.007
2838.87637 14.971 0.006
2840.88159 15.521 0.007
2843.86755 15.468 0.007
2844.90892 15.676 0.008
2848.81557 15.104 0.007
2849.89360 15.303 0.007
2850.92515 15.548 0.007
2852.85378 15.200 0.007
2854.86513 15.654 0.008
2857.87244 15.574 0.007
2859.85556 15.286 0.007
2860.91208 15.526 0.007
2861.78382 15.706 0.007
2862.86991 15.185 0.007
2863.87183 15.455 0.008
2865.79423 14.984 0.006
2867.78374 15.542 0.007
2868.82438 15.350 0.007
2869.84574 15.273 0.007
2870.85242 15.506 0.007
2872.77654 15.128 0.006
2875.84369 14.994 0.006
2876.81264 15.343 0.007
2877.84213 15.555 0.007
2879.80688 15.239 0.006
2884.75690 15.594 0.007
2886.76270 15.316 0.007
2890.72865 15.458 0.008
2893.78019 15.376 0.007
2895.79104 14.970 0.006
2897.73864 15.518 0.007
2899.77094 15.208 0.006
2903.78965 15.386 0.006
2906.73842 15.282 0.006
2908.71543 15.701 0.007
2910.71027 15.432 0.007
2912.71555 15.006 0.005
2916.72891 15.255 0.006
2918.70595 15.697 0.007
2922.70548 14.986 0.006
2924.64631 15.534 0.007
2926.64042 15.226 0.007
2929.70185 15.117 0.007
2931.67771 15.599 0.007
2933.68998 15.318 0.006
2935.65286 15.661 0.007
2937.67801 15.487 0.007
2939.65620 15.070 0.006
2940.67049 15.390 0.007
2941.64615 15.593 0.007
2942.67377 15.002 0.006
2943.64249 15.304 0.007
2944.62625 15.515 0.007
2946.62483 15.187 0.006
2947.65283 15.450 0.007
2949.63369 15.039 0.006
2950.58518 15.361 0.007
2951.66609 15.587 0.007
2953.61389 15.277 0.007
2955.59889 15.706 0.008
2957.61255 15.424 0.007
2965.66943 15.699 0.007
2968.63197 15.615 0.007
2971.63975 15.545 0.007
2973.62828 15.252 0.007
2975.52504 15.671 0.007
2977.62069 15.411 0.007
2979.60097 14.972 0.006
2982.55556 15.647 0.007
2984.58677 15.464 0.008
2986.59690 15.101 0.006
2988.56934 15.585 0.007
2990.58817 15.307 0.007
2993.59020 15.207 0.006
2997.53396 15.366 0.007
3000.58963 15.303 0.007
3003.56967 15.180 0.007
3006.55930 15.031 0.006
3009.55264 15.261 0.007
3013.55927 15.167 0.006
3017.55372 15.336 0.007
3020.52884 15.253 0.007
3022.55635 15.686 0.007
3024.55548 15.416 0.007
3026.52557 14.968 0.007
3028.52643 15.532 0.010
3030.52954 15.236 0.007
3032.54752 15.693 0.008
3034.54706 15.397 0.007
3038.53788 15.537 0.007
3179.92918 15.675 0.007
3184.89307 15.316 0.007
3193.91608 14.997 0.006
3196.88807 15.693 0.007
3202.87601 15.565 0.007
3203.92049 15.044 0.005
3206.86340 15.698 0.007
3210.92988 15.042 0.005
3211.84597 15.352 0.007
3215.82003 15.494 0.007
3216.76569 15.677 0.007
3217.81555 15.125 0.006
3224.81248 15.228 0.006
3228.79038 15.383 0.007
3230.76389 14.981 0.006
3238.79496 15.369 0.007
3239.83411 15.595 0.007
3240.83124 14.995 0.007
3241.77320 15.288 0.006
3242.76389 15.528 0.007
3244.86571 15.217 0.006
3245.81321 15.456 0.007
3246.81004 15.663 0.007
3247.81429 15.063 0.006
3249.76777 15.564 0.007
3251.78032 15.279 0.006
3254.76641 15.155 0.006
3257.79349 15.016 0.005
3259.70375 15.557 0.007
3261.73943 15.257 0.006
3263.73634 15.686 0.007
3265.76174 15.409 0.007
3267.74444 14.972 0.005
3270.69815 15.581 0.007
3271.70083 15.229 0.006
3273.65933 15.658 0.008
3275.65412 15.402 0.007
3276.74817 15.615 0.007
3277.78707 14.970 0.006
3279.71858 15.528 0.007
3281.68436 15.202 0.006
3283.67877 15.644 0.006
3287.64505 15.108 0.005
3289.65987 15.508 0.006
3291.59824 15.154 0.006
3294.61478 15.002 0.005
3296.58117 15.542 0.006
3298.58903 15.258 0.005
3300.59164 15.707 0.007
3302.57262 15.413 0.007
3305.66862 15.338 0.006
3307.58519 15.511 0.007
3309.60593 15.505 0.007
3311.56148 15.097 0.006
3314.60050 14.976 0.006
3320.63842 15.688 0.007
3323.59078 15.601 0.006
3327.61889 15.630 0.007
3330.59012 15.653 0.007
3335.63476 15.306 0.007
3338.54163 15.175 0.006
3350.55292 15.638 0.007
3357.59002 15.706 0.007
3361.58944 15.004 0.006
3363.59573 15.566 0.007
3369.57269 15.407 0.006
3372.58869 15.334 0.006
3376.56470 15.497 0.007
3380.55105 15.592 0.007
3386.59788 15.482 0.006
3395.54989 15.199 0.007
3399.57376 15.377 0.007
3402.59063 15.300 0.006
3530.94180 15.528 0.007
3543.90686 15.445 0.007
3551.92763 15.705 0.007
3558.91138 15.313 0.006
3562.89827 15.156 0.006
3568.89373 15.476 0.006
3570.85157 15.485 0.007
3571.84183 15.682 0.007
3573.88723 15.420 0.007
3575.84703 14.965 0.005
3577.90361 15.549 0.007
3579.84446 15.234 0.006
3581.91342 15.690 0.007
3582.86583 15.081 0.005
3583.88487 15.399 0.006
3586.87519 15.318 0.006
3588.87334 15.660 0.007
3590.83195 15.457 0.006
3592.79223 15.032 0.005
3594.83302 15.582 0.007
3600.92207 15.452 0.007
3602.78089 15.007 0.006
3603.74512 15.332 0.006
3608.80171 15.709 0.007
3614.83355 15.559 0.006
3615.81927 15.423 0.007
3618.81798 15.697 0.007
3620.84447 15.435 0.006
3622.79850 14.979 0.006
3625.74443 15.646 0.007
3628.76600 15.680 0.007
3630.68146 15.381 0.007
3632.65860 15.170 0.007
3634.68912 15.532 0.007
3637.69439 15.447 0.006
3640.65950 15.369 0.006
3642.70292 15.196 0.006
3644.69522 15.513 0.006
3646.71272 15.180 0.006
3650.72847 15.377 0.006
3652.66993 15.422 0.006
3654.64573 15.510 0.006
3656.69895 15.156 0.006
3657.72709 15.436 0.006
3658.70066 15.642 0.007
3659.68498 15.006 0.006
3660.69070 15.344 0.006
3663.68141 15.262 0.006
3665.70969 15.700 0.007
3668.63828 15.615 0.007
3668.66082 15.613 0.007
3670.64943 15.341 0.007
3672.58213 15.690 0.007
3674.74143 15.513 0.006
3676.62772 15.092 0.006
3682.60442 15.689 0.007
3684.62171 15.457 0.006
3686.58740 15.048 0.005
3688.56036 15.567 0.007
3690.57405 15.281 0.006
3693.57119 15.161 0.006
3695.56679 15.628 0.007
3698.54237 15.560 0.007
3701.59092 15.516 0.007
3703.60152 15.163 0.006
3705.57374 15.612 0.006
3707.57420 15.343 0.006
3712.58918 15.696 0.007
3715.54742 15.616 0.007
3719.62634 15.523 0.007
3722.57331 15.683 0.007
3725.65334 15.630 0.007
3730.55654 15.208 0.006
3735.55919 15.593 0.007
3738.58032 15.555 0.007
3743.53457 15.042 0.006
3748.53847 15.532 0.007
3753.53611 15.026 0.006
3758.55806 15.525 0.007
3762.56462 15.641 0.008
3768.52458 15.496 0.008
3773.52141 15.010 0.007
3777.54738 15.255 0.006
3871.91468 15.397 0.007
3902.93466 15.587 0.007
3907.92965 15.177 0.006
3915.90550 15.507 0.006
3918.92477 15.432 0.006
3932.87619 15.561 0.007
3934.89438 15.222 0.006
3936.90263 15.687 0.007
3938.88683 15.395 0.006
3945.85657 15.444 0.006
3950.83848 15.336 0.006
3957.79408 14.994 0.006
3959.78818 15.565 0.007
3961.77875 15.258 0.007
3964.78589 15.116 0.005
3966.77812 15.616 0.007
3968.77168 15.322 0.006
3970.76330 15.661 0.006
3973.73264 15.674 0.007
3975.74488 15.372 0.006
3980.68010 15.701 0.007
3981.67996 15.162 0.006
3982.74428 15.456 0.007
3986.72148 15.571 0.007
3989.81851 15.532 0.007
3991.75970 15.187 0.006
3994.66070 15.005 0.006
3998.69184 15.277 0.007
4001.66039 15.135 0.005
4003.63216 15.618 0.007
4004.72067 15.002 0.005
4005.70594 15.343 0.006
4007.59917 15.674 0.007
4008.60817 15.226 0.006
4011.65860 15.112 0.006
4014.64102 15.009 0.006
4016.63780 15.541 0.007
4018.63413 15.221 0.006
4020.66683 15.674 0.007
4023.62355 15.587 0.007
4025.62390 15.302 0.006
4027.61199 15.703 0.007
4029.59427 15.459 0.006
4031.58126 15.029 0.005
4036.61664 15.525 0.007
4038.57095 15.163 0.006
4040.55094 15.630 0.007
4042.62027 15.356 0.006
4044.66292 15.277 0.007
4047.57121 15.704 0.007
4049.54699 15.420 0.006
4051.59653 14.995 0.006
4053.60749 15.551 0.006
4055.53669 15.248 0.007
4057.57582 15.694 0.007
4059.61035 15.434 0.006
4063.60174 15.558 0.007
4066.51659 15.456 0.007
4068.58338 15.115 0.005
4071.52507 15.122 0.007
4074.56035 15.716 0.007
4077.61304 15.684 0.007
4079.56013 15.396 0.006
4083.56762 15.537 0.007
4087.58952 15.659 0.007
4095.55344 15.163 0.005
4095.59042 15.179 0.006
4098.57249 15.035 0.005
4102.54463 15.274 0.006
4107.54877 15.644 0.007
4112.54917 15.254 0.006
4119.53874 15.333 0.006
4122.56503 15.256 0.006
4128.56255 14.980 0.006
4253.88619 15.416 0.008
4255.90703 14.974 0.007
4258.92455 15.575 0.008
4273.91086 15.401 0.007
4278.93452 15.685 0.008
4281.76178 15.645 0.007
4282.90164 15.074 0.006
4283.82833 15.382 0.007
4284.89281 15.594 0.007
4289.86723 15.185 0.007
4292.90051 15.038 0.006
4295.89443 15.289 0.007
4296.92866 15.297 0.006
4298.84773 15.710 0.007
4299.89120 15.175 0.006
4300.91304 15.445 0.007
4301.93190 15.650 0.007
4303.82258 15.348 0.007
4307.71959 15.482 0.007
4308.69339 15.662 0.007
4308.90124 15.720 0.007
4310.87332 15.433 0.007
4311.87481 15.631 0.008
4312.93510 15.010 0.006
4314.80375 15.550 0.007
4316.86347 15.255 0.007
4320.84716 15.414 0.007
4326.87154 15.249 0.007
4327.89427 15.492 0.007
4328.86435 15.687 0.007
4329.86447 15.097 0.007
4330.89495 15.406 0.007
4332.91117 14.988 0.006
4334.88815 15.538 0.008
4339.85917 15.068 0.006
4340.81145 15.368 0.007
4341.80428 15.579 0.007
4342.87856 15.051 0.006
4343.79790 15.288 0.007
4344.78004 15.507 0.007
4346.75629 15.164 0.007
4348.74202 15.625 0.007
4350.71876 15.336 0.007
4353.67693 15.227 0.007
4355.73549 15.690 0.008
4358.67884 15.610 0.007
4359.73609 14.976 0.006
4365.64367 15.668 0.009
4369.71718 15.012 0.006
4371.68416 15.544 0.007
4376.68754 15.067 0.006
4378.65421 15.572 0.007
4379.68551 15.165 0.007
4381.64468 15.523 0.007
4383.67320 15.187 0.006
4386.69779 15.038 0.006
4388.69811 15.580 0.007
4390.70706 15.296 0.007
4394.59464 15.422 0.007
4396.67800 15.010 0.006
4398.68113 15.565 0.007
4402.66622 15.698 0.007
4404.68266 15.425 0.007
4407.69117 15.344 0.007
4409.70675 15.509 0.007
4411.70188 15.507 0.007
4415.70574 15.622 0.008
4417.65573 15.328 0.007
4420.64215 15.230 0.007
4422.67417 15.686 0.007
4424.67126 15.411 0.007
4427.55702 15.290 0.007
4429.60009 15.723 0.009
4431.58723 15.460 0.007
4433.59314 15.038 0.006
4435.58146 15.569 0.007
4438.64156 15.530 0.007
4440.61104 15.189 0.007
4442.57252 15.660 0.008
4444.59724 15.361 0.007
4452.60739 15.633 0.007
4454.62760 15.343 0.007
4455.56968 15.556 0.007
4457.57862 15.250 0.007
4460.53302 15.104 0.007
4463.59654 14.993 0.006
4467.57933 15.235 0.007
4470.57876 15.105 0.006
4474.62883 15.337 0.007
4476.60714 15.660 0.007
4481.60284 15.408 0.007
4483.63004 14.994 0.006
4485.61495 15.535 0.007
4488.61211 15.477 0.007
4492.60228 15.599 0.007
4609.93185 15.605 0.007
4643.91597 15.726 0.007
4652.94007 15.511 0.007
4655.89817 15.426 0.007
4661.91195 15.269 0.007
4662.83557 15.480 0.007
4662.93341 15.501 0.007
4663.78426 15.658 0.008
4665.85740 15.395 0.007
4670.93933 15.615 0.007
4671.83579 15.225 0.007
4673.93786 15.695 0.008
4677.85523 15.080 0.006
4682.82959 15.461 0.007
4684.86761 15.065 0.006
4686.82755 15.586 0.007
4688.84377 15.285 0.006
4690.76916 15.710 0.007
4691.77245 15.142 0.006
4694.81873 15.025 0.007
4697.76309 15.579 0.008
4699.78412 15.508 0.007
4700.81800 15.698 0.007
4701.82570 15.164 0.006
4703.78487 15.622 0.007
4704.80361 14.979 0.006
4705.81119 15.339 0.007
4707.82861 15.543 0.007
4709.75941 15.505 0.007
4715.76797 15.329 0.007
4717.72257 15.692 0.007
4720.70148 15.665 0.007
4722.71667 15.374 0.007
4725.72188 15.298 0.007
4730.71244 15.648 0.007
4730.77520 15.654 0.007
4733.74740 15.588 0.007
4740.68994 15.637 0.007
4743.68668 15.560 0.007
4748.67543 15.143 0.006
4750.70829 15.628 0.007
4754.63385 15.679 0.007
4756.64343 15.476 0.007
4758.62364 15.081 0.006
4760.61030 15.605 0.007
4762.60009 15.315 0.007
4767.63571 15.669 0.007
4770.68398 15.591 0.008
4772.62138 15.297 0.007
4774.59684 15.725 0.007
4776.56865 15.445 0.007
4778.56999 15.007 0.006
4780.56725 15.571 0.007
4782.54015 15.255 0.007
4783.60173 15.526 0.007
4789.56787 15.351 0.006
4791.54943 15.598 0.007
4793.55677 15.500 0.007
4795.56970 15.127 0.006
4797.56186 15.626 0.007
4798.62506 14.992 0.006
4801.52632 15.674 0.007
4802.61377 15.254 0.006
4803.58567 15.483 0.007
4805.52068 15.098 0.007
4807.54741 15.606 0.007
4809.57262 15.331 0.007
4811.59448 15.652 0.007
4814.55237 15.671 0.007
4816.55446 15.402 0.007
4818.56847 15.045 0.006
4820.54648 15.532 0.007
4822.60321 15.231 0.006
4824.58803 15.683 0.007
4831.55970 15.716 0.007
4833.58752 15.453 0.007
4835.61027 15.046 0.006
4839.61329 15.291 0.007
4842.57997 15.180 0.007
4844.59044 15.640 0.007
4847.64462 15.584 0.008
4849.60461 15.275 0.006
4853.60188 15.434 0.007
4855.61507 15.007 0.006
4859.60735 15.274 0.007
4862.58889 15.138 0.006
4868.57111 15.610 0.007
