 621.86438 16.976 0.020
 627.91356 16.820 0.013
 628.92290 16.626 0.012
 632.92319 16.752 0.013
 633.92769 17.081 0.014
 635.92280 17.004 0.017
 643.89156 17.088 0.013
 645.89505 16.894 0.014
 649.86437 16.942 0.017
 656.91012 17.036 0.013
 657.85133 17.056 0.016
 658.92297 16.996 0.015
 664.81432 16.756 0.011
 664.90286 16.808 0.012
 665.88986 16.784 0.011
 666.90038 17.082 0.013
 667.91120 17.030 0.014
 668.88179 16.903 0.011
 670.84743 17.073 0.014
 671.86997 17.051 0.011
 672.92349 16.989 0.012
 673.72575 16.741 0.012
 684.80252 17.053 0.014
 685.74105 17.013 0.011
 686.78347 16.928 0.012
 688.88831 16.642 0.011
 689.77829 17.067 0.013
 697.74432 17.002 0.012
 698.89033 17.093 0.017
 699.74681 17.000 0.012
 700.75544 16.871 0.012
 701.72787 16.667 0.011
 704.70018 16.921 0.016
 706.72391 16.725 0.014
 707.75992 17.093 0.019
 708.72743 17.021 0.019
 712.72778 17.081 0.013
 713.76550 16.995 0.013
 714.78087 16.874 0.012
 716.71450 17.061 0.013
 720.69008 17.072 0.015
 722.65534 16.972 0.013
 726.74748 17.060 0.013
 728.64625 16.777 0.011
 729.71318 16.616 0.010
 730.63729 17.070 0.014
 733.69927 16.740 0.013
 739.76420 17.078 0.017
 741.69079 16.922 0.013
 742.78122 16.843 0.013
 744.73306 17.070 0.014
 745.68434 17.002 0.013
 747.62325 16.632 0.011
 748.58478 17.052 0.015
 749.59248 17.038 0.021
 750.58706 16.913 0.015
 751.59418 16.781 0.013
 752.79676 16.727 0.013
 753.73733 17.055 0.014
 754.70393 17.060 0.017
 755.59298 16.862 0.014
 759.59900 16.941 0.014
 760.60539 16.803 0.012
 761.60232 16.651 0.010
 762.59295 17.071 0.016
 762.72747 17.067 0.016
 763.61194 17.035 0.014
 763.69252 17.064 0.015
 763.78120 17.074 0.023
 764.69914 16.986 0.020
 765.64323 16.803 0.015
 766.53946 17.077 0.021
 766.68005 16.774 0.016
 767.58852 17.055 0.019
 767.64724 17.064 0.017
 767.74193 17.058 0.017
 769.57149 16.834 0.012
 770.55925 16.612 0.011
 771.57380 17.079 0.017
 772.57251 17.049 0.016
 772.75372 17.090 0.016
 773.63438 16.963 0.014
 774.66441 16.840 0.012
 775.61673 16.724 0.011
 776.60597 17.074 0.014
 776.75857 17.074 0.016
 777.55063 17.021 0.016
 778.58844 16.930 0.017
 779.56882 16.707 0.014
 779.72360 16.827 0.013
 780.57280 17.060 0.016
 780.74176 16.627 0.012
 781.62346 17.077 0.014
 782.55804 16.945 0.015
 782.65769 17.012 0.017
 783.60384 16.850 0.011
 784.64931 16.665 0.011
 785.54571 17.086 0.014
 786.55192 17.025 0.013
 787.63360 16.955 0.015
 788.56185 16.737 0.011
 790.60138 17.083 0.014
 795.58929 17.041 0.016
 796.57654 16.969 0.023
 796.70392 17.006 0.024
 797.55738 16.784 0.012
 798.62682 16.611 0.011
 800.56196 17.008 0.013
 802.65362 16.808 0.015
 806.55971 16.834 0.013
 808.57798 17.044 0.016
 816.65424 16.764 0.011
 817.64950 17.041 0.014
 819.62866 16.984 0.013
 822.61503 17.063 0.014
 824.63501 16.929 0.017
 825.62274 16.798 0.015
 828.66807 16.988 0.015
 829.63472 16.884 0.013
 832.64155 17.064 0.015
 834.54377 16.804 0.015
 836.60922 17.061 0.017
 838.62807 16.941 0.015
 840.62100 17.067 0.020
 842.63240 17.005 0.016
 843.62327 16.878 0.014
 845.60749 17.046 0.012
 850.59611 17.078 0.016
 855.60086 17.042 0.019
 858.53354 16.791 0.016
 860.53528 17.049 0.020
 874.53022 17.020 0.016
 963.91369 17.026 0.014
 986.90007 17.037 0.016
 987.91230 16.935 0.013
 996.89893 16.989 0.013
 998.83130 17.004 0.015
1003.83331 17.075 0.021
1005.85757 16.995 0.017
1008.89054 17.041 0.019
1020.85378 16.827 0.012
1025.83943 16.750 0.014
1035.80716 17.056 0.014
1037.83424 17.016 0.014
1038.85238 16.870 0.014
1041.84059 17.040 0.014
1045.80493 17.053 0.013
1049.83383 17.096 0.017
1053.72516 16.844 0.013
1058.79321 17.023 0.017
1059.83883 17.086 0.016
1061.82526 16.908 0.015
1064.78174 17.076 0.016
1069.69514 16.987 0.014
1074.67634 16.964 0.015
1077.67079 17.085 0.012
1079.67283 16.909 0.014
1081.72003 17.080 0.013
1084.65899 16.842 0.012
1087.67843 17.023 0.012
1090.64639 17.108 0.020
1092.71046 17.014 0.015
1094.70627 16.717 0.011
1095.73671 17.103 0.016
1102.67557 16.927 0.012
1107.64378 16.831 0.011
1112.68692 16.814 0.013
1117.62544 16.649 0.011
1122.63983 16.696 0.014
1128.58985 17.107 0.016
1132.61578 17.065 0.014
1138.66091 17.022 0.013
1140.66928 16.743 0.011
1144.69591 16.874 0.013
1151.60720 17.071 0.014
1154.56432 16.609 0.012
1157.57405 16.921 0.014
1160.59885 17.104 0.015
1163.67726 16.798 0.016
1164.72285 16.796 0.012
1170.57779 17.030 0.013
1178.70034 17.089 0.016
1182.69877 16.655 0.011
1185.64151 16.934 0.012
1187.67804 16.874 0.014
1190.54744 16.826 0.013
1202.62309 17.040 0.016
1208.59360 16.906 0.016
1211.59598 17.067 0.019
1216.58398 17.002 0.017
1219.58839 16.747 0.016
1235.53341 17.001 0.019
1329.82580 16.951 0.017
1330.93618 16.850 0.014
1335.90610 16.769 0.014
1347.93784 17.017 0.019
1349.93320 16.752 0.014
1355.92609 17.046 0.020
1366.88226 16.971 0.014
1367.90426 16.820 0.016
1369.89718 17.054 0.017
1374.89104 17.054 0.017
1395.85731 16.745 0.012
1397.88011 17.082 0.016
1401.89448 17.050 0.014
1402.89222 17.044 0.014
1407.90258 17.007 0.014
1412.80125 16.947 0.015
1418.77522 16.692 0.011
1432.79773 16.697 0.011
1435.72341 16.962 0.017
1439.82118 17.043 0.013
1442.78558 17.063 0.013
1447.71450 17.044 0.019
1451.70516 17.076 0.015
1454.70347 16.866 0.015
1460.64757 17.056 0.019
1462.67147 16.983 0.014
1470.62273 17.072 0.015
1475.67052 17.084 0.016
1478.59672 16.649 0.012
1481.60990 16.900 0.015
1484.61155 17.090 0.016
1487.57064 16.614 0.013
1489.59402 17.051 0.014
1491.65617 16.813 0.014
1494.70416 17.040 0.015
1495.55726 16.858 0.013
1499.52942 16.892 0.019
1502.61431 17.046 0.019
1506.60935 16.929 0.015
1509.59292 16.871 0.013
1514.66921 16.829 0.015
1517.58595 17.034 0.015
1520.62877 16.993 0.014
1522.65748 17.026 0.020
1525.55310 17.074 0.016
1528.65104 16.810 0.012
1544.58381 17.056 0.014
1546.64027 16.891 0.013
1551.60226 16.827 0.014
1555.58046 16.888 0.015
1562.61467 17.019 0.019
1568.58813 16.989 0.015
1573.58313 16.982 0.019
1579.56670 16.723 0.013
1581.59398 17.076 0.014
1584.57882 16.655 0.012
1586.58991 17.030 0.014
1592.58656 16.891 0.016
1597.56202 16.814 0.014
1602.55919 16.747 0.015
1607.54940 16.655 0.014
1706.91953 16.886 0.015
1730.93569 17.052 0.014
1738.88673 16.609 0.011
1740.89441 17.023 0.019
1744.91133 17.102 0.016
1745.90447 16.989 0.015
1749.88508 17.044 0.012
1750.88837 16.949 0.013
1751.86891 16.774 0.011
1752.86126 16.792 0.013
1753.86206 17.053 0.016
1754.85800 16.992 0.015
1755.85429 16.852 0.016
1756.88396 16.759 0.020
1757.83304 17.019 0.016
1758.83758 17.055 0.014
1759.85072 16.949 0.013
1761.86685 16.602 0.011
1762.84927 17.053 0.014
1763.85479 17.027 0.013
1764.84452 16.917 0.012
1765.84088 16.747 0.012
1766.81463 17.073 0.020
1768.82844 16.989 0.016
1769.74357 16.808 0.012
1773.80453 16.929 0.013
1775.81605 16.870 0.012
1785.79308 17.076 0.012
1788.82825 16.788 0.012
1789.76090 17.102 0.012
1803.86453 16.987 0.014
1809.78824 17.027 0.012
1812.76215 17.069 0.013
1815.81857 16.886 0.012
1821.71517 17.023 0.014
1823.78444 17.011 0.013
1829.70951 16.815 0.012
1830.77649 16.620 0.012
1843.78698 16.842 0.012
1843.82128 16.861 0.013
1847.62560 16.835 0.012
1847.71472 16.887 0.013
1848.62237 16.585 0.011
1848.73209 16.733 0.011
1851.59869 16.934 0.016
1851.70094 16.957 0.016
1852.72900 16.830 0.012
1856.54231 16.845 0.022
1856.69392 16.946 0.015
1860.74592 17.007 0.019
1861.58174 16.792 0.015
1861.69075 16.848 0.014
1864.72086 17.061 0.015
1865.61934 16.911 0.011
1865.72689 16.953 0.012
1866.58593 16.735 0.010
1869.67348 16.987 0.012
1869.73045 17.030 0.015
1870.51931 16.799 0.013
1870.66667 16.913 0.013
1873.69944 17.061 0.014
2086.92886 17.064 0.012
2104.86099 17.040 0.010
2104.88015 17.074 0.012
2106.92089 16.986 0.011
2112.92050 16.782 0.010
2113.84132 17.066 0.012
2114.85557 17.048 0.012
2115.89654 16.998 0.014
2115.91948 16.990 0.013
2116.90195 16.888 0.011
2116.92441 16.919 0.012
2117.88280 16.681 0.010
2117.90764 16.705 0.010
2123.85186 17.084 0.011
2123.87839 17.066 0.013
2128.85517 17.060 0.014
2128.87832 17.057 0.016
2129.88733 16.982 0.011
2130.81712 16.817 0.011
2130.83621 16.838 0.011
2131.81013 16.602 0.010
2131.82971 16.592 0.009
2132.83589 17.034 0.012
2132.85489 17.049 0.014
2133.86739 17.023 0.015
2133.92450 17.042 0.014
2134.84083 16.918 0.012
2134.86050 16.916 0.013
2135.87602 16.788 0.009
2135.89742 16.802 0.010
2136.87654 16.813 0.012
2136.90121 16.656 0.012
2137.91916 17.029 0.014
2140.84509 16.656 0.010
2140.86393 16.691 0.011
2141.77415 17.048 0.015
2142.87404 17.048 0.016
2142.89135 17.086 0.012
2143.85211 16.966 0.011
2143.88310 16.970 0.014
2144.79872 16.779 0.010
2144.81687 16.772 0.008
2156.72451 17.021 0.015
2156.85506 17.048 0.012
2160.78480 17.086 0.013
2160.80374 17.068 0.013
2162.79136 16.876 0.009
2162.81406 16.883 0.011
2165.77517 17.050 0.012
2166.78614 16.949 0.010
2166.80491 16.973 0.012
2167.73814 16.773 0.010
2167.75693 16.774 0.009
2168.74346 16.964 0.011
2168.76273 16.853 0.011
2171.76949 16.884 0.010
2172.77606 16.706 0.009
2172.80103 16.753 0.010
2173.73818 17.044 0.011
2173.75706 17.064 0.012
2174.74079 17.058 0.011
2177.66980 16.971 0.011
2177.68892 16.872 0.013
2184.75021 17.002 0.015
2185.69466 16.828 0.011
2186.73851 16.630 0.013
2187.65851 17.076 0.017
2187.67723 17.060 0.014
2189.74013 16.952 0.015
2190.72123 16.790 0.010
2190.74023 16.816 0.011
2191.64436 17.065 0.012
2192.69079 17.085 0.009
2192.70825 17.078 0.010
2193.71178 17.010 0.009
2193.73545 17.018 0.011
2194.68300 16.863 0.009
2194.70029 16.869 0.011
2200.69548 16.626 0.008
2200.71467 16.587 0.010
2201.74914 17.050 0.010
2203.60292 16.853 0.012
2206.63497 17.034 0.014
2206.65263 17.052 0.015
2208.69672 16.834 0.012
2211.67361 17.043 0.013
2211.70464 17.024 0.013
2212.69125 16.919 0.012
2213.68366 16.805 0.010
2214.67003 16.981 0.013
2214.69127 16.857 0.014
2215.68533 17.080 0.012
2215.72725 17.054 0.015
2217.66297 16.872 0.011
2217.68642 16.893 0.013
2219.72340 17.074 0.016
2222.75538 16.888 0.011
2222.77270 16.871 0.014
2223.67776 16.585 0.011
2225.62463 17.005 0.010
2226.67098 16.908 0.011
2228.58638 17.075 0.012
2228.60369 17.066 0.013
2230.52369 16.932 0.013
2230.54177 16.946 0.014
2232.53742 16.966 0.011
2232.55478 16.827 0.011
2234.57950 17.018 0.010
2234.59680 17.018 0.012
2236.56900 16.700 0.009
2236.58602 16.716 0.010
2238.57439 17.079 0.011
2239.53357 16.954 0.013
2241.56118 16.597 0.009
2241.57835 16.608 0.010
2243.59947 17.041 0.011
2243.61670 17.035 0.013
2248.64388 17.032 0.010
2249.57288 16.871 0.010
2251.62684 17.091 0.013
2253.60092 16.962 0.011
2254.58061 16.833 0.011
2256.58005 17.064 0.012
2256.59795 17.094 0.017
2258.62050 16.947 0.009
2259.61878 16.770 0.012
2262.62526 17.029 0.014
2265.63776 17.087 0.011
2266.61713 17.034 0.015
2270.59595 17.085 0.010
2271.59206 17.016 0.013
2272.59401 16.901 0.010
2273.59129 16.749 0.013
2274.57785 17.107 0.013
2276.54537 16.976 0.012
2276.58597 16.946 0.013
2280.55795 17.052 0.013
2280.57988 17.031 0.014
2285.57584 17.000 0.011
2289.61168 17.040 0.012
2291.61693 16.836 0.010
2293.61336 17.039 0.012
2295.59103 16.909 0.010
2295.61006 16.925 0.012
2297.59420 16.953 0.010
2297.61462 16.884 0.012
2299.60926 16.995 0.014
2301.60080 16.682 0.012
2453.88795 16.981 0.017
2460.93465 16.769 0.015
2464.89199 16.665 0.010
2466.86683 17.019 0.013
2466.88549 17.040 0.016
2467.93072 16.963 0.011
2468.87974 16.808 0.012
2469.92999 16.608 0.008
2470.87073 17.072 0.013
2471.91956 17.038 0.011
2472.89082 16.910 0.010
2472.90961 16.832 0.007
2473.93580 16.786 0.009
2481.87633 16.935 0.016
2481.89505 16.929 0.012
2483.91870 16.642 0.008
2483.93777 16.617 0.010
2486.91885 16.906 0.012
2486.93850 16.906 0.015
2488.93421 17.044 0.013
2489.82052 17.060 0.013
2490.79641 16.926 0.013
2490.81676 16.940 0.016
2496.80048 16.694 0.010
2496.93290 16.801 0.010
2497.82277 17.048 0.014
2498.80420 17.034 0.010
2498.82307 17.051 0.013
2499.88914 17.011 0.010
2499.90810 16.993 0.012
2500.89760 16.901 0.010
2500.91648 16.894 0.013
2501.88433 16.665 0.009
2501.91118 16.708 0.011
2502.86450 17.045 0.012
2502.88328 17.094 0.015
2508.77508 16.961 0.016
2508.79388 17.015 0.020
2516.80655 17.058 0.012
2516.82627 17.080 0.014
2517.85331 17.016 0.012
2517.87328 17.044 0.014
2518.82568 16.895 0.011
2518.84754 16.913 0.012
2519.79884 16.746 0.010
2519.82390 16.749 0.009
2520.82208 17.079 0.011
2520.84100 17.038 0.013
2521.79160 17.091 0.013
2521.81525 17.060 0.010
2524.79451 16.610 0.011
2524.81379 16.636 0.010
2526.80757 17.050 0.008
2526.82647 17.062 0.011
2529.78500 16.998 0.012
2529.80381 16.885 0.010
2534.86444 17.063 0.013
2535.74461 17.042 0.013
2535.80207 17.053 0.012
2537.73215 16.777 0.011
2537.75111 16.813 0.015
2538.83240 16.595 0.009
2538.85159 16.624 0.012
2539.72960 17.066 0.011
2539.74700 17.070 0.014
2540.77289 17.005 0.013
2540.79179 17.034 0.017
2541.74148 16.874 0.010
2541.75901 16.908 0.012
2542.71127 16.657 0.008
2542.72867 16.690 0.010
2544.69203 17.028 0.010
2544.71085 17.058 0.013
2545.70475 16.933 0.009
2545.72215 16.986 0.012
2547.72272 16.594 0.008
2547.74029 16.622 0.010
2548.74151 17.069 0.011
2548.76046 17.070 0.014
2550.73679 16.917 0.010
2550.75560 16.931 0.011
2551.72333 16.755 0.009
2551.74273 16.772 0.011
2552.73930 17.037 0.010
2552.75810 16.961 0.012
2553.68009 17.066 0.012
2553.69890 17.085 0.015
2554.73244 16.989 0.010
2554.75125 17.009 0.012
2555.74034 16.844 0.009
2555.75922 16.883 0.012
2556.71945 16.621 0.008
2556.73845 16.664 0.010
2557.73198 17.056 0.010
2557.75078 17.070 0.012
2558.68842 17.022 0.011
2558.70733 17.058 0.012
2559.64543 16.919 0.010
2559.66429 16.944 0.012
2560.67844 16.769 0.009
2560.69739 16.797 0.011
2561.72406 16.729 0.010
2561.74295 16.686 0.012
2562.69674 17.109 0.012
2562.71559 17.108 0.014
2563.70472 16.996 0.011
2563.72363 17.015 0.013
2564.72111 16.880 0.010
2564.74001 16.905 0.013
2565.71626 16.687 0.009
2565.73491 16.737 0.011
2566.69121 17.074 0.011
2566.71390 17.080 0.015
2568.76763 16.991 0.013
2571.70216 17.090 0.015
2572.76963 17.048 0.016
2573.69019 16.909 0.012
2573.70779 16.917 0.015
2574.67015 16.735 0.009
2574.68749 16.769 0.011
2576.70488 17.073 0.011
2576.73195 17.081 0.013
2577.66993 16.986 0.012
2577.69019 16.984 0.014
2578.65746 16.847 0.010
2578.67524 16.859 0.014
2579.66798 16.622 0.009
2579.68541 16.635 0.011
2580.67609 17.055 0.011
2580.69368 17.054 0.013
2583.64815 16.793 0.011
2583.66992 16.819 0.013
2584.65460 16.955 0.010
2584.67222 16.857 0.012
2586.65580 16.987 0.010
2587.63846 16.866 0.010
2587.65751 16.924 0.013
2588.66941 16.696 0.011
2589.62933 17.077 0.011
2589.66249 17.098 0.014
2590.64610 17.060 0.011
2590.67036 17.072 0.014
2591.67228 16.955 0.011
2591.69812 16.990 0.013
2593.63553 16.664 0.009
2593.65493 16.636 0.011
2594.64157 17.075 0.013
2594.66146 17.065 0.015
2596.61520 16.889 0.011
2596.63413 16.917 0.013
2597.60238 16.688 0.010
2597.62298 16.724 0.013
2598.68256 16.986 0.012
2598.70168 16.881 0.013
2599.63663 17.059 0.013
2599.66221 17.069 0.016
2608.56289 17.048 0.016
2610.57807 16.856 0.011
2610.59948 16.839 0.013
2613.57185 17.038 0.012
2613.59088 17.057 0.019
2615.60230 16.802 0.010
2615.62649 16.832 0.013
2619.58677 16.897 0.011
2620.59687 16.729 0.012
2621.59592 17.079 0.012
2622.54465 17.036 0.013
2625.59803 16.647 0.015
2629.53785 16.733 0.013
2632.57591 16.975 0.013
2635.57671 17.044 0.011
2636.57235 17.039 0.015
2637.57157 16.973 0.011
2639.57162 16.648 0.011
2640.54192 17.042 0.012
2642.58165 16.917 0.012
2643.54459 16.742 0.012
2646.59303 16.971 0.011
2649.55003 17.045 0.015
2651.56770 16.916 0.013
2651.58786 16.949 0.016
2655.54767 16.999 0.016
2658.55950 17.072 0.021
2661.57617 16.846 0.011
2665.53905 16.897 0.014
2669.56520 16.960 0.014
2674.54997 16.961 0.014
2676.57011 16.634 0.010
2677.53331 17.058 0.020
2680.54056 16.733 0.014
2683.56478 17.027 0.019
2777.93270 16.955 0.014
2804.84270 16.999 0.019
2804.86124 17.012 0.014
2805.87853 16.959 0.016
2805.89912 16.915 0.020
2811.93365 16.735 0.012
2811.95213 16.709 0.021
2815.90734 16.817 0.010
2815.92597 16.819 0.012
2818.93855 17.016 0.013
2825.93921 16.651 0.010
2829.87262 16.779 0.012
2830.84647 17.105 0.011
2831.81612 17.061 0.013
2831.86515 17.074 0.014
2832.81614 16.986 0.014
2833.89466 16.876 0.012
2833.91475 16.916 0.014
2835.90349 17.090 0.014
2836.90362 17.103 0.019
2837.90922 16.977 0.020
2838.84669 16.776 0.011
2840.85436 17.067 0.011
2840.89262 17.058 0.013
2843.87863 16.726 0.010
2844.90142 17.013 0.011
2844.91992 16.939 0.012
2848.82660 16.620 0.014
2849.90464 17.072 0.014
2850.91770 17.068 0.012
2850.93618 17.064 0.015
2852.84632 16.767 0.011
2852.86483 16.792 0.013
2854.87617 17.062 0.014
2857.88348 16.733 0.012
2858.93865 16.970 0.011
2859.87077 17.066 0.012
2860.90462 16.959 0.010
2860.92313 16.993 0.012
2861.77610 16.772 0.009
2861.79488 16.789 0.011
2862.88097 16.599 0.011
2862.89947 16.642 0.010
2863.86415 17.073 0.015
2863.88287 17.031 0.017
2865.80530 16.879 0.013
2865.82384 16.903 0.010
2867.79478 17.065 0.013
2867.81326 17.108 0.010
2868.81686 17.076 0.011
2868.83541 17.078 0.013
2869.80338 16.971 0.010
2869.85601 16.988 0.014
2870.84495 16.854 0.009
2870.86351 16.862 0.012
2871.88802 16.702 0.009
2872.78757 17.074 0.012
2872.84482 17.045 0.010
2875.83572 16.790 0.010
2875.85476 16.802 0.012
2876.80514 16.981 0.010
2876.88074 16.618 0.012
2877.85314 17.081 0.013
2879.73164 16.844 0.009
2879.81793 16.874 0.010
2883.85489 16.975 0.010
2884.76798 16.801 0.010
2885.79021 16.673 0.008
2886.78076 17.071 0.013
2890.72108 17.053 0.014
2890.73969 17.071 0.017
2893.77254 16.837 0.010
2893.79129 16.843 0.013
2895.80215 17.053 0.012
2897.74972 16.916 0.013
2899.76292 16.994 0.010
2899.78203 16.910 0.011
2903.78198 16.700 0.007
2903.80074 16.709 0.008
2906.73098 16.946 0.009
2906.74949 16.935 0.011
2908.70798 16.915 0.011
2908.72650 16.827 0.011
2910.72139 16.999 0.012
2912.72731 16.713 0.009
2916.73996 16.825 0.010
2918.71701 17.050 0.013
2922.71660 17.037 0.015
2924.63875 16.938 0.010
2924.71588 16.996 0.012
2926.63279 16.590 0.009
2926.65153 16.610 0.011
2929.71289 16.957 0.013
2931.68882 16.829 0.011
2933.70097 16.997 0.011
2935.66390 16.682 0.011
2937.67029 17.048 0.014
2937.68902 17.076 0.014
2939.66722 16.824 0.012
2939.68575 16.831 0.010
2940.66292 16.622 0.008
2940.68149 16.603 0.009
2941.63818 17.060 0.009
2941.65720 17.045 0.011
2942.66298 17.026 0.011
2942.68480 17.027 0.013
2943.63433 16.904 0.011
2943.65353 16.891 0.012
2944.61869 16.710 0.010
2944.63726 16.740 0.013
2946.61344 17.066 0.012
2946.63586 17.058 0.013
2947.64506 16.992 0.012
2947.66383 16.989 0.014
2949.62608 16.599 0.009
2949.64469 16.604 0.010
2950.57761 17.067 0.011
2950.59619 17.069 0.013
2951.65822 17.047 0.012
2951.67708 17.030 0.015
2953.60616 16.729 0.009
2953.62491 16.760 0.012
2955.59124 17.061 0.014
2955.60987 17.069 0.017
2957.60486 16.835 0.009
2957.62355 16.880 0.011
2965.66180 17.008 0.011
2965.68043 17.056 0.012
2968.62413 17.104 0.013
2968.64295 17.057 0.015
2970.64294 16.977 0.010
2971.65073 16.880 0.012
2972.64756 16.660 0.009
2973.63924 17.053 0.014
2975.53604 16.897 0.012
2975.55560 16.908 0.010
2977.63169 16.770 0.014
2977.65141 16.677 0.010
2979.59130 17.008 0.012
2979.61197 17.011 0.016
2981.63858 16.780 0.014
2982.56656 17.060 0.015
2983.57209 17.015 0.014
2986.58867 16.596 0.008
2986.60784 16.609 0.010
2988.56065 16.989 0.011
2988.58030 17.027 0.013
2990.59915 16.749 0.011
2991.59046 17.082 0.011
2993.60193 16.986 0.012
2994.57533 16.824 0.010
2997.54793 17.020 0.013
2997.58793 17.028 0.011
3000.57995 16.836 0.010
3000.60514 16.687 0.010
3003.56193 16.867 0.011
3003.58064 16.883 0.014
3006.54920 17.021 0.011
3006.57024 17.041 0.012
3009.54449 16.663 0.010
3009.56358 16.615 0.011
3013.54686 16.740 0.010
3013.57023 16.744 0.012
3015.58212 17.074 0.011
3017.56465 16.876 0.012
3018.55923 16.654 0.010
3020.53981 17.026 0.013
3022.54859 16.787 0.011
3022.56724 16.783 0.012
3024.54762 17.057 0.012
3024.56644 17.082 0.014
3026.53648 16.872 0.013
3028.53739 17.099 0.016
3030.54048 16.951 0.012
3032.55843 16.626 0.011
3034.55795 17.031 0.012
3038.54878 17.074 0.015
3179.92091 16.992 0.009
3179.94009 17.013 0.011
3183.94060 17.102 0.013
3184.90394 16.956 0.013
3193.90852 16.995 0.010
3193.92701 17.002 0.012
3196.88062 17.040 0.013
3196.89901 17.015 0.012
3197.94302 17.059 0.013
3202.86851 16.982 0.010
3202.89156 17.008 0.013
3203.90859 16.897 0.008
3203.93144 16.909 0.010
3206.84640 17.028 0.009
3206.87433 17.064 0.013
3210.92241 17.064 0.010
3210.94082 17.024 0.012
3211.85695 17.025 0.013
3211.87698 17.042 0.011
3215.81219 17.101 0.015
3216.75805 16.941 0.013
3216.77663 16.937 0.014
3217.80803 16.817 0.011
3217.82652 16.843 0.013
3223.86416 16.727 0.009
3224.82348 17.066 0.011
3228.78286 17.016 0.012
3228.80135 17.041 0.014
3230.77484 16.942 0.011
3238.78305 17.030 0.011
3238.80595 17.063 0.013
3239.84507 16.997 0.011
3240.81932 16.844 0.010
3240.84224 16.895 0.014
3241.78420 16.610 0.010
3241.80280 16.600 0.008
3242.74678 17.045 0.012
3242.77484 17.091 0.014
3243.89800 17.052 0.013
3244.87669 16.959 0.015
3245.80573 16.759 0.010
3245.82419 16.795 0.011
3246.79849 16.926 0.012
3246.82106 16.769 0.012
3247.80684 17.075 0.013
3247.82528 17.068 0.013
3249.75715 16.853 0.010
3249.77873 16.886 0.012
3251.77075 17.047 0.009
3251.79130 16.955 0.010
3254.75846 16.775 0.008
3254.77742 16.805 0.009
3257.80449 17.023 0.011
3259.69544 16.631 0.008
3261.73149 17.057 0.010
3261.75039 17.052 0.011
3263.72872 16.809 0.008
3263.74738 16.847 0.009
3265.77500 17.062 0.013
3267.73686 16.898 0.009
3267.75544 16.956 0.011
3270.69029 17.054 0.011
3270.70913 17.077 0.013
3271.69317 16.994 0.012
3271.71183 16.974 0.012
3273.65150 16.626 0.010
3273.67034 16.608 0.011
3275.64635 16.993 0.014
3275.66513 17.048 0.015
3276.74078 16.936 0.012
3276.75916 16.978 0.014
3277.77942 16.836 0.010
3277.79803 16.845 0.011
3279.71102 17.078 0.010
3279.72955 17.051 0.012
3281.66962 16.877 0.008
3281.69535 16.875 0.010
3283.67130 17.029 0.008
3283.68978 17.069 0.010
3287.63743 16.833 0.009
3287.65607 16.713 0.009
3289.65237 17.008 0.009
3289.67090 17.019 0.011
3291.59046 16.668 0.009
3291.60927 16.669 0.010
3293.62596 17.032 0.010
3294.62585 16.950 0.011
3295.64387 16.838 0.007
3296.59218 16.759 0.010
3298.58178 16.973 0.009
3300.58406 16.706 0.009
3300.60260 16.764 0.011
3302.56103 17.017 0.011
3302.58362 17.068 0.014
3305.66111 16.643 0.008
3305.67963 16.711 0.010
3307.57337 17.042 0.013
3307.59618 17.073 0.015
3309.59841 16.765 0.009
3309.61692 16.818 0.010
3311.55003 17.033 0.011
3311.57244 17.102 0.012
3314.59300 16.710 0.010
3314.61610 16.733 0.012
3320.63081 17.024 0.010
3320.64939 17.060 0.011
3323.57823 16.743 0.008
3323.60180 16.752 0.010
3327.58576 16.856 0.009
3327.62986 16.867 0.011
3330.58126 17.057 0.012
3330.60116 17.042 0.014
3335.62523 17.015 0.011
3335.64575 17.031 0.017
3338.55259 17.090 0.013
3338.57091 17.085 0.011
3350.54522 16.860 0.008
3350.56392 16.872 0.010
3353.60382 17.051 0.009
3357.60213 17.043 0.013
3359.58568 16.887 0.009
3361.60041 16.985 0.012
3363.58771 16.986 0.011
3363.60672 17.031 0.015
3367.64734 17.014 0.012
3369.58365 16.824 0.010
3372.58082 16.960 0.009
3372.59961 17.024 0.012
3376.55696 17.026 0.010
3376.57564 17.038 0.012
3380.56197 17.082 0.014
3386.60882 17.018 0.011
3395.56081 17.020 0.016
3399.58462 17.093 0.015
3402.60155 16.659 0.010
3543.91768 17.062 0.014
3551.92011 16.757 0.009
3551.94034 16.772 0.011
3558.90365 17.050 0.009
3558.92226 17.063 0.013
3562.89076 17.082 0.009
3562.91301 17.085 0.011
3568.88187 16.958 0.009
3568.90457 16.974 0.011
3570.84292 17.004 0.013
3570.86619 16.850 0.012
3571.83383 17.092 0.013
3571.85269 17.116 0.016
3573.87955 16.907 0.012
3573.89807 16.938 0.014
3575.83531 17.065 0.010
3575.85790 17.100 0.012
3577.89168 17.009 0.011
3577.91446 17.006 0.012
3578.92775 16.893 0.009
3579.83277 16.638 0.007
3579.85536 16.613 0.009
3581.90186 17.063 0.011
3581.92430 17.063 0.013
3582.85814 16.925 0.009
3582.87668 16.920 0.011
3583.86838 16.765 0.008
3583.89577 16.806 0.010
3585.85657 17.044 0.009
3585.88952 17.094 0.009
3586.84166 16.992 0.008
3586.88604 17.007 0.009
3588.85993 16.681 0.008
3588.88421 16.696 0.010
3590.81599 17.037 0.009
3590.84281 17.063 0.010
3592.78075 16.739 0.007
3592.80312 16.778 0.009
3594.82024 17.073 0.009
3594.84391 17.096 0.011
3600.90602 17.090 0.020
3600.93294 17.044 0.016
3602.76459 16.807 0.010
3603.75602 17.074 0.012
3607.84838 16.924 0.009
3608.81265 17.109 0.012
3614.82059 16.956 0.008
3614.84444 16.974 0.010
3615.84927 16.834 0.010
3617.80437 17.073 0.009
3618.82891 17.034 0.011
3619.78250 16.916 0.008
3620.85538 16.772 0.009
3621.77498 17.062 0.009
3622.80940 17.086 0.012
3625.75535 16.640 0.008
3628.77691 16.901 0.012
3630.65377 17.002 0.012
3630.69236 17.064 0.013
3632.65108 16.952 0.013
3632.66953 16.962 0.015
3634.70451 16.609 0.009
3634.72398 16.601 0.007
3637.68279 16.905 0.009
3637.70529 16.926 0.011
3639.73273 16.998 0.008
3640.67160 17.082 0.010
3641.72950 17.012 0.011
3643.82794 16.783 0.010
3644.70610 17.046 0.010
3644.76859 17.100 0.009
3646.69964 16.958 0.010
3646.72366 16.959 0.012
3650.72085 17.035 0.010
3650.73940 17.026 0.010
3652.65597 16.656 0.007
3652.68087 16.701 0.009
3654.63430 17.053 0.009
3654.65664 17.061 0.011
3656.65798 16.800 0.009
3656.70987 16.845 0.010
3657.71569 16.610 0.008
3657.73801 16.659 0.010
3658.69298 17.057 0.011
3658.71155 17.046 0.013
3659.67331 17.040 0.013
3659.69593 17.027 0.013
3660.70158 16.932 0.012
3661.62201 16.728 0.010
3663.64496 17.085 0.012
3663.69235 17.108 0.013
3665.67727 16.885 0.010
3665.72062 16.871 0.012
3668.62641 17.034 0.010
3668.64917 17.058 0.012
3668.67173 17.085 0.012
3670.57713 16.745 0.010
3670.66036 16.807 0.012
3672.59307 17.069 0.013
3672.61658 17.063 0.011
3674.67542 16.907 0.009
3674.75237 16.961 0.011
3676.61585 17.071 0.010
3676.63864 17.067 0.011
3682.59255 17.001 0.011
3682.61528 17.056 0.012
3684.58548 16.715 0.008
3684.63261 16.751 0.009
3686.57536 17.055 0.011
3686.59829 17.040 0.012
3688.54843 16.815 0.009
3688.57126 16.839 0.010
3690.55431 17.069 0.012
3690.58498 17.060 0.013
3692.60689 16.934 0.010
3693.58210 16.769 0.011
3694.59344 16.987 0.010
3695.57768 17.088 0.012
3696.58957 16.995 0.009
3698.55910 16.668 0.012
3698.62818 16.741 0.010
3700.63333 17.083 0.011
3701.60180 16.940 0.012
3702.62424 16.837 0.009
3703.61243 16.599 0.008
3704.62477 17.066 0.010
3705.58462 17.012 0.010
3706.63964 16.931 0.009
3707.58509 16.728 0.010
3708.62106 17.009 0.011
3712.57756 16.598 0.008
3712.60004 16.636 0.010
3714.58024 17.059 0.010
3715.55827 16.931 0.010
3718.56370 17.099 0.011
3719.63723 17.003 0.013
3721.59590 16.740 0.010
3722.58415 17.045 0.013
3725.62476 16.861 0.009
3725.66423 16.884 0.012
3730.54901 16.732 0.008
3730.56743 16.759 0.009
3734.61972 16.875 0.009
3735.57007 16.652 0.010
3738.57175 16.963 0.011
3739.56976 16.808 0.010
3742.56894 17.020 0.012
3743.54543 16.895 0.012
3747.56968 16.980 0.012
3748.54931 16.869 0.015
3751.57748 17.053 0.014
3753.54697 16.804 0.014
3758.56888 16.738 0.012
3762.55545 16.842 0.012
3762.57544 16.829 0.012
3766.56068 16.924 0.009
3768.53542 17.105 0.014
3772.58746 16.675 0.008
3773.53226 17.080 0.014
3777.53478 16.899 0.011
3777.55821 16.727 0.011
3871.90682 17.056 0.014
3871.92860 16.978 0.015
3902.92716 16.857 0.010
3902.94547 16.877 0.015
3907.92195 16.800 0.010
3907.94047 16.784 0.012
3913.94752 17.090 0.011
3915.91631 16.954 0.011
3918.91736 17.089 0.010
3918.93557 17.060 0.013
3932.86852 17.101 0.011
3933.82326 16.982 0.012
3934.88688 16.875 0.009
3934.90525 16.894 0.011
3936.89519 17.079 0.010
3936.91349 17.096 0.012
3938.87926 16.965 0.010
3938.89769 16.991 0.011
3945.86747 17.083 0.011
3945.88616 17.115 0.009
3950.83105 17.066 0.010
3950.84919 17.097 0.012
3957.78658 16.865 0.012
3957.80483 16.851 0.015
3959.77600 17.053 0.011
3959.80331 17.045 0.013
3961.77017 16.933 0.011
3961.78949 16.913 0.012
3964.77840 17.063 0.008
3964.79665 17.090 0.010
3966.77066 16.855 0.008
3966.78887 16.901 0.010
3968.76436 17.062 0.009
3968.78241 17.044 0.012
3970.75601 16.949 0.008
3970.77404 16.936 0.009
3973.72534 17.082 0.010
3973.74502 17.088 0.012
3975.73760 16.887 0.009
3975.75834 16.909 0.011
3980.67286 16.803 0.010
3980.69083 16.810 0.011
3981.67260 16.847 0.008
3981.69072 16.729 0.009
3982.73693 17.079 0.013
3982.75504 17.058 0.014
3986.71028 17.121 0.011
3986.73222 17.052 0.013
3989.82929 16.948 0.012
3991.73950 17.049 0.011
3991.77048 17.054 0.012
3994.65190 16.755 0.009
3994.67152 16.773 0.010
3998.68230 16.890 0.011
4001.65311 17.047 0.009
4001.67118 17.057 0.011
4003.62454 16.761 0.008
4003.64289 16.801 0.009
4004.70432 16.600 0.007
4004.73144 16.632 0.008
4005.69850 17.075 0.009
4005.71671 17.074 0.012
4007.60991 16.892 0.011
4008.60065 16.660 0.007
4008.61896 16.678 0.008
4011.65112 16.971 0.009
4011.66935 17.008 0.012
4014.63354 17.060 0.012
4014.66730 17.044 0.014
4016.63035 16.931 0.010
4016.64859 16.923 0.012
4018.62675 17.057 0.010
4018.64490 17.010 0.012
4020.63020 17.049 0.011
4020.68384 17.054 0.012
4023.61607 17.076 0.011
4023.63431 17.051 0.013
4025.61641 16.941 0.009
4025.63467 16.952 0.011
4027.60452 16.786 0.008
4027.62281 16.699 0.010
4029.58684 17.016 0.010
4029.60503 16.999 0.011
4031.57393 16.673 0.008
4031.59201 16.717 0.009
4033.66816 17.094 0.011
4036.62740 16.625 0.008
4038.56335 17.031 0.011
4038.58172 17.037 0.011
4040.54361 16.738 0.009
4040.56170 16.743 0.011
4042.57152 17.089 0.011
4042.63105 17.091 0.013
4044.67368 16.912 0.016
4046.62763 17.091 0.013
4047.58513 17.059 0.013
4049.53950 16.791 0.008
4049.55773 16.785 0.009
4051.58914 17.075 0.011
4051.60729 17.101 0.012
4053.61827 16.915 0.009
4053.63652 16.934 0.008
4055.52920 17.105 0.013
4055.54750 17.115 0.016
4057.58657 16.976 0.014
4057.60456 17.006 0.011
4059.60298 16.626 0.008
4059.62111 16.676 0.010
4063.54979 16.791 0.009
4063.61247 16.827 0.010
4065.60009 17.092 0.009
4066.52737 16.976 0.011
4067.59093 16.896 0.009
4068.59474 16.698 0.009
4069.54378 17.059 0.011
4071.53588 16.954 0.012
4071.55461 16.945 0.010
4074.55072 17.072 0.011
4074.57108 17.080 0.012
4077.55245 16.757 0.008
4077.62376 16.789 0.012
4079.55264 17.068 0.011
4079.57084 17.098 0.012
4082.55395 16.614 0.008
4083.57835 17.051 0.014
4085.63130 16.999 0.011
4087.60027 16.628 0.009
4092.58677 17.090 0.009
4095.56413 16.863 0.010
4095.60117 16.876 0.010
4097.62930 17.081 0.013
4098.58319 17.019 0.014
4100.62076 16.815 0.009
4102.55534 17.046 0.013
4105.58477 16.701 0.008
4107.55947 17.076 0.012
4111.62120 17.061 0.009
4112.55989 17.053 0.012
4115.54066 17.100 0.011
4119.54944 16.625 0.010
4120.57159 17.091 0.010
4122.57575 16.971 0.013
4124.58863 16.675 0.008
4128.57587 16.735 0.011
4128.60700 16.749 0.009
4253.87645 16.913 0.014
4253.89912 16.879 0.016
4255.87472 17.104 0.013
4255.91774 17.063 0.017
4258.93449 16.874 0.015
4268.93305 16.740 0.009
4273.92083 16.622 0.014
4275.94799 17.079 0.014
4279.77400 17.049 0.020
4279.84483 17.083 0.014
4282.74731 16.919 0.015
4282.83623 16.611 0.009
4282.91158 16.682 0.011
4283.83833 17.056 0.016
4283.85527 17.062 0.013
4284.88571 17.057 0.013
4284.90611 17.051 0.015
4289.86032 17.040 0.011
4289.87719 17.011 0.014
4292.89358 17.094 0.011
4292.91048 17.077 0.012
4295.88706 16.870 0.010
4295.90441 16.855 0.011
4296.91754 16.659 0.008
4296.93867 16.674 0.009
4297.94949 17.099 0.016
4298.85770 17.012 0.014
4299.88435 16.942 0.009
4299.90120 16.944 0.010
4300.90609 16.801 0.009
4300.92303 16.810 0.011
4301.92463 16.671 0.009
4301.94185 16.633 0.010
4302.94653 17.116 0.014
4303.83258 16.987 0.012
4306.94324 17.079 0.014
4307.72959 17.031 0.013
4307.85783 17.055 0.010
4308.68603 16.881 0.010
4308.70336 16.891 0.013
4308.89396 16.946 0.010
4308.91122 16.989 0.012
4310.86610 16.631 0.009
4310.88329 16.616 0.011
4311.86598 17.070 0.015
4311.88481 17.084 0.020
4312.92813 17.048 0.010
4314.81377 16.701 0.012
4316.85511 17.100 0.012
4316.87345 17.074 0.014
4320.85715 17.060 0.013
4320.88244 17.054 0.012
4326.86466 17.023 0.012
4326.88154 17.027 0.013
4327.88694 16.943 0.013
4327.90507 16.933 0.015
4328.85696 16.715 0.009
4328.87506 16.737 0.013
4329.85769 17.097 0.012
4329.87448 17.098 0.015
4330.88763 17.073 0.012
4330.90570 17.083 0.014
4332.90380 16.863 0.011
4332.92196 16.860 0.012
4334.88084 17.064 0.013
4334.91525 17.032 0.016
4339.86996 17.090 0.015
4339.87743 17.094 0.014
4340.80413 16.980 0.011
4340.82220 16.958 0.014
4341.79696 16.815 0.011
4341.81506 16.862 0.013
4342.87120 16.688 0.009
4342.88933 16.693 0.012
4343.79056 17.079 0.012
4343.80864 17.066 0.014
4344.77263 17.016 0.011
4344.79079 17.036 0.013
4346.72889 16.726 0.009
4346.76707 16.733 0.011
4348.73472 17.091 0.011
4348.75279 17.072 0.013
4350.71139 16.836 0.009
4350.72959 16.843 0.011
4353.66950 17.038 0.012
4353.68772 17.003 0.014
4354.79087 16.960 0.010
4355.74627 16.791 0.012
4358.68962 17.009 0.013
4359.72850 16.890 0.010
4359.74685 16.889 0.011
4362.67613 17.026 0.014
4362.69719 17.030 0.015
4363.63544 16.927 0.011
4365.67119 16.913 0.014
4365.69381 16.797 0.012
4369.68775 16.714 0.011
4369.72798 16.755 0.013
4371.67675 17.077 0.013
4371.69496 17.059 0.014
4376.68020 17.052 0.012
4376.69832 17.035 0.013
4378.64686 16.751 0.010
4378.66502 16.759 0.011
4379.67813 17.055 0.012
4379.69629 16.957 0.015
4381.63727 17.012 0.012
4381.65548 17.009 0.014
4382.71584 16.901 0.010
4383.68398 16.643 0.010
4386.69009 16.976 0.010
4386.70858 16.968 0.013
4388.69084 16.642 0.009
4388.70887 16.617 0.010
4390.69965 17.023 0.010
4390.71781 17.041 0.013
4393.69415 17.110 0.011
4394.60541 17.063 0.013
4396.66875 16.860 0.010
4396.68883 16.849 0.012
4398.67374 17.071 0.012
4398.69193 17.065 0.015
4400.69824 16.943 0.011
4402.67698 16.892 0.012
4404.67526 17.021 0.013
4404.69344 16.997 0.016
4407.66312 17.078 0.012
4407.70196 17.087 0.015
4409.71754 16.976 0.013
4410.69303 16.852 0.010
4411.71266 16.619 0.010
4415.67937 16.767 0.009
4415.71651 16.794 0.012
4417.66651 17.044 0.012
4418.62491 16.971 0.010
4420.65292 16.626 0.011
4421.68272 17.072 0.011
4422.68494 17.075 0.014
4423.68716 16.982 0.011
4424.68205 16.822 0.013
4426.56336 17.089 0.013
4427.56778 16.973 0.013
4428.58005 16.884 0.013
4429.61089 16.675 0.014
4430.64021 17.094 0.013
4431.59800 17.061 0.015
4432.62615 16.965 0.010
4433.60388 16.791 0.012
4434.63138 16.609 0.009
4435.59222 17.056 0.013
4436.60773 17.053 0.011
4438.65230 16.793 0.012
4438.67037 16.802 0.012
4440.62180 17.090 0.014
4442.56500 16.870 0.012
4442.58325 16.852 0.013
4444.58976 17.071 0.015
4444.60797 17.059 0.019
4450.62223 17.002 0.013
4452.59974 16.713 0.010
4452.61818 16.716 0.011
4454.53681 17.037 0.013
4454.63838 17.079 0.015
4455.58045 16.946 0.013
4455.60889 16.972 0.011
4457.54444 16.867 0.012
4457.58935 16.618 0.014
4459.56451 17.016 0.014
4460.54375 16.889 0.012
4462.59595 17.065 0.012
4463.60727 17.098 0.014
4466.62009 16.689 0.010
4467.59008 17.028 0.016
4470.58948 16.805 0.012
4471.55474 16.985 0.011
4474.63604 16.922 0.014
4475.54881 16.690 0.009
4476.61436 17.092 0.013
4480.58984 16.623 0.009
4481.62207 17.075 0.015
4482.59678 17.038 0.014
4483.64070 16.959 0.014
4485.60664 16.870 0.013
4485.62217 16.773 0.014
4488.60208 16.888 0.013
4488.62279 16.896 0.019
4492.61304 16.961 0.013
4609.92442 16.948 0.011
4643.90859 16.607 0.009
4643.92671 16.630 0.011
4650.94747 17.041 0.013
4655.90888 16.955 0.012
4655.92692 16.974 0.009
4661.92269 16.794 0.012
4662.80529 17.091 0.010
4662.84626 17.073 0.012
4662.92211 16.991 0.009
4662.94413 16.874 0.011
4663.77690 17.069 0.012
4663.79500 17.037 0.017
4663.92474 17.102 0.013
4665.85001 16.861 0.011
4665.86815 16.854 0.013
4665.94382 16.908 0.012
4666.94299 16.716 0.011
4670.93211 16.838 0.009
4671.84655 17.011 0.014
4671.90202 16.700 0.009
4676.93232 17.069 0.014
4677.84795 17.070 0.010
4677.86593 17.062 0.012
4682.82234 17.027 0.011
4682.84035 17.045 0.013
4684.86024 16.773 0.010
4684.87836 16.763 0.010
4686.82021 17.081 0.009
4686.83832 17.074 0.011
4688.83616 16.857 0.009
4688.85456 16.852 0.010
4690.76180 17.075 0.010
4690.77989 17.074 0.012
4691.76483 17.020 0.011
4691.78322 17.034 0.013
4693.91978 16.839 0.013
4694.82950 16.909 0.015
4696.91654 17.021 0.015
4697.77385 16.837 0.014
4697.83195 16.896 0.013
4698.78154 16.630 0.007
4699.77568 17.063 0.011
4699.79488 17.041 0.012
4700.81039 17.078 0.010
4700.82877 17.083 0.012
4701.81829 16.969 0.011
4701.83645 16.966 0.012
4703.77751 16.837 0.010
4703.79565 16.703 0.010
4704.79624 17.060 0.009
4704.81438 17.069 0.012
4705.80375 17.050 0.011
4705.82199 17.038 0.015
4707.79617 16.742 0.008
4707.83940 16.757 0.010
4709.75197 17.086 0.011
4709.77020 17.082 0.012
4710.78053 16.999 0.009
4715.76054 16.920 0.011
4715.77878 16.925 0.012
4716.84376 16.816 0.008
4717.71370 17.091 0.011
4717.73337 17.135 0.013
4719.80110 17.010 0.011
4720.71224 16.848 0.012
4721.79398 16.707 0.009
4722.72748 17.073 0.012
4724.67650 16.930 0.011
4725.73268 16.793 0.011
4725.75601 16.815 0.009
4728.76153 17.018 0.010
4730.72325 16.679 0.009
4730.78595 16.742 0.009
4733.73816 16.970 0.010
4733.75817 16.991 0.011
4736.67487 17.063 0.014
4738.76766 16.933 0.012
4739.62192 16.677 0.012
4740.64989 17.072 0.013
4740.67973 17.089 0.012
4740.70075 17.080 0.012
4741.66360 17.073 0.012
4741.71508 17.082 0.009
4743.69745 16.868 0.011
4747.58202 16.874 0.013
4747.61931 16.906 0.010
4748.63104 16.742 0.010
4748.68621 16.771 0.011
4749.61897 17.096 0.012
4749.65155 17.081 0.015
4750.71907 17.060 0.019
4753.62052 16.629 0.011
4753.68996 16.721 0.012
4754.59359 17.083 0.019
4754.64462 17.083 0.016
4755.62647 17.042 0.013
4755.68198 17.061 0.011
4756.65422 16.949 0.013
4757.60705 16.784 0.011
4757.66644 16.820 0.009
4758.63443 16.818 0.010
4759.62854 17.069 0.013
4759.68115 17.087 0.010
4760.62110 16.991 0.011
4761.64956 16.895 0.008
4762.61090 16.680 0.011
4763.66680 17.078 0.012
4767.60768 16.628 0.009
4767.64649 16.621 0.010
4770.67628 16.968 0.012
4770.69477 16.965 0.014
4772.61399 17.072 0.010
4772.63213 17.025 0.014
4774.56856 16.991 0.011
4774.60762 16.994 0.012
4776.56013 16.610 0.008
4776.57940 16.632 0.012
4777.66209 17.078 0.010
4778.58077 17.031 0.013
4780.53078 16.749 0.010
4780.57801 16.773 0.011
4781.64473 16.629 0.009
4782.55091 17.065 0.013
4783.59386 17.028 0.012
4783.61250 16.980 0.013
4785.62927 16.765 0.011
4786.53282 17.042 0.015
4789.56033 16.819 0.009
4789.57864 16.805 0.010
4791.54190 17.080 0.012
4791.56020 17.082 0.013
4793.54926 16.906 0.011
4793.56755 16.915 0.012
4795.56197 17.113 0.010
4795.58042 17.060 0.011
4797.55423 16.985 0.010
4797.57259 16.981 0.013
4798.61755 16.879 0.010
4798.63582 16.893 0.012
4800.66494 17.108 0.011
4801.53706 17.028 0.012
4802.57402 16.951 0.010
4802.62452 16.950 0.013
4803.55605 16.805 0.009
4803.59645 16.822 0.011
4804.61115 16.625 0.010
4805.53146 17.055 0.016
4805.53878 17.097 0.011
4805.59798 17.096 0.011
4806.58287 17.023 0.011
4806.62294 17.037 0.012
4807.53582 16.910 0.013
4807.55819 16.898 0.014
4807.60948 16.948 0.013
4808.57861 16.728 0.009
4808.62014 16.782 0.010
4809.56515 17.080 0.012
4809.58333 17.084 0.012
4809.63423 17.028 0.011
4810.54278 17.088 0.012
4811.58703 17.000 0.011
4811.60524 16.963 0.013
4812.62761 16.870 0.013
4813.56398 16.605 0.009
4814.56307 17.060 0.014
4815.59989 17.072 0.013
4816.54697 16.944 0.010
4816.56526 16.925 0.012
4818.57919 16.918 0.013
4818.59723 16.862 0.010
4820.53874 17.003 0.011
4820.55718 16.981 0.013
4822.59545 16.692 0.009
4822.61397 16.729 0.010
4824.58028 17.085 0.012
4824.59880 17.093 0.015
4826.63995 16.872 0.010
4831.57041 16.759 0.012
4833.57937 17.070 0.010
4833.59828 17.057 0.012
4835.60259 16.886 0.010
4835.62100 16.865 0.014
4837.61352 17.091 0.014
4839.62403 16.968 0.015
4841.58992 16.681 0.010
4842.59068 17.112 0.016
4843.58411 17.031 0.014
4844.53978 16.880 0.010
4844.60113 16.913 0.013
4846.59322 17.098 0.012
4847.54394 17.098 0.014
4847.65535 17.090 0.021
4848.62944 16.999 0.010
4849.54099 16.837 0.011
4849.61534 16.877 0.012
4849.64449 16.999 0.011
4850.58423 16.649 0.009
4850.61693 16.674 0.009
4850.64737 17.066 0.012
4853.61260 16.970 0.013
4854.54170 16.783 0.012
4854.60822 16.804 0.009
4855.62582 16.710 0.014
4856.53299 17.071 0.014
4856.62540 17.060 0.010
4859.52760 16.625 0.015
4862.52504 16.938 0.017
4862.52865 16.935 0.014
4862.57329 16.964 0.010
4862.58499 16.950 0.011
4862.59963 16.963 0.012
4863.53531 16.775 0.010
4864.52963 16.794 0.015
4864.56974 16.581 0.009
4865.57255 17.068 0.013
4866.53437 17.020 0.017
4866.54343 17.044 0.016
4866.57465 17.030 0.014
4867.58212 16.930 0.013
4868.54477 16.716 0.011
4868.56364 16.760 0.009
4868.58178 16.769 0.011
4870.52433 17.060 0.020
4871.52270 16.964 0.019
4947.92041 16.922 0.013
4948.92118 16.740 0.010
4953.92420 16.653 0.011
4954.92531 17.063 0.014
