2086.90341 15.437 0.007
2103.91012 15.179 0.006
2105.94023 15.421 0.006
2106.90586 15.551 0.007
2112.85824 15.474 0.006
2114.84006 15.341 0.006
2116.88597 15.621 0.007
2123.83290 15.272 0.006
2128.84036 15.293 0.006
2129.87237 15.411 0.006
2130.85876 15.550 0.006
2131.85282 15.614 0.007
2132.82060 15.187 0.006
2133.90944 15.337 0.007
2134.82488 15.455 0.007
2135.85893 15.582 0.006
2137.90544 15.228 0.006
2140.82905 15.619 0.007
2142.76535 15.240 0.006
2143.83088 15.371 0.006
2144.84223 15.493 0.006
2155.89340 15.590 0.008
2156.84002 15.206 0.006
2160.76940 15.511 0.007
2162.77623 15.344 0.006
2166.77083 15.242 0.006
2167.77927 15.373 0.006
2168.72848 15.478 0.007
2171.75433 15.278 0.006
2172.76101 15.393 0.006
2177.65449 15.404 0.006
2184.71609 15.534 0.007
2185.67960 15.219 0.006
2187.69961 15.455 0.007
2190.70619 15.252 0.006
2191.67674 15.376 0.006
2192.67653 15.486 0.006
2193.69761 15.636 0.006
2194.66773 15.273 0.006
2203.56421 15.669 0.007
2206.62048 15.428 0.007
2211.65462 15.453 0.006
2212.65844 15.615 0.007
2214.65545 15.259 0.006
2215.66242 15.373 0.006
2217.64912 15.641 0.008
2219.69201 15.274 0.006
2222.74057 15.663 0.008
2224.72686 15.313 0.006
2226.64977 15.536 0.008
2228.57165 15.200 0.006
2229.62994 15.310 0.006
2231.66180 15.585 0.007
2232.52334 15.628 0.007
2233.62673 15.219 0.006
2235.67685 15.468 0.006
2238.56039 15.251 0.006
2240.66469 15.496 0.007
2242.63223 15.261 0.006
2248.63004 15.297 0.006
2250.59021 15.525 0.006
2255.62054 15.575 0.007
2258.58903 15.341 0.006
2263.59758 15.373 0.006
2266.58344 15.261 0.006
2271.57796 15.192 0.006
2273.57729 15.422 0.007
2275.61220 15.651 0.007
2276.57180 15.204 0.006
2278.60440 15.447 0.007
2280.60021 15.529 0.007
2284.60312 15.606 0.008
2290.61708 15.237 0.006
2293.57937 15.521 0.007
2295.57235 15.183 0.006
2297.57569 15.410 0.007
2299.57476 15.642 0.007
2445.92561 15.368 0.007
2460.89375 15.446 0.007
2463.93003 15.248 0.006
2467.91583 15.285 0.006
2469.91518 15.394 0.006
2471.90466 15.667 0.007
2473.92091 15.292 0.006
2481.91825 15.559 0.008
2483.90352 15.340 0.006
2486.90051 15.397 0.007
2488.90574 15.371 0.007
2489.93789 15.477 0.007
2492.91824 15.255 0.006
2496.91790 15.187 0.006
2498.78857 15.400 0.006
2499.87422 15.540 0.007
2500.87976 15.653 0.007
2501.86874 15.195 0.006
2502.84892 15.320 0.007
2508.76021 15.434 0.008
2516.79148 15.273 0.007
2517.83823 15.390 0.007
2518.80959 15.513 0.007
2519.84657 15.666 0.007
2520.80594 15.206 0.006
2521.83802 15.301 0.006
2524.83634 15.662 0.007
2526.79253 15.322 0.006
2534.84889 15.394 0.007
2535.82908 15.237 0.006
2537.71686 15.459 0.008
2538.81284 15.648 0.008
2539.71537 15.356 0.006
2540.75753 15.273 0.007
2541.72724 15.373 0.006
2542.69705 15.492 0.007
2544.67688 15.243 0.006
2545.69064 15.282 0.006
2547.70860 15.519 0.007
2548.72637 15.664 0.007
2550.72147 15.306 0.007
2551.70810 15.425 0.006
2552.72415 15.566 0.006
2554.71731 15.204 0.006
2555.72527 15.328 0.006
2556.70429 15.453 0.006
2557.71682 15.595 0.007
2558.67330 15.501 0.007
2559.63017 15.223 0.006
2560.66328 15.356 0.006
2562.68172 15.625 0.007
2563.68963 15.361 0.006
2564.70503 15.257 0.006
2565.69469 15.377 0.007
2566.67496 15.493 0.007
2568.70596 15.222 0.007
2571.65988 15.519 0.007
2573.67204 15.204 0.007
2574.65589 15.307 0.006
2576.69044 15.554 0.008
2577.64274 15.637 0.008
2578.64281 15.197 0.006
2579.65357 15.324 0.006
2580.66158 15.448 0.006
2583.63293 15.231 0.006
2584.64027 15.363 0.007
2586.63999 15.603 0.006
2587.62319 15.384 0.006
2588.73359 15.259 0.006
2589.61405 15.371 0.006
2590.62919 15.491 0.007
2591.65137 15.647 0.007
2593.62041 15.279 0.006
2594.62415 15.407 0.007
2596.59968 15.678 0.008
2597.58689 15.198 0.006
2598.66741 15.324 0.006
2599.62017 15.433 0.007
2607.64144 15.230 0.006
2610.56222 15.601 0.007
2613.55487 15.363 0.007
2615.58378 15.634 0.007
2619.57143 15.508 0.007
2621.58060 15.175 0.006
2625.56305 15.621 0.008
2632.56180 15.332 0.006
2636.55800 15.245 0.006
2639.55747 15.643 0.007
2642.56724 15.401 0.007
2646.57906 15.298 0.006
2651.55217 15.313 0.007
2654.57301 15.466 0.007
2657.57181 15.456 0.007
2660.57535 15.260 0.007
2663.58023 15.661 0.008
2671.56525 15.424 0.007
2673.57706 15.598 0.008
2676.53845 15.437 0.007
2679.55285 15.222 0.006
2682.55520 15.620 0.008
2777.91768 15.538 0.008
2804.88460 15.314 0.007
2805.86150 15.429 0.008
2811.91906 15.613 0.008
2815.89246 15.485 0.007
2817.94124 15.235 0.007
2830.91831 15.576 0.008
2831.79607 15.607 0.008
2832.76202 15.210 0.006
2832.93996 15.224 0.006
2833.87992 15.348 0.007
2835.88859 15.609 0.007
2840.83958 15.645 0.008
2843.84100 15.387 0.006
2844.88678 15.518 0.007
2845.93283 15.671 0.008
2849.87025 15.542 0.007
2850.90298 15.634 0.008
2852.81720 15.317 0.007
2854.84292 15.559 0.007
2856.82990 15.213 0.007
2858.92393 15.470 0.007
2860.88994 15.357 0.006
2861.76109 15.247 0.006
2862.94014 15.385 0.008
2863.84933 15.481 0.008
2865.84614 15.254 0.006
2866.89585 15.289 0.007
2867.83587 15.411 0.007
2868.78350 15.502 0.007
2869.92108 15.660 0.008
2870.83012 15.192 0.006
2871.87302 15.308 0.006
2875.81937 15.201 0.006
2876.79028 15.322 0.006
2879.75378 15.597 0.007
2883.83996 15.610 0.007
2885.77475 15.256 0.006
2888.82305 15.644 0.007
2892.81445 15.502 0.008
2894.74356 15.193 0.006
2896.74064 15.417 0.007
2898.76167 15.651 0.007
2900.76051 15.316 0.006
2902.76002 15.568 0.007
2905.76718 15.339 0.008
2907.76861 15.601 0.007
2909.75771 15.228 0.006
2911.74906 15.467 0.006
2915.72056 15.379 0.006
2917.74670 15.661 0.007
2921.74979 15.537 0.007
2923.76635 15.181 0.006
2925.72935 15.435 0.006
2927.72683 15.561 0.007
2930.74493 15.453 0.007
2932.75145 15.384 0.006
2937.65524 15.329 0.007
2939.70792 15.383 0.007
2940.64802 15.503 0.006
2941.69785 15.666 0.007
2942.64801 15.198 0.006
2943.61919 15.283 0.006
2944.60384 15.411 0.007
2945.62062 15.527 0.007
2947.63011 15.181 0.006
2949.61135 15.424 0.007
2950.65615 15.558 0.007
2951.64337 15.600 0.007
2952.67231 15.211 0.006
2954.69714 15.446 0.007
2956.64312 15.432 0.006
2958.63752 15.358 0.006
2961.60865 15.334 0.007
2965.64706 15.668 0.007
2968.60841 15.406 0.007
2970.62766 15.661 0.007
2972.61214 15.312 0.006
2974.63375 15.548 0.007
2976.56255 15.192 0.006
2978.58872 15.448 0.007
2980.60561 15.433 0.007
2982.55081 15.351 0.006
2984.64176 15.640 0.007
2986.65182 15.272 0.007
2988.54574 15.485 0.007
2991.61723 15.288 0.006
2994.59999 15.663 0.007
2997.57304 15.430 0.006
3001.58823 15.343 0.006
3005.54629 15.229 0.006
3008.57263 15.625 0.008
3011.57602 15.385 0.007
3016.60270 15.418 0.007
3018.58914 15.654 0.006
3020.61721 15.318 0.006
3021.63419 15.445 0.006
3023.58595 15.581 0.007
3025.59236 15.326 0.006
3027.61796 15.613 0.007
3029.58982 15.232 0.006
3031.59442 15.482 0.006
3033.59674 15.270 0.006
3037.54382 15.649 0.008
3164.94417 15.379 0.007
3183.92617 15.358 0.007
3193.89389 15.405 0.006
3196.86605 15.177 0.006
3197.92855 15.308 0.006
3203.89394 15.447 0.006
3206.83175 15.212 0.006
3210.90782 15.320 0.006
3211.89922 15.268 0.006
3215.67534 15.333 0.007
3216.74339 15.271 0.006
3217.94384 15.414 0.007
3218.93438 15.534 0.008
3223.84936 15.553 0.007
3226.83957 15.343 0.006
3229.84673 15.463 0.006
3239.80721 15.230 0.006
3240.80446 15.292 0.006
3241.82880 15.413 0.006
3242.72816 15.504 0.007
3243.86460 15.669 0.007
3244.84179 15.195 0.006
3246.78335 15.431 0.007
3247.77715 15.543 0.006
3249.74181 15.182 0.006
3251.75532 15.439 0.006
3254.74244 15.221 0.006
3257.75892 15.608 0.006
3259.67803 15.229 0.006
3261.71611 15.481 0.006
3263.69883 15.275 0.006
3265.73324 15.387 0.006
3267.72202 15.669 0.006
3269.81596 15.309 0.006
3270.75532 15.429 0.006
3271.67812 15.538 0.006
3272.73537 15.637 0.007
3274.72121 15.325 0.006
3276.72564 15.565 0.007
3277.76440 15.504 0.006
3279.69602 15.355 0.006
3281.65475 15.581 0.006
3283.65624 15.243 0.006
3287.62239 15.311 0.006
3289.63348 15.396 0.006
3295.62906 15.529 0.006
3297.61088 15.195 0.006
3299.66722 15.431 0.006
3301.64144 15.589 0.007
3303.70370 15.345 0.006
3306.63624 15.399 0.006
3308.62399 15.364 0.006
3310.62308 15.634 0.007
3314.57796 15.483 0.007
3320.61582 15.656 0.006
3323.55929 15.421 0.006
3327.57079 15.333 0.006
3330.56502 15.425 0.006
3335.60988 15.276 0.006
3338.61345 15.513 0.006
3349.60980 15.548 0.006
3353.58893 15.596 0.006
3359.56547 15.289 0.006
3363.57282 15.654 0.007
3367.63217 15.540 0.006
3372.56291 15.559 0.006
3376.54225 15.452 0.006
3378.60917 15.366 0.006
3386.57565 15.506 0.006
3390.60566 15.412 0.006
3398.57097 15.216 0.006
3402.55943 15.356 0.006
3541.94424 15.178 0.006
3547.92882 15.316 0.006
3554.93702 15.588 0.006
3561.86121 15.258 0.006
3564.92129 15.663 0.006
3568.85212 15.510 0.006
3570.82368 15.179 0.006
3571.81519 15.310 0.006
3573.86086 15.545 0.007
3574.89171 15.580 0.006
3577.85028 15.452 0.006
3578.90887 15.601 0.006
3579.81372 15.470 0.006
3581.85868 15.356 0.006
3581.88321 15.344 0.006
3582.84355 15.466 0.006
3583.85354 15.624 0.006
3586.82228 15.377 0.006
3588.84017 15.659 0.006
3589.83505 15.188 0.006
3591.88778 15.405 0.006
3593.87405 15.651 0.006
3596.90575 15.428 0.006
3601.82337 15.450 0.006
3607.82881 15.628 0.006
3614.80017 15.276 0.006
3617.78262 15.659 0.006
3619.71265 15.290 0.006
3621.73108 15.542 0.006
3624.87932 15.343 0.006
3626.72874 15.569 0.006
3629.68234 15.329 0.006
3631.74473 15.616 0.007
3633.72100 15.271 0.006
3637.66398 15.243 0.006
3639.71401 15.387 0.006
3641.71056 15.668 0.006
3643.73497 15.290 0.006
3646.67408 15.633 0.006
3650.67314 15.568 0.006
3650.69720 15.574 0.006
3651.74713 15.436 0.006
3653.74333 15.357 0.006
3655.70945 15.628 0.006
3657.66314 15.251 0.006
3658.67527 15.379 0.006
3659.65614 15.478 0.007
3660.68286 15.658 0.007
3663.57437 15.381 0.006
3665.65003 15.653 0.007
3668.58639 15.408 0.006
3669.71721 15.547 0.006
3671.68307 15.214 0.006
3673.68811 15.440 0.006
3675.67274 15.472 0.006
3681.65623 15.266 0.006
3683.66204 15.491 0.006
3685.66720 15.217 0.006
3687.66750 15.398 0.006
3689.61905 15.663 0.007
3692.59004 15.411 0.006
3694.57405 15.650 0.007
3696.57458 15.331 0.006
3698.60828 15.573 0.007
3700.61828 15.229 0.006
3702.59851 15.460 0.006
3704.60478 15.372 0.006
3706.62524 15.376 0.006
3708.60217 15.638 0.007
3711.60471 15.394 0.006
3714.53843 15.190 0.006
3718.61897 15.638 0.007
3721.57261 15.440 0.006
3724.57758 15.223 0.006
3726.59812 15.472 0.006
3728.57126 15.377 0.006
3734.60073 15.291 0.006
3737.59041 15.671 0.007
3742.54904 15.640 0.007
3746.57428 15.577 0.007
3751.55424 15.617 0.008
3756.56695 15.646 0.007
3761.61721 15.671 0.007
3766.54207 15.629 0.006
3772.56490 15.234 0.006
3776.56498 15.335 0.006
3871.89093 15.665 0.008
3902.91278 15.352 0.006
3907.90742 15.380 0.006
3913.93168 15.510 0.006
3918.89404 15.536 0.006
3931.92934 15.379 0.006
3934.87238 15.257 0.006
3936.88059 15.403 0.006
3938.86458 15.664 0.007
3944.91197 15.191 0.006
3946.88007 15.445 0.006
3951.90953 15.472 0.006
3955.86869 15.367 0.007
3958.84990 15.246 0.006
3960.84105 15.404 0.006
3963.83779 15.199 0.006
3965.82960 15.415 0.006
3967.87199 15.639 0.006
3969.81519 15.333 0.006
3971.79132 15.568 0.006
3974.79305 15.358 0.006
3979.75431 15.365 0.006
3980.63176 15.452 0.006
3981.65805 15.610 0.006
3983.84838 15.273 0.006
3987.79688 15.188 0.006
3990.80422 15.542 0.006
3993.74906 15.314 0.006
3995.75423 15.561 0.006
3999.76363 15.458 0.006
4002.73573 15.229 0.006
4004.68746 15.468 0.006
4006.71372 15.300 0.006
4007.57708 15.238 0.006
4008.58607 15.369 0.006
4009.75591 15.521 0.006
4013.71535 15.413 0.006
4016.70714 15.180 0.006
4018.71553 15.436 0.006
4019.70452 15.582 0.006
4021.69133 15.218 0.006
4024.66481 15.595 0.006
4026.64368 15.225 0.006
4028.64150 15.465 0.006
4030.65306 15.333 0.006
4032.70429 15.399 0.006
4037.68049 15.410 0.006
4039.61839 15.663 0.006
4041.61796 15.303 0.006
4043.60516 15.553 0.006
4046.61295 15.344 0.006
4048.57888 15.594 0.006
4050.62232 15.238 0.006
4052.57312 15.458 0.006
4054.63156 15.327 0.006
4056.59936 15.395 0.006
4058.63290 15.659 0.006
4060.53175 15.275 0.006
4064.52941 15.180 0.006
4066.57089 15.434 0.006
4069.52923 15.202 0.006
4073.61284 15.439 0.006
4077.53621 15.611 0.006
4079.53816 15.250 0.006
4082.53808 15.652 0.006
4085.57580 15.411 0.006
4092.57190 15.606 0.006
4096.59783 15.608 0.006
4100.60062 15.455 0.006
4105.56848 15.501 0.006
4108.54470 15.276 0.006
4113.62264 15.323 0.006
4120.59348 15.601 0.006
4132.57669 15.301 0.006
4252.94066 15.363 0.007
4255.85989 15.390 0.007
4268.91242 15.544 0.007
4275.93449 15.240 0.006
4279.83118 15.383 0.007
4282.82273 15.489 0.007
4283.87565 15.662 0.008
4285.92996 15.295 0.006
4292.86931 15.550 0.007
4295.87333 15.323 0.006
4296.90304 15.456 0.007
4297.93591 15.596 0.007
4299.87077 15.230 0.006
4300.89226 15.357 0.006
4301.91023 15.487 0.006
4302.93187 15.642 0.008
4306.92899 15.511 0.007
4307.91072 15.665 0.007
4308.67186 15.343 0.007
4308.87989 15.223 0.006
4310.85222 15.400 0.007
4311.83979 15.521 0.008
4312.91362 15.662 0.008
4314.93310 15.325 0.007
4316.83962 15.552 0.007
4319.87679 15.333 0.007
4320.90367 15.464 0.009
4326.84756 15.616 0.007
4327.82685 15.348 0.007
4328.84248 15.266 0.006
4329.84396 15.379 0.007
4330.87329 15.503 0.007
4333.87456 15.301 0.007
4338.91489 15.322 0.007
4340.78968 15.547 0.007
4341.78253 15.639 0.008
4342.83845 15.214 0.006
4343.77603 15.326 0.006
4344.75819 15.439 0.007
4345.80556 15.582 0.007
4347.79309 15.235 0.006
4349.80625 15.470 0.007
4351.83705 15.326 0.007
4353.76655 15.385 0.007
4359.71337 15.517 0.007
4361.71593 15.186 0.006
4362.74076 15.306 0.007
4364.59768 15.534 0.008
4367.69517 15.325 0.007
4370.68685 15.570 0.007
4372.75028 15.357 0.006
4376.66569 15.253 0.006
4378.63225 15.476 0.007
4379.66127 15.652 0.008
4380.77310 15.216 0.006
4382.70049 15.400 0.006
4386.67558 15.301 0.006
4388.67608 15.544 0.007
4390.68506 15.201 0.006
4393.65883 15.570 0.007
4395.69375 15.222 0.006
4398.65919 15.616 0.007
4400.68378 15.257 0.006
4403.70784 15.648 0.007
4407.64794 15.510 0.007
4408.69411 15.670 0.007
4410.71706 15.306 0.006
4415.70121 15.334 0.007
4418.60784 15.582 0.007
4422.66909 15.611 0.007
4424.66618 15.250 0.006
4427.55286 15.635 0.007
4429.59595 15.301 0.008
4431.58328 15.507 0.007
4433.58909 15.200 0.006
4435.57742 15.410 0.006
4437.66650 15.641 0.009
4439.57837 15.332 0.007
4441.61423 15.575 0.007
4443.60495 15.228 0.006
4449.65900 15.382 0.006
4451.61411 15.644 0.007
4453.59607 15.276 0.006
4456.59748 15.656 0.008
4459.55008 15.414 0.007
4464.58973 15.431 0.006
4465.55570 15.571 0.007
4470.57466 15.612 0.007
4474.61113 15.490 0.007
4476.58930 15.246 0.006
4479.61407 15.514 0.007
4481.59873 15.192 0.006
4484.61543 15.564 0.008
4487.63694 15.342 0.007
4609.91034 15.649 0.007
4649.94512 15.254 0.006
4655.93429 15.393 0.006
4661.90830 15.538 0.007
4662.79101 15.669 0.007
4662.90795 15.669 0.007
4663.76269 15.190 0.006
4663.94654 15.204 0.006
4665.83565 15.424 0.007
4665.92962 15.447 0.007
4666.92490 15.566 0.007
4670.91785 15.470 0.006
4671.83209 15.601 0.007
4672.89184 15.411 0.007
4675.90944 15.482 0.007
4681.88919 15.669 0.007
4683.88546 15.291 0.006
4685.87149 15.547 0.007
4688.82185 15.317 0.006
4690.74740 15.561 0.006
4691.75033 15.649 0.008
4693.90539 15.344 0.007
4696.87894 15.399 0.007
4698.76710 15.373 0.006
4699.76109 15.471 0.006
4701.80381 15.309 0.006
4702.86513 15.272 0.007
4703.76303 15.384 0.006
4704.78184 15.509 0.006
4705.78911 15.670 0.007
4707.78175 15.283 0.006
4710.76601 15.669 0.006
4716.76749 15.200 0.006
4719.77572 15.591 0.006
4721.77933 15.248 0.006
4724.77897 15.629 0.007
4726.67395 15.256 0.006
4729.68500 15.627 0.007
4731.77983 15.288 0.006
4734.75973 15.662 0.007
4741.73814 15.332 0.006
4747.60472 15.461 0.007
4749.60434 15.403 0.007
4753.67543 15.654 0.008
4755.66739 15.278 0.006
4757.65187 15.520 0.007
4759.66655 15.186 0.006
4761.63474 15.425 0.006
4763.64737 15.649 0.007
4766.61559 15.442 0.007
4769.65370 15.252 0.007
4771.56474 15.454 0.006
4773.68956 15.333 0.006
4775.67643 15.384 0.006
4777.61011 15.626 0.007
4779.64674 15.279 0.006
4783.57930 15.185 0.006
4785.61042 15.423 0.007
4789.54579 15.316 0.006
4790.62805 15.427 0.006
4791.62630 15.577 0.006
4793.53046 15.208 0.006
4795.54750 15.457 0.006
4797.53970 15.413 0.006
4798.60300 15.260 0.006
4800.65031 15.489 0.006
4803.54160 15.273 0.006
4804.59183 15.399 0.007
4806.60083 15.657 0.007
4808.55905 15.306 0.006
4810.56950 15.538 0.007
4813.60888 15.334 0.006
4815.58507 15.587 0.007
4817.60154 15.232 0.006
4819.60116 15.474 0.006
4821.64307 15.324 0.006
4825.63230 15.667 0.007
4833.56468 15.419 0.006
4835.58726 15.622 0.007
4839.60878 15.584 0.007
4842.57588 15.359 0.006
4844.58640 15.618 0.007
4847.64063 15.402 0.007
4849.60050 15.655 0.007
4853.59795 15.518 0.006
4856.59193 15.306 0.006
4865.56504 15.241 0.006
