 466.55016 17.103 0.009
 466.56541 17.129 0.009
 466.59600 17.128 0.009
 466.62553 17.139 0.009
 467.54338 16.947 0.009
 467.57286 16.994 0.009
 467.60234 16.989 0.009
 467.63183 16.988 0.008
 469.55275 17.172 0.011
 469.59137 17.171 0.011
 469.62303 17.164 0.011
 471.60529 16.910 0.009
 471.62054 16.942 0.009
 472.53745 16.571 0.009
 472.55223 16.588 0.009
 472.56690 16.580 0.007
 472.58153 16.632 0.008
 622.88373 16.740 0.010
 624.91031 17.109 0.011
 625.89775 16.947 0.009
 626.86926 16.597 0.008
 627.85550 17.149 0.011
 628.89657 17.051 0.010
 629.89437 16.858 0.010
 631.92533 17.143 0.012
 631.93189 17.149 0.011
 632.86585 17.010 0.011
 633.90129 16.805 0.009
 635.89613 17.113 0.011
 643.86514 17.057 0.011
 645.83684 16.878 0.010
 647.79459 16.967 0.014
 649.79198 17.177 0.015
 652.83917 16.631 0.009
 656.85233 16.512 0.007
 656.85891 16.522 0.007
 657.82459 17.163 0.012
 657.83119 17.129 0.010
 658.86490 17.032 0.013
 658.87148 17.022 0.010
 663.77118 16.656 0.010
 664.87611 17.192 0.011
 664.88269 17.167 0.009
 665.82336 17.092 0.008
 665.82995 17.065 0.008
 666.83392 16.896 0.009
 666.84050 16.916 0.008
 667.85315 16.615 0.007
 667.85974 16.639 0.007
 668.82398 17.162 0.009
 668.83054 17.155 0.008
 670.78954 16.799 0.009
 670.79610 16.801 0.008
 671.81158 16.608 0.007
 671.81817 16.563 0.006
 672.81712 17.119 0.008
 672.82372 17.128 0.007
 673.78450 16.968 0.009
 673.79108 16.948 0.007
 684.74489 16.996 0.010
 684.75149 16.993 0.009
 685.79974 16.812 0.009
 685.80634 16.818 0.009
 686.70102 17.159 0.011
 686.70763 17.178 0.010
 687.78237 17.114 0.010
 687.78897 17.103 0.009
 688.72439 16.925 0.008
 688.73098 16.934 0.007
 689.75155 16.669 0.007
 689.75815 16.691 0.007
 697.71770 16.950 0.009
 697.72430 16.884 0.008
 698.78881 17.159 0.010
 698.79540 17.124 0.009
 699.68782 16.931 0.008
 699.69443 16.955 0.008
 700.72860 16.735 0.008
 700.73520 16.765 0.007
 701.70084 17.200 0.011
 701.70741 17.174 0.009
 704.72882 16.631 0.008
 706.69449 17.057 0.013
 706.70110 17.061 0.013
 707.73205 16.875 0.011
 707.73866 16.863 0.010
 708.75621 16.519 0.008
 708.76281 16.547 0.007
 712.75676 16.800 0.010
 712.76337 16.723 0.007
 713.73813 17.125 0.009
 713.74473 17.119 0.008
 714.75309 16.991 0.008
 714.75970 16.988 0.008
 715.71865 16.708 0.009
 715.72527 16.732 0.007
 716.68673 17.154 0.009
 716.69334 17.164 0.009
 726.66934 16.737 0.009
 726.69353 16.753 0.007
 728.68005 17.102 0.011
 728.68666 17.102 0.009
 729.68221 16.936 0.009
 729.68882 16.928 0.009
 730.66657 16.624 0.008
 730.67320 16.626 0.007
 733.63305 16.855 0.010
 733.63965 16.864 0.010
 739.65301 17.087 0.011
 739.65964 17.116 0.010
 741.61882 16.651 0.007
 741.62544 16.679 0.007
 742.59507 17.149 0.011
 742.60170 17.155 0.010
 744.64218 16.888 0.010
 744.64879 16.895 0.008
 745.59310 16.508 0.007
 745.59973 16.494 0.007
 746.78390 17.185 0.011
 746.79050 17.186 0.010
 747.65442 17.052 0.010
 747.66104 17.023 0.009
 748.61618 16.796 0.009
 748.62275 16.814 0.008
 749.62153 16.827 0.011
 750.61538 17.145 0.011
 750.62197 17.134 0.010
 751.62380 16.990 0.011
 751.63043 17.003 0.010
 752.73819 16.836 0.011
 752.74482 16.838 0.009
 753.67384 17.128 0.011
 753.68045 17.056 0.010
 759.63170 16.887 0.009
 759.63833 16.895 0.011
 760.65737 16.533 0.007
 760.66397 16.581 0.007
 761.63340 17.132 0.011
 761.64004 17.152 0.009
 761.73865 17.160 0.013
 762.62477 16.991 0.011
 762.63140 17.002 0.010
 762.65433 17.041 0.011
 762.66095 17.031 0.011
 763.64100 16.807 0.010
 763.64761 16.820 0.008
 763.75175 16.875 0.011
 763.75837 16.891 0.010
 765.57306 17.120 0.015
 765.57967 17.074 0.011
 766.61054 16.956 0.012
 766.61714 16.957 0.011
 766.71340 17.027 0.012
 767.61803 16.686 0.011
 767.62465 16.730 0.010
 767.67968 16.758 0.013
 767.68630 16.761 0.011
 769.60086 17.089 0.011
 769.60748 17.038 0.010
 769.67460 17.096 0.012
 770.60700 16.891 0.011
 770.61363 16.915 0.009
 771.64007 16.614 0.008
 771.64669 16.648 0.007
 772.60190 17.163 0.011
 772.60854 17.126 0.009
 773.60703 17.047 0.010
 773.61367 17.051 0.010
 773.75923 17.119 0.014
 773.76586 17.096 0.011
 774.60001 16.846 0.009
 774.60665 16.812 0.008
 775.55793 16.915 0.009
 775.56454 16.810 0.008
 776.63885 17.144 0.011
 776.64547 17.129 0.010
 777.61310 17.002 0.010
 777.61972 16.976 0.009
 778.61647 16.798 0.010
 778.62309 16.789 0.009
 779.64343 16.956 0.012
 779.65005 16.920 0.009
 779.75370 16.540 0.008
 779.76033 16.541 0.007
 780.64323 17.119 0.012
 780.64986 17.111 0.010
 781.55754 16.925 0.010
 781.73803 17.018 0.011
 782.62306 16.683 0.009
 782.74693 16.812 0.010
 782.75907 16.802 0.009
 783.54010 17.165 0.010
 783.54670 17.136 0.009
 784.58209 17.091 0.011
 784.58870 17.052 0.009
 784.67407 17.113 0.010
 785.60891 16.899 0.009
 785.61552 16.894 0.008
 785.75450 16.968 0.009
 786.61260 16.557 0.007
 786.61920 16.584 0.007
 786.62948 16.574 0.007
 787.69304 17.144 0.011
 788.62586 17.042 0.010
 788.63250 17.043 0.009
 788.65142 17.050 0.010
 788.65805 17.055 0.010
 790.57456 16.931 0.010
 792.55252 16.960 0.010
 792.55914 16.965 0.010
 795.61720 17.090 0.011
 795.62382 17.108 0.010
 796.54611 16.896 0.012
 796.55274 16.918 0.011
 796.73147 16.975 0.014
 796.73806 17.059 0.014
 797.70626 16.751 0.009
 797.71287 16.810 0.011
 798.56891 17.143 0.011
 798.57555 17.134 0.009
 799.70687 17.096 0.011
 800.62190 16.885 0.009
 800.62852 16.896 0.008
 802.68187 17.178 0.015
 802.68852 17.142 0.013
 805.60922 16.794 0.011
 805.61584 16.760 0.009
 806.61941 17.114 0.013
 806.62602 17.144 0.010
 808.55083 16.684 0.010
 808.55746 16.700 0.009
 816.68182 16.593 0.008
 817.59191 17.158 0.010
 817.59852 17.140 0.009
 819.55468 16.771 0.009
 819.56129 16.780 0.008
 820.63098 16.773 0.008
 822.55156 16.937 0.010
 822.55816 16.957 0.009
 824.57738 17.133 0.012
 824.58398 17.165 0.011
 825.65049 17.141 0.013
 825.65712 17.135 0.011
 828.61063 17.150 0.010
 828.61728 17.147 0.009
 829.57726 17.038 0.010
 829.58388 17.040 0.009
 832.58415 17.133 0.011
 832.59076 17.134 0.015
 833.60405 17.005 0.010
 833.61064 17.016 0.009
 834.57362 16.741 0.010
 834.58023 16.777 0.008
 836.55175 17.116 0.014
 836.55835 17.078 0.011
 838.58474 16.670 0.009
 838.59133 16.696 0.008
 840.59449 17.093 0.011
 845.54605 16.809 0.009
 845.55250 16.805 0.008
 850.56933 17.149 0.013
 855.57435 17.081 0.015
 855.58097 17.092 0.012
 859.56216 16.986 0.011
 866.52671 17.048 0.011
 866.53330 17.073 0.009
 962.93054 16.756 0.010
 966.93003 16.654 0.008
 966.93658 16.681 0.008
 970.90641 16.503 0.007
 970.91300 16.513 0.007
 976.88706 16.947 0.012
 986.84143 17.121 0.012
 987.85504 16.993 0.011
 987.86161 16.977 0.009
 991.92307 16.971 0.009
 996.92702 16.597 0.007
 998.89810 17.038 0.011
1004.79668 17.170 0.013
1004.80329 17.164 0.011
1006.82527 16.904 0.011
1020.89476 17.082 0.011
1025.93254 16.878 0.009
1035.74749 17.019 0.011
1037.77669 16.559 0.007
1037.78328 16.554 0.007
1041.78485 17.128 0.010
1041.79144 17.102 0.009
1045.74655 17.144 0.010
1045.75317 17.142 0.009
1048.72774 16.497 0.008
1052.77064 16.749 0.008
1055.64389 16.602 0.007
1055.65046 16.637 0.007
1058.85584 16.966 0.011
1059.77385 16.649 0.009
1061.72661 17.044 0.011
1061.73319 17.060 0.010
1064.81052 17.144 0.014
1068.71192 17.114 0.011
1068.71853 17.096 0.009
1072.69208 17.075 0.010
1072.69867 17.049 0.008
1076.66984 17.021 0.009
1076.67643 17.002 0.008
1078.68039 17.032 0.010
1078.68701 17.004 0.009
1081.69293 16.729 0.008
1081.69955 16.727 0.007
1084.63111 16.879 0.009
1084.63774 16.875 0.007
1087.65101 17.046 0.010
1087.65763 17.045 0.009
1090.70738 17.120 0.011
1092.73951 16.798 0.009
1094.64618 17.099 0.009
1094.65280 17.079 0.008
1102.61636 16.995 0.009
1106.71122 16.999 0.008
1106.71784 17.013 0.007
1110.63035 16.910 0.011
1110.63696 16.890 0.011
1116.58882 17.113 0.010
1120.57741 17.071 0.011
1120.58404 17.083 0.009
1126.65274 16.608 0.007
1129.55118 16.784 0.011
1129.55779 16.784 0.009
1132.53427 16.959 0.011
1135.58433 17.088 0.010
1138.63401 17.155 0.010
1140.61141 16.874 0.008
1144.66899 16.855 0.010
1151.54858 16.893 0.010
1155.55019 16.788 0.009
1159.54563 16.736 0.008
1159.55225 16.756 0.007
1162.57803 16.957 0.008
1162.58466 16.926 0.007
1164.69160 17.077 0.011
1170.55004 16.815 0.008
1170.55663 16.787 0.007
1178.66009 16.724 0.008
1182.67199 16.652 0.008
1183.71034 17.146 0.011
1183.71695 17.186 0.010
1185.69349 16.870 0.009
1185.70013 16.901 0.008
1188.69281 17.015 0.011
1188.69942 17.054 0.009
1191.57656 17.093 0.011
1191.58319 17.118 0.011
1202.59167 17.121 0.012
1205.54309 17.185 0.011
1211.56358 16.841 0.011
1217.57420 17.119 0.011
1220.57669 17.179 0.012
1229.52941 16.920 0.012
1229.53604 16.982 0.011
1238.52570 16.489 0.011
1238.53228 16.537 0.011
1327.90988 17.011 0.015
1327.91645 17.015 0.014
1330.82659 17.067 0.013
1330.83314 17.099 0.012
1335.87834 16.865 0.011
1340.89784 16.689 0.009
1340.90443 16.664 0.009
1348.93393 17.162 0.011
1354.90748 16.813 0.010
1354.91405 16.813 0.010
1360.92721 17.120 0.012
1365.92343 16.880 0.011
1367.84692 17.145 0.013
1367.85349 17.133 0.011
1374.91900 17.169 0.012
1394.85519 17.007 0.012
1394.86175 17.021 0.011
1395.88664 16.826 0.009
1397.80834 17.101 0.014
1397.81490 17.129 0.012
1401.83537 17.063 0.011
1401.84193 17.068 0.010
1402.92028 16.955 0.010
1402.92688 16.963 0.009
1407.84336 16.504 0.009
1412.73867 17.054 0.011
1412.74526 17.112 0.010
1417.89700 16.929 0.010
1430.72961 17.160 0.014
1430.73622 17.131 0.011
1432.74029 16.808 0.008
1435.69674 16.964 0.011
1435.70333 16.965 0.010
1439.66319 16.868 0.010
1439.66981 16.872 0.009
1442.66688 17.044 0.010
1447.74207 16.783 0.012
1451.67827 16.653 0.008
1455.69800 16.573 0.008
1455.70463 16.588 0.008
1460.73873 17.150 0.011
1462.64436 16.695 0.009
1462.65098 16.709 0.008
1470.65062 16.528 0.007
1471.77637 17.137 0.010
1472.63782 17.005 0.011
1475.64355 17.095 0.011
1477.57261 16.593 0.009
1477.57922 16.588 0.008
1481.59037 16.495 0.008
1481.59697 16.541 0.007
1484.63929 16.828 0.009
1487.63442 16.996 0.010
1490.67317 17.100 0.011
1492.57283 16.567 0.009
1495.52961 16.793 0.010
1499.55826 16.750 0.011
1502.55635 16.916 0.011
1505.62294 17.069 0.012
1508.55832 17.141 0.011
1509.53458 17.004 0.011
1512.63646 17.162 0.014
1515.61115 17.143 0.011
1517.61465 16.956 0.010
1520.60182 17.076 0.011
1524.54952 17.003 0.011
1526.58965 16.841 0.010
1531.64124 17.128 0.012
1543.59872 16.974 0.011
1543.60533 16.983 0.009
1546.61353 17.084 0.011
1546.62016 17.056 0.010
1551.57531 16.850 0.009
1555.60885 16.783 0.009
1555.61543 16.809 0.008
1562.58742 16.901 0.011
1562.59404 16.912 0.010
1569.56657 16.979 0.010
1569.57320 16.998 0.009
1575.59240 17.155 0.010
1575.59902 17.144 0.009
1580.56739 17.014 0.011
1580.57400 17.033 0.010
1583.57007 17.144 0.011
1583.57666 17.126 0.010
1587.54986 17.085 0.011
1587.55646 17.097 0.009
1597.53533 17.165 0.014
1603.54341 16.886 0.011
1603.55003 16.885 0.010
1608.51913 16.880 0.011
1608.52574 16.801 0.010
1703.90405 17.153 0.012
1705.90955 16.862 0.011
1716.86998 16.891 0.011
1717.88033 16.550 0.008
1729.91602 17.165 0.010
1732.88578 16.528 0.007
1740.83682 17.165 0.013
1740.84341 17.128 0.010
1742.88461 16.922 0.011
1744.85373 17.140 0.011
1744.86034 17.122 0.011
1745.87799 17.063 0.010
1745.88454 17.055 0.010
1749.85842 17.026 0.009
1750.83033 16.768 0.009
1751.84217 17.170 0.010
1752.80349 17.116 0.011
1752.81009 17.111 0.009
1753.80456 16.905 0.010
1753.81116 16.930 0.009
1754.83123 16.668 0.008
1755.79659 17.188 0.014
1755.80316 17.164 0.012
1756.82607 17.065 0.017
1756.83264 17.172 0.023
1757.77526 16.836 0.011
1757.78184 16.844 0.011
1758.77975 16.519 0.007
1758.78633 16.522 0.007
1759.82412 17.148 0.012
1761.80516 16.805 0.009
1761.81175 16.800 0.009
1762.79154 17.044 0.011
1762.79813 17.056 0.010
1763.79455 17.124 0.011
1763.80113 17.100 0.009
1764.78706 16.970 0.009
1764.79363 16.956 0.008
1765.78152 16.703 0.008
1765.78809 16.711 0.010
1766.72256 17.134 0.013
1766.72913 17.130 0.011
1768.80167 16.916 0.011
1769.71105 16.497 0.007
1771.82712 17.046 0.016
1771.83368 17.075 0.013
1772.76949 16.835 0.009
1772.77606 16.839 0.008
1773.73680 16.951 0.010
1773.74339 16.885 0.009
1776.75960 16.759 0.008
1776.76619 16.746 0.007
1784.73625 16.484 0.007
1784.74283 16.511 0.007
1788.80175 16.573 0.007
1788.80835 16.537 0.007
1803.76207 17.057 0.011
1806.75621 16.728 0.009
1806.76280 16.727 0.008
1808.82582 17.132 0.011
1808.83243 17.072 0.011
1811.75424 17.142 0.009
1811.76082 17.125 0.009
1814.80106 16.499 0.007
1814.80767 16.546 0.007
1817.76672 16.786 0.007
1817.77332 16.780 0.007
1822.64416 17.159 0.011
1822.65078 17.120 0.009
1826.79526 17.156 0.011
1826.80189 17.134 0.009
1829.73751 16.836 0.009
1829.74417 16.750 0.008
1846.78554 16.971 0.010
1846.79217 16.993 0.010
1850.74230 16.919 0.011
1854.79835 16.872 0.008
1854.80498 16.922 0.008
1858.72221 16.713 0.010
1858.72885 16.771 0.013
1862.72111 16.676 0.008
1862.72774 16.680 0.008
1867.74554 17.159 0.014
1867.75221 17.133 0.010
1871.75214 17.132 0.011
1871.75879 17.113 0.009
2085.90914 17.060 0.019
2086.88843 16.846 0.014
2086.89971 16.861 0.011
2103.89525 17.124 0.012
2103.90643 17.127 0.010
2105.92315 16.809 0.011
2105.93657 16.811 0.010
2106.89098 17.079 0.015
2106.90218 17.051 0.013
2112.84336 16.851 0.011
2112.85456 16.871 0.010
2116.87111 16.823 0.011
2116.88230 16.831 0.010
2123.81803 16.907 0.013
2123.82923 16.909 0.011
2128.82553 16.508 0.011
2128.83670 16.502 0.010
2129.85750 17.146 0.015
2129.86869 17.127 0.013
2130.84387 17.035 0.015
2130.85510 17.009 0.011
2131.83748 16.780 0.012
2131.84916 16.794 0.011
2132.80627 17.150 0.017
2132.81695 17.167 0.015
2133.89460 17.137 0.019
2133.90577 17.131 0.015
2134.81000 16.944 0.015
2134.82124 16.931 0.012
2135.84408 16.682 0.011
2135.85527 16.748 0.010
2137.89208 17.120 0.017
2137.90211 17.115 0.014
2140.81134 17.140 0.015
2140.82253 17.132 0.011
2142.75205 16.784 0.011
2142.76206 16.766 0.009
2143.81755 16.674 0.011
2143.82757 16.600 0.009
2144.82425 17.112 0.012
2144.83426 17.110 0.011
2155.87863 17.139 0.019
2155.88975 17.153 0.018
2156.82521 17.033 0.015
2156.83639 17.034 0.013
2160.75460 16.931 0.014
2160.76576 16.962 0.011
2162.76139 17.138 0.014
2162.77260 17.146 0.011
2166.75600 17.142 0.013
2166.76716 17.162 0.011
2167.76446 17.030 0.012
2167.77563 17.048 0.011
2168.71363 16.792 0.011
2168.72483 16.810 0.010
2171.73955 16.996 0.011
2172.74617 16.726 0.011
2172.75738 16.754 0.010
2177.63966 17.164 0.016
2177.65084 17.151 0.013
2184.70130 17.136 0.017
2184.71246 17.142 0.015
2185.66480 17.117 0.016
2185.67596 17.080 0.014
2186.68965 16.934 0.017
2186.70081 16.961 0.014
2187.68483 16.664 0.012
2187.69597 16.693 0.011
2188.73199 17.134 0.015
2190.69136 16.904 0.012
2190.70257 16.886 0.011
2191.66474 16.514 0.010
2191.67311 16.518 0.008
2192.66325 17.152 0.012
2192.67324 17.148 0.011
2193.68432 17.032 0.011
2193.69431 17.029 0.010
2194.65442 16.778 0.011
2194.66445 16.803 0.010
2203.55089 17.117 0.016
2203.56091 17.124 0.012
2206.60721 16.865 0.016
2206.61720 16.810 0.012
2211.64130 17.128 0.015
2211.65131 17.120 0.013
2212.64513 16.924 0.013
2212.65515 16.957 0.011
2213.65095 16.661 0.011
2213.66095 16.671 0.011
2214.64214 17.146 0.017
2214.65214 17.165 0.016
2215.64912 17.075 0.014
2215.65913 16.952 0.016
2217.63582 16.505 0.011
2217.64583 16.513 0.010
2219.67868 17.028 0.013
2219.68870 17.036 0.015
2222.73726 17.115 0.015
2224.71356 16.787 0.011
2224.72356 16.818 0.011
2226.63643 17.085 0.018
2226.64645 17.068 0.015
2228.55833 16.518 0.010
2228.56834 16.552 0.010
2229.61659 17.162 0.016
2229.62662 17.176 0.013
2231.64326 16.873 0.013
2231.65327 16.879 0.011
2232.50999 17.150 0.020
2232.52003 17.092 0.014
2233.61341 17.115 0.014
2233.62342 17.138 0.012
2235.66353 16.815 0.011
2235.67352 16.829 0.009
2238.54707 16.894 0.013
2238.55709 16.929 0.011
2240.65138 17.172 0.016
2240.66138 17.197 0.014
2242.61889 16.927 0.014
2242.62891 16.884 0.013
2248.60354 17.137 0.012
2248.61823 17.140 0.011
2250.57686 16.723 0.011
2250.58688 16.754 0.010
2253.57050 16.904 0.011
2253.58057 16.916 0.011
2255.60716 17.171 0.015
2255.61721 17.123 0.013
2258.57346 16.472 0.008
2258.58349 16.506 0.007
2263.58419 17.113 0.014
2263.59425 17.099 0.012
2266.55498 17.160 0.016
2266.58010 17.132 0.015
2271.56456 17.022 0.013
2273.56390 16.525 0.012
2273.57395 16.501 0.010
2275.59883 17.008 0.015
2275.60888 17.005 0.013
2276.55838 16.772 0.014
2276.56847 16.779 0.013
2278.59096 17.109 0.015
2278.60108 17.110 0.014
2280.58682 16.709 0.012
2280.59687 16.709 0.011
2284.58970 16.564 0.011
2284.59975 16.585 0.010
2290.60368 17.009 0.014
2290.61373 17.020 0.012
2293.56596 17.092 0.014
2293.57603 17.106 0.014
2295.55870 16.596 0.011
2295.56892 16.656 0.010
2297.56199 17.062 0.017
2297.57225 17.016 0.013
2299.56109 16.534 0.011
2299.57134 16.551 0.011
2301.55335 17.022 0.017
2445.91192 16.792 0.014
2445.92217 16.780 0.011
2460.87884 16.748 0.016
2460.89006 16.769 0.013
2463.91518 16.954 0.013
2463.92636 16.958 0.011
2465.92794 17.184 0.015
2467.90093 16.895 0.012
2467.91215 16.881 0.011
2469.90031 17.166 0.014
2469.91151 17.142 0.012
2471.88975 16.820 0.011
2471.90098 16.814 0.011
2472.91922 16.581 0.008
2472.93041 16.544 0.007
2473.89113 17.147 0.013
2473.91727 17.139 0.010
2481.90282 17.069 0.017
2481.91461 17.082 0.015
2483.88864 16.505 0.009
2483.89985 16.509 0.008
2486.88565 16.791 0.013
2486.89686 16.810 0.012
2488.87656 17.112 0.018
2488.89076 17.096 0.015
2488.89511 17.112 0.015
2489.92299 17.007 0.014
2489.93422 16.993 0.013
2492.90335 17.088 0.014
2492.91459 17.085 0.013
2496.90310 17.077 0.013
2496.91424 17.083 0.012
2497.92651 16.873 0.012
2497.93768 16.892 0.013
2498.77378 17.143 0.016
2498.78493 17.111 0.012
2499.85936 17.154 0.014
2499.87059 17.117 0.012
2500.86493 17.004 0.013
2500.87612 17.018 0.011
2501.85389 16.761 0.011
2501.86509 16.746 0.009
2502.83412 17.203 0.016
2502.84526 17.190 0.016
2508.74536 16.806 0.017
2508.75658 16.794 0.014
2516.77666 16.656 0.012
2516.78783 16.663 0.011
2517.82340 17.179 0.016
2517.83458 17.176 0.013
2518.79484 17.095 0.015
2518.80600 17.077 0.013
2519.83174 16.933 0.012
2519.84292 16.922 0.011
2520.79113 16.541 0.010
2520.80231 16.563 0.010
2521.82327 17.154 0.013
2521.83440 17.145 0.011
2524.82152 16.532 0.012
2524.83271 16.523 0.010
2526.77770 16.971 0.011
2526.78890 16.967 0.010
2534.83408 16.912 0.014
2534.84525 16.913 0.012
2535.81429 16.551 0.010
2535.82544 16.565 0.009
2537.70207 16.997 0.017
2537.71322 16.993 0.014
2538.79803 16.814 0.012
2538.80922 16.830 0.011
2539.70185 17.180 0.017
2539.71202 17.176 0.013
2540.74273 17.074 0.019
2540.75390 17.113 0.016
2541.71375 16.932 0.012
2541.72390 16.934 0.011
2542.68354 16.592 0.010
2542.69369 16.622 0.009
2544.66208 17.062 0.013
2544.67323 17.043 0.011
2545.67711 16.835 0.011
2545.68728 16.852 0.010
2547.69512 17.123 0.014
2547.70527 17.132 0.013
2548.71156 17.035 0.012
2548.72273 17.025 0.011
2550.70669 16.945 0.012
2550.71787 16.858 0.011
2551.69333 17.110 0.013
2551.70447 17.114 0.011
2552.72052 16.963 0.011
2553.64905 16.662 0.013
2554.70257 17.195 0.015
2554.71370 17.169 0.011
2555.71050 17.091 0.014
2555.72165 17.099 0.011
2556.68952 16.902 0.012
2556.70066 16.915 0.010
2557.70206 16.609 0.009
2557.71319 16.629 0.008
2558.65854 17.141 0.015
2558.66968 17.152 0.012
2559.61544 17.036 0.015
2559.62658 17.010 0.011
2560.64850 16.805 0.011
2560.65965 16.822 0.010
2561.67405 16.613 0.015
2562.66694 17.126 0.015
2562.67807 17.135 0.013
2563.67487 17.017 0.014
2563.68603 16.993 0.011
2564.69026 16.779 0.011
2564.70141 16.785 0.011
2565.68116 17.149 0.015
2565.69133 17.134 0.013
2566.66144 17.105 0.014
2566.67163 17.105 0.012
2568.69242 16.680 0.014
2568.70262 16.687 0.011
2571.64511 16.872 0.016
2573.65854 17.174 0.019
2573.66869 17.148 0.017
2574.64237 17.015 0.015
2574.65253 17.006 0.011
2576.68673 16.634 0.010
2577.62924 17.085 0.017
2577.63939 17.129 0.016
2578.62931 16.959 0.013
2578.63949 16.966 0.011
2579.63596 16.706 0.012
2579.64613 16.716 0.011
2580.64808 17.176 0.014
2580.65825 17.175 0.012
2583.61939 16.575 0.011
2583.62956 16.569 0.010
2584.62675 17.168 0.016
2584.63694 17.158 0.013
2586.62397 16.832 0.011
2586.63580 16.849 0.010
2587.60838 16.675 0.011
2587.61956 16.591 0.009
2588.71680 17.175 0.016
2588.72994 17.164 0.013
2589.59832 17.000 0.014
2589.61041 16.998 0.011
2590.61345 16.735 0.012
2590.62464 16.786 0.012
2591.63659 17.121 0.015
2591.64775 17.077 0.013
2593.60559 16.919 0.012
2593.61677 16.964 0.011
2594.60936 16.649 0.013
2594.62053 16.676 0.012
2596.58489 17.059 0.017
2596.59606 17.087 0.015
2597.57206 16.861 0.013
2597.58324 16.859 0.012
2598.64593 16.560 0.011
2598.66376 16.614 0.010
2599.60541 17.150 0.018
2599.61655 17.126 0.015
2607.62660 17.079 0.017
2607.63779 17.084 0.015
2610.54642 17.130 0.018
2610.55754 17.157 0.014
2613.54032 16.787 0.013
2613.55130 16.684 0.010
2615.56917 16.998 0.015
2615.58018 16.988 0.011
2619.55687 16.937 0.016
2619.56783 16.945 0.011
2621.56577 17.151 0.015
2621.57693 17.151 0.014
2625.54841 17.149 0.019
2625.55945 17.152 0.017
2628.54178 16.929 0.020
2632.54820 17.185 0.017
2632.55842 17.148 0.012
2636.54337 17.149 0.018
2636.55439 17.173 0.014
2639.54386 16.499 0.011
2639.55408 16.506 0.009
2642.55261 16.783 0.015
2642.56364 16.812 0.012
2646.56543 16.728 0.011
2646.57566 16.733 0.010
2651.53746 17.083 0.021
2651.54854 17.166 0.017
2654.55527 16.503 0.012
2654.56959 16.527 0.011
2657.55813 16.791 0.013
2657.56839 16.799 0.011
2660.55391 16.935 0.015
2660.57192 16.963 0.014
2671.55158 16.970 0.016
2671.56183 16.998 0.012
2673.56338 17.115 0.019
2673.57362 17.098 0.016
2676.52475 16.644 0.014
2676.53501 16.660 0.010
2679.53811 16.864 0.013
2679.54942 16.872 0.011
2682.54043 17.012 0.017
2682.55155 17.027 0.014
2777.90295 16.912 0.017
2777.91402 16.902 0.014
2804.86989 16.598 0.013
2804.88096 16.641 0.011
2811.90436 16.807 0.017
2811.91542 16.818 0.013
2814.94001 17.012 0.014
2814.95109 16.969 0.017
2817.92658 17.130 0.017
2817.93759 17.127 0.015
2830.91470 16.710 0.011
2831.78143 17.143 0.017
2831.79244 17.158 0.017
2832.74739 17.031 0.016
2832.75842 17.005 0.013
2832.92536 17.105 0.015
2832.93634 17.098 0.012
2833.86530 16.907 0.016
2833.87633 16.907 0.013
2835.87395 17.148 0.016
2835.88499 17.147 0.013
2837.87502 16.825 0.017
2837.88602 16.878 0.016
2838.93218 16.512 0.012
2838.94323 16.537 0.012
2840.82492 16.967 0.016
2840.83597 16.969 0.013
2843.82636 17.113 0.013
2843.83739 17.090 0.012
2844.87219 16.946 0.013
2844.88320 16.956 0.011
2845.91818 16.720 0.013
2845.92923 16.722 0.011
2849.85561 16.521 0.011
2849.86663 16.523 0.009
2850.88837 17.142 0.017
2850.89940 17.117 0.017
2851.93194 17.049 0.017
2852.80262 16.752 0.012
2852.81361 16.769 0.011
2853.94203 16.492 0.011
2854.83935 17.129 0.013
2856.81529 16.682 0.012
2856.82630 16.707 0.012
2858.90934 17.109 0.013
2858.92033 17.102 0.011
2860.87534 16.644 0.011
2860.88635 16.653 0.009
2861.74651 17.136 0.013
2862.92552 17.097 0.017
2863.83472 16.828 0.016
2865.83162 17.129 0.015
2865.84257 17.142 0.016
2866.88126 17.035 0.016
2867.82127 16.765 0.011
2867.83977 16.771 0.011
2868.76894 17.178 0.016
2869.90194 17.150 0.016
2869.91754 17.124 0.013
2870.81554 16.940 0.011
2871.85846 16.708 0.011
2875.79802 16.517 0.011
2876.77573 17.137 0.014
2876.78671 17.137 0.012
2879.73926 17.166 0.012
2879.75021 17.144 0.011
2883.82540 17.194 0.013
2883.83637 17.169 0.011
2885.76020 16.883 0.012
2885.77120 16.917 0.011
2888.80852 17.066 0.014
2888.81948 17.071 0.014
2892.79988 16.978 0.017
2892.81087 17.002 0.014
2894.72904 17.169 0.016
2894.74001 17.168 0.013
2896.72614 16.920 0.011
2896.73709 16.926 0.011
2898.74712 17.161 0.014
2898.75809 17.157 0.012
2900.74596 16.871 0.011
2900.75694 16.872 0.009
2902.74548 17.155 0.013
2902.75647 17.149 0.011
2905.75268 16.824 0.011
2907.75408 16.995 0.011
2907.76504 16.994 0.010
2909.74319 17.183 0.011
2909.75414 17.202 0.009
2911.73455 16.922 0.011
2911.74551 16.914 0.009
2915.70602 16.832 0.011
2915.71700 16.836 0.010
2917.73213 17.144 0.013
2917.74309 17.146 0.011
2921.72988 17.109 0.016
2921.74621 17.112 0.012
2923.75183 16.694 0.011
2923.76279 16.732 0.011
2925.71480 17.092 0.013
2927.71233 16.559 0.011
2927.72329 16.545 0.010
2930.73038 16.842 0.012
2932.73689 17.140 0.015
2934.71672 16.757 0.011
2937.64073 16.883 0.012
2937.65170 16.875 0.011
2939.69337 17.139 0.014
2940.63350 17.050 0.011
2940.64447 17.032 0.010
2941.68332 16.843 0.011
2941.69431 16.870 0.009
2942.63345 16.725 0.011
2942.64444 16.638 0.009
2943.60468 17.129 0.016
2943.61566 17.137 0.013
2944.58927 16.960 0.012
2944.60026 16.967 0.011
2945.60604 16.705 0.014
2945.61706 16.743 0.012
2947.61554 17.081 0.015
2947.62654 17.074 0.013
2949.59685 16.581 0.011
2949.60779 16.624 0.010
2950.64160 17.161 0.014
2950.65258 17.153 0.012
2951.62878 17.066 0.015
2951.63977 17.086 0.013
2952.65771 16.901 0.014
2952.66871 16.885 0.012
2954.68263 17.164 0.017
2954.69358 17.150 0.016
2956.62862 16.810 0.010
2956.63957 16.804 0.009
2958.62303 17.136 0.016
2958.63396 17.128 0.012
2961.59410 17.132 0.021
2961.60509 17.128 0.017
2965.64347 17.138 0.013
2968.59386 16.587 0.011
2968.60485 16.537 0.009
2970.61311 17.008 0.012
2970.62410 17.010 0.011
2972.59760 17.177 0.015
2972.60856 17.137 0.013
2974.59835 16.938 0.012
2974.63014 16.976 0.011
2976.54805 17.153 0.016
2976.55899 17.142 0.013
2978.57415 16.862 0.016
2978.58514 16.886 0.012
2980.59102 17.147 0.019
2980.60200 17.157 0.015
2982.53624 16.781 0.012
2982.54719 16.762 0.010
2984.62711 17.131 0.017
2986.63724 16.787 0.012
2988.52960 17.054 0.020
2988.54212 17.070 0.012
2991.60267 17.162 0.014
2991.61365 17.124 0.011
2994.58439 16.513 0.010
2994.59640 16.515 0.008
2997.55718 16.778 0.011
2997.56944 16.791 0.010
3001.57363 16.694 0.011
3001.58463 16.735 0.010
3005.53170 16.519 0.014
3005.54270 16.543 0.009
3008.55336 16.832 0.015
3008.55802 16.821 0.016
3008.56901 16.844 0.011
3011.56139 16.986 0.017
3011.57240 17.012 0.015
3016.58805 16.687 0.012
3018.57452 17.052 0.014
3018.58551 17.071 0.011
3020.60257 16.598 0.010
3020.61359 16.610 0.008
3021.61538 17.154 0.011
3021.62639 17.150 0.010
3023.57128 16.825 0.011
3023.58232 16.826 0.010
3025.56979 17.131 0.016
3025.58873 17.153 0.011
3027.60330 16.752 0.011
3027.61431 16.794 0.010
3029.57520 17.113 0.014
3029.58619 17.115 0.012
3031.57974 16.659 0.011
3031.59078 16.680 0.008
3033.58211 17.078 0.014
3033.59310 17.062 0.011
3037.52913 16.995 0.017
3037.54015 17.010 0.012
3164.92956 17.145 0.015
3164.94055 17.149 0.015
3183.91153 17.100 0.014
3183.92251 17.129 0.013
3193.87929 16.797 0.011
3193.89029 16.685 0.011
3195.93849 17.024 0.012
3196.86243 16.726 0.008
3197.91395 17.140 0.014
3197.92494 17.105 0.012
3199.92919 16.965 0.014
3201.87137 17.177 0.014
3201.88237 17.169 0.011
3203.87932 16.860 0.010
3203.89033 16.870 0.009
3206.81719 16.966 0.013
3206.82816 16.981 0.013
3210.89322 16.957 0.012
3210.90422 17.001 0.011
3211.88465 16.727 0.010
3211.89561 16.740 0.009
3215.66076 17.147 0.018
3215.67175 17.128 0.015
3216.72877 17.106 0.018
3217.92930 17.069 0.015
3217.94025 17.079 0.015
3218.91393 16.887 0.017
3218.93031 16.885 0.014
3222.87237 16.791 0.012
3223.83478 17.185 0.016
3223.84574 17.135 0.013
3226.82503 16.662 0.011
3226.83599 16.670 0.010
3229.84314 16.886 0.009
3231.81430 17.132 0.018
3231.82525 17.147 0.017
3239.79267 17.072 0.012
3239.80365 17.095 0.011
3240.78993 16.893 0.013
3240.80089 16.910 0.011
3241.81429 16.604 0.010
3241.82523 16.616 0.009
3242.71361 17.146 0.015
3242.72460 17.098 0.012
3243.85006 17.073 0.014
3243.86102 17.065 0.012
3244.82725 16.868 0.014
3244.83825 16.885 0.011
3245.77639 16.711 0.011
3245.78735 16.615 0.009
3246.76884 17.115 0.018
3247.76260 16.981 0.013
3247.77356 16.999 0.011
3249.72731 17.166 0.016
3249.73825 17.155 0.012
3251.74083 16.913 0.011
3251.75176 16.919 0.009
3254.72795 17.035 0.011
3254.73889 17.049 0.010
3257.74436 17.140 0.011
3257.75534 17.140 0.009
3259.66354 16.695 0.011
3259.67449 16.716 0.009
3261.70164 17.092 0.011
3261.71257 17.092 0.010
3263.68434 16.639 0.008
3263.69528 16.636 0.007
3265.71873 17.089 0.011
3265.72968 17.114 0.011
3267.70757 16.527 0.007
3267.71849 16.523 0.007
3269.78399 17.070 0.017
3269.81242 17.039 0.013
3270.74081 16.840 0.011
3270.75177 16.857 0.010
3271.66364 17.101 0.013
3271.67459 17.065 0.011
3272.72083 17.145 0.013
3272.73182 17.164 0.011
3274.70670 16.730 0.011
3274.71765 16.756 0.010
3276.71113 17.101 0.016
3276.72210 17.064 0.011
3277.74427 16.958 0.012
3277.76086 16.936 0.011
3279.67659 17.180 0.013
3279.69246 17.181 0.011
3281.64027 16.837 0.010
3281.65118 16.823 0.009
3283.64171 17.132 0.011
3283.65268 17.143 0.010
3287.60793 17.123 0.012
3287.61884 17.089 0.011
3289.61900 16.623 0.009
3289.62995 16.635 0.008
3293.59579 16.538 0.008
3293.60668 16.524 0.007
3295.61458 16.977 0.009
3295.62551 17.034 0.008
3297.59633 17.125 0.010
3297.60732 17.093 0.009
3299.65270 16.954 0.009
3299.66366 17.010 0.008
3301.62694 17.185 0.015
3301.63787 17.186 0.016
3303.68919 16.935 0.012
3306.62174 17.042 0.010
3306.63267 17.049 0.008
3308.60946 16.579 0.011
3308.62043 16.525 0.009
3310.60859 16.986 0.012
3310.61952 17.001 0.011
3312.65261 16.977 0.011
3314.56347 16.911 0.014
3314.57437 16.925 0.012
3320.60130 17.157 0.012
3320.61225 17.127 0.011
3323.55573 17.095 0.011
3327.55626 17.153 0.013
3327.56722 17.160 0.012
3330.55049 16.574 0.010
3330.56146 16.557 0.009
3335.59532 17.158 0.016
3335.60630 17.169 0.014
3338.59893 16.975 0.011
3349.59526 16.537 0.009
3349.60620 16.485 0.007
3353.57435 17.144 0.014
3353.58535 17.150 0.011
3359.55088 16.877 0.011
3359.56187 16.859 0.010
3363.55822 16.800 0.012
3363.56922 16.825 0.010
3367.61754 16.792 0.011
3367.62855 16.771 0.009
3372.54829 17.167 0.013
3372.55929 17.170 0.011
3376.52760 17.176 0.021
3376.53862 17.144 0.011
3378.59455 16.831 0.012
3378.60554 16.832 0.010
3386.56098 16.593 0.008
3386.57203 16.617 0.007
3390.57456 16.513 0.011
3390.58558 16.531 0.009
3398.55632 17.139 0.014
3398.56735 17.174 0.011
3402.54472 17.157 0.011
3402.55577 17.117 0.009
3528.93692 16.932 0.013
3541.92972 17.157 0.012
3541.94064 17.187 0.011
3547.91431 16.804 0.010
3547.92522 16.831 0.010
3554.92252 16.942 0.012
3554.93343 16.928 0.011
3560.94464 17.142 0.013
3561.85763 16.989 0.009
3564.90680 17.145 0.011
3564.91771 17.058 0.009
3568.83766 17.068 0.011
3568.84856 17.057 0.011
3570.77838 16.634 0.011
3570.82011 16.502 0.010
3571.80071 17.145 0.018
3571.81161 17.145 0.017
3573.83820 16.817 0.013
3573.85730 16.838 0.011
3574.87719 16.584 0.010
3574.88814 16.544 0.008
3577.83586 16.731 0.010
3577.84674 16.737 0.009
3578.89443 17.141 0.011
3578.90531 17.099 0.010
3579.79927 17.110 0.011
3579.81017 17.086 0.010
3581.84420 16.631 0.010
3581.85511 16.630 0.010
3581.86691 16.648 0.010
3581.87966 16.660 0.009
3582.82909 17.161 0.015
3582.83996 17.129 0.012
3583.83350 17.052 0.012
3583.84999 17.052 0.010
3586.80784 17.124 0.010
3586.81872 17.147 0.010
3588.82573 16.776 0.009
3588.83658 16.804 0.008
3589.81854 17.121 0.011
3589.83150 17.090 0.011
3591.87334 16.982 0.009
3591.88423 16.972 0.008
3593.81090 17.186 0.013
3593.87051 17.165 0.012
3596.89136 16.648 0.009
3596.90222 16.670 0.007
3601.80899 17.113 0.013
3601.81983 17.130 0.012
3607.81440 16.640 0.009
3607.82527 16.679 0.008
3614.78579 16.784 0.009
3614.79664 16.793 0.007
3617.76529 16.964 0.010
3617.77908 16.982 0.009
3619.69821 17.173 0.012
3619.70906 17.137 0.010
3621.71667 16.841 0.010
3621.72752 16.871 0.008
3624.86497 17.045 0.014
3624.87581 17.067 0.012
3626.71435 17.015 0.011
3626.72520 16.928 0.010
3629.66796 16.675 0.011
3629.67882 16.672 0.010
3631.73033 17.112 0.015
3631.74119 17.101 0.012
3633.69564 16.579 0.011
3633.71746 16.615 0.009
3637.64955 16.924 0.011
3637.66044 16.843 0.010
3639.69963 17.016 0.009
3639.71050 16.997 0.008
3641.69619 17.139 0.011
3641.70704 17.133 0.011
3643.72056 16.968 0.010
3643.73143 16.975 0.009
3646.65552 17.070 0.013
3646.67056 17.077 0.011
3650.65877 17.019 0.012
3650.66963 17.002 0.011
3650.68281 17.032 0.011
3650.69369 17.051 0.010
3651.73275 16.847 0.010
3651.74360 16.862 0.008
3653.72891 17.148 0.012
3653.73978 17.125 0.011
3655.69509 16.743 0.009
3655.70593 16.758 0.008
3657.65963 17.075 0.010
3658.65030 16.908 0.012
3658.67176 16.913 0.010
3659.63835 16.558 0.010
3659.65183 16.579 0.009
3660.66847 17.144 0.014
3660.67934 17.118 0.013
3663.55998 17.115 0.017
3663.57084 17.071 0.013
3665.63356 16.983 0.011
3665.64651 17.000 0.010
3668.57198 17.085 0.012
3668.58285 17.096 0.011
3669.67074 16.931 0.013
3669.71372 16.995 0.010
3671.62890 17.153 0.014
3671.64250 17.156 0.011
3673.67376 16.910 0.013
3673.68460 16.902 0.010
3675.65834 17.157 0.013
3675.66919 17.121 0.010
3681.65270 16.772 0.011
3683.64765 17.099 0.012
3683.65853 17.125 0.010
3685.65278 16.666 0.009
3685.66369 16.685 0.007
3687.65145 17.074 0.012
3687.66396 17.092 0.011
3689.59984 16.511 0.009
3689.61552 16.503 0.007
3692.57568 16.786 0.011
3692.58651 16.782 0.010
3694.55966 17.101 0.014
3694.57050 17.098 0.011
3696.56018 16.647 0.009
3696.57106 16.642 0.007
3698.59387 17.075 0.014
3698.60472 17.084 0.014
3700.57480 16.525 0.010
3700.61472 16.603 0.009
3702.58409 17.069 0.013
3702.59497 17.040 0.011
3704.59036 16.679 0.010
3704.60125 16.594 0.008
3706.61079 17.010 0.011
3706.62171 17.025 0.009
3708.58367 17.153 0.014
3708.59864 17.169 0.012
3711.59026 16.639 0.011
3711.60115 16.675 0.010
3714.52401 16.823 0.017
3714.53488 16.812 0.011
3718.60452 16.822 0.013
3718.61542 16.823 0.012
3721.55342 16.958 0.013
3721.56903 16.970 0.011
3724.56310 17.083 0.013
3724.57404 17.061 0.011
3726.58366 16.629 0.010
3726.59454 16.621 0.009
3728.55677 17.053 0.013
3728.56769 17.034 0.012
3734.56022 17.087 0.014
3734.57112 17.080 0.011
3737.57590 16.707 0.011
3737.58682 16.698 0.008
3742.53452 17.134 0.021
3742.54545 17.139 0.015
3746.55980 17.169 0.018
3746.57070 17.162 0.014
3751.53618 16.908 0.017
3751.55063 16.930 0.015
3756.55244 16.524 0.010
3756.56336 16.573 0.009
3761.60271 17.131 0.013
3761.61359 17.123 0.013
3766.52751 16.919 0.015
3766.53846 16.930 0.010
3772.55033 17.139 0.014
3772.56129 17.140 0.013
3776.55040 17.101 0.014
3776.56136 17.110 0.012
3871.87630 17.054 0.017
3871.88727 17.027 0.017
3901.93882 17.039 0.014
3901.94977 17.067 0.016
3906.93909 16.763 0.009
3906.95003 16.769 0.013
3913.91603 16.852 0.009
3913.92808 16.848 0.008
3918.87954 17.139 0.012
3918.89047 17.170 0.011
3931.91488 17.013 0.013
3931.92577 17.012 0.011
3934.85790 17.102 0.011
3934.86881 17.100 0.010
3936.86610 16.625 0.009
3936.87699 16.647 0.008
3938.85009 17.067 0.013
3938.86100 17.076 0.011
3944.89748 16.844 0.010
3944.90840 16.762 0.008
3946.86561 16.991 0.011
3946.87650 16.965 0.009
3951.88502 16.611 0.010
3951.89575 16.624 0.008
3955.85015 16.623 0.011
3955.86091 16.582 0.011
3958.82667 16.714 0.012
3958.84640 16.767 0.010
3960.82682 17.108 0.011
3960.83755 17.106 0.010
3963.82353 17.140 0.017
3963.83429 17.152 0.015
3965.81541 16.856 0.008
3965.82610 16.876 0.007
3967.83526 17.153 0.011
3967.86849 17.179 0.010
3969.80090 16.778 0.010
3969.81167 16.810 0.009
3971.77709 17.101 0.011
3971.78783 17.101 0.010
3974.77883 17.130 0.013
3974.78955 17.183 0.011
3979.73419 17.020 0.011
3979.75079 17.014 0.010
3980.61754 16.699 0.011
3980.62828 16.705 0.011
3981.64383 17.193 0.011
3981.65454 17.165 0.011
3983.83415 17.007 0.013
3983.84488 17.032 0.011
3986.69571 17.068 0.014
3987.66675 16.843 0.010
3987.79339 16.952 0.010
3990.79002 17.083 0.011
3990.80071 17.079 0.010
3993.73482 17.168 0.014
3993.74556 17.145 0.012
3995.74009 16.765 0.008
3995.75077 16.794 0.008
3999.74936 16.699 0.008
3999.76013 16.710 0.007
4002.72150 16.862 0.008
4002.73223 16.882 0.008
4004.67329 17.130 0.011
4004.68398 17.142 0.010
4006.69950 16.826 0.009
4006.71024 16.810 0.007
4007.56288 17.162 0.012
4007.57361 17.160 0.011
4008.57181 17.089 0.011
4008.58259 17.080 0.010
4009.73327 17.015 0.012
4009.75243 17.022 0.010
4013.69838 16.924 0.012
4013.70910 16.909 0.010
4015.68067 17.157 0.017
4015.69690 17.109 0.017
4016.70370 17.076 0.010
4018.69606 16.499 0.009
4018.71041 16.512 0.007
4019.68463 17.136 0.014
4019.70107 17.152 0.012
4021.67712 16.782 0.009
4021.68785 16.799 0.008
4024.65059 16.956 0.011
4024.66132 16.947 0.009
4026.62947 17.170 0.012
4026.64020 17.126 0.010
4028.62543 16.848 0.009
4028.63616 16.877 0.008
4030.63799 17.140 0.012
4030.64872 17.125 0.011
4032.69009 16.860 0.011
4032.70080 16.846 0.011
4037.66628 17.203 0.011
4037.67700 17.149 0.010
4039.60422 16.907 0.010
4039.61489 16.899 0.009
4041.60374 17.139 0.017
4041.61449 17.124 0.013
4043.58944 16.819 0.011
4043.60016 16.836 0.011
4046.59877 17.000 0.012
4046.60947 17.011 0.012
4048.56467 17.192 0.015
4048.57540 17.184 0.013
4050.60679 16.982 0.011
4050.61754 16.941 0.009
4052.55889 17.165 0.011
4052.56963 17.153 0.011
4054.61307 16.876 0.011
4054.62377 16.899 0.011
4056.58516 17.145 0.014
4056.59586 17.175 0.013
4058.61871 16.832 0.011
4058.62941 16.845 0.009
4060.51755 17.072 0.013
4060.52825 17.087 0.011
4064.51518 17.047 0.012
4064.52592 17.073 0.009
4066.55665 16.557 0.009
4066.56739 16.581 0.008
4069.51502 16.822 0.015
4069.52574 16.792 0.010
4073.59859 16.833 0.012
4073.60931 16.792 0.009
4077.52194 16.642 0.011
4077.53269 16.638 0.008
4079.52388 17.078 0.018
4079.53465 17.053 0.011
4082.52384 17.126 0.017
4082.53456 17.145 0.012
4085.56155 16.699 0.010
4085.57228 16.622 0.008
4092.55760 16.663 0.008
4092.56836 16.674 0.007
4096.58355 16.554 0.009
4096.59432 16.565 0.008
4100.58634 16.663 0.011
4100.59710 16.592 0.009
4105.55417 17.096 0.014
4105.56495 17.080 0.011
4108.53042 17.161 0.017
4108.54116 17.156 0.010
4113.60831 17.039 0.011
4113.61909 17.040 0.011
4120.57914 17.110 0.011
4120.58992 17.088 0.009
4126.57697 16.528 0.011
4132.57311 16.936 0.013
4252.92626 17.043 0.018
4252.93706 17.072 0.016
4255.84555 17.102 0.017
4255.85634 17.123 0.015
4268.89906 16.815 0.012
4268.90906 16.830 0.011
4275.92119 16.933 0.014
4275.93116 16.954 0.014
4279.79887 16.813 0.017
4279.82785 16.815 0.014
4282.80943 16.979 0.015
4282.81939 16.984 0.012
4283.86237 16.772 0.014
4283.87233 16.782 0.011
4285.91669 17.133 0.016
4285.92664 17.119 0.014
4291.93747 16.678 0.012
4291.94744 16.682 0.012
4292.85599 17.150 0.013
4292.86597 17.156 0.011
4295.86004 16.605 0.010
4295.87000 16.552 0.008
4296.88980 17.141 0.013
4296.89973 17.125 0.012
4297.92266 17.006 0.012
4297.93261 17.041 0.011
4299.85747 17.161 0.012
4299.86745 17.145 0.011
4300.87896 17.109 0.013
4300.88894 17.110 0.011
4301.89697 16.960 0.011
4301.90693 16.974 0.010
4302.91858 16.729 0.011
4302.92856 16.745 0.011
4306.86321 16.569 0.012
4306.92569 16.638 0.009
4307.89749 17.163 0.013
4307.90742 17.155 0.011
4308.65864 16.917 0.013
4308.66857 16.947 0.012
4308.86662 17.046 0.013
4308.87659 17.040 0.011
4310.83897 16.948 0.014
4310.84891 16.865 0.011
4311.82652 17.141 0.022
4311.83647 17.143 0.017
4312.90040 17.000 0.011
4312.91033 16.999 0.010
4314.91987 17.064 0.016
4314.92979 16.977 0.013
4316.82641 16.899 0.014
4316.83634 16.913 0.011
4319.86359 17.056 0.016
4320.89045 16.895 0.014
4320.90037 16.903 0.012
4326.83432 17.129 0.014
4326.84428 17.109 0.013
4327.81259 16.937 0.015
4327.82334 16.953 0.013
4328.82822 16.697 0.011
4328.83899 16.709 0.010
4329.83076 17.190 0.016
4329.84068 17.173 0.013
4330.85900 17.080 0.013
4330.86979 17.083 0.011
4333.86030 17.139 0.016
4333.87106 17.150 0.013
4338.90068 17.044 0.017
4338.91140 17.043 0.014
4340.77316 17.171 0.016
4340.78388 17.185 0.013
4341.76831 17.088 0.016
4341.77904 17.099 0.014
4342.82417 16.964 0.015
4342.83495 16.964 0.013
4343.76181 16.588 0.011
4343.77254 16.600 0.009
4344.74396 17.146 0.014
4344.75468 17.134 0.012
4345.78995 17.051 0.012
4345.80065 17.075 0.011
4347.77884 16.496 0.010
4347.78957 16.485 0.008
4349.79203 17.023 0.013
4349.80275 17.012 0.011
4351.72913 17.160 0.017
4351.83001 16.732 0.010
4353.75235 16.950 0.015
4353.76306 16.939 0.011
4357.70122 16.834 0.013
4359.69915 17.152 0.013
4359.70987 17.127 0.011
4361.70171 16.788 0.013
4361.71244 16.786 0.011
4362.72443 16.971 0.014
4362.73726 16.876 0.012
4364.58347 16.877 0.015
4364.59417 16.875 0.014
4367.68098 17.062 0.017
4367.69170 17.089 0.013
4370.67263 17.139 0.016
4370.68337 17.165 0.014
4372.73610 16.869 0.011
4372.74680 16.875 0.010
4376.65149 16.717 0.012
4376.66219 16.740 0.010
4378.61807 17.087 0.015
4378.62876 17.098 0.011
4379.64603 16.929 0.014
4379.65673 16.915 0.013
4380.75888 16.728 0.011
4380.76961 16.751 0.010
4382.68633 17.080 0.014
4382.69700 17.093 0.011
4386.66139 17.035 0.013
4386.67209 17.016 0.011
4388.66187 17.026 0.013
4388.67258 16.946 0.011
4390.67086 16.983 0.011
4390.68157 16.986 0.010
4393.64464 17.065 0.015
4393.65536 17.093 0.011
4395.67952 16.606 0.011
4395.69026 16.623 0.009
4398.64496 16.836 0.012
4398.65570 16.849 0.011
4400.66784 17.135 0.016
4400.67854 17.138 0.017
4403.69363 16.933 0.013
4403.70437 16.851 0.011
4407.63372 17.166 0.017
4407.64444 17.172 0.012
4408.67990 17.082 0.015
4408.69063 17.105 0.014
4410.70284 16.629 0.011
4410.71355 16.636 0.009
4415.68697 17.136 0.015
4415.69771 17.122 0.014
4418.59364 17.184 0.014
4418.60435 17.159 0.011
4422.65487 17.147 0.015
4422.66558 17.158 0.011
4424.65193 16.879 0.012
4424.66266 16.885 0.011
4427.53863 16.951 0.015
4427.54935 16.975 0.012
4429.56456 17.197 0.022
4429.59215 17.146 0.017
4431.56900 16.921 0.014
4431.57979 16.937 0.011
4433.57486 17.157 0.014
4433.58561 17.144 0.014
4435.56321 16.865 0.012
4435.57390 16.894 0.011
4437.65225 17.142 0.019
4437.66299 17.142 0.016
4439.56412 16.805 0.013
4439.57488 16.820 0.012
4441.59995 17.130 0.016
4441.61072 17.123 0.014
4443.59068 16.749 0.013
4443.60142 16.762 0.011
4449.64470 17.075 0.014
4449.65550 17.109 0.012
4451.59983 16.510 0.010
4451.61058 16.537 0.008
4453.58181 17.052 0.016
4453.59255 17.018 0.012
4456.58324 17.095 0.017
4456.59396 17.110 0.016
4459.53574 17.151 0.019
4459.54653 17.161 0.014
4464.57543 17.034 0.014
4464.58619 17.050 0.011
4465.54136 16.821 0.013
4465.55216 16.853 0.011
4470.56029 17.121 0.017
4470.57110 17.103 0.012
4474.59679 17.161 0.020
4474.60758 17.181 0.014
4476.57493 16.889 0.012
4476.58575 16.907 0.011
4479.59974 17.031 0.017
4479.61051 17.085 0.014
4481.58441 16.547 0.011
4481.59520 16.529 0.009
4484.60109 16.788 0.018
4484.61189 16.806 0.013
4487.62265 17.016 0.021
4487.63339 16.982 0.016
4609.89594 16.864 0.014
4609.90676 16.775 0.011
4643.88061 17.157 0.016
4643.89140 17.159 0.014
4649.93082 16.881 0.013
4649.94157 16.855 0.011
4655.93811 17.117 0.011
4661.89396 16.540 0.010
4661.90477 16.552 0.008
4662.77668 17.129 0.012
4662.78746 17.143 0.011
4662.89360 17.166 0.014
4662.90441 17.167 0.011
4663.74837 16.961 0.014
4663.75915 16.955 0.012
4663.93227 17.062 0.015
4663.94303 17.053 0.014
4665.82132 17.142 0.017
4665.83211 17.150 0.015
4665.91527 16.595 0.012
4665.92607 16.532 0.010
4666.90913 17.122 0.017
4666.91992 17.106 0.014
4670.90358 17.097 0.014
4670.91433 17.104 0.011
4671.81782 16.880 0.013
4671.82857 16.892 0.011
4672.87754 16.614 0.010
4672.88832 16.638 0.011
4675.89515 16.897 0.012
4675.90592 16.878 0.011
4681.87488 17.119 0.012
4681.88566 17.126 0.010
4683.87013 16.711 0.011
4683.88090 16.728 0.008
4685.85625 17.097 0.015
4685.86698 17.081 0.011
4688.80759 17.146 0.013
4688.81835 17.138 0.011
4690.73315 16.723 0.010
4690.74389 16.734 0.009
4691.73602 17.191 0.018
4691.74680 17.189 0.014
4693.89111 17.008 0.016
4693.90187 17.018 0.014
4696.84103 17.075 0.018
4696.87544 17.100 0.016
4698.75286 16.517 0.008
4698.76359 16.538 0.008
4699.74687 17.121 0.014
4699.75759 17.150 0.012
4700.78438 17.035 0.012
4700.79510 17.041 0.011
4701.78958 16.832 0.011
4701.80031 16.857 0.011
4702.84972 16.516 0.010
4702.86044 16.543 0.010
4703.74876 17.126 0.014
4703.75952 17.100 0.012
4704.76761 16.984 0.011
4704.77836 16.989 0.010
4705.77485 16.763 0.011
4705.78558 16.774 0.011
4707.76752 17.092 0.011
4707.77826 17.103 0.010
4708.83578 16.964 0.011
4708.84649 16.981 0.010
4710.75175 17.135 0.012
4710.76250 17.073 0.011
4716.75326 16.812 0.011
4716.76398 16.810 0.009
4719.74543 16.961 0.015
4719.77187 16.975 0.012
4721.73439 17.166 0.016
4721.76287 17.142 0.017
4724.76409 16.616 0.011
4724.77481 16.646 0.009
4726.65976 16.997 0.014
4726.67047 16.981 0.013
4729.67074 17.092 0.017
4729.68150 17.154 0.014
4731.76099 16.781 0.010
4731.77170 16.800 0.008
4734.74331 16.945 0.011
4734.75402 16.959 0.010
4736.70809 17.149 0.015
4739.64937 16.596 0.011
4739.66011 16.540 0.009
4741.68137 17.025 0.009
4741.72395 17.036 0.011
4741.73467 17.022 0.010
4747.59056 17.140 0.014
4747.60124 17.127 0.013
4749.59013 16.855 0.014
4749.60086 16.856 0.012
4753.65929 16.824 0.014
4753.66996 16.825 0.011
4755.65321 17.117 0.013
4755.66391 17.107 0.011
4757.63765 16.724 0.010
4757.64840 16.741 0.009
4759.65027 17.105 0.013
4759.66097 17.122 0.011
4761.62054 16.589 0.008
4761.63125 16.617 0.007
4763.63318 17.029 0.015
4763.64390 17.063 0.014
4766.60140 17.133 0.015
4766.61211 17.123 0.014
4769.63947 17.022 0.015
4769.65023 16.933 0.012
4771.55054 16.899 0.014
4771.56126 16.898 0.013
4773.67535 17.174 0.013
4773.68608 17.153 0.012
4775.66219 16.940 0.014
4775.67294 16.917 0.012
4777.59594 17.147 0.014
4777.60665 17.146 0.012
4779.63153 16.837 0.011
4779.64224 16.856 0.011
4781.58145 17.128 0.014
4783.56507 16.716 0.012
4783.57581 16.725 0.009
4785.59617 17.093 0.014
4785.60692 17.097 0.013
4789.53158 17.011 0.015
4789.54231 17.047 0.011
4790.61380 16.892 0.010
4790.62453 16.887 0.009
4791.61210 16.529 0.009
4791.62280 16.542 0.007
4793.51623 16.981 0.015
4793.52698 16.973 0.011
4795.53328 17.161 0.012
4795.54401 17.165 0.011
4797.52548 16.929 0.012
4797.53620 16.940 0.011
4798.58878 16.712 0.012
4798.59948 16.726 0.011
4800.63607 17.098 0.014
4800.64681 17.071 0.011
4803.52739 17.158 0.017
4803.53809 17.125 0.012
4804.57757 17.052 0.017
4804.58832 17.073 0.013
4806.58659 16.505 0.010
4806.59732 16.531 0.009
4808.54482 16.995 0.014
4808.55555 17.009 0.013
4808.61232 16.998 0.014
4810.55526 17.150 0.015
4810.56598 17.114 0.012
4813.59461 16.720 0.011
4813.60536 16.725 0.011
4815.57074 17.056 0.015
4815.58155 17.075 0.015
4817.58728 16.563 0.009
4817.59801 16.586 0.008
4819.58688 17.031 0.013
4819.59764 17.050 0.011
4821.62878 16.504 0.009
4821.63955 16.519 0.007
4823.58957 16.980 0.013
4823.60034 17.007 0.012
4825.61801 17.027 0.014
4825.62877 16.997 0.011
4832.59113 16.542 0.010
4833.56113 17.136 0.011
4835.57295 16.823 0.014
4835.58373 16.836 0.012
4839.59446 16.739 0.013
4839.60526 16.788 0.011
4842.56152 16.892 0.015
4842.57233 16.888 0.013
4844.57001 17.161 0.014
4844.58286 17.171 0.012
4847.62632 16.589 0.015
4847.63711 16.601 0.012
4849.58618 17.042 0.013
4849.59694 17.025 0.011
4853.58361 16.995 0.014
4853.59442 17.002 0.011
4856.57754 17.086 0.014
4856.58836 17.123 0.012
4865.55067 16.782 0.012
4865.56146 16.769 0.010
4953.89694 17.187 0.017
4954.88836 17.083 0.014
