2090.89538 16.858 0.015
2105.90002 16.838 0.012
2106.86466 16.588 0.011
2116.84855 16.741 0.011
2123.79539 16.524 0.010
2127.80858 16.611 0.014
2128.80332 16.894 0.014
2129.83531 16.663 0.011
2130.80178 16.831 0.012
2131.89030 16.700 0.013
2132.78321 16.637 0.013
2135.81974 16.706 0.011
2136.83599 16.378 0.010
2137.79293 16.764 0.014
2140.78789 16.476 0.010
2142.80021 16.519 0.010
2143.79520 16.797 0.012
2144.89127 16.578 0.010
2155.85623 16.384 0.013
2156.80287 16.734 0.012
2162.73877 16.789 0.011
2166.73323 16.867 0.012
2167.81657 16.646 0.011
2171.71804 16.691 0.009
2172.72371 16.409 0.009
2173.70423 16.702 0.010
2177.59525 16.749 0.015
2184.67828 16.563 0.012
2185.64234 16.839 0.013
2187.73680 16.878 0.014
2188.65766 16.635 0.012
2190.66871 16.659 0.010
2191.72194 16.387 0.008
2192.64155 16.715 0.010
2193.66277 16.297 0.007
2194.63105 16.721 0.011
2195.69686 16.372 0.007
2201.64445 16.523 0.009
2203.69087 16.576 0.009
2204.63701 16.841 0.015
2208.68149 16.783 0.013
2211.61864 16.708 0.012
2212.61922 16.353 0.009
2213.62744 16.719 0.013
2214.61283 16.336 0.010
2215.62727 16.742 0.012
2217.61230 16.751 0.013
2219.65693 16.790 0.013
2222.62584 16.547 0.012
2224.68163 16.457 0.010
2226.61308 16.613 0.012
2229.59566 16.716 0.012
2231.54716 16.572 0.011
2233.55191 16.311 0.009
2235.63728 16.422 0.008
2237.55678 16.444 0.011
2242.59422 16.816 0.013
2244.61587 16.887 0.014
2250.54623 16.524 0.010
2252.59681 16.311 0.009
2255.58104 16.763 0.012
2257.60164 16.780 0.011
2262.59401 16.559 0.010
2266.54898 16.651 0.013
2271.56046 16.288 0.008
2273.55876 16.396 0.011
2275.59183 16.474 0.010
2277.57619 16.508 0.009
2280.54385 16.806 0.015
2284.58432 16.878 0.014
2289.57798 16.743 0.012
2291.57766 16.743 0.012
2293.55595 16.756 0.012
2295.54661 16.765 0.014
2297.54812 16.822 0.014
2299.55367 16.804 0.014
2301.54533 16.888 0.016
2444.92465 16.608 0.012
2458.92825 16.782 0.013
2463.89188 16.595 0.011
2465.90438 16.636 0.010
2467.87832 16.658 0.011
2469.87800 16.696 0.011
2471.88605 16.719 0.011
2473.86349 16.727 0.012
2483.83582 16.864 0.012
2486.85146 16.674 0.013
2488.84306 16.667 0.014
2489.89955 16.296 0.009
2492.88105 16.768 0.013
2496.88049 16.765 0.011
2497.90367 16.517 0.010
2498.90650 16.796 0.011
2499.83697 16.547 0.011
2500.84136 16.815 0.012
2501.83139 16.578 0.010
2502.81110 16.840 0.012
2503.82655 16.594 0.010
2511.83501 16.746 0.013
2516.86911 16.525 0.011
2517.79725 16.790 0.012
2518.77159 16.515 0.010
2520.76857 16.550 0.010
2526.75506 16.671 0.009
2534.80897 16.775 0.012
2535.86941 16.522 0.011
2537.67947 16.487 0.012
2538.76809 16.786 0.013
2539.67700 16.534 0.011
2540.69847 16.783 0.015
2541.68243 16.564 0.010
2542.65854 16.833 0.013
2544.63963 16.869 0.012
2545.65255 16.632 0.011
2547.67028 16.686 0.013
2548.68912 16.489 0.010
2550.68391 16.301 0.009
2551.67055 16.731 0.011
2552.68670 16.381 0.008
2554.68000 16.434 0.009
2555.68783 16.763 0.011
2556.66690 16.471 0.010
2557.67919 16.776 0.011
2558.63603 16.492 0.010
2559.59192 16.766 0.013
2560.62578 16.553 0.010
2561.65146 16.807 0.015
2562.64406 16.575 0.010
2563.65202 16.857 0.014
2564.66762 16.628 0.012
2565.64904 16.838 0.012
2566.63642 16.665 0.011
2568.63914 16.728 0.019
2573.63345 16.299 0.009
2574.61707 16.756 0.012
2575.63437 16.481 0.008
2576.61693 16.776 0.014
2577.60276 16.511 0.013
2578.60122 16.784 0.013
2579.61083 16.554 0.011
2580.59859 16.808 0.012
2583.59419 16.621 0.013
2584.60200 16.897 0.014
2587.58547 16.674 0.011
2588.61359 16.346 0.009
2589.57069 16.712 0.012
2590.59008 16.314 0.010
2591.59134 16.725 0.012
2593.58141 16.732 0.011
2594.58578 16.454 0.012
2596.56094 16.499 0.012
2597.54917 16.779 0.015
2598.59627 16.562 0.010
2599.57852 16.815 0.015
2606.66323 16.707 0.012
2609.60612 16.329 0.010
2611.57607 16.375 0.011
2614.58142 16.777 0.011
2618.57467 16.835 0.015
2620.57243 16.869 0.015
2623.58009 16.660 0.012
2626.57169 16.405 0.012
2628.53428 16.300 0.013
2632.54077 16.450 0.010
2636.53588 16.536 0.012
2641.56003 16.888 0.012
2645.56963 16.360 0.009
2650.56621 16.767 0.012
2653.57947 16.498 0.011
2656.55882 16.838 0.016
2659.58530 16.633 0.012
2663.55000 16.683 0.014
2671.54433 16.784 0.012
2673.53758 16.801 0.016
2675.55433 16.825 0.014
2681.57089 16.656 0.013
2777.88052 16.761 0.017
2804.92340 16.816 0.017
2809.94658 16.717 0.015
2813.93201 16.769 0.012
2817.90446 16.799 0.014
2831.75565 16.303 0.011
2832.89701 16.744 0.012
2833.84247 16.441 0.012
2835.92785 16.515 0.011
2837.84838 16.536 0.013
2838.86902 16.831 0.015
2839.88225 16.562 0.010
2844.85012 16.725 0.010
2845.84647 16.687 0.013
2848.93314 16.381 0.012
2850.86587 16.416 0.011
2851.90923 16.752 0.012
2852.94243 16.507 0.012
2853.92007 16.774 0.011
2856.79303 16.524 0.013
2858.88723 16.592 0.010
2860.85326 16.597 0.010
2861.72144 16.868 0.012
2862.82880 16.640 0.012
2863.81148 16.809 0.014
2865.88481 16.305 0.009
2866.84380 16.711 0.015
2867.77977 16.309 0.009
2869.82116 16.369 0.009
2871.85454 16.453 0.009
2875.77509 16.518 0.012
2877.77529 16.539 0.010
2883.80233 16.672 0.009
2885.73745 16.699 0.012
2888.78564 16.340 0.010
2892.77751 16.472 0.012
2894.78070 16.525 0.011
2896.78210 16.553 0.010
2898.79843 16.596 0.010
2900.72262 16.613 0.009
2902.72339 16.644 0.010
2905.73052 16.347 0.009
2907.73154 16.316 0.008
2909.71894 16.395 0.009
2911.71201 16.444 0.008
2915.68364 16.526 0.010
2917.70908 16.577 0.009
2921.70417 16.649 0.012
2923.72060 16.681 0.011
2925.69182 16.706 0.010
2927.68935 16.728 0.012
2930.70718 16.460 0.010
2932.71002 16.494 0.010
2934.69378 16.540 0.009
2937.61398 16.816 0.014
2940.61083 16.613 0.009
2942.61084 16.665 0.010
2944.56676 16.660 0.011
2946.55826 16.689 0.013
2947.58029 16.309 0.009
2951.60609 16.472 0.011
2952.63314 16.762 0.011
2954.66033 16.821 0.014
2956.60625 16.823 0.011
2958.59101 16.881 0.012
2966.58491 16.308 0.008
2969.62770 16.770 0.012
2971.63536 16.786 0.012
2973.62325 16.798 0.012
2975.59754 16.836 0.012
2977.59012 16.889 0.016
2979.55620 16.869 0.014
2981.60099 16.646 0.015
2983.63733 16.319 0.010
2985.65523 16.377 0.010
2987.55292 16.383 0.010
2990.58405 16.771 0.011
2992.54653 16.778 0.013
2995.59206 16.582 0.009
2998.54813 16.889 0.015
3001.55085 16.680 0.013
3004.54160 16.320 0.010
3007.54931 16.765 0.011
3010.54857 16.500 0.010
3016.56573 16.612 0.012
3019.56954 16.674 0.011
3021.59304 16.311 0.007
3023.54741 16.317 0.009
3025.54472 16.386 0.009
3027.58095 16.465 0.010
3031.55719 16.555 0.010
3033.55994 16.578 0.010
3035.59329 16.644 0.010
3040.54010 16.395 0.011
3133.92344 16.509 0.011
3160.83573 16.602 0.013
3175.94660 16.579 0.010
3182.95081 16.444 0.009
3191.94703 16.766 0.012
3195.91642 16.848 0.011
3197.89196 16.879 0.014
3199.92542 16.769 0.013
3203.85413 16.387 0.008
3204.92012 16.747 0.012
3210.87110 16.763 0.013
3211.93571 16.530 0.010
3216.69893 16.808 0.015
3218.81537 16.878 0.018
3223.81208 16.705 0.012
3226.80115 16.384 0.009
3229.80624 16.765 0.010
3231.76058 16.741 0.014
3238.92453 16.674 0.011
3240.74887 16.676 0.011
3242.69147 16.649 0.010
3243.82416 16.310 0.008
3244.80522 16.724 0.011
3245.75065 16.325 0.009
3246.74312 16.766 0.012
3247.73826 16.414 0.010
3248.78468 16.769 0.012
3250.78784 16.786 0.010
3253.74330 16.564 0.010
3256.72610 16.864 0.012
3260.68103 16.848 0.012
3262.71302 16.415 0.007
3264.66868 16.302 0.007
3266.73973 16.428 0.009
3268.66939 16.431 0.008
3270.64315 16.484 0.011
3271.64088 16.776 0.013
3272.69785 16.534 0.010
3274.68005 16.582 0.010
3276.68873 16.611 0.010
3277.72139 16.865 0.012
3278.77901 16.700 0.012
3280.67471 16.685 0.009
3282.66544 16.712 0.008
3286.62835 16.766 0.010
3288.64204 16.761 0.009
3293.57368 16.544 0.008
3295.59203 16.578 0.007
3297.57369 16.607 0.008
3299.63061 16.683 0.008
3301.60466 16.720 0.012
3303.66690 16.764 0.012
3306.59779 16.405 0.007
3308.58742 16.464 0.011
3310.58646 16.519 0.012
3312.58872 16.550 0.009
3315.60927 16.868 0.010
3320.57248 16.693 0.012
3321.57451 16.458 0.009
3324.59880 16.745 0.010
3329.55225 16.499 0.009
3334.54269 16.867 0.013
3336.56429 16.908 0.012
3349.57261 16.763 0.009
3352.60842 16.613 0.010
3355.57740 16.872 0.010
3362.56034 16.737 0.010
3367.59005 16.539 0.010
3372.54133 16.851 0.011
3378.56796 16.333 0.008
3386.53493 16.502 0.009
3389.56976 16.831 0.011
3398.53387 16.707 0.011
3544.94196 16.754 0.010
3552.94787 16.901 0.021
3561.91554 16.744 0.009
3564.88280 16.412 0.008
3569.90138 16.787 0.010
3570.71666 16.485 0.011
3573.83444 16.870 0.013
3574.85489 16.641 0.010
3577.87297 16.627 0.010
3578.87152 16.704 0.009
3581.81803 16.304 0.007
3582.80099 16.729 0.011
3583.81502 16.371 0.008
3585.84400 16.462 0.007
3589.81074 16.529 0.008
3591.82511 16.584 0.007
3593.86056 16.619 0.009
3596.76440 16.865 0.012
3601.78312 16.727 0.010
3603.85124 16.780 0.011
3608.79395 16.538 0.008
3615.80697 16.764 0.009
3618.80422 16.719 0.009
3620.83606 16.728 0.009
3622.78772 16.754 0.010
3626.68777 16.787 0.011
3629.71429 16.561 0.010
3631.72082 16.605 0.011
3633.66558 16.595 0.011
3638.68895 16.479 0.009
3641.67354 16.729 0.009
3643.69807 16.768 0.012
3646.62576 16.447 0.009
3650.62736 16.542 0.009
3651.70647 16.882 0.011
3653.67284 16.902 0.010
3655.66832 16.788 0.010
3657.60113 16.701 0.010
3658.60274 16.692 0.012
3659.61675 16.344 0.009
3660.65627 16.723 0.011
3664.67528 16.750 0.008
3666.69879 16.786 0.010
3669.65189 16.597 0.010
3671.59727 16.576 0.009
3673.64572 16.667 0.012
3675.63564 16.679 0.009
3681.58676 16.763 0.012
3683.61672 16.745 0.010
3685.61355 16.782 0.010
3687.61856 16.802 0.011
3689.57170 16.806 0.010
3692.54324 16.622 0.010
3694.54056 16.670 0.012
3696.53279 16.660 0.009
3698.53805 16.693 0.012
3700.54979 16.732 0.010
3702.55565 16.769 0.012
3704.55654 16.753 0.011
3706.56301 16.795 0.010
3708.55644 16.817 0.011
3711.56388 16.617 0.010
3713.58624 16.657 0.010
3716.58750 16.347 0.012
3719.58674 16.742 0.011
3722.56530 16.452 0.009
3725.60590 16.796 0.009
3727.56869 16.838 0.013
3732.61361 16.661 0.010
3740.55467 16.737 0.010
3745.54792 16.524 0.011
3749.54991 16.627 0.014
3755.54924 16.710 0.014
3760.55108 16.468 0.011
3765.53937 16.826 0.010
3771.55778 16.676 0.012
3775.56268 16.345 0.009
3780.54522 16.755 0.013
3871.85575 16.826 0.016
3900.94426 16.392 0.010
3905.93895 16.782 0.011
3913.89765 16.830 0.009
3917.92709 16.314 0.008
3921.90984 16.433 0.011
3931.88097 16.634 0.010
3933.92574 16.694 0.009
3935.90412 16.708 0.009
3937.86492 16.708 0.012
3938.92463 16.383 0.008
3944.87915 16.524 0.009
3946.84404 16.548 0.008
3951.86569 16.859 0.012
3955.82706 16.401 0.010
3958.80858 16.722 0.010
3960.80868 16.756 0.010
3963.80541 16.509 0.010
3965.79725 16.538 0.007
3967.81700 16.588 0.007
3969.78290 16.611 0.009
3971.75842 16.642 0.009
3974.76062 16.603 0.009
3979.71607 16.752 0.010
3980.59869 16.313 0.010
3981.62295 16.739 0.010
3983.88433 16.810 0.012
3987.76392 16.843 0.010
3990.77116 16.647 0.008
3993.71410 16.728 0.010
3995.71871 16.361 0.007
3999.72612 16.407 0.008
4002.70330 16.774 0.009
4004.65495 16.773 0.009
4006.68136 16.814 0.009
4007.67416 16.575 0.008
4008.55340 16.805 0.010
4013.67787 16.679 0.011
4015.65894 16.677 0.013
4017.67642 16.744 0.010
4019.66538 16.741 0.011
4021.65879 16.764 0.009
4024.63217 16.524 0.009
4026.61113 16.545 0.008
4028.60689 16.595 0.008
4030.61613 16.633 0.009
4032.67111 16.680 0.010
4037.58249 16.313 0.007
4039.58578 16.411 0.008
4041.57790 16.466 0.010
4043.57098 16.502 0.010
4046.54331 16.814 0.011
4048.54626 16.845 0.012
4050.56771 16.903 0.011
4052.54011 16.830 0.010
4054.59466 16.333 0.008
4056.56664 16.301 0.008
4059.52823 16.758 0.010
4061.56370 16.748 0.009
4065.58087 16.829 0.010
4067.54125 16.859 0.012
4069.56525 16.891 0.011
4072.62251 16.707 0.010
4076.62505 16.740 0.012
4078.58364 16.738 0.009
4080.59563 16.759 0.011
4083.61775 16.572 0.010
4087.57758 16.628 0.009
4093.59712 16.742 0.009
4099.59273 16.784 0.012
4103.61965 16.854 0.013
4111.57172 16.319 0.007
4124.56660 16.873 0.011
4132.56867 16.361 0.010
4252.90775 16.668 0.013
4255.82195 16.544 0.014
4273.90729 16.695 0.014
4278.93091 16.452 0.011
4279.88256 16.740 0.014
4282.78932 16.467 0.011
4283.90624 16.798 0.014
4285.89952 16.848 0.013
4291.91996 16.478 0.011
4293.88806 16.295 0.008
4296.87229 16.731 0.010
4297.90503 16.422 0.009
4299.84013 16.458 0.009
4300.86149 16.770 0.011
4301.87956 16.511 0.009
4302.89574 16.802 0.013
4303.92009 16.567 0.011
4307.87939 16.636 0.009
4308.64106 16.820 0.012
4308.79568 16.868 0.012
4310.81958 16.762 0.013
4311.80779 16.686 0.014
4312.88214 16.299 0.008
4314.90186 16.357 0.010
4316.80899 16.373 0.010
4319.84049 16.763 0.011
4326.81437 16.599 0.011
4327.79432 16.905 0.015
4328.81009 16.650 0.011
4329.89497 16.505 0.010
4331.87649 16.312 0.010
4333.91076 16.386 0.010
4338.87898 16.768 0.014
4340.75073 16.779 0.012
4341.74678 16.496 0.011
4342.77106 16.810 0.013
4343.74012 16.544 0.010
4345.76825 16.598 0.010
4347.75717 16.624 0.010
4349.74883 16.658 0.010
4354.73767 16.329 0.010
4356.74006 16.409 0.010
4358.77000 16.487 0.011
4361.69784 16.791 0.013
4363.60079 16.786 0.013
4364.75627 16.596 0.012
4367.67702 16.872 0.015
4371.64260 16.587 0.011
4373.66090 16.298 0.008
4377.73267 16.454 0.009
4379.62437 16.468 0.011
4380.72019 16.786 0.011
4382.66432 16.808 0.013
4387.70956 16.689 0.008
4390.64930 16.524 0.009
4392.67354 16.303 0.008
4395.65492 16.745 0.012
4397.69555 16.775 0.012
4400.62504 16.511 0.011
4403.63411 16.840 0.013
4408.63720 16.673 0.011
4411.64987 16.292 0.008
4416.66463 16.759 0.011
4421.66747 16.577 0.011
4424.58747 16.877 0.013
4426.62601 16.808 0.014
4428.56495 16.693 0.014
4430.60348 16.294 0.009
4432.64748 16.376 0.010
4434.61641 16.440 0.009
4436.59276 16.460 0.010
4438.61528 16.519 0.010
4440.58878 16.558 0.012
4441.57780 16.821 0.013
4443.53726 16.851 0.012
4450.56772 16.723 0.013
4453.55970 16.380 0.010
4456.56122 16.768 0.014
4463.57321 16.622 0.012
4466.55730 16.683 0.012
4476.55787 16.509 0.010
4479.58762 16.827 0.015
4483.58066 16.863 0.013
4486.60065 16.714 0.014
4492.59805 16.759 0.013
4609.86918 16.644 0.012
4630.94714 16.722 0.015
4638.93410 16.765 0.011
4652.90902 16.368 0.009
4661.89020 16.817 0.011
4662.73716 16.544 0.012
4663.72674 16.798 0.014
4665.79984 16.885 0.014
4666.88769 16.675 0.012
4670.88195 16.725 0.011
4671.81421 16.299 0.009
4672.85619 16.736 0.011
4675.86256 16.471 0.010
4681.85349 16.585 0.009
4683.82765 16.604 0.010
4685.83477 16.666 0.012
4687.87032 16.698 0.010
4689.74365 16.699 0.010
4690.71132 16.407 0.008
4691.71436 16.709 0.012
4693.86942 16.738 0.014
4696.79102 16.497 0.013
4698.73116 16.505 0.009
4700.76256 16.543 0.009
4701.71684 16.840 0.012
4701.76771 16.845 0.011
4702.82777 16.618 0.010
4703.72705 16.862 0.012
4704.74605 16.620 0.009
4705.75322 16.850 0.012
4708.81404 16.717 0.010
4710.72771 16.722 0.009
4716.73082 16.763 0.009
4719.72365 16.557 0.011
4721.69423 16.596 0.012
4725.69956 16.653 0.011
4728.72116 16.312 0.008
4731.71822 16.734 0.010
4734.70681 16.455 0.008
4743.68143 16.881 0.011
4748.67126 16.709 0.010
4750.67305 16.730 0.011
4750.70424 16.751 0.012
4754.62991 16.746 0.012
4756.63920 16.772 0.012
4758.61964 16.812 0.011
4760.60632 16.808 0.010
4762.58272 16.862 0.013
4766.57920 16.705 0.013
4769.61687 16.722 0.013
4771.66229 16.751 0.010
4773.63328 16.765 0.010
4775.63684 16.775 0.013
4777.57119 16.811 0.013
4779.57164 16.807 0.012
4781.55970 16.856 0.012
4782.63031 16.643 0.011
4783.53998 16.874 0.014
4785.57403 16.717 0.013
4786.61401 16.684 0.012
4788.58831 16.701 0.010
4790.57055 16.736 0.009
4792.54640 16.756 0.010
4794.55022 16.758 0.011
4796.61990 16.801 0.011
4798.56575 16.820 0.012
4800.58555 16.877 0.010
4802.59155 16.859 0.013
4804.57317 16.654 0.012
4808.59010 16.342 0.009
4810.58759 16.422 0.010
4813.54918 16.738 0.013
4815.54019 16.766 0.014
4817.56537 16.817 0.011
4819.55938 16.872 0.013
4821.62028 16.783 0.010
4823.58548 16.598 0.010
4825.60612 16.295 0.009
4832.56457 16.763 0.012
4834.58964 16.786 0.014
4837.58084 16.594 0.011
4841.54667 16.660 0.012
4843.55136 16.698 0.014
4845.54895 16.741 0.012
4846.55625 16.317 0.009
4848.59679 16.414 0.008
4849.58192 16.740 0.010
4853.57957 16.794 0.012
4856.56053 16.582 0.009
4865.54695 16.340 0.010
