 625.92244 16.216 0.008
 626.91424 15.760 0.007
 627.87993 16.086 0.008
 629.83353 15.914 0.008
 629.93756 15.943 0.008
 631.89538 15.714 0.007
 632.89014 16.112 0.008
 635.86608 16.241 0.008
 643.83539 16.396 0.008
 645.86157 16.254 0.008
 647.81937 16.146 0.009
 649.82425 15.988 0.008
 656.87676 15.813 0.007
 657.88064 16.177 0.008
 658.88936 16.362 0.010
 665.85638 16.313 0.008
 666.85846 15.865 0.006
 667.87748 16.203 0.007
 668.84828 16.241 0.007
 670.81394 16.298 0.008
 671.83638 15.862 0.006
 672.84135 16.216 0.007
 673.75440 16.311 0.008
 684.76932 16.085 0.007
 685.76984 16.349 0.008
 686.72592 15.892 0.007
 687.88721 16.243 0.008
 688.85510 15.709 0.006
 689.72166 16.076 0.007
 697.68750 16.228 0.008
 698.70275 15.728 0.008
 699.71356 16.105 0.007
 700.69865 16.388 0.008
 701.67032 15.934 0.007
 704.66485 16.110 0.008
 706.66326 15.954 0.008
 706.75773 15.993 0.008
 707.69380 16.248 0.008
 708.69128 15.720 0.008
 712.69161 16.256 0.008
 713.70584 15.749 0.006
 714.72240 16.142 0.007
 715.76323 16.375 0.008
 716.74578 16.026 0.007
 720.65277 16.406 0.009
 726.71292 16.041 0.007
 728.70602 15.856 0.007
 729.65038 16.171 0.008
 730.60176 16.401 0.010
 733.66139 15.862 0.008
 739.68358 16.219 0.008
 741.64713 16.073 0.007
 742.64096 16.316 0.008
 744.60947 16.207 0.008
 745.64935 15.948 0.007
 746.59415 16.085 0.008
 747.55195 16.317 0.009
 748.54860 15.872 0.008
 749.55500 16.202 0.010
 750.52922 16.172 0.010
 751.55936 16.087 0.008
 752.76313 16.403 0.008
 753.70289 15.964 0.007
 754.73442 16.256 0.008
 755.55810 15.883 0.008
 759.56073 16.220 0.008
 760.56507 15.715 0.007
 761.56032 16.107 0.008
 761.76381 16.165 0.009
 762.55832 16.368 0.009
 762.68855 16.399 0.009
 762.76697 16.403 0.011
 763.57728 15.948 0.008
 763.72153 16.010 0.008
 764.65532 16.273 0.010
 765.54068 15.704 0.007
 766.57759 16.126 0.009
 766.64414 16.153 0.009
 767.55200 16.384 0.012
 767.70566 16.394 0.011
 769.53690 16.263 0.008
 770.63320 15.761 0.007
 771.60939 16.149 0.008
 772.53745 16.407 0.009
 772.78531 16.223 0.008
 773.56002 15.974 0.008
 774.62988 16.275 0.008
 775.58275 15.755 0.006
 776.66371 16.176 0.008
 777.58066 16.395 0.008
 778.55380 15.991 0.008
 778.64533 16.040 0.008
 779.61317 16.267 0.008
 780.60153 15.807 0.007
 780.70707 15.869 0.007
 781.58954 16.160 0.008
 781.76289 16.199 0.008
 782.58720 16.382 0.009
 783.56692 16.033 0.007
 784.60656 16.291 0.008
 785.57739 15.829 0.007
 786.58213 16.181 0.007
 787.66251 16.143 0.008
 788.59414 16.036 0.007
 790.54413 15.835 0.007
 795.55590 15.864 0.007
 796.60550 16.199 0.008
 797.67596 15.738 0.006
 798.59344 16.075 0.008
 800.59132 15.909 0.007
 802.57182 15.900 0.007
 805.57787 15.919 0.007
 806.58865 16.223 0.008
 817.61611 15.742 0.007
 819.65722 16.409 0.008
 820.65620 16.020 0.007
 822.57613 15.750 0.007
 823.65345 16.158 0.008
 824.60155 16.391 0.009
 824.66438 16.371 0.009
 825.67475 16.051 0.009
 828.63480 16.163 0.008
 829.60138 16.374 0.009
 830.58189 16.028 0.008
 832.60830 15.837 0.007
 833.62845 16.179 0.008
 834.64264 16.244 0.008
 836.57599 16.284 0.008
 838.54911 16.186 0.008
 840.56458 16.038 0.008
 845.57024 16.066 0.007
 850.53769 16.082 0.009
 855.54438 16.097 0.008
 856.53222 16.339 0.009
 859.53189 15.767 0.007
 860.56421 16.112 0.008
 866.55150 16.380 0.009
 876.52009 16.422 0.008
 962.90078 16.317 0.008
 986.86709 16.129 0.008
 987.87936 16.422 0.008
 991.89325 16.155 0.008
 996.85945 16.149 0.005
 998.86669 16.019 0.008
1003.79783 16.016 0.008
1005.82327 15.824 0.007
1008.85643 16.055 0.008
1020.81930 15.906 0.007
1025.79894 15.908 0.007
1035.77384 15.929 0.007
1037.80106 15.710 0.007
1038.90011 16.148 0.008
1041.87052 16.243 0.007
1045.77164 15.981 0.007
1049.79206 16.389 0.008
1052.80241 15.807 0.007
1055.67215 15.988 0.007
1058.82395 16.182 0.008
1059.80283 16.320 0.009
1064.74599 16.310 0.009
1068.73781 16.181 0.008
1071.76583 16.320 0.008
1075.78292 16.094 0.007
1078.70471 16.208 0.007
1080.65074 16.064 0.007
1083.74307 16.217 0.007
1086.59357 16.313 0.008
1090.67671 16.102 0.008
1092.67676 15.950 0.007
1094.67291 15.699 0.006
1102.64152 15.959 0.007
1107.60986 15.974 0.007
1112.71603 16.026 0.007
1117.59144 16.003 0.007
1122.60301 16.023 0.008
1128.55160 16.273 0.008
1132.58196 16.060 0.008
1135.65066 16.210 0.007
1138.60344 16.342 0.008
1140.63583 16.233 0.008
1144.63882 15.943 0.007
1151.57332 15.695 0.006
1154.59285 15.973 0.007
1157.63329 16.125 0.008
1160.63011 16.251 0.008
1163.71203 16.327 0.008
1166.67908 15.830 0.006
1170.60803 16.286 0.008
1175.66915 16.310 0.010
1179.66685 16.058 0.008
1183.67570 15.875 0.007
1186.66955 15.921 0.006
1189.55809 16.080 0.007
1192.60271 16.215 0.008
1202.54928 16.212 0.009
1206.55290 15.962 0.008
1212.54441 16.230 0.009
1216.54832 16.003 0.008
1220.54665 16.398 0.009
1227.54231 16.292 0.009
1233.52988 15.859 0.008
1329.79136 15.708 0.008
1330.90149 16.159 0.008
1335.84670 16.154 0.008
1340.92256 16.180 0.008
1347.90387 16.073 0.008
1354.93274 15.918 0.008
1365.89367 16.228 0.008
1367.87122 16.118 0.008
1369.85888 15.946 0.008
1374.85779 15.973 0.008
1395.82335 16.283 0.009
1397.84674 16.191 0.008
1401.86041 15.889 0.007
1407.86771 16.228 0.008
1412.76563 16.209 0.008
1418.80573 15.725 0.007
1430.69971 16.366 0.009
1432.76461 16.242 0.008
1434.72549 16.132 0.008
1438.71748 15.726 0.006
1441.82457 16.024 0.007
1447.68098 16.254 0.010
1451.64706 16.013 0.008
1454.62129 16.166 0.008
1458.67385 15.828 0.007
1459.66687 16.175 0.008
1461.64170 16.044 0.008
1462.70008 16.311 0.008
1470.58891 16.312 0.008
1475.61296 16.119 0.008
1478.56158 15.884 0.008
1479.57774 16.206 0.008
1484.57699 16.225 0.008
1487.60404 16.367 0.008
1490.63973 15.699 0.007
1492.54251 16.375 0.009
1495.59181 15.707 0.007
1498.55768 15.953 0.008
1502.58084 16.395 0.008
1505.64797 15.794 0.008
1509.55890 16.275 0.008
1512.66106 16.320 0.009
1516.56074 16.176 0.008
1518.63065 16.061 0.008
1520.65855 15.882 0.007
1523.57588 16.076 0.009
1526.55877 16.201 0.008
1531.66608 16.230 0.008
1540.58440 15.945 0.008
1546.58220 16.252 0.008
1551.54524 16.249 0.008
1556.58599 16.273 0.008
1567.58235 15.855 0.008
1571.57683 16.300 0.008
1576.56569 16.330 0.009
1582.57641 15.908 0.007
1585.54987 16.092 0.008
1589.55209 15.729 0.007
1599.53206 15.712 0.008
1602.52187 15.978 0.008
1607.51598 15.984 0.008
1702.88656 16.367 0.010
1703.92847 15.954 0.008
1705.93423 15.706 0.007
1716.89447 16.144 0.008
1728.88595 16.024 0.008
1731.87249 16.166 0.007
1738.91727 16.073 0.007
1740.86115 15.860 0.008
1742.86271 16.152 0.008
1743.85897 16.053 0.008
1744.87804 16.337 0.008
1749.82845 16.339 0.008
1750.85491 15.905 0.007
1751.81217 16.204 0.008
1752.82794 15.910 0.007
1753.82902 16.086 0.008
1754.80121 16.341 0.008
1755.82104 15.916 0.009
1756.85020 16.240 0.011
1757.79964 15.810 0.008
1758.80422 16.105 0.008
1759.79410 16.354 0.008
1761.83348 16.245 0.008
1762.81585 15.698 0.006
1763.82153 16.114 0.007
1764.81128 16.382 0.008
1765.80744 15.963 0.007
1766.76074 16.222 0.010
1768.77172 16.134 0.008
1769.68059 16.355 0.009
1771.77387 16.248 0.010
1772.79379 15.716 0.006
1773.76104 16.117 0.008
1775.84485 16.000 0.007
1776.78393 16.246 0.008
1784.82919 16.369 0.008
1788.73252 16.155 0.008
1803.78664 16.214 0.008
1808.79556 16.227 0.007
1811.77874 16.369 0.008
1814.82556 15.708 0.006
1817.79146 15.965 0.007
1821.59332 16.328 0.009
1823.75080 16.242 0.007
1828.83729 16.268 0.008
1829.76205 15.764 0.008
1847.78576 16.076 0.007
1854.76812 15.904 0.007
1859.73210 15.909 0.007
1863.71576 16.364 0.008
1871.77656 15.725 0.006
2090.90645 16.221 0.009
2105.90431 16.240 0.008
2106.86900 15.714 0.008
2113.84931 16.413 0.009
2116.85251 15.771 0.007
2127.81422 16.221 0.011
2128.80717 16.350 0.010
2129.83914 16.039 0.008
2130.86372 16.303 0.009
2131.85700 15.867 0.008
2133.87603 16.059 0.010
2134.79108 16.058 0.009
2135.82375 16.340 0.008
2136.84410 15.889 0.008
2140.79271 16.306 0.009
2143.80029 15.941 0.008
2144.84635 16.091 0.008
2155.86014 16.401 0.012
2156.80676 15.958 0.008
2160.73173 16.379 0.010
2162.74263 16.228 0.008
2166.73725 15.968 0.008
2167.78340 16.266 0.008
2171.72201 15.961 0.007
2172.72763 16.257 0.008
2173.70817 15.733 0.007
2177.59917 16.235 0.010
2184.68234 16.154 0.009
2185.64629 16.394 0.010
2188.66169 15.806 0.008
2190.67272 16.349 0.008
2191.68098 16.038 0.008
2192.64577 16.282 0.008
2193.66687 15.840 0.007
2194.63500 16.167 0.008
2195.70179 16.176 0.007
2200.61254 16.268 0.009
2201.64961 16.055 0.008
2203.70608 15.903 0.007
2212.62461 16.357 0.010
2213.63301 15.927 0.008
2214.61722 16.223 0.009
2215.63166 15.740 0.007
2217.61865 16.350 0.011
2219.66111 16.243 0.009
2222.62968 16.404 0.011
2224.69634 16.242 0.008
2226.61688 16.122 0.009
2228.54117 15.960 0.009
2229.59938 16.256 0.009
2231.55103 16.101 0.009
2233.59528 15.996 0.008
2238.52990 15.977 0.008
2240.63375 15.800 0.007
2242.60155 16.367 0.010
2244.61975 16.291 0.010
2248.58257 16.021 0.008
2255.58555 15.849 0.008
2262.59787 15.894 0.008
2266.58731 16.222 0.009
2272.56490 15.698 0.007
2274.55052 16.380 0.009
2277.58557 15.708 0.007
2283.58242 16.129 0.008
2290.57714 16.000 0.008
2294.59085 16.346 0.010
2298.56767 16.155 0.010
2300.56644 16.032 0.009
2303.54996 16.164 0.010
2445.89193 15.744 0.008
2458.93304 16.051 0.008
2463.89667 16.039 0.008
2465.90934 15.838 0.008
2467.88219 16.260 0.009
2469.88184 16.321 0.009
2470.91616 15.891 0.008
2471.92738 16.219 0.010
2483.83976 16.099 0.008
2486.85724 16.231 0.010
2489.90382 16.427 0.010
2492.88488 15.705 0.008
2496.88449 16.252 0.008
2497.90793 15.763 0.008
2498.91078 16.158 0.008
2499.84089 16.407 0.010
2500.84534 15.993 0.008
2501.83527 16.257 0.008
2502.81508 15.734 0.008
2503.83059 16.144 0.008
2516.75779 16.277 0.010
2517.80457 15.817 0.008
2518.77555 16.175 0.008
2519.85437 16.259 0.009
2520.77256 16.034 0.008
2521.84378 16.317 0.008
2524.84155 16.145 0.009
2526.75915 16.291 0.008
2534.81620 15.851 0.008
2535.83613 16.109 0.008
2537.68350 15.870 0.009
2538.77710 16.219 0.009
2539.68434 16.160 0.008
2541.69625 16.335 0.009
2542.66605 15.895 0.010
2544.64357 16.115 0.008
2547.67763 15.919 0.008
2548.69307 16.230 0.009
2550.68799 16.113 0.008
2551.67470 16.363 0.009
2552.69084 15.940 0.007
2554.68402 15.703 0.007
2555.69196 16.132 0.008
2556.67087 16.383 0.009
2557.68345 15.945 0.008
2558.63995 16.246 0.009
2559.59667 15.742 0.008
2560.62987 16.116 0.008
2561.65550 16.405 0.012
2562.64833 15.963 0.008
2563.65612 16.242 0.008
2564.67174 15.726 0.008
2565.65870 16.136 0.008
2566.64369 16.419 0.009
2568.67503 16.257 0.010
2571.62651 16.403 0.012
2572.72400 16.034 0.009
2573.64103 16.273 0.009
2574.62492 15.761 0.008
2576.62455 16.401 0.011
2577.61057 16.013 0.009
2578.60887 16.272 0.009
2579.61826 15.782 0.008
2580.63034 16.173 0.008
2583.60170 16.285 0.010
2584.60921 15.831 0.008
2588.61850 16.313 0.009
2591.59555 16.313 0.009
2593.58615 16.300 0.008
2594.58990 15.872 0.008
2596.56607 16.271 0.010
2597.55341 16.068 0.009
2598.60633 16.331 0.009
2599.58547 15.923 0.009
2607.60638 16.089 0.009
2610.52671 16.224 0.010
2613.51888 16.363 0.010
2615.55069 16.236 0.010
2619.53015 15.942 0.008
2621.54678 15.706 0.008
2623.59473 16.403 0.010
2626.53830 15.719 0.008
2629.54488 15.996 0.009
2635.54596 16.267 0.008
2639.52641 16.018 0.011
2641.57196 15.842 0.008
2646.55782 15.847 0.008
2650.57034 16.318 0.009
2654.53775 16.064 0.010
2656.58581 15.925 0.008
2660.53155 16.366 0.012
2664.55642 16.111 0.009
2669.52911 16.109 0.009
2673.54609 15.756 0.008
2675.56197 16.414 0.011
2678.56229 15.793 0.008
2682.52203 16.279 0.012
2777.88447 15.930 0.009
2804.89045 15.832 0.008
2810.92282 16.205 0.012
2814.92038 15.904 0.011
2817.90833 16.098 0.009
2825.88407 16.216 0.011
2830.92254 16.232 0.010
2831.76280 15.885 0.008
2832.72829 16.086 0.009
2833.84637 16.388 0.012
2834.85412 15.954 0.009
2837.85229 16.138 0.010
2839.88805 16.000 0.008
2841.86874 15.752 0.008
2844.85400 15.990 0.008
2845.89996 16.274 0.011
2848.93697 16.347 0.012
2850.87007 16.277 0.010
2851.91336 15.832 0.008
2852.78400 16.142 0.008
2853.92389 16.248 0.009
2856.79707 15.807 0.008
2858.89110 16.198 0.008
2860.85718 16.304 0.009
2861.72813 15.804 0.007
2862.90715 16.206 0.009
2863.81623 16.271 0.010
2865.85017 16.319 0.008
2866.86289 15.895 0.008
2867.84384 16.213 0.009
2868.78757 16.213 0.008
2870.79725 16.322 0.009
2872.75467 16.192 0.008
2876.75744 15.874 0.008
2883.80643 15.708 0.007
2885.74162 16.360 0.010
2888.78984 15.701 0.008
2892.78146 16.250 0.010
2894.74773 16.119 0.008
2896.74486 15.970 0.008
2898.76577 15.734 0.007
2900.72775 16.401 0.008
2902.72728 16.252 0.008
2905.73445 16.408 0.009
2907.73571 16.275 0.008
2909.72470 16.146 0.008
2911.71617 16.020 0.008
2915.68756 16.392 0.009
2917.71355 16.296 0.008
2921.71145 16.044 0.008
2923.73276 15.870 0.008
2925.69630 16.200 0.010
2927.69373 16.304 0.009
2930.71161 16.006 0.009
2932.71797 16.337 0.009
2934.69806 16.223 0.008
2937.61857 16.324 0.010
2939.71219 16.229 0.008
2940.61519 15.995 0.008
2941.60882 16.083 0.008
2942.61500 16.344 0.008
2943.56739 15.895 0.008
2944.57082 16.222 0.008
2945.58759 15.915 0.009
2947.58440 16.355 0.010
2949.57856 16.220 0.008
2951.61031 16.106 0.009
2952.63771 16.383 0.009
2954.66427 16.236 0.015
2956.61034 16.119 0.008
2958.59501 15.960 0.008
2961.57582 16.137 0.010
2965.60421 15.751 0.007
2968.57532 15.991 0.008
2970.59466 15.785 0.008
2974.57313 16.282 0.009
2976.52905 16.158 0.009
2977.59605 16.366 0.011
2979.56036 16.291 0.010
2981.60539 16.199 0.016
2987.62911 16.016 0.008
2989.55140 16.316 0.009
2992.55319 16.112 0.009
2995.59605 15.906 0.008
2998.55403 16.098 0.009
3001.55533 16.218 0.009
3004.54730 16.385 0.013
3007.55342 15.687 0.010
3010.55256 15.947 0.008
3016.56968 16.247 0.009
3019.58313 16.391 0.011
3023.55240 16.159 0.008
3025.54974 16.022 0.008
3027.58503 15.842 0.008
3029.55695 16.360 0.009
3031.56130 16.281 0.010
3033.56379 16.181 0.008
3036.58099 16.310 0.010
3040.54401 16.060 0.009
3160.84150 16.055 0.009
3183.89340 15.996 0.008
3193.86117 16.035 0.008
3195.92015 15.871 0.008
3197.89573 16.256 0.009
3201.85317 16.189 0.008
3203.86033 16.056 0.008
3204.92393 16.336 0.009
3210.87494 15.915 0.008
3211.90321 16.235 0.008
3215.68167 15.855 0.008
3216.70294 16.207 0.013
3217.77892 15.969 0.008
3218.88896 16.128 0.010
3223.81647 16.125 0.009
3226.80497 16.232 0.009
3240.76361 15.973 0.008
3241.83281 16.277 0.009
3242.69530 15.723 0.008
3243.82793 16.152 0.008
3245.75445 16.004 0.008
3246.75073 16.262 0.008
3247.74207 15.776 0.008
3249.70918 16.407 0.009
3251.72192 16.263 0.008
3254.70926 16.365 0.009
3256.77512 16.307 0.008
3260.68530 16.018 0.008
3262.72124 15.846 0.007
3264.67293 16.331 0.008
3266.74393 16.335 0.009
3268.67724 16.181 0.008
3270.65758 16.064 0.008
3271.64504 16.315 0.009
3272.70187 15.888 0.008
3274.68403 16.020 0.008
3276.69288 16.339 0.009
3277.72570 15.927 0.008
3279.65830 15.915 0.007
3281.61774 16.321 0.008
3283.62356 16.216 0.007
3287.58963 15.908 0.008
3289.60060 15.742 0.006
3293.57761 16.229 0.008
3295.59635 16.097 0.007
3297.57764 15.916 0.007
3299.63453 15.666 0.006
3301.60864 16.393 0.011
3303.67078 16.267 0.009
3306.60342 16.359 0.008
3308.59130 16.253 0.010
3310.59043 16.148 0.009
3312.59271 16.017 0.008
3314.54508 15.788 0.008
3320.58283 16.166 0.008
3321.57855 16.347 0.009
3327.53764 16.043 0.008
3330.53156 16.184 0.009
3335.57260 16.212 0.009
3338.57963 16.364 0.008
3349.57673 15.972 0.006
3353.55408 16.399 0.009
3360.56269 16.259 0.013
3363.53457 16.412 0.010
3367.59776 16.165 0.008
3375.53075 16.287 0.010
3378.57631 16.163 0.008
3386.54267 15.879 0.007
3390.55112 16.336 0.009
3398.53811 15.680 0.007
3402.52621 16.234 0.008
3538.93504 16.306 0.009
3547.89635 16.100 0.008
3554.90454 15.949 0.008
3561.87072 15.707 0.006
3561.92372 15.722 0.006
3564.88706 15.968 0.007
3569.90914 16.004 0.008
3570.72262 16.205 0.010
3571.77940 15.716 0.008
3573.81609 16.442 0.010
3574.86256 15.996 0.008
3577.82114 16.145 0.008
3578.87931 16.417 0.008
3581.82567 15.786 0.007
3582.81005 16.158 0.008
3583.81890 16.406 0.008
3584.79054 16.017 0.008
3586.78900 15.791 0.006
3588.79298 16.392 0.008
3591.85446 15.873 0.006
3593.82864 16.261 0.008
3596.80232 15.852 0.007
3601.79071 15.876 0.007
3607.76809 16.223 0.008
3614.76595 16.094 0.007
3617.74292 16.236 0.008
3619.67427 16.092 0.008
3621.70129 15.927 0.007
3624.80284 16.137 0.008
3626.69822 15.947 0.007
3633.67595 15.751 0.008
3636.75898 16.017 0.008
3638.65246 15.729 0.007
3641.68150 16.004 0.007
3643.70219 15.806 0.007
3646.63543 16.005 0.008
3650.64026 16.425 0.008
3651.71426 16.026 0.007
3653.68544 15.840 0.007
3655.67665 16.286 0.008
3657.60506 16.268 0.008
3658.63180 15.848 0.008
3659.62102 16.202 0.009
3661.59212 16.055 0.009
3663.57883 15.879 0.008
3665.59549 16.251 0.008
3668.55345 15.866 0.007
3669.65591 16.216 0.008
3671.60873 16.068 0.008
3673.65726 15.932 0.008
3675.63963 15.752 0.007
3683.62901 15.963 0.008
3685.63043 15.707 0.007
3687.62874 16.420 0.008
3689.57971 16.262 0.008
3692.55166 16.378 0.008
3694.54504 16.227 0.009
3696.53684 16.129 0.008
3698.57890 15.987 0.008
3700.55810 15.747 0.007
3702.56523 16.390 0.009
3704.56638 16.273 0.009
3706.57590 16.149 0.008
3708.56488 16.026 0.008
3711.57153 16.175 0.008
3713.59401 16.051 0.008
3717.56195 16.267 0.010
3721.52618 16.212 0.012
3724.53127 16.329 0.009
3726.52768 16.202 0.008
3728.53419 16.083 0.008
3734.54534 16.357 0.008
3740.55873 15.965 0.007
3746.53946 16.278 0.010
3765.55348 16.046 0.007
3771.56542 16.323 0.009
3776.52483 16.336 0.011
3871.86172 16.024 0.008
3900.94809 15.730 0.008
3905.94263 15.750 0.007
3913.90154 16.003 0.007
3917.93852 16.346 0.008
3931.88474 16.220 0.008
3933.92955 16.093 0.008
3936.85132 16.182 0.008
3938.83532 16.069 0.008
3944.88302 16.353 0.008
3946.84757 16.234 0.008
3951.87013 16.239 0.008
3955.83091 15.960 0.008
3958.81232 16.127 0.008
3960.81241 15.966 0.007
3963.80913 16.128 0.008
3965.80103 15.976 0.006
3967.82072 15.762 0.006
3969.78656 16.388 0.008
3971.76223 16.256 0.008
3974.76441 16.407 0.009
3979.71982 16.402 0.008
3980.60247 15.970 0.008
3981.62950 16.267 0.008
3983.89915 16.199 0.008
3987.76770 15.862 0.007
3990.77559 16.058 0.007
3993.71850 16.192 0.008
3995.72422 16.053 0.007
3999.73442 16.057 0.007
4002.70713 15.896 0.006
4004.65882 16.151 0.007
4006.68514 16.343 0.008
4007.54651 15.831 0.007
4008.55737 16.195 0.008
4009.68088 15.882 0.007
4013.68176 16.250 0.008
4015.66616 16.115 0.009
4017.68047 15.932 0.007
4018.71980 16.261 0.008
4019.66929 15.709 0.007
4021.66269 16.390 0.008
4024.63610 15.711 0.006
4026.61506 16.393 0.008
4028.61087 16.258 0.008
4030.62001 16.134 0.007
4032.67515 16.007 0.008
4037.63539 16.006 0.007
4039.58967 15.762 0.006
4041.58195 16.391 0.009
4043.57488 16.275 0.008
4046.56770 16.379 0.009
4048.55010 16.271 0.009
4050.59238 16.183 0.008
4052.54423 16.037 0.008
4054.59858 15.884 0.007
4056.57055 16.287 0.009
4058.57207 16.308 0.008
4061.56759 16.188 0.008
4065.51713 16.195 0.008
4068.51724 16.342 0.009
4070.53581 16.226 0.008
4073.56171 16.363 0.009
4076.62889 15.718 0.007
4078.58888 16.379 0.008
4080.59951 16.261 0.008
4085.54704 16.239 0.008
4092.54199 16.150 0.010
4096.55352 15.789 0.007
4099.59664 16.040 0.008
4104.58751 16.056 0.008
4111.57548 15.874 0.006
4120.53254 16.358 0.008
4126.55741 15.954 0.008
4252.91154 16.010 0.008
4255.82730 16.151 0.010
4268.94014 16.320 0.009
4275.90759 16.208 0.009
4279.78530 15.864 0.009
4282.79591 16.085 0.011
4283.87929 16.371 0.012
4283.93413 16.375 0.012
4285.90307 16.234 0.009
4291.92358 15.711 0.008
4293.89165 16.402 0.008
4296.87616 15.710 0.007
4297.90876 16.144 0.008
4299.84378 15.960 0.008
4300.86516 16.255 0.008
4301.88320 15.754 0.007
4302.89920 16.154 0.008
4306.84685 15.756 0.008
4307.88311 16.153 0.008
4308.85110 16.412 0.009
4310.82475 16.258 0.009
4311.81211 15.785 0.008
4312.88598 16.157 0.008
4314.90531 16.047 0.008
4316.81231 15.813 0.008
4319.84426 16.058 0.008
4320.90807 16.311 0.010
4326.82031 15.870 0.008
4327.79820 16.179 0.010
4328.81384 16.192 0.009
4329.81731 16.055 0.008
4330.91317 16.344 0.010
4333.87875 15.782 0.008
4338.88277 15.689 0.008
4340.75448 16.342 0.009
4341.75059 15.902 0.008
4342.77491 16.224 0.009
4343.74392 15.907 0.008
4344.72612 16.086 0.008
4345.77211 16.366 0.010
4347.76101 16.243 0.008
4349.77421 16.119 0.008
4354.74141 16.102 0.009
4356.74449 15.986 0.008
4357.68196 16.232 0.008
4359.67990 16.115 0.009
4362.64743 16.238 0.011
4365.71965 16.406 0.011
4369.63419 16.137 0.011
4372.65763 16.246 0.008
4375.62008 16.397 0.012
4377.73666 16.293 0.008
4379.62814 16.170 0.009
4380.72397 16.323 0.008
4382.66829 16.270 0.009
4386.64329 16.047 0.008
4388.64411 15.838 0.008
4390.65312 16.267 0.008
4392.67756 16.315 0.008
4395.65876 16.108 0.009
4397.69953 16.352 0.009
4400.64995 15.946 0.008
4403.63856 15.916 0.008
4407.61578 16.347 0.009
4408.64102 15.929 0.008
4410.72455 15.717 0.007
4412.68556 16.384 0.010
4416.67068 16.130 0.008
4418.67958 15.975 0.008
4421.61319 16.131 0.009
4423.69485 16.010 0.008
4425.62571 15.763 0.008
4427.63758 16.400 0.009
4429.54647 16.249 0.011
4431.55102 16.144 0.009
4433.55699 15.991 0.008
4435.54096 15.776 0.008
4437.61311 16.352 0.010
4439.54615 16.275 0.010
4441.58189 16.181 0.009
4443.60898 16.050 0.008
4449.62587 16.337 0.009
4451.58151 16.194 0.008
4453.56385 16.065 0.008
4456.56538 16.189 0.009
4458.56629 16.075 0.008
4464.55748 16.361 0.009
4472.55162 15.687 0.007
4475.57107 15.965 0.007
4478.57770 16.142 0.009
4481.55933 16.240 0.009
4484.55987 16.387 0.012
4486.60823 16.276 0.010
4502.56048 15.873 0.008
4609.87294 16.188 0.008
4638.93787 16.000 0.008
4643.86269 15.989 0.008
4648.92879 16.024 0.008
4652.92199 16.346 0.009
4656.90275 16.195 0.008
4662.75900 16.406 0.009
4665.80358 15.837 0.008
4666.89136 16.210 0.009
4670.88564 15.905 0.008
4671.87193 16.230 0.009
4672.85988 15.946 0.008
4675.86622 15.932 0.008
4681.85720 16.242 0.008
4683.83138 16.107 0.009
4685.83852 15.958 0.008
4687.87412 15.707 0.006
4688.78974 16.120 0.008
4689.74749 16.368 0.008
4690.71516 15.915 0.007
4691.71819 16.215 0.009
4693.87325 16.146 0.009
4696.79487 16.263 0.011
4698.73499 16.126 0.008
4700.76642 15.976 0.008
4701.72060 16.241 0.009
4701.77162 16.251 0.008
4702.83173 15.785 0.007
4703.73096 16.140 0.008
4704.74984 16.416 0.008
4705.75701 16.008 0.008
4707.74914 15.766 0.007
4708.81790 16.181 0.008
4710.73153 16.016 0.008
4716.73546 16.281 0.008
4719.72758 16.370 0.009
4721.71627 16.295 0.010
4725.70371 16.060 0.008
4728.73182 16.210 0.008
4731.73296 16.336 0.008
4734.72004 15.968 0.008
4741.68620 16.357 0.008
4747.56355 15.893 0.008
4749.57211 15.949 0.008
4753.64142 16.233 0.009
4755.63017 16.128 0.008
4757.61966 15.955 0.008
4759.63232 15.716 0.007
4761.59751 16.383 0.008
4763.61510 16.243 0.009
4766.58304 16.391 0.011
4769.62141 15.786 0.008
4771.66635 16.384 0.008
4773.65753 16.290 0.008
4775.64415 16.182 0.010
4777.57607 16.014 0.008
4779.59661 15.815 0.007
4781.56352 16.376 0.009
4783.54541 16.280 0.009
4785.57802 16.177 0.008
4786.63527 16.132 0.008
4788.59339 16.325 0.008
4790.59566 16.192 0.008
4792.57381 16.060 0.008
4794.55427 15.876 0.007
4796.62422 15.800 0.007
4798.57097 16.344 0.010
4800.61815 16.237 0.008
4802.59561 16.090 0.008
4804.61874 15.967 0.008
4806.60465 15.709 0.008
4808.52613 16.377 0.011
4810.59144 16.230 0.008
4813.57669 16.408 0.010
4815.54900 16.241 0.009
4817.56942 16.144 0.008
4819.56336 15.977 0.008
4821.64699 15.813 0.007
4824.55142 16.005 0.008
4826.60118 15.804 0.007
4832.56861 16.174 0.008
4834.59359 16.061 0.008
4837.58485 16.192 0.009
4841.56102 15.859 0.008
4843.55532 16.123 0.009
4845.55283 16.315 0.009
4846.56011 15.898 0.008
4848.60068 15.772 0.007
4850.58797 16.343 0.009
4854.56907 16.108 0.008
4862.55120 16.254 0.008
4866.55206 15.980 0.008
