 466.55739 16.625 0.008
 466.57262 16.654 0.007
 466.60323 16.651 0.007
 466.63277 16.655 0.008
 467.55064 16.454 0.007
 467.58009 16.460 0.007
 467.60955 16.468 0.007
 467.63907 16.493 0.007
 469.56002 16.612 0.009
 469.59862 16.593 0.008
 469.63025 16.612 0.008
 471.61255 16.673 0.009
 471.62776 16.678 0.009
 472.54472 16.527 0.010
 472.55946 16.547 0.012
 472.57413 16.552 0.008
 472.58877 16.520 0.009
 621.84487 16.443 0.010
 622.89129 16.712 0.012
 624.91785 16.357 0.008
 625.90531 16.649 0.009
 626.87681 16.506 0.009
 627.86305 16.578 0.010
 628.90413 16.624 0.009
 629.90191 16.433 0.008
 631.90899 16.569 0.009
 631.93287 16.566 0.010
 632.87340 16.318 0.008
 633.90883 16.642 0.010
 635.90367 16.582 0.009
 643.87270 16.700 0.009
 645.84440 16.367 0.008
 647.80214 16.509 0.012
 649.79952 16.610 0.011
 656.85988 16.478 0.008
 656.89037 16.450 0.007
 657.83217 16.636 0.011
 657.89424 16.616 0.009
 658.87245 16.441 0.010
 658.90300 16.449 0.010
 663.77873 16.458 0.011
 664.88366 16.530 0.009
 665.83092 16.605 0.007
 665.87003 16.624 0.008
 666.84147 16.415 0.007
 666.87212 16.420 0.007
 667.86072 16.661 0.008
 667.89115 16.751 0.008
 668.83152 16.539 0.007
 668.86191 16.550 0.007
 670.79708 16.651 0.009
 670.82759 16.636 0.009
 671.81914 16.452 0.007
 671.85005 16.459 0.007
 672.82469 16.699 0.008
 672.85499 16.652 0.007
 673.79206 16.575 0.008
 684.75246 16.487 0.008
 684.78300 16.490 0.008
 685.78351 16.543 0.008
 685.80732 16.511 0.010
 686.70860 16.623 0.009
 686.73958 16.610 0.009
 687.78995 16.410 0.008
 687.90088 16.465 0.008
 688.73196 16.671 0.008
 688.86879 16.699 0.009
 689.73533 16.537 0.007
 689.75913 16.543 0.008
 697.70119 16.526 0.008
 697.72528 16.529 0.008
 698.71643 16.435 0.009
 698.79637 16.321 0.008
 699.69540 16.625 0.009
 699.72725 16.635 0.009
 700.73618 16.466 0.008
 701.68401 16.697 0.009
 701.70839 16.705 0.010
 704.67859 16.656 0.010
 704.73642 16.671 0.010
 706.67694 16.569 0.011
 706.70207 16.536 0.012
 706.77143 16.401 0.010
 707.70750 16.624 0.010
 707.73964 16.625 0.011
 708.70502 16.430 0.010
 708.76378 16.439 0.009
 712.70537 16.658 0.011
 712.76435 16.663 0.009
 713.71957 16.482 0.008
 713.74570 16.490 0.007
 714.73612 16.545 0.007
 714.76067 16.493 0.007
 715.72624 16.622 0.008
 715.77698 16.639 0.008
 716.69431 16.392 0.008
 716.75950 16.422 0.007
 720.66652 16.636 0.010
 726.69450 16.521 0.008
 726.72668 16.541 0.008
 728.68764 16.629 0.008
 728.71979 16.636 0.008
 729.66417 16.453 0.008
 729.68980 16.460 0.009
 730.61551 16.692 0.009
 730.67418 16.715 0.009
 733.64063 16.654 0.010
 733.67512 16.657 0.011
 739.66062 16.572 0.010
 739.69733 16.576 0.008
 741.62642 16.641 0.008
 741.66093 16.642 0.009
 742.60267 16.476 0.009
 742.65473 16.478 0.008
 744.62325 16.590 0.009
 744.64976 16.630 0.009
 745.60071 16.367 0.007
 745.66315 16.411 0.007
 746.60795 16.669 0.009
 746.79148 16.716 0.010
 747.56571 16.631 0.005
 747.66202 16.546 0.008
 748.56239 16.452 0.009
 748.62373 16.337 0.007
 749.56882 16.629 0.013
 749.62912 16.652 0.010
 750.54304 16.424 0.011
 750.62295 16.480 0.009
 751.57316 16.703 0.011
 751.63141 16.692 0.011
 752.74580 16.620 0.009
 752.77692 16.629 0.009
 753.68143 16.410 0.008
 753.71668 16.399 0.008
 754.74821 16.682 0.010
 755.57190 16.509 0.008
 759.57453 16.692 0.008
 759.63931 16.706 0.010
 760.57886 16.542 0.008
 760.66495 16.590 0.008
 761.57411 16.315 0.007
 761.64102 16.338 0.007
 761.74626 16.391 0.008
 762.57211 16.635 0.010
 762.63237 16.651 0.010
 762.66192 16.644 0.011
 762.70237 16.676 0.011
 762.78078 16.672 0.012
 763.59111 16.492 0.010
 763.64858 16.507 0.009
 763.73536 16.553 0.009
 763.75934 16.550 0.010
 764.66914 16.415 0.012
 765.55446 16.594 0.011
 765.58064 16.598 0.012
 766.59138 16.419 0.009
 766.61812 16.422 0.010
 766.65793 16.434 0.010
 766.72100 16.463 0.011
 767.56582 16.665 0.013
 767.62562 16.691 0.012
 767.68728 16.724 0.015
 767.71946 16.678 0.013
 767.76353 16.659 0.011
 769.55074 16.320 0.008
 769.60846 16.309 0.008
 769.68218 16.352 0.008
 770.61461 16.654 0.009
 770.64704 16.647 0.009
 771.62320 16.485 0.008
 771.64767 16.490 0.008
 772.55128 16.690 0.010
 772.60951 16.602 0.009
 773.57386 16.608 0.009
 773.61465 16.612 0.009
 773.76684 16.643 0.011
 774.60763 16.395 0.008
 774.64368 16.408 0.008
 775.56552 16.670 0.009
 775.59658 16.664 0.009
 776.64644 16.537 0.008
 776.67753 16.572 0.009
 777.59446 16.312 0.008
 777.62070 16.306 0.007
 778.56762 16.636 0.011
 778.62406 16.642 0.010
 778.65911 16.657 0.011
 779.62700 16.465 0.009
 779.65102 16.492 0.008
 779.76131 16.545 0.009
 780.62680 16.652 0.010
 780.65083 16.622 0.009
 780.72092 16.469 0.010
 781.56518 16.576 0.009
 781.60337 16.597 0.009
 781.74564 16.630 0.010
 782.60103 16.380 0.009
 782.63071 16.395 0.009
 782.76005 16.460 0.009
 783.54768 16.655 0.008
 783.58078 16.657 0.008
 784.58968 16.533 0.008
 784.62037 16.530 0.009
 785.59122 16.391 0.008
 785.61650 16.341 0.007
 785.76208 16.342 0.007
 786.59594 16.637 0.009
 786.62018 16.642 0.008
 787.67634 16.477 0.008
 787.70062 16.481 0.008
 788.60795 16.717 0.009
 788.63347 16.702 0.009
 788.65903 16.672 0.009
 790.58216 16.357 0.008
 792.56012 16.506 0.009
 795.56973 16.439 0.008
 795.62479 16.438 0.008
 796.55372 16.691 0.011
 796.61932 16.724 0.010
 796.73904 16.584 0.013
 797.68981 16.605 0.009
 797.71384 16.589 0.009
 798.57652 16.319 0.008
 798.60722 16.333 0.007
 799.71446 16.678 0.009
 800.60513 16.507 0.008
 800.62949 16.501 0.008
 802.58566 16.613 0.009
 802.68950 16.605 0.013
 805.59171 16.562 0.009
 805.61681 16.559 0.010
 806.60248 16.322 0.009
 806.62699 16.313 0.008
 808.55843 16.458 0.010
 816.68942 16.513 0.008
 817.59950 16.667 0.009
 817.62992 16.655 0.009
 819.56227 16.363 0.008
 819.67102 16.409 0.007
 820.63859 16.684 0.009
 820.67003 16.661 0.009
 822.55914 16.438 0.008
 822.58997 16.385 0.008
 823.66724 16.670 0.009
 824.58496 16.471 0.009
 824.61537 16.500 0.010
 824.67820 16.468 0.009
 825.65809 16.714 0.012
 825.68856 16.616 0.011
 828.61826 16.656 0.008
 828.64860 16.674 0.010
 829.58485 16.498 0.008
 829.61520 16.511 0.009
 832.59173 16.441 0.008
 832.62212 16.446 0.008
 833.61162 16.701 0.009
 833.64223 16.688 0.008
 834.58120 16.554 0.009
 834.65641 16.641 0.012
 836.55933 16.652 0.011
 836.58980 16.659 0.010
 838.56292 16.587 0.011
 838.59231 16.499 0.009
 840.60207 16.420 0.009
 845.55347 16.463 0.008
 845.58401 16.488 0.008
 850.55147 16.532 0.011
 850.57695 16.512 0.009
 855.55814 16.601 0.012
 855.58194 16.587 0.011
 856.54602 16.347 0.009
 859.56975 16.394 0.008
 860.57796 16.639 0.011
 866.53428 16.485 0.009
 866.56526 16.504 0.008
 876.53381 16.612 0.008
 962.93808 16.445 0.009
 966.93756 16.666 0.010
 970.91397 16.438 0.009
 976.89459 16.581 0.010
 986.84901 16.373 0.008
 987.86258 16.683 0.010
 991.90686 16.454 0.008
 991.93088 16.483 0.007
 996.87461 16.505 0.006
 996.93459 16.540 0.008
 998.90563 16.651 0.009
1003.81147 16.643 0.010
1004.80426 16.480 0.009
1005.83689 16.609 0.010
1006.83284 16.625 0.010
1020.90233 16.476 0.008
1035.75505 16.621 0.010
1037.78425 16.678 0.009
1041.79242 16.464 0.008
1045.75415 16.665 0.008
1045.78531 16.671 0.008
1049.80572 16.476 0.008
1052.77824 16.367 0.008
1055.65143 16.676 0.009
1055.68586 16.630 0.009
1058.86343 16.668 0.011
1059.78142 16.577 0.009
1061.73417 16.642 0.009
1064.75967 16.613 0.012
1064.81809 16.616 0.011
1068.71951 16.330 0.008
1072.69964 16.601 0.008
1075.79666 16.555 0.008
1076.67741 16.466 0.008
1078.68798 16.440 0.008
1078.71844 16.451 0.007
1080.66448 16.573 0.009
1081.70052 16.345 0.007
1083.75678 16.521 0.007
1084.63871 16.630 0.008
1086.60734 16.387 0.008
1087.65861 16.685 0.009
1090.69043 16.637 0.010
1090.71500 16.649 0.009
1092.69053 16.603 0.009
1092.74710 16.487 0.009
1094.65378 16.394 0.007
1094.68668 16.422 0.007
1106.71882 16.653 0.008
1107.62362 16.422 0.007
1110.63794 16.350 0.009
1112.72981 16.539 0.008
1116.59641 16.675 0.009
1117.60523 16.538 0.008
1120.58501 16.468 0.008
1122.61682 16.592 0.009
1126.66033 16.297 0.007
1128.56541 16.426 0.009
1129.55876 16.708 0.010
1132.54184 16.645 0.010
1135.59193 16.640 0.008
1138.64160 16.595 0.008
1140.61898 16.658 0.008
1144.67658 16.448 0.008
1151.55618 16.608 0.009
1155.55779 16.352 0.007
1159.55323 16.605 0.009
1162.58564 16.529 0.007
1164.69921 16.647 0.009
1170.55761 16.510 0.008
1175.68296 16.611 0.010
1178.66770 16.549 0.008
1179.68066 16.342 0.008
1182.67957 16.723 0.009
1183.68954 16.594 0.009
1183.71793 16.587 0.009
1185.70111 16.657 0.008
1186.68337 16.509 0.007
1188.70039 16.635 0.008
1189.57192 16.398 0.007
1191.58417 16.552 0.009
1192.61651 16.318 0.007
1202.59926 16.458 0.009
1205.55068 16.344 0.008
1211.57115 16.718 0.012
1217.58177 16.627 0.009
1220.58428 16.579 0.009
1227.55608 16.659 0.011
1229.53701 16.362 0.009
1233.54362 16.604 0.011
1238.53325 16.630 0.018
1327.91742 16.398 0.011
1329.80496 16.502 0.011
1330.83412 16.415 0.010
1335.86025 16.352 0.009
1335.88587 16.379 0.009
1340.90541 16.458 0.009
1341.92109 16.713 0.010
1347.91746 16.624 0.010
1348.94148 16.444 0.008
1354.91503 16.490 0.009
1355.90635 16.613 0.011
1360.93476 16.652 0.010
1365.90726 16.680 0.010
1365.93097 16.676 0.010
1367.85447 16.386 0.010
1367.88482 16.315 0.010
1369.87250 16.471 0.009
1374.87142 16.522 0.010
1374.92657 16.549 0.010
1394.86273 16.664 0.011
1395.83701 16.547 0.010
1395.89421 16.556 0.009
1397.81587 16.653 0.012
1397.86039 16.655 0.010
1401.84291 16.385 0.008
1401.87405 16.403 0.008
1402.92785 16.689 0.010
1407.85092 16.705 0.010
1407.88136 16.688 0.010
1412.74623 16.640 0.009
1412.77932 16.580 0.011
1417.90460 16.361 0.008
1418.81942 16.642 0.009
1430.71342 16.335 0.008
1430.73720 16.361 0.009
1432.74791 16.504 0.008
1435.70430 16.408 0.009
1438.73118 16.315 0.007
1439.67079 16.621 0.010
1441.83830 16.368 0.007
1442.67447 16.599 0.009
1447.69475 16.644 0.012
1447.74966 16.656 0.012
1451.66081 16.382 0.008
1451.68590 16.371 0.008
1454.63504 16.506 0.009
1455.70560 16.628 0.011
1459.68063 16.338 0.008
1460.74633 16.662 0.010
1461.65545 16.495 0.009
1462.65196 16.546 0.010
1462.71382 16.452 0.008
1470.65821 16.627 0.009
1471.77734 16.637 0.010
1472.64543 16.387 0.008
1475.62677 16.352 0.009
1475.65112 16.311 0.008
1477.58019 16.450 0.009
1478.57535 16.700 0.011
1479.59152 16.582 0.010
1481.59795 16.656 0.010
1484.59076 16.635 0.010
1484.64690 16.637 0.009
1487.64198 16.566 0.008
1490.68078 16.527 0.009
1492.55631 16.616 0.011
1492.58042 16.601 0.010
1495.53721 16.536 0.009
1499.56584 16.714 0.012
1502.56395 16.648 0.010
1505.63053 16.656 0.011
1508.56591 16.595 0.009
1509.54220 16.343 0.008
1512.64406 16.311 0.009
1515.61876 16.702 0.011
1517.62225 16.355 0.008
1520.60940 16.448 0.008
1523.58970 16.707 0.014
1524.55712 16.547 0.010
1526.57261 16.649 0.009
1526.59723 16.656 0.010
1531.64883 16.696 0.011
1531.67991 16.686 0.010
1543.60631 16.460 0.008
1546.59602 16.368 0.007
1546.62113 16.390 0.008
1551.55903 16.425 0.008
1551.58292 16.452 0.008
1555.61641 16.643 0.009
1556.59977 16.511 0.011
1562.59501 16.318 0.008
1567.59614 16.425 0.012
1569.57417 16.543 0.009
1571.59064 16.648 0.009
1575.60000 16.399 0.008
1576.57948 16.637 0.010
1580.57497 16.438 0.008
1580.58424 16.458 0.008
1583.57763 16.375 0.008
1583.58631 16.375 0.008
1587.55743 16.629 0.009
1587.57537 16.630 0.009
1592.56740 16.657 0.010
1597.54290 16.677 0.011
1599.54578 16.314 0.009
1602.53558 16.647 0.012
1603.55100 16.611 0.010
1607.52970 16.329 0.009
1608.52672 16.662 0.011
1703.91158 16.552 0.010
1705.91713 16.417 0.009
1716.87748 16.379 0.008
1717.88788 16.635 0.010
1729.92356 16.356 0.007
1731.88611 16.506 0.008
1732.89337 16.491 0.008
1740.84438 16.695 0.010
1742.89215 16.409 0.009
1743.87259 16.679 0.010
1744.86132 16.540 0.009
1744.89168 16.557 0.009
1745.88552 16.309 0.008
1749.84202 16.589 0.008
1749.86598 16.597 0.008
1750.83788 16.366 0.008
1751.82579 16.655 0.008
1751.84974 16.652 0.008
1752.81107 16.491 0.009
1753.81214 16.484 0.009
1753.84261 16.457 0.008
1754.81482 16.639 0.010
1754.83879 16.637 0.010
1755.80413 16.439 0.010
1755.83470 16.458 0.011
1756.83362 16.736 0.015
1756.86383 16.738 0.015
1757.78282 16.547 0.011
1757.81323 16.574 0.011
1758.78731 16.315 0.008
1758.81788 16.324 0.008
1759.80774 16.647 0.009
1759.83167 16.640 0.009
1761.81273 16.562 0.009
1761.84711 16.490 0.008
1762.79910 16.612 0.009
1762.82951 16.603 0.009
1763.80211 16.415 0.008
1763.83516 16.429 0.008
1764.79461 16.665 0.008
1764.82493 16.682 0.008
1765.78907 16.549 0.011
1765.82111 16.561 0.009
1766.73011 16.396 0.009
1768.78536 16.487 0.009
1768.80923 16.470 0.009
1769.69422 16.722 0.012
1769.71861 16.700 0.010
1771.78754 16.373 0.010
1771.83466 16.405 0.011
1772.77703 16.652 0.009
1772.80743 16.686 0.009
1773.74436 16.498 0.009
1773.77466 16.526 0.009
1776.76716 16.456 0.008
1784.74381 16.422 0.008
1784.84290 16.505 0.010
1788.74623 16.638 0.009
1788.80932 16.649 0.009
1803.76966 16.330 0.008
1803.80038 16.309 0.007
1806.76377 16.683 0.010
1808.80930 16.395 0.007
1808.83341 16.423 0.010
1811.76180 16.415 0.007
1811.79245 16.363 0.007
1814.80864 16.687 0.009
1814.83930 16.674 0.009
1817.77429 16.658 0.008
1817.80517 16.636 0.008
1821.60707 16.371 0.010
1822.65175 16.666 0.009
1823.76458 16.570 0.007
1826.80287 16.501 0.008
1828.85103 16.641 0.009
1829.74515 16.401 0.008
1829.77587 16.420 0.008
1846.79315 16.665 0.010
1847.79953 16.518 0.007
1850.74988 16.433 0.010
1854.78191 16.651 0.009
1854.80595 16.659 0.009
1858.72982 16.417 0.009
1859.74591 16.710 0.010
1862.72872 16.638 0.009
1863.72960 16.494 0.009
1867.75318 16.654 0.010
1871.75977 16.487 0.008
1871.79036 16.480 0.008
2086.92153 16.339 0.009
2104.85361 16.423 0.008
2106.91348 16.604 0.011
2113.83393 16.680 0.012
2114.84820 16.556 0.011
2115.90842 16.331 0.009
2116.89452 16.642 0.010
2117.90023 16.484 0.009
2123.84320 16.339 0.009
2128.84777 16.395 0.010
2129.87992 16.658 0.011
2130.82878 16.517 0.010
2131.82228 16.453 0.009
2132.82847 16.640 0.012
2133.91705 16.507 0.013
2134.83340 16.720 0.012
2135.86858 16.577 0.009
2136.86775 16.361 0.010
2137.91239 16.666 0.014
2140.83763 16.617 0.011
2142.88455 16.707 0.011
2143.83858 16.550 0.010
2144.81010 16.308 0.008
2155.90109 16.553 0.014
2156.84762 16.616 0.011
2162.78389 16.448 0.008
2166.77868 16.648 0.010
2167.74947 16.503 0.009
2168.73598 16.600 0.010
2171.76202 16.682 0.010
2172.76860 16.557 0.010
2173.73069 16.286 0.008
2177.66232 16.590 0.011
2184.72372 16.727 0.014
2185.68718 16.574 0.012
2187.66977 16.665 0.013
2190.71373 16.628 0.011
2191.65554 16.402 0.009
2192.68396 16.690 0.009
2193.70496 16.571 0.009
2194.67620 16.308 0.008
2200.68718 16.699 0.011
2201.74231 16.565 0.010
2206.62815 16.605 0.014
2211.66680 16.624 0.010
2212.66586 16.438 0.010
2213.67685 16.696 0.014
2214.66322 16.569 0.013
2215.67850 16.361 0.009
2217.65616 16.498 0.012
2219.69933 16.651 0.011
2222.74855 16.588 0.013
2223.68828 16.336 0.010
2225.61782 16.480 0.009
2226.66414 16.534 0.011
2228.57957 16.372 0.009
2230.51686 16.511 0.013
2232.53064 16.634 0.011
2234.57271 16.684 0.010
2236.56221 16.341 0.008
2238.56759 16.491 0.010
2241.55440 16.413 0.010
2243.59267 16.563 0.010
2248.63710 16.616 0.010
2250.61151 16.721 0.010
2253.59101 16.642 0.011
2256.57329 16.605 0.011
2258.61374 16.682 0.009
2263.60502 16.642 0.012
2265.63101 16.396 0.008
2270.58923 16.446 0.009
2272.58728 16.567 0.011
2274.57113 16.649 0.012
2276.53865 16.501 0.010
2280.55122 16.564 0.013
2285.58971 16.631 0.011
2289.58665 16.318 0.009
2291.58735 16.482 0.009
2293.58791 16.602 0.011
2295.58425 16.685 0.012
2297.58741 16.328 0.009
2299.58389 16.481 0.011
2301.57657 16.607 0.012
2460.90851 16.648 0.014
2463.93761 16.552 0.010
2466.85945 16.473 0.011
2467.92334 16.557 0.011
2469.92262 16.404 0.009
2471.91215 16.553 0.010
2472.90223 16.309 0.007
2473.92843 16.641 0.009
2481.88768 16.633 0.013
2483.91131 16.720 0.010
2486.91145 16.650 0.013
2488.91341 16.413 0.012
2492.92571 16.610 0.011
2496.92549 16.444 0.009
2498.79675 16.402 0.009
2499.88173 16.676 0.011
2500.89014 16.572 0.011
2501.87689 16.313 0.008
2502.85706 16.657 0.012
2508.76765 16.505 0.015
2516.79912 16.489 0.011
2517.84587 16.419 0.010
2518.81819 16.623 0.011
2519.81645 16.409 0.009
2520.81462 16.674 0.011
2521.80778 16.568 0.010
2524.80631 16.469 0.011
2526.80011 16.609 0.008
2529.79635 16.525 0.010
2534.85695 16.624 0.013
2535.79458 16.379 0.010
2537.72465 16.476 0.012
2538.82549 16.324 0.010
2539.72265 16.642 0.011
2540.76541 16.423 0.012
2541.73454 16.702 0.011
2542.70435 16.571 0.010
2544.68455 16.673 0.011
2545.69781 16.501 0.009
2547.71580 16.643 0.011
2548.73404 16.411 0.009
2550.72932 16.560 0.010
2551.71584 16.334 0.009
2552.73183 16.626 0.009
2553.67260 16.473 0.011
2554.72497 16.666 0.011
2555.73288 16.614 0.010
2556.71196 16.391 0.009
2557.72450 16.669 0.009
2558.68095 16.530 0.010
2559.63798 16.516 0.010
2560.67095 16.646 0.010
2561.71657 16.439 0.011
2562.68930 16.682 0.011
2563.69722 16.582 0.010
2564.71362 16.362 0.010
2565.70935 16.655 0.011
2566.68429 16.497 0.010
2568.75335 16.628 0.014
2571.67013 16.561 0.010
2572.77733 16.382 0.012
2573.68325 16.635 0.013
2574.66321 16.473 0.009
2576.69796 16.616 0.011
2577.66299 16.390 0.011
2578.65052 16.660 0.012
2579.66106 16.522 0.011
2580.66917 16.298 0.009
2583.64121 16.691 0.013
2584.64769 16.585 0.011
2586.66313 16.668 0.011
2587.63100 16.513 0.010
2589.62189 16.638 0.011
2590.63867 16.442 0.010
2591.66483 16.696 0.012
2593.62810 16.333 0.009
2594.63411 16.669 0.013
2596.60776 16.528 0.011
2597.59493 16.601 0.013
2598.67513 16.442 0.010
2599.62921 16.702 0.013
2607.64930 16.680 0.013
2610.57065 16.633 0.012
2613.56455 16.602 0.011
2615.59498 16.678 0.011
2619.57948 16.460 0.011
2621.58853 16.592 0.012
2625.57120 16.552 0.013
2627.54189 16.413 0.011
2630.55615 16.334 0.012
2635.56986 16.442 0.009
2637.56475 16.536 0.010
2640.53508 16.489 0.011
2642.57483 16.644 0.013
2646.58618 16.344 0.010
2651.56047 16.374 0.011
2654.58456 16.428 0.012
2657.54036 16.698 0.014
2661.53687 16.500 0.009
2664.57735 16.421 0.012
2667.53616 16.345 0.011
2672.55530 16.419 0.013
2676.54550 16.660 0.012
2679.56021 16.614 0.011
2683.53877 16.420 0.012
2777.92553 16.661 0.013
2804.85406 16.560 0.015
2805.87134 16.339 0.013
2811.92647 16.692 0.014
2815.90009 16.483 0.010
2817.94873 16.602 0.017
2825.93196 16.607 0.012
2830.83926 16.627 0.010
2831.80886 16.430 0.011
2832.76957 16.705 0.012
2832.94747 16.712 0.014
2833.88741 16.613 0.013
2834.93806 16.376 0.010
2838.83943 16.640 0.013
2840.84711 16.687 0.011
2843.84842 16.680 0.010
2844.89415 16.511 0.010
2845.94117 16.475 0.012
2849.87768 16.541 0.011
2850.91043 16.298 0.010
2852.83903 16.482 0.012
2854.85034 16.590 0.013
2857.85776 16.546 0.011
2858.93138 16.294 0.009
2860.89731 16.479 0.010
2861.76875 16.682 0.011
2862.89217 16.585 0.012
2863.85684 16.344 0.011
2865.81655 16.476 0.010
2867.80597 16.601 0.010
2868.80956 16.405 0.009
2869.79609 16.662 0.011
2870.83760 16.551 0.010
2871.88072 16.334 0.009
2872.83755 16.636 0.010
2875.82839 16.602 0.011
2876.79780 16.367 0.009
2879.72431 16.460 0.010
2883.84753 16.593 0.010
2885.78286 16.651 0.010
2890.71377 16.648 0.015
2893.76519 16.671 0.011
2895.81442 16.437 0.009
2897.71794 16.389 0.009
2899.75560 16.560 0.009
2903.77136 16.622 0.008
2906.72361 16.660 0.010
2908.70062 16.443 0.010
2910.69548 16.435 0.010
2912.70084 16.573 0.009
2916.71358 16.503 0.009
2918.69046 16.398 0.009
2922.69044 16.643 0.012
2924.63142 16.713 0.012
2926.62544 16.364 0.010
2929.68661 16.314 0.009
2931.66256 16.453 0.009
2933.67302 16.584 0.009
2935.63736 16.646 0.012
2937.66296 16.429 0.011
2939.67843 16.445 0.010
2940.65556 16.704 0.009
2941.63083 16.581 0.009
2942.65562 16.337 0.009
2943.62697 16.674 0.012
2944.61135 16.505 0.010
2946.60608 16.594 0.011
2947.63769 16.428 0.010
2949.61876 16.579 0.010
2950.57032 16.357 0.010
2951.65088 16.654 0.012
2953.59882 16.706 0.011
2955.58392 16.392 0.011
2957.59754 16.546 0.009
2960.61667 16.513 0.010
2962.65182 16.600 0.010
2965.65449 16.532 0.010
2968.61683 16.438 0.011
2970.63565 16.570 0.010
2972.64021 16.652 0.012
2975.54830 16.620 0.010
2977.64410 16.712 0.014
2979.58399 16.339 0.010
2981.63128 16.504 0.016
2983.56480 16.613 0.011
2986.58140 16.541 0.010
2988.55338 16.655 0.012
2991.57953 16.598 0.012
2994.56595 16.528 0.010
2997.58066 16.459 0.009
3000.57236 16.354 0.009
3003.55468 16.504 0.011
3006.54197 16.701 0.011
3009.53724 16.671 0.014
3013.53965 16.421 0.010
3015.57491 16.565 0.011
3018.55200 16.480 0.011
3020.58772 16.612 0.010
3024.54039 16.369 0.011
3025.60001 16.639 0.011
3027.62550 16.630 0.010
3029.59718 16.387 0.009
3031.60201 16.535 0.010
3034.53225 16.455 0.010
3037.55144 16.331 0.011
3183.93344 16.363 0.010
3193.90132 16.518 0.009
3196.87341 16.424 0.009
3197.93581 16.688 0.012
3199.93449 16.303 0.011
3202.86127 16.743 0.011
3203.90135 16.597 0.009
3204.94686 16.391 0.010
3206.83917 16.526 0.010
3210.91514 16.704 0.011
3211.86974 16.598 0.010
3215.80488 16.632 0.014
3216.75078 16.578 0.012
3217.80073 16.418 0.011
3223.85690 16.637 0.012
3228.77557 16.441 0.010
3229.85740 16.668 0.009
3231.83890 16.707 0.012
3238.77575 16.438 0.009
3239.81930 16.740 0.010
3240.81200 16.587 0.012
3241.79549 16.331 0.008
3242.73945 16.657 0.010
3243.87206 16.552 0.011
3244.85067 16.482 0.012
3245.79842 16.623 0.012
3246.79117 16.434 0.010
3247.79953 16.692 0.012
3249.74984 16.344 0.010
3251.76341 16.482 0.008
3254.75108 16.397 0.008
3257.77540 16.364 0.007
3259.68813 16.459 0.009
3261.72417 16.589 0.009
3263.72140 16.670 0.009
3265.74273 16.502 0.009
3267.72949 16.417 0.007
3270.68294 16.328 0.009
3271.68586 16.664 0.011
3273.64418 16.730 0.013
3275.63007 16.402 0.011
3276.73343 16.700 0.012
3277.77208 16.571 0.010
3279.70370 16.667 0.010
3281.66225 16.730 0.008
3283.66393 16.390 0.007
3287.63009 16.653 0.010
3289.64504 16.711 0.009
3291.57800 16.342 0.008
3295.63653 16.651 0.007
3298.57442 16.550 0.008
3300.57673 16.666 0.011
3302.55371 16.738 0.013
3305.65373 16.700 0.011
3307.56602 16.505 0.012
3309.59110 16.481 0.009
3311.54272 16.592 0.010
3314.58567 16.516 0.013
3320.62349 16.347 0.008
3323.57092 16.648 0.010
3327.57844 16.540 0.009
3330.57393 16.477 0.010
3335.61794 16.550 0.011
3338.56361 16.467 0.009
3350.53794 16.652 0.009
3353.59651 16.604 0.009
3359.57838 16.512 0.009
3363.58049 16.671 0.012
3367.64009 16.479 0.010
3372.57356 16.516 0.009
3376.54970 16.712 0.009
3380.53613 16.526 0.012
3386.58308 16.357 0.007
3395.53091 16.682 0.015
3398.57862 16.640 0.011
3402.57585 16.332 0.009
3543.88948 16.711 0.011
3551.91296 16.691 0.010
3554.94420 16.673 0.011
3561.95140 16.337 0.010
3564.92910 16.421 0.007
3568.87470 16.531 0.009
3570.83573 16.650 0.013
3571.82667 16.430 0.011
3573.87237 16.603 0.012
3575.82813 16.669 0.010
3577.88450 16.310 0.009
3578.92054 16.631 0.009
3579.82559 16.447 0.008
3581.89467 16.574 0.010
3582.85097 16.363 0.010
3583.86119 16.658 0.009
3585.88230 16.369 0.007
3586.83446 16.633 0.008
3588.85274 16.688 0.010
3590.80879 16.308 0.007
3592.77354 16.462 0.007
3594.81303 16.618 0.009
3597.85295 16.542 0.009
3600.88915 16.506 0.013
3602.75000 16.560 0.012
3607.84113 16.639 0.009
3614.81334 16.396 0.007
3617.79714 16.699 0.009
3619.77522 16.315 0.007
3621.76772 16.492 0.008
3628.79458 16.672 0.014
3630.64647 16.683 0.013
3632.64381 16.326 0.011
3634.71671 16.502 0.008
3637.67552 16.439 0.009
3639.72545 16.574 0.007
3641.72221 16.640 0.010
3643.82063 16.325 0.009
3644.76131 16.622 0.008
3646.69235 16.677 0.010
3650.71358 16.477 0.008
3652.64871 16.598 0.008
3654.62702 16.643 0.009
3656.65072 16.394 0.008
3657.70841 16.635 0.009
3658.68572 16.481 0.010
3659.66604 16.709 0.012
3661.61473 16.338 0.009
3663.63769 16.514 0.011
3665.67000 16.628 0.009
3668.61917 16.551 0.011
3670.56986 16.659 0.011
3672.60931 16.631 0.011
3674.66816 16.429 0.008
3676.60857 16.539 0.009
3682.58531 16.339 0.008
3684.57820 16.517 0.008
3686.56809 16.618 0.010
3688.54115 16.689 0.010
3690.54705 16.317 0.010
3692.59962 16.498 0.010
3694.58619 16.624 0.009
3696.58233 16.698 0.009
3698.61606 16.332 0.010
3700.62609 16.490 0.009
3702.61702 16.634 0.010
3704.61753 16.705 0.011
3706.63241 16.313 0.007
3708.61381 16.493 0.010
3712.57033 16.656 0.009
3714.57303 16.341 0.009
3718.55650 16.572 0.010
3721.58868 16.522 0.010
3725.61758 16.678 0.009
3730.54182 16.526 0.008
3734.61251 16.566 0.009
3738.56458 16.570 0.010
3742.56175 16.530 0.012
3747.56253 16.594 0.012
3751.57033 16.341 0.010
3762.54834 16.676 0.013
3766.55357 16.483 0.008
3772.58033 16.307 0.008
3777.52767 16.387 0.011
3871.89974 16.698 0.012
3902.92003 16.377 0.009
3907.91487 16.426 0.009
3913.94042 16.470 0.008
3918.91019 16.305 0.007
3931.94175 16.389 0.010
3934.87970 16.425 0.008
3936.88802 16.443 0.009
3938.87205 16.553 0.010
3945.87897 16.687 0.009
3950.82390 16.673 0.009
3957.77944 16.452 0.012
3959.76889 16.552 0.010
3961.76302 16.667 0.012
3964.77127 16.635 0.008
3966.76352 16.692 0.009
3968.75719 16.305 0.007
3970.74888 16.475 0.007
3973.71818 16.380 0.009
3975.73044 16.525 0.009
3980.66569 16.568 0.010
3981.66545 16.322 0.008
3982.72979 16.674 0.012
3986.70312 16.417 0.009
3991.73234 16.501 0.010
3994.64474 16.374 0.009
3998.67513 16.631 0.011
4001.64593 16.586 0.008
4003.61736 16.649 0.010
4004.69715 16.531 0.009
4005.69130 16.361 0.007
4007.58456 16.447 0.008
4008.59344 16.692 0.009
4011.64394 16.642 0.009
4014.62637 16.599 0.012
4016.62315 16.698 0.010
4018.61955 16.321 0.008
4020.62300 16.472 0.010
4023.60886 16.382 0.009
4025.60923 16.523 0.009
4027.59736 16.617 0.010
4029.57966 16.705 0.010
4031.56675 16.342 0.008
4033.66099 16.536 0.009
4038.55618 16.552 0.011
4042.56434 16.567 0.010
4044.58735 16.413 0.011
4046.62044 16.567 0.010
4049.53237 16.448 0.008
4051.58195 16.602 0.009
4053.62938 16.687 0.009
4055.52203 16.439 0.011
4057.59738 16.483 0.012
4059.59585 16.588 0.009
4063.54088 16.437 0.009
4065.59293 16.437 0.008
4067.58378 16.573 0.009
4069.53666 16.670 0.010
4071.54748 16.514 0.009
4074.54357 16.679 0.010
4077.54530 16.656 0.009
4079.54548 16.599 0.010
4082.54683 16.678 0.009
4085.62418 16.646 0.011
4092.57966 16.301 0.007
4097.62224 16.393 0.009
4100.61370 16.349 0.008
4105.57770 16.355 0.009
4111.61414 16.711 0.009
4115.53361 16.462 0.009
4120.56452 16.548 0.009
4124.58160 16.609 0.009
4128.59999 16.554 0.009
4252.94769 16.653 0.014
4255.86769 16.598 0.012
4268.92644 16.631 0.011
4275.94137 16.320 0.010
4279.83820 16.565 0.013
4282.82960 16.479 0.011
4283.84865 16.539 0.013
4284.87907 16.634 0.013
4285.94449 16.447 0.011
4292.88693 16.608 0.010
4295.88040 16.543 0.010
4296.91088 16.313 0.008
4297.94282 16.653 0.010
4299.87768 16.664 0.010
4300.89942 16.602 0.010
4301.91797 16.413 0.008
4302.93987 16.697 0.011
4306.93658 16.492 0.011
4307.85114 16.708 0.010
4308.67933 16.530 0.011
4308.88727 16.600 0.010
4310.85942 16.640 0.011
4311.85928 16.502 0.013
4312.92146 16.319 0.008
4314.94054 16.461 0.012
4316.84842 16.561 0.012
4320.87573 16.468 0.010
4326.85794 16.659 0.013
4327.83410 16.485 0.014
4328.84984 16.631 0.011
4329.85096 16.614 0.011
4330.88048 16.422 0.009
4332.89669 16.548 0.011
4334.87368 16.650 0.012
4338.92611 16.425 0.011
4340.79695 16.509 0.010
4341.78983 16.465 0.011
4342.86400 16.639 0.012
4343.78338 16.425 0.010
4344.76546 16.669 0.011
4346.72175 16.306 0.010
4348.72754 16.472 0.010
4350.70420 16.596 0.010
4352.80632 16.680 0.013
4353.66233 16.501 0.011
4354.78367 16.297 0.009
4357.76735 16.668 0.012
4359.72131 16.357 0.009
4362.66896 16.547 0.013
4363.62824 16.596 0.011
4365.68662 16.697 0.014
4369.68060 16.469 0.012
4371.66955 16.606 0.011
4376.67301 16.654 0.012
4378.63963 16.695 0.012
4379.67093 16.592 0.013
4381.63008 16.648 0.013
4382.70864 16.535 0.010
4386.68289 16.683 0.011
4388.68361 16.367 0.009
4390.69245 16.526 0.009
4393.68700 16.436 0.010
4396.66156 16.336 0.010
4398.66655 16.489 0.011
4400.69106 16.627 0.011
4404.66806 16.303 0.010
4407.65595 16.616 0.011
4410.68586 16.671 0.011
4415.67219 16.672 0.010
4418.61771 16.643 0.010
4421.67552 16.630 0.010
4423.67997 16.700 0.012
4426.55618 16.628 0.013
4428.57287 16.606 0.013
4430.63309 16.419 0.010
4432.61899 16.544 0.010
4434.62426 16.636 0.011
4436.60056 16.641 0.010
4438.66322 16.433 0.011
4440.59635 16.533 0.011
4442.55787 16.623 0.013
4444.58267 16.712 0.014
4450.61510 16.645 0.013
4452.59264 16.686 0.012
4454.52968 16.306 0.012
4455.60178 16.650 0.011
4457.53731 16.585 0.013
4459.55740 16.413 0.010
4462.58885 16.314 0.009
4466.61300 16.622 0.011
4471.54766 16.641 0.012
4475.54173 16.362 0.010
4480.58275 16.450 0.010
4482.58971 16.579 0.013
4485.59278 16.517 0.012
4488.59503 16.450 0.012
4609.91743 16.632 0.012
4643.90154 16.671 0.012
4650.94042 16.417 0.009
4655.91983 16.462 0.009
4662.79821 16.621 0.010
4662.91503 16.636 0.010
4663.76980 16.396 0.010
4663.91765 16.455 0.010
4665.84291 16.551 0.012
4665.93674 16.594 0.012
4666.93588 16.350 0.010
4670.92500 16.620 0.011
4671.89492 16.425 0.010
4676.92519 16.485 0.011
4677.84080 16.687 0.010
4682.81523 16.376 0.009
4684.85309 16.441 0.009
4686.81308 16.573 0.009
4688.82904 16.639 0.010
4690.75464 16.609 0.010
4691.75767 16.598 0.012
4693.91264 16.703 0.013
4696.88632 16.657 0.015
4697.82483 16.474 0.011
4698.77439 16.635 0.009
4699.76852 16.608 0.010
4700.80323 16.419 0.009
4701.81114 16.668 0.011
4703.77036 16.328 0.009
4704.78910 16.632 0.009
4705.79660 16.476 0.010
4707.78899 16.593 0.009
4709.74481 16.656 0.010
4710.77338 16.501 0.008
4715.75334 16.587 0.010
4716.77905 16.364 0.007
4717.70510 16.656 0.010
4719.79393 16.396 0.010
4721.78677 16.407 0.011
4724.66933 16.333 0.009
4725.74880 16.651 0.011
4728.75439 16.609 0.010
4733.73096 16.635 0.010
4740.67253 16.483 0.010
4741.70791 16.624 0.009
4743.75648 16.714 0.009
4747.61211 16.460 0.010
4749.61179 16.591 0.012
4753.68276 16.310 0.010
4755.67478 16.466 0.009
4757.65927 16.566 0.010
4759.67397 16.674 0.009
4761.64235 16.359 0.007
4763.65960 16.481 0.011
4767.60052 16.635 0.011
4770.66906 16.631 0.011
4772.60680 16.683 0.010
4774.56136 16.291 0.008
4776.55297 16.444 0.009
4777.65491 16.525 0.010
4780.52361 16.665 0.012
4781.63756 16.551 0.010
4783.58669 16.652 0.012
4785.62207 16.643 0.012
4789.55318 16.508 0.009
4791.53470 16.632 0.012
4793.54212 16.696 0.011
4795.55482 16.333 0.008
4797.54708 16.485 0.010
4798.61042 16.401 0.010
4800.65780 16.442 0.009
4803.54891 16.303 0.008
4804.60400 16.646 0.013
4805.59086 16.463 0.009
4807.52867 16.617 0.014
4809.55802 16.666 0.011
4811.57992 16.284 0.009
4813.55685 16.462 0.011
4815.59277 16.607 0.012
4816.53985 16.359 0.009
4818.59012 16.548 0.010
4820.53162 16.619 0.012
4822.58838 16.674 0.010
4824.57320 16.375 0.010
4826.63284 16.532 0.009
4833.57228 16.646 0.010
4835.59549 16.436 0.010
4836.63561 16.647 0.013
4837.56251 16.406 0.011
4837.60646 16.433 0.011
4838.60656 16.689 0.011
4839.58508 16.595 0.012
4841.55724 16.647 0.012
4841.58281 16.632 0.012
4842.53474 16.486 0.013
4842.60683 16.487 0.012
4843.52893 16.681 0.016
4843.57704 16.529 0.012
4844.52683 16.608 0.016
4844.61721 16.626 0.011
4846.58616 16.671 0.011
4847.62249 16.556 0.013
4848.62240 16.322 0.008
4850.60987 16.502 0.010
4854.60110 16.655 0.011
4856.61834 16.288 0.008
4862.56626 16.657 0.010
4868.55663 16.579 0.011
4935.91263 16.501 0.011
4937.91334 16.619 0.011
4940.91475 16.545 0.011
4954.91770 16.398 0.010
