 625.93024 16.945 0.010
 626.92204 16.794 0.009
 627.88773 16.328 0.008
 631.90320 16.879 0.011
 632.89796 16.669 0.010
 635.87387 16.584 0.008
 643.84323 16.744 0.009
 645.86938 16.895 0.011
 647.82718 16.367 0.010
 649.83207 16.603 0.010
 656.88457 16.959 0.009
 657.88843 16.794 0.010
 658.89717 16.429 0.009
 665.86421 16.862 0.009
 666.86629 16.612 0.007
 667.84619 16.920 0.011
 667.88531 16.820 0.008
 668.81701 16.839 0.008
 668.85611 16.870 0.008
 670.78259 16.939 0.011
 670.82176 16.956 0.011
 671.80463 16.752 0.009
 671.84422 16.793 0.007
 672.84918 16.417 0.007
 673.76223 16.901 0.009
 684.73794 16.950 0.010
 684.77716 16.984 0.010
 685.77766 16.813 0.009
 685.79280 16.825 0.010
 686.69406 16.360 0.009
 686.73374 16.385 0.008
 687.77542 16.939 0.010
 687.89502 16.986 0.010
 688.71746 16.718 0.009
 688.86292 16.788 0.009
 689.72949 16.262 0.007
 689.74461 16.297 0.007
 697.69533 16.521 0.008
 698.71059 16.952 0.013
 698.78185 16.932 0.010
 699.72140 16.829 0.009
 700.70648 16.433 0.007
 700.72166 16.458 0.008
 701.67815 16.935 0.010
 704.67269 16.908 0.011
 706.67107 16.233 0.009
 706.76556 16.273 0.009
 707.70163 16.902 0.011
 708.69912 16.647 0.010
 712.69945 16.952 0.009
 712.74979 16.846 0.010
 713.71369 16.841 0.009
 713.73115 16.835 0.010
 714.73022 16.528 0.007
 715.77108 16.969 0.010
 716.75361 16.817 0.009
 720.66063 16.237 0.008
 726.72075 16.596 0.007
 728.71386 16.569 0.008
 729.65824 16.976 0.010
 730.60959 16.783 0.011
 730.65961 16.826 0.011
 733.66922 16.784 0.012
 739.69141 16.660 0.009
 741.65497 16.840 0.010
 742.64881 16.569 0.008
 744.61730 16.824 0.010
 744.63522 16.813 0.010
 745.65720 16.501 0.008
 746.60201 16.940 0.010
 746.77696 16.877 0.010
 747.55979 16.746 0.011
 748.55645 16.299 0.008
 749.56286 16.911 0.016
 750.53709 16.695 0.013
 751.56723 16.219 0.008
 752.73122 16.908 0.011
 752.77100 16.923 0.010
 753.66685 16.697 0.012
 753.71074 16.727 0.009
 754.74225 16.280 0.008
 755.56595 16.866 0.010
 759.56857 16.503 0.008
 760.57293 16.972 0.010
 761.56816 16.777 0.009
 761.73167 16.864 0.013
 762.56615 16.391 0.008
 762.69642 16.522 0.010
 762.77482 16.574 0.011
 763.58515 16.917 0.013
 763.63401 16.918 0.012
 763.72939 16.962 0.011
 763.74476 16.947 0.012
 764.66318 16.805 0.014
 764.72071 16.815 0.014
 765.54852 16.242 0.009
 766.58544 16.897 0.013
 766.65198 16.910 0.013
 766.70641 16.940 0.013
 767.55987 16.692 0.013
 767.67268 16.718 0.013
 767.71351 16.783 0.013
 767.77330 16.802 0.014
 769.54477 16.885 0.011
 769.66761 16.893 0.011
 770.64105 16.668 0.009
 771.61726 16.443 0.007
 772.54529 16.837 0.010
 773.56790 16.566 0.008
 773.75225 16.689 0.011
 774.63772 16.906 0.010
 775.59060 16.813 0.009
 776.63185 16.507 0.009
 776.67157 16.563 0.009
 777.58853 16.960 0.010
 778.56167 16.759 0.012
 778.65317 16.809 0.012
 779.62104 16.422 0.009
 779.74671 16.540 0.009
 780.60936 16.881 0.016
 780.63626 16.928 0.012
 780.71493 16.956 0.014
 781.59741 16.759 0.009
 781.72892 16.815 0.011
 782.59505 16.293 0.007
 782.61397 16.315 0.009
 783.57478 16.889 0.009
 784.61440 16.691 0.009
 785.58527 16.233 0.007
 785.60193 16.231 0.008
 785.74751 16.376 0.008
 786.58997 16.869 0.009
 786.60560 16.880 0.010
 787.67036 16.681 0.008
 787.68605 16.692 0.010
 787.75617 16.723 0.010
 788.60199 16.722 0.008
 788.61888 16.615 0.010
 788.64443 16.398 0.008
 790.55198 16.549 0.010
 795.56377 16.754 0.009
 796.61336 16.386 0.008
 796.72449 16.496 0.011
 797.68383 16.931 0.010
 797.69928 16.967 0.011
 798.60127 16.723 0.009
 800.59916 16.899 0.009
 800.61486 16.875 0.010
 802.57968 16.348 0.008
 802.67491 16.252 0.009
 805.58572 16.911 0.012
 806.59651 16.820 0.013
 816.67482 16.346 0.008
 817.62395 16.892 0.010
 819.66507 16.206 0.007
 820.62400 16.875 0.011
 820.66405 16.872 0.010
 822.58400 16.937 0.010
 823.66131 16.867 0.011
 824.60942 16.552 0.009
 824.67223 16.605 0.010
 825.64349 16.952 0.013
 825.68261 16.936 0.015
 828.60366 16.955 0.009
 828.64265 16.946 0.011
 829.57026 16.746 0.010
 829.60925 16.758 0.009
 832.57716 16.698 0.010
 832.61615 16.700 0.009
 833.59703 16.232 0.008
 833.63628 16.239 0.007
 834.56663 16.891 0.012
 834.65046 16.936 0.011
 836.58384 16.673 0.010
 838.55694 16.553 0.010
 838.57773 16.554 0.010
 840.57241 16.827 0.010
 845.57808 16.929 0.009
 850.54554 16.396 0.010
 855.55222 16.528 0.010
 856.54009 16.975 0.013
 859.53973 16.945 0.010
 860.57205 16.793 0.010
 866.51974 16.646 0.011
 866.55937 16.669 0.012
 876.52791 16.908 0.010
 962.90860 16.868 0.011
 966.92308 16.506 0.013
 970.89947 16.919 0.017
 986.87487 16.286 0.007
 987.88718 16.915 0.010
 991.90108 16.664 0.009
 996.86726 16.829 0.007
 998.87450 16.975 0.011
1003.80566 16.215 0.008
1005.83109 16.640 0.010
1008.86425 16.604 0.009
1020.82712 16.221 0.007
1025.80677 16.576 0.009
1035.78165 16.883 0.010
1037.76972 16.566 0.013
1037.80887 16.280 0.007
1038.90792 16.910 0.013
1041.77789 16.795 0.009
1041.87834 16.886 0.009
1045.73960 16.385 0.008
1045.77946 16.400 0.007
1048.72079 16.242 0.008
1049.79988 16.932 0.010
1052.81024 16.920 0.010
1055.63695 16.803 0.011
1055.67999 16.835 0.009
1058.83181 16.866 0.011
1059.81066 16.526 0.009
1061.71967 16.765 0.011
1064.75381 16.741 0.010
1068.70496 16.653 0.009
1068.74565 16.362 0.007
1071.77365 16.814 0.009
1072.68509 16.818 0.009
1075.79076 16.835 0.009
1076.66288 16.353 0.007
1078.67343 16.716 0.009
1078.71254 16.760 0.008
1080.65859 16.916 0.009
1083.75091 16.879 0.007
1084.62416 16.565 0.008
1086.60144 16.824 0.010
1087.64405 16.501 0.008
1090.68455 16.461 0.009
1092.68461 16.754 0.010
1094.63924 16.897 0.010
1094.68077 16.941 0.009
1102.64936 16.968 0.010
1107.61771 16.358 0.007
1112.72388 16.716 0.009
1117.59930 16.832 0.011
1120.57042 16.762 0.011
1122.61086 16.958 0.010
1128.55945 16.878 0.011
1132.58983 16.561 0.008
1135.65848 16.536 0.007
1138.61128 16.429 0.007
1140.64369 16.774 0.009
1144.64668 16.235 0.007
1151.58115 16.817 0.009
1154.60073 16.782 0.010
1157.64649 16.765 0.010
1160.63798 16.698 0.009
1162.57107 16.874 0.010
1163.71992 16.683 0.008
1166.68693 16.545 0.007
1170.61587 16.922 0.009
1175.67700 16.310 0.008
1179.67469 16.894 0.011
1183.68357 16.577 0.008
1186.67740 16.489 0.007
1189.56595 16.255 0.007
1192.61055 16.207 0.007
1202.55714 16.784 0.011
1206.56077 16.228 0.008
1212.55230 16.941 0.014
1216.55837 16.815 0.012
1220.55455 16.318 0.008
1227.55017 16.871 0.013
1229.52241 16.979 0.015
1233.53772 16.769 0.013
1238.51870 16.925 0.018
1329.79916 16.909 0.014
1330.81965 16.656 0.012
1330.90932 16.703 0.011
1335.85449 16.857 0.012
1340.93036 16.960 0.011
1347.91168 16.705 0.009
1355.90059 16.833 0.013
1365.90148 16.217 0.007
1367.83999 16.592 0.011
1367.87902 16.615 0.010
1369.86669 16.856 0.011
1374.86561 16.940 0.012
1394.84821 16.900 0.012
1395.83119 16.672 0.010
1397.85454 16.885 0.011
1401.82843 16.540 0.009
1401.86822 16.572 0.008
1407.87551 16.411 0.008
1412.73171 16.608 0.014
1412.77348 16.621 0.009
1418.81356 16.517 0.008
1430.70755 16.968 0.012
1432.77244 16.533 0.008
1435.68980 16.369 0.010
1438.72532 16.279 0.007
1439.65622 16.875 0.011
1441.83239 16.290 0.007
1447.68884 16.971 0.015
1451.65489 16.743 0.009
1454.62914 16.673 0.010
1459.67471 16.870 0.011
1461.64955 16.970 0.011
1462.63739 16.828 0.018
1462.70792 16.851 0.010
1470.59675 16.883 0.011
1471.77042 16.740 0.011
1475.62082 16.967 0.012
1478.56943 16.954 0.012
1479.58560 16.785 0.011
1481.58342 16.925 0.012
1484.58484 16.892 0.011
1487.61187 16.884 0.010
1490.64759 16.852 0.010
1492.55035 16.954 0.013
1495.59966 16.949 0.010
1498.56554 16.888 0.012
1502.58872 16.661 0.009
1505.65581 16.658 0.010
1509.56674 16.954 0.010
1512.66890 16.962 0.012
1516.56860 16.693 0.008
1518.63852 16.899 0.011
1520.66639 16.201 0.007
1523.58373 16.955 0.019
1526.56664 16.952 0.010
1531.67393 16.384 0.008
1546.59005 16.913 0.009
1551.55309 16.394 0.007
1555.60187 16.859 0.011
1556.59384 16.571 0.010
1562.58044 16.367 0.009
1567.59020 16.685 0.016
1569.55957 16.857 0.010
1571.58468 16.914 0.010
1575.58539 16.810 0.010
1576.57353 16.429 0.009
1580.56041 16.901 0.011
1582.58423 16.209 0.007
1583.56307 16.876 0.010
1585.55807 16.706 0.011
1587.54286 16.557 0.010
1589.55994 16.848 0.012
1599.53988 16.287 0.009
1602.52970 16.895 0.014
1603.53645 16.859 0.011
1607.52381 16.438 0.010
1608.51218 16.917 0.014
1702.89437 16.883 0.012
1703.93629 16.761 0.011
1716.90228 16.952 0.012
1728.89374 16.863 0.011
1731.88033 16.816 0.008
1740.86895 16.649 0.010
1742.87055 16.870 0.011
1743.86679 16.581 0.008
1744.84676 16.947 0.012
1744.88585 16.945 0.012
1749.83625 16.365 0.007
1750.86271 16.917 0.011
1751.81997 16.710 0.008
1752.83577 16.238 0.007
1753.83683 16.899 0.010
1754.80902 16.645 0.008
1755.82888 16.365 0.010
1756.85802 16.846 0.015
1757.80744 16.576 0.010
1758.81205 16.946 0.011
1759.80191 16.842 0.009
1761.84132 16.966 0.011
1762.82368 16.811 0.010
1763.82936 16.440 0.007
1764.78009 16.924 0.015
1764.81910 16.937 0.009
1765.81527 16.745 0.010
1766.76857 16.277 0.009
1768.77953 16.658 0.010
1769.68840 16.820 0.011
1771.78170 16.607 0.011
1771.82017 16.656 0.013
1772.80160 16.721 0.009
1773.72985 16.824 0.011
1773.76884 16.841 0.010
1775.85269 16.913 0.009
1784.72931 16.884 0.012
1784.83703 16.898 0.011
1788.74038 16.570 0.009
1803.79451 16.389 0.008
1808.80339 16.529 0.007
1808.81886 16.566 0.011
1811.78658 16.429 0.007
1814.79409 16.330 0.007
1814.83339 16.346 0.007
1817.75975 16.238 0.007
1817.79928 16.222 0.007
1821.60117 16.787 0.013
1822.63719 16.449 0.008
1823.75867 16.961 0.008
1828.84514 16.470 0.008
1829.73054 16.902 0.011
1829.76992 16.907 0.011
1845.72524 16.294 0.007
1845.78558 16.366 0.007
1847.79360 16.737 0.008
1848.61264 16.797 0.009
1848.72238 16.221 0.007
1851.60393 16.991 0.013
1851.70637 16.803 0.013
1854.59371 16.942 0.011
1854.64802 16.956 0.010
1854.77598 16.909 0.010
1854.79136 16.866 0.010
1859.73995 16.418 0.008
1860.73604 16.933 0.012
1863.57318 16.877 0.010
1863.72363 16.896 0.012
1866.57602 16.831 0.009
1869.66356 16.847 0.009
1869.72055 16.892 0.012
1871.78439 16.962 0.010
1872.56417 16.733 0.010
2105.90431 16.511 0.009
2106.86900 16.915 0.013
2113.84931 16.649 0.010
2116.85251 16.597 0.009
2123.79926 16.908 0.012
2127.81422 16.668 0.014
2128.80717 16.220 0.009
2129.83914 16.885 0.012
2130.86372 16.663 0.011
2131.85700 16.408 0.010
2133.87603 16.591 0.013
2134.79108 16.974 0.015
2136.84410 16.500 0.010
2137.79775 16.925 0.012
2140.79271 16.914 0.013
2141.82752 16.741 0.014
2142.76949 16.214 0.008
2143.80029 16.899 0.012
2144.84635 16.696 0.010
2155.86014 16.796 0.015
2156.80676 16.335 0.009
2160.73173 16.865 0.015
2162.74263 16.843 0.011
2166.73725 16.789 0.010
2167.78340 16.488 0.009
2171.72201 16.893 0.010
2172.72763 16.725 0.010
2177.59917 16.844 0.014
2185.64629 16.880 0.013
2187.70370 16.272 0.010
2188.66169 16.891 0.015
2190.67272 16.313 0.008
2191.68098 16.863 0.012
2192.64577 16.573 0.008
2194.63500 16.828 0.011
2195.70179 16.537 0.007
2200.61254 16.737 0.011
2201.64961 16.298 0.008
2203.70608 16.727 0.009
2211.62361 16.820 0.012
2212.62461 16.450 0.010
2213.63301 16.922 0.014
2214.61722 16.774 0.013
2215.63166 16.359 0.009
2217.61865 16.740 0.013
2222.62968 16.822 0.014
2224.69634 16.483 0.009
2226.61688 16.526 0.011
2228.54117 16.782 0.014
2229.59938 16.411 0.009
2231.55103 16.737 0.012
2233.59528 16.887 0.011
2235.64129 16.223 0.007
2238.52990 16.946 0.016
2240.63375 16.595 0.010
2242.60155 16.867 0.013
2244.61975 16.956 0.013
2248.58257 16.727 0.009
2250.54997 16.884 0.013
2252.60744 16.233 0.008
2255.58555 16.849 0.012
2257.60724 16.555 0.009
2262.59787 16.775 0.011
2266.58731 16.216 0.008
2272.56490 16.964 0.012
2274.55052 16.483 0.009
2277.58557 16.411 0.008
2283.58242 16.222 0.008
2290.57714 16.807 0.011
2292.58769 16.950 0.014
2294.59085 16.412 0.009
2298.56767 16.913 0.016
2303.54996 16.893 0.016
2445.89193 16.947 0.016
2458.93304 16.654 0.011
2463.89667 16.849 0.012
2465.90934 16.952 0.012
2467.88219 16.370 0.009
2469.88184 16.736 0.010
2470.91616 16.308 0.008
2471.92738 16.921 0.012
2473.86735 16.296 0.008
2483.83976 16.760 0.011
2486.85724 16.717 0.013
2489.90382 16.675 0.011
2492.88488 16.604 0.012
2496.88449 16.943 0.012
2497.90793 16.807 0.012
2498.91078 16.467 0.008
2499.84089 16.927 0.013
2500.84534 16.742 0.011
2501.83527 16.264 0.008
2502.81508 16.891 0.012
2503.83059 16.687 0.010
2516.75779 16.882 0.014
2517.80457 16.695 0.010
2518.77555 16.212 0.008
2519.85437 16.889 0.011
2520.77256 16.628 0.010
2521.84378 16.273 0.008
2524.84155 16.872 0.014
2526.75915 16.454 0.008
2534.81620 16.687 0.010
2535.83613 16.220 0.009
2537.68350 16.543 0.012
2538.77710 16.855 0.012
2539.68434 16.819 0.011
2541.69625 16.945 0.012
2542.66605 16.756 0.010
2544.64357 16.906 0.011
2545.65977 16.695 0.010
2547.67763 16.916 0.013
2548.69307 16.659 0.010
2550.68799 16.853 0.012
2551.67470 16.588 0.009
2552.69084 16.892 0.010
2554.68402 16.520 0.009
2555.69196 16.970 0.012
2556.67087 16.792 0.011
2557.68345 16.430 0.008
2558.63995 16.914 0.012
2559.59667 16.713 0.011
2560.62987 16.244 0.008
2561.65550 16.905 0.016
2562.64833 16.693 0.010
2563.65612 16.217 0.008
2564.67174 16.868 0.012
2565.65870 16.630 0.010
2566.64369 16.809 0.011
2568.67503 16.574 0.012
2571.62651 16.451 0.012
2572.72400 16.966 0.015
2573.64103 16.845 0.013
2574.62492 16.335 0.009
2576.62455 16.711 0.013
2577.61057 16.211 0.010
2578.60887 16.895 0.013
2579.61826 16.641 0.010
2580.63034 16.380 0.009
2583.60170 16.973 0.016
2584.60921 16.863 0.015
2587.58964 16.787 0.012
2588.61850 16.420 0.010
2589.57961 16.929 0.012
2590.59439 16.746 0.012
2591.59555 16.275 0.008
2593.58615 16.687 0.010
2594.58990 16.258 0.009
2596.56607 16.603 0.012
2597.55341 16.926 0.015
2598.60633 16.853 0.011
2599.58547 16.538 0.013
2607.60638 16.747 0.013
2610.52671 16.650 0.012
2613.51888 16.551 0.011
2615.55069 16.847 0.014
2619.53015 16.379 0.013
2621.54678 16.746 0.011
2623.59473 16.904 0.013
2626.53830 16.870 0.012
2629.54488 16.829 0.016
2635.54596 16.778 0.010
2639.52641 16.235 0.012
2641.57196 16.688 0.010
2646.55782 16.856 0.014
2650.57034 16.459 0.009
2654.53775 16.895 0.016
2656.58581 16.272 0.009
2660.53155 16.872 0.016
2664.55642 16.533 0.016
2669.52911 16.742 0.012
2673.54609 16.207 0.009
2675.56197 16.647 0.011
2678.56229 16.602 0.012
2682.52203 16.945 0.019
2777.88447 16.746 0.019
2804.89045 16.951 0.016
2810.92282 16.938 0.013
2814.92038 16.717 0.011
2817.90833 16.640 0.011
2825.88407 16.781 0.013
2830.92254 16.896 0.014
2831.76280 16.610 0.012
2832.72829 16.958 0.015
2833.84637 16.866 0.015
2834.85412 16.592 0.012
2837.85229 16.512 0.012
2839.88805 16.811 0.011
2841.86874 16.929 0.012
2844.85400 16.891 0.013
2845.89996 16.717 0.013
2848.93697 16.690 0.014
2850.87007 16.874 0.013
2851.91336 16.616 0.010
2852.78400 16.923 0.011
2853.92389 16.846 0.011
2856.79707 16.760 0.014
2858.89110 16.926 0.011
2860.85718 16.259 0.008
2861.72813 16.858 0.011
2862.90715 16.691 0.012
2863.81623 16.395 0.010
2865.85017 16.617 0.009
2866.86289 16.773 0.012
2867.84384 16.860 0.012
2868.78757 16.494 0.009
2870.79725 16.801 0.011
2872.75467 16.923 0.011
2876.75744 16.678 0.010
2877.77929 16.244 0.008
2879.78805 16.620 0.009
2883.80643 16.958 0.011
2885.74162 16.422 0.009
2888.78984 16.371 0.009
2892.78146 16.886 0.014
2894.74773 16.553 0.013
2896.74486 16.577 0.012
2898.76577 16.833 0.011
2900.72775 16.944 0.016
2902.72728 16.383 0.008
2905.73445 16.270 0.008
2907.73571 16.669 0.013
2909.72470 16.874 0.010
2911.71617 16.850 0.010
2915.68756 16.806 0.013
2917.71355 16.930 0.011
2921.71145 16.712 0.011
2923.73276 16.898 0.012
2925.69630 16.551 0.009
2927.69373 16.576 0.011
2930.71161 16.513 0.009
2932.71797 16.815 0.011
2934.69806 16.912 0.011
2937.61857 16.883 0.013
2939.71219 16.203 0.008
2940.61519 16.870 0.010
2941.60882 16.558 0.009
2942.61500 16.960 0.011
2943.56739 16.818 0.013
2944.57082 16.444 0.009
2945.58759 16.952 0.016
2947.58440 16.357 0.011
2949.57856 16.725 0.011
2951.61031 16.900 0.020
2952.63771 16.704 0.011
2954.66427 16.891 0.014
2956.61034 16.805 0.010
2958.59501 16.544 0.009
2961.57582 16.442 0.011
2965.60421 16.913 0.010
2968.57532 16.897 0.013
2970.59466 16.376 0.009
2974.57313 16.838 0.012
2976.52905 16.921 0.014
2977.59605 16.809 0.014
2979.56036 16.895 0.014
2981.60539 16.331 0.011
2987.62911 16.316 0.008
2989.55140 16.538 0.010
2992.55319 16.465 0.010
2995.59605 16.415 0.008
2998.55403 16.255 0.009
3001.55533 16.314 0.009
3004.54730 16.915 0.013
3007.55342 16.950 0.012
3010.55256 16.929 0.012
3016.56968 16.891 0.013
3019.58313 16.857 0.012
3021.59706 16.814 0.010
3023.55240 16.508 0.010
3025.54974 16.800 0.012
3027.58503 16.910 0.012
3029.55695 16.303 0.008
3031.56130 16.688 0.012
3036.58099 16.873 0.014
3040.54401 16.490 0.011
3160.84150 16.915 0.016
3183.89340 16.924 0.012
3193.86117 16.587 0.011
3195.92015 16.875 0.012
3197.89573 16.960 0.015
3201.85317 16.758 0.010
3203.86033 16.895 0.011
3204.92393 16.727 0.011
3210.87494 16.574 0.009
3211.90321 16.942 0.011
3215.68167 16.680 0.013
3216.70294 16.234 0.010
3217.77892 16.899 0.017
3218.88896 16.765 0.016
3223.81647 16.864 0.013
3226.80497 16.831 0.016
3229.81405 16.812 0.010
3231.76471 16.937 0.015
3239.77426 16.895 0.012
3240.76361 16.857 0.013
3241.83281 16.589 0.010
3242.69530 16.940 0.012
3243.82793 16.840 0.014
3244.80901 16.505 0.010
3245.75445 16.933 0.012
3246.75073 16.768 0.011
3247.74207 16.315 0.009
3249.70918 16.673 0.010
3251.72192 16.866 0.011
3254.70926 16.857 0.011
3256.77512 16.919 0.012
3260.68530 16.762 0.012
3262.72124 16.913 0.009
3264.67293 16.226 0.007
3266.74393 16.698 0.013
3268.67724 16.879 0.010
3270.65758 16.986 0.013
3271.64504 16.826 0.012
3272.70187 16.489 0.009
3274.68403 16.781 0.012
3276.69288 16.942 0.013
3277.72570 16.758 0.013
3279.65830 16.899 0.011
3281.61774 16.538 0.008
3283.62356 16.611 0.007
3287.58963 16.966 0.015
3289.60060 16.399 0.007
3293.57761 16.908 0.010
3295.59635 16.223 0.007
3297.57764 16.630 0.007
3299.63453 16.866 0.009
3301.60864 16.966 0.015
3303.67078 16.548 0.010
3306.60342 16.389 0.007
3308.59130 16.748 0.013
3310.59043 16.879 0.016
3312.59271 16.362 0.008
3314.54508 16.581 0.012
3320.58283 16.433 0.009
3321.57855 16.927 0.013
3327.53764 16.875 0.013
3330.53156 16.858 0.013
3335.57260 16.955 0.013
3338.57963 16.966 0.011
3349.57673 16.982 0.009
3353.55408 16.767 0.011
3360.56269 16.378 0.009
3363.53457 16.955 0.014
3367.59776 16.813 0.011
3375.53075 16.904 0.014
3378.57631 16.882 0.011
3386.54267 16.928 0.010
3390.55112 16.704 0.011
3402.52621 16.348 0.008
3538.93504 16.573 0.010
3547.89635 16.231 0.008
3554.90454 16.819 0.012
3561.87072 16.302 0.007
3561.92372 16.359 0.007
3564.88706 16.218 0.007
3569.90914 16.577 0.009
3570.72262 16.913 0.015
3571.77940 16.796 0.015
3573.81609 16.950 0.013
3574.86256 16.784 0.010
3577.82114 16.700 0.010
3578.87931 16.255 0.007
3581.82567 16.586 0.008
3582.81005 16.883 0.011
3583.81890 16.590 0.009
3584.79054 16.997 0.011
3586.78900 16.478 0.007
3588.79298 16.783 0.009
3591.85446 16.777 0.008
3593.82864 16.909 0.011
3596.80232 16.906 0.012
3601.79071 16.993 0.011
3607.76809 16.922 0.009
3614.76595 16.582 0.007
3617.74292 16.474 0.008
3619.67427 16.760 0.010
3621.70129 16.921 0.010
3624.80284 16.902 0.011
3626.69822 16.619 0.009
3633.67595 16.786 0.013
3636.75898 16.805 0.012
3638.65246 16.887 0.011
3641.68150 16.875 0.010
3643.70219 16.748 0.009
3646.63543 16.947 0.011
3650.64026 16.764 0.010
3651.71426 16.405 0.007
3653.68544 16.740 0.009
3655.67665 16.899 0.010
3657.60506 16.871 0.011
3658.63180 16.865 0.012
3659.62102 16.570 0.011
3661.59212 16.838 0.015
3663.57883 16.949 0.014
3665.59549 16.346 0.007
3668.55345 16.223 0.007
3669.65591 16.899 0.012
3671.60873 16.354 0.009
3673.65726 16.650 0.011
3675.63963 16.863 0.010
3683.62901 16.916 0.011
3685.63043 16.254 0.007
3687.62874 16.654 0.009
3689.57971 16.866 0.011
3692.55166 16.832 0.011
3694.54504 16.913 0.013
3696.53684 16.339 0.007
3698.57890 16.717 0.012
3700.55810 16.907 0.011
3702.56523 16.320 0.008
3704.56638 16.598 0.010
3706.57590 16.862 0.010
3708.56488 16.989 0.012
3711.57153 16.923 0.012
3713.59401 16.375 0.008
3717.56195 16.882 0.014
3721.52618 16.564 0.015
3724.53127 16.483 0.009
3726.52768 16.770 0.011
3728.53419 16.913 0.012
3734.54534 16.889 0.011
3740.55873 16.848 0.010
3746.53946 16.723 0.013
3761.58737 16.414 0.008
3765.55348 16.890 0.009
3771.56542 16.859 0.012
3776.52483 16.930 0.015
3780.54912 16.707 0.012
3871.86172 16.730 0.013
3900.94809 16.512 0.011
3905.94263 16.747 0.010
3913.90154 16.847 0.009
3917.93852 16.449 0.008
3931.88474 16.494 0.010
3933.92955 16.790 0.010
3936.85132 16.716 0.009
3938.83532 16.887 0.012
3944.88302 16.855 0.010
3946.84757 16.970 0.010
3951.87013 16.330 0.007
3955.83091 16.890 0.013
3958.81232 16.857 0.012
3960.81241 16.956 0.011
3963.80913 16.955 0.014
3965.80103 16.330 0.007
3967.82072 16.726 0.008
3969.78656 16.892 0.010
3971.76223 16.774 0.009
3974.76441 16.961 0.012
3979.71982 16.334 0.008
3980.60247 16.885 0.013
3981.62950 16.642 0.008
3983.89915 16.927 0.011
3987.76770 16.624 0.008
3990.77559 16.545 0.008
3993.71850 16.408 0.008
3995.72422 16.759 0.009
3999.73442 16.218 0.007
4002.70713 16.786 0.008
4004.65882 16.533 0.008
4006.68514 16.840 0.009
4007.54651 16.294 0.007
4008.55737 16.907 0.010
4009.68088 16.767 0.010
4013.68176 16.225 0.008
4015.66616 16.648 0.012
4017.68047 16.877 0.011
4018.71980 16.626 0.009
4019.66929 16.980 0.012
4021.66269 16.502 0.008
4024.63610 16.362 0.007
4026.61506 16.739 0.009
4028.61087 16.882 0.009
4030.62001 16.381 0.007
4032.67515 16.661 0.010
4037.63539 16.813 0.009
4039.58967 16.930 0.010
4041.58195 16.260 0.008
4043.57488 16.717 0.011
4046.56770 16.617 0.010
4048.55010 16.860 0.013
4050.59238 16.956 0.011
4052.54423 16.438 0.008
4054.59858 16.779 0.010
4056.57055 16.912 0.013
4058.57207 16.241 0.008
4061.56759 16.392 0.007
4065.51713 16.822 0.012
4068.51724 16.773 0.011
4070.53581 16.948 0.012
4073.56171 16.925 0.013
4076.62889 16.901 0.012
4078.58888 16.391 0.007
4080.59951 16.590 0.009
4085.54704 16.830 0.011
4092.54199 16.269 0.007
4096.55352 16.841 0.011
4099.59664 16.823 0.011
4104.58751 16.905 0.013
4111.57548 16.612 0.008
4120.53254 16.314 0.008
4126.55741 16.439 0.009
4252.91154 16.870 0.014
4255.82730 16.817 0.015
4268.94014 16.321 0.008
4275.90759 16.795 0.013
4279.78530 16.270 0.012
4282.79591 16.815 0.013
4283.87929 16.881 0.015
4283.93413 16.899 0.014
4285.90307 16.759 0.012
4291.92358 16.939 0.014
4293.89165 16.348 0.008
4296.87616 16.223 0.007
4297.90876 16.886 0.012
4299.84378 16.660 0.009
4300.86516 16.862 0.011
4301.88320 16.594 0.009
4302.89920 16.880 0.012
4306.84685 16.795 0.011
4307.88311 16.437 0.008
4308.64468 16.877 0.013
4308.85110 16.917 0.012
4310.82475 16.243 0.009
4311.81211 16.894 0.016
4312.88598 16.696 0.009
4314.90531 16.908 0.013
4316.81231 16.923 0.013
4319.84426 17.001 0.013
4320.90807 16.857 0.013
4326.82031 16.724 0.011
4327.79820 16.223 0.009
4328.81384 16.882 0.013
4329.81731 16.649 0.011
4330.91317 16.213 0.009
4333.87875 16.748 0.011
4338.88277 16.495 0.010
4340.75448 16.711 0.011
4341.75059 16.228 0.009
4342.77491 16.903 0.013
4343.74392 16.647 0.010
4344.72612 16.647 0.010
4345.77211 16.850 0.013
4347.76101 16.910 0.011
4349.77421 16.541 0.009
4354.74141 16.746 0.012
4356.74449 16.913 0.013
4357.68196 16.666 0.010
4359.67990 16.856 0.013
4362.64743 16.846 0.015
4365.71965 16.794 0.014
4369.63419 16.270 0.012
4372.65763 16.223 0.007
4375.62008 16.899 0.015
4377.73666 16.623 0.009
4379.62814 16.811 0.013
4380.72397 16.536 0.009
4382.66829 16.791 0.012
4386.64329 16.236 0.008
4388.64411 16.666 0.011
4390.65312 16.876 0.011
4392.67756 16.783 0.010
4395.65876 16.949 0.014
4397.69953 16.494 0.010
4400.64995 16.341 0.009
4403.63856 16.208 0.008
4407.61578 16.865 0.012
4408.64102 16.580 0.010
4410.72455 16.870 0.012
4412.68556 16.958 0.014
4416.67068 16.771 0.010
4418.67958 16.908 0.011
4421.61319 16.877 0.013
4423.69485 16.291 0.009
4425.62571 16.562 0.013
4427.63758 16.834 0.011
4429.54647 16.916 0.017
4431.55102 16.266 0.009
4433.55699 16.698 0.011
4435.54096 16.870 0.013
4437.61311 16.338 0.010
4439.54615 16.550 0.011
4441.58189 16.841 0.013
4443.60898 16.979 0.014
4449.62587 16.919 0.012
4451.58151 16.211 0.007
4453.56385 16.623 0.011
4456.56538 16.567 0.011
4458.56629 16.825 0.012
4464.55748 16.726 0.011
4472.55162 16.842 0.011
4475.57107 16.798 0.010
4478.57770 16.766 0.012
4481.55933 16.707 0.012
4484.55987 16.639 0.013
4486.60823 16.893 0.015
4502.56048 16.721 0.012
4609.87294 16.629 0.010
4638.93787 16.299 0.008
4643.86269 16.593 0.011
4648.92879 16.829 0.011
4652.92199 16.382 0.009
4656.90275 16.896 0.010
4662.75900 16.783 0.011
4663.73061 16.345 0.009
4665.80358 16.758 0.012
4666.89136 16.430 0.010
4670.88564 16.904 0.012
4671.87193 16.678 0.011
4672.85988 16.218 0.007
4675.86622 16.786 0.011
4681.85720 16.942 0.010
4683.83138 16.315 0.009
4685.83852 16.723 0.012
4687.87412 16.920 0.010
4688.78974 16.619 0.008
4689.74749 16.930 0.011
4690.71516 16.846 0.010
4691.71819 16.493 0.010
4693.87325 16.859 0.013
4696.79487 16.786 0.015
4698.73499 16.895 0.011
4700.76642 16.224 0.007
4701.72060 16.887 0.013
4701.77162 16.877 0.011
4702.83173 16.694 0.010
4703.73096 16.736 0.010
4704.74984 16.851 0.010
4705.75701 16.580 0.009
4707.74914 16.841 0.010
4708.81790 16.564 0.008
4710.73153 16.781 0.009
4716.73546 16.698 0.009
4719.72758 16.617 0.010
4721.71627 16.835 0.014
4725.70371 16.446 0.009
4728.73182 16.354 0.008
4731.73296 16.238 0.007
4734.72004 16.442 0.008
4741.68620 16.797 0.009
4747.56355 16.611 0.010
4749.57211 16.851 0.014
4753.64142 16.506 0.011
4755.63017 16.779 0.011
4757.61966 16.943 0.012
4759.63232 16.286 0.008
4761.59751 16.654 0.008
4763.61510 16.888 0.012
4766.58304 16.868 0.015
4769.62141 16.827 0.013
4771.66635 16.959 0.011
4773.65753 16.426 0.008
4775.64415 16.729 0.013
4777.57607 16.889 0.013
4779.59661 16.444 0.008
4781.56352 16.577 0.010
4783.54541 16.803 0.012
4785.57802 16.950 0.013
4786.63527 16.819 0.012
4788.59339 16.921 0.012
4790.59566 16.291 0.007
4792.57381 16.693 0.010
4794.55427 16.883 0.010
4796.62422 16.398 0.008
4798.57097 16.567 0.011
4800.61815 16.859 0.010
4802.59561 16.941 0.012
4804.61874 16.437 0.011
4806.60465 16.744 0.012
4808.52613 16.883 0.015
4810.59144 16.222 0.008
4813.57669 16.860 0.013
4815.54900 16.537 0.010
4817.56942 16.828 0.010
4819.56336 16.950 0.013
4821.64699 16.453 0.008
4824.55142 16.209 0.008
4826.60118 16.670 0.010
4832.56861 16.527 0.009
4834.59359 16.831 0.013
4837.58485 16.760 0.013
4841.56102 16.208 0.008
4843.55532 16.639 0.013
4845.55283 16.864 0.013
4846.56011 16.567 0.010
4848.60068 16.842 0.011
4850.58797 16.947 0.013
4854.56907 16.739 0.011
4862.55120 16.845 0.010
4866.55206 16.472 0.010
