 622.87616 17.292 0.018
 624.90272 16.897 0.012
 625.89017 17.212 0.014
 626.86169 17.041 0.013
 627.84791 17.180 0.014
 628.88900 17.201 0.014
 629.88680 16.979 0.014
 631.91775 17.153 0.015
 632.85825 16.790 0.012
 633.89368 17.219 0.014
 635.88855 17.305 0.014
 643.85755 17.270 0.017
 645.82928 16.847 0.012
 647.78699 16.980 0.017
 649.78439 17.118 0.017
 652.83160 17.036 0.014
 656.84475 17.266 0.013
 657.81701 17.120 0.016
 658.85731 16.805 0.015
 663.76357 16.813 0.013
 664.86849 17.255 0.015
 665.81578 17.039 0.010
 666.82633 17.247 0.014
 667.84555 17.199 0.013
 668.81637 16.912 0.009
 670.78195 17.102 0.014
 671.80399 16.943 0.010
 672.80954 17.209 0.011
 673.77692 16.955 0.011
 684.73731 17.174 0.013
 685.79216 17.211 0.014
 686.69342 16.926 0.015
 687.77478 17.272 0.013
 688.71682 17.107 0.011
 689.74397 16.784 0.009
 697.71010 17.245 0.014
 698.78121 17.187 0.013
 699.68025 16.904 0.011
 700.72102 17.256 0.013
 701.69325 17.094 0.013
 704.72123 16.992 0.013
 706.68689 17.116 0.016
 707.72445 16.829 0.013
 708.74860 17.222 0.016
 712.74915 16.959 0.011
 713.73052 17.272 0.013
 714.74550 17.116 0.012
 715.71105 16.867 0.012
 716.67913 17.212 0.013
 726.66175 17.245 0.015
 728.67246 17.008 0.012
 729.67460 17.200 0.014
 730.65897 16.979 0.013
 733.62546 16.774 0.013
 739.64542 17.247 0.016
 741.61122 17.207 0.012
 742.58746 17.178 0.015
 744.63459 17.275 0.016
 745.58552 17.116 0.014
 746.77632 16.891 0.012
 747.64680 17.221 0.014
 748.60852 17.011 0.014
 749.61391 17.351 0.018
 750.60776 17.142 0.014
 751.61616 16.867 0.013
 752.73058 17.276 0.018
 753.66621 17.084 0.014
 759.62406 16.788 0.010
 760.64973 17.217 0.014
 761.62577 16.996 0.012
 761.73104 17.049 0.016
 762.61716 17.279 0.018
 762.64671 17.313 0.017
 763.63337 17.188 0.015
 763.74412 17.166 0.016
 764.72007 16.948 0.017
 765.56544 17.246 0.020
 766.60289 17.057 0.017
 766.70578 17.088 0.017
 767.61043 17.202 0.019
 767.67204 17.059 0.021
 767.77266 16.796 0.016
 769.59326 16.923 0.014
 769.66697 16.955 0.013
 770.59938 17.230 0.015
 771.63246 17.118 0.013
 772.59430 16.866 0.011
 773.59940 17.204 0.014
 773.75161 17.238 0.017
 774.59240 17.002 0.013
 775.55030 17.307 0.014
 776.63121 17.164 0.014
 777.60547 16.839 0.011
 778.60887 17.241 0.016
 779.63575 17.070 0.013
 779.74607 17.117 0.014
 780.63562 17.157 0.016
 781.54995 17.137 0.013
 781.72829 17.223 0.016
 782.61333 16.939 0.014
 782.73931 17.016 0.015
 783.53250 17.248 0.014
 784.57443 17.077 0.013
 785.60130 16.856 0.012
 785.74687 16.839 0.010
 786.60496 17.206 0.013
 787.68541 17.028 0.013
 788.61824 17.279 0.015
 788.64379 17.310 0.015
 790.56694 16.804 0.011
 792.54490 17.004 0.013
 795.60959 16.946 0.013
 796.53848 17.259 0.020
 796.72386 17.308 0.020
 797.69864 17.148 0.015
 798.56128 17.004 0.013
 799.69923 17.205 0.015
 800.61422 17.003 0.012
 802.67427 17.139 0.019
 805.60160 17.043 0.014
 806.61179 17.219 0.019
 808.54319 16.878 0.014
 816.67418 16.908 0.012
 817.58427 17.247 0.013
 819.54707 17.322 0.016
 820.62337 17.199 0.016
 822.54393 17.229 0.018
 824.56972 16.966 0.015
 825.64286 17.203 0.017
 828.60302 17.119 0.011
 829.56962 16.792 0.011
 832.57652 17.262 0.015
 833.59640 17.175 0.015
 834.56600 16.913 0.014
 836.54413 17.086 0.015
 838.57709 17.211 0.017
 840.58685 17.295 0.017
 845.53858 17.319 0.017
 850.56172 17.039 0.013
 855.56672 16.779 0.014
 859.55453 17.143 0.015
 866.51910 17.252 0.018
 962.92295 16.890 0.013
 966.92244 17.204 0.014
 970.89883 16.811 0.011
 976.87948 17.250 0.019
 986.83383 17.315 0.021
 987.84746 17.135 0.015
 991.91549 17.147 0.013
 996.91941 16.784 0.011
 998.89052 16.992 0.014
1004.78910 17.317 0.018
1006.81771 16.880 0.013
1020.88717 17.249 0.018
1025.92496 17.335 0.019
1035.73988 17.292 0.015
1037.76908 16.910 0.012
1041.77726 17.221 0.012
1045.73896 16.803 0.011
1048.72015 17.291 0.016
1052.76301 17.079 0.013
1055.63631 16.934 0.012
1058.84827 16.909 0.016
1059.76625 17.239 0.019
1061.71903 17.307 0.016
1064.80291 17.293 0.020
1068.70432 16.942 0.012
1072.68445 17.231 0.012
1076.66225 16.847 0.010
1078.67279 17.077 0.013
1081.68535 16.945 0.011
1084.62352 16.937 0.011
1087.64341 17.313 0.014
1090.69980 17.248 0.015
1092.73190 16.970 0.014
1094.63860 16.918 0.011
1102.60877 16.793 0.010
1106.70362 17.193 0.011
1110.62273 16.972 0.017
1116.58121 17.199 0.013
1120.56979 16.896 0.013
1126.64512 17.265 0.014
1129.54359 17.199 0.016
1132.52664 17.139 0.017
1135.57671 17.083 0.013
1138.62640 16.976 0.011
1140.60383 17.112 0.012
1144.66137 17.251 0.016
1151.54097 16.918 0.013
1155.54258 17.209 0.014
1159.53803 16.832 0.012
1162.57043 17.106 0.012
1164.68400 17.023 0.015
1170.54241 17.330 0.016
1178.65246 17.313 0.017
1182.66437 17.069 0.012
1183.70271 17.127 0.015
1185.68586 16.961 0.012
1188.68520 16.832 0.011
1191.56895 17.250 0.017
1202.58403 17.202 0.020
1205.53548 17.108 0.015
1211.55593 16.847 0.014
1217.56658 17.253 0.016
1220.56905 17.226 0.016
1229.52178 16.948 0.017
1238.51807 17.247 0.027
1327.90232 17.206 0.023
1330.81901 17.134 0.018
1335.87076 17.188 0.019
1340.89026 17.231 0.017
1348.92631 17.202 0.015
1354.89991 17.037 0.014
1360.91964 16.889 0.014
1365.91584 16.794 0.013
1367.83935 16.994 0.016
1374.91139 17.211 0.016
1394.84757 17.272 0.017
1395.87905 17.167 0.015
1397.80076 17.248 0.017
1401.82779 16.928 0.012
1402.91268 17.315 0.015
1407.83577 17.308 0.016
1412.73107 17.314 0.017
1417.88941 16.778 0.012
1430.72203 17.163 0.017
1432.73272 16.928 0.011
1435.68917 16.863 0.014
1439.65558 17.135 0.014
1442.65926 17.040 0.013
1447.73447 17.151 0.022
1451.67069 17.284 0.015
1455.69040 17.019 0.014
1460.73114 17.093 0.014
1462.63676 17.221 0.017
1470.64298 17.183 0.015
1471.76979 16.980 0.013
1472.63020 17.250 0.017
1475.63594 17.226 0.016
1477.56500 17.262 0.019
1481.58278 16.998 0.014
1484.63167 16.877 0.012
1487.62680 17.107 0.013
1490.66554 17.285 0.017
1492.56520 16.886 0.014
1495.52198 17.276 0.016
1499.55063 17.008 0.017
1502.54876 16.902 0.015
1505.61531 16.785 0.014
1508.55066 17.275 0.017
1509.52696 17.123 0.014
1512.62884 17.055 0.017
1515.60348 16.959 0.012
1517.60695 17.115 0.015
1520.59420 16.991 0.013
1524.54191 17.219 0.019
1526.58205 17.236 0.015
1531.63361 16.814 0.013
1543.59109 17.094 0.015
1546.60593 16.992 0.012
1551.56770 17.033 0.013
1555.60123 17.246 0.017
1562.57980 16.840 0.014
1569.55893 17.091 0.013
1575.58475 16.826 0.011
1580.55977 16.905 0.013
1583.56244 16.938 0.012
1587.54222 17.133 0.016
1597.52771 17.228 0.019
1603.53582 17.017 0.014
1608.51154 17.077 0.017
1701.89334 17.241 0.016
1703.89648 16.790 0.012
1705.90196 17.015 0.015
1716.86238 16.844 0.013
1717.87274 17.239 0.016
1718.85875 17.005 0.019
1729.90841 16.779 0.009
1732.87819 17.298 0.016
1740.82926 17.223 0.017
1742.87703 16.811 0.012
1744.84612 16.984 0.013
1745.87038 17.313 0.015
1749.85081 17.037 0.011
1750.82276 17.290 0.016
1751.83457 17.167 0.013
1752.79593 16.873 0.011
1753.79696 17.231 0.015
1754.82365 17.063 0.014
1755.78902 17.098 0.018
1756.81849 17.163 0.022
1757.76767 16.934 0.015
1758.77218 17.263 0.015
1759.81653 17.111 0.013
1761.79755 17.223 0.016
1762.78396 17.014 0.016
1763.78696 17.305 0.016
1764.77945 17.155 0.012
1765.77396 16.852 0.011
1766.71498 17.217 0.019
1768.79407 17.087 0.016
1769.70345 17.176 0.017
1771.81953 17.296 0.023
1772.76190 17.091 0.013
1773.72921 16.897 0.012
1776.75201 17.293 0.015
1784.72867 17.262 0.015
1788.79416 17.010 0.011
1803.75447 17.132 0.015
1806.74861 17.050 0.013
1808.81822 17.214 0.017
1811.74661 17.089 0.011
1814.79345 17.025 0.012
1817.75911 16.835 0.010
1822.63656 16.852 0.011
1826.78764 17.227 0.016
1829.72990 17.141 0.015
1846.77790 17.178 0.015
1850.73468 17.082 0.016
1854.79072 17.302 0.014
1858.71460 17.023 0.015
1862.71348 17.244 0.014
1867.73791 17.254 0.018
1871.74447 17.039 0.012
2085.90914 16.796 0.016
2086.88843 17.236 0.019
2103.89525 16.901 0.011
2105.92315 17.087 0.015
2106.89098 16.940 0.014
2112.84336 17.218 0.014
2116.87111 16.895 0.012
2123.81803 17.103 0.015
2128.82553 17.136 0.017
2129.85750 16.864 0.013
2130.84387 17.224 0.018
2131.83748 17.078 0.016
2132.80627 17.235 0.019
2133.89460 17.185 0.021
2134.81000 16.935 0.016
2135.84408 17.297 0.020
2137.89208 16.807 0.014
2140.81134 17.306 0.018
2142.75205 16.773 0.012
2143.81755 17.228 0.016
2144.82425 17.058 0.012
2155.87863 16.901 0.017
2156.82521 17.275 0.019
2160.75460 16.912 0.015
2162.76139 17.090 0.014
2166.75600 17.294 0.015
2167.76446 17.146 0.014
2168.71363 16.798 0.012
2171.73955 17.315 0.015
2172.74617 17.158 0.015
2177.63966 17.139 0.016
2184.70130 17.319 0.021
2185.66480 17.155 0.017
2186.68965 16.856 0.017
2187.68483 17.256 0.021
2188.73199 17.096 0.016
2190.69136 17.197 0.016
2191.66474 16.928 0.013
2192.66325 17.262 0.014
2193.68432 17.094 0.012
2194.65442 16.936 0.012
2203.55089 17.137 0.017
2206.60721 17.086 0.020
2211.64130 17.123 0.016
2212.64513 16.797 0.012
2213.65095 17.226 0.018
2214.64214 17.027 0.017
2215.64912 17.273 0.017
2217.63582 16.901 0.015
2219.67868 17.101 0.015
2224.71356 17.140 0.015
2226.63643 17.242 0.022
2228.55833 17.297 0.018
2229.61659 17.179 0.017
2231.64326 17.245 0.018
2232.50999 17.024 0.019
2233.61341 17.061 0.015
2235.66353 16.972 0.012
2238.54707 16.869 0.013
2240.65138 17.013 0.015
2242.61889 17.167 0.018
2248.60354 16.939 0.011
2250.57686 17.108 0.014
2253.57050 16.966 0.012
2255.60716 17.145 0.016
2258.57346 17.000 0.012
2263.58419 17.108 0.014
2266.55498 17.003 0.015
2271.56456 17.037 0.014
2273.56390 17.203 0.022
2275.59883 17.248 0.018
2276.55838 17.135 0.020
2278.59096 17.204 0.017
2280.58682 17.339 0.020
2284.58970 17.049 0.015
2290.60368 16.782 0.012
2293.56596 17.274 0.017
2295.55870 16.800 0.013
2297.56199 17.059 0.019
2299.56109 17.169 0.018
2301.55335 17.247 0.021
2445.91192 17.200 0.020
2460.87884 17.236 0.024
2463.91518 17.206 0.017
2465.92794 17.277 0.017
2467.90093 16.877 0.013
2469.90031 17.055 0.014
2471.88975 17.198 0.015
2472.91922 16.972 0.011
2473.89113 17.279 0.015
2481.90282 17.243 0.021
2483.88864 17.117 0.014
2486.88565 17.252 0.019
2488.87656 16.800 0.016
2489.92299 17.240 0.018
2492.90335 17.162 0.015
2496.90310 17.049 0.014
2497.92651 17.194 0.016
2498.77378 16.868 0.013
2499.85936 17.260 0.016
2500.86493 17.109 0.014
2501.85389 16.823 0.011
2502.83412 17.196 0.017
2508.74536 17.007 0.020
2516.77666 16.946 0.016
2517.82340 17.281 0.018
2518.79484 17.116 0.016
2519.83174 16.801 0.012
2520.79113 17.213 0.016
2521.82327 17.031 0.013
2524.82152 16.901 0.018
2526.77770 17.049 0.013
2534.83408 17.054 0.017
2535.81429 17.302 0.016
2537.70207 16.828 0.016
2538.79803 17.229 0.018
2539.70185 17.054 0.016
2540.74273 17.246 0.023
2541.71375 17.167 0.015
2542.68354 16.877 0.013
2544.66208 17.079 0.014
2545.67711 17.026 0.013
2547.69512 16.987 0.014
2548.71156 17.283 0.015
2550.70669 16.813 0.012
2551.69333 17.225 0.015
2553.64905 17.279 0.021
2554.70257 17.176 0.015
2555.71050 16.921 0.013
2556.68952 17.244 0.016
2557.70206 17.077 0.012
2558.65854 17.081 0.016
2559.61544 17.193 0.017
2560.64850 16.949 0.013
2561.67405 17.308 0.026
2562.66694 17.115 0.016
2563.67487 16.795 0.013
2564.69026 17.223 0.016
2565.68116 17.018 0.014
2566.66144 17.302 0.017
2568.69242 16.906 0.018
2571.64511 17.144 0.020
2573.65854 16.956 0.017
2574.64237 17.269 0.018
2577.62924 17.235 0.020
2578.62931 17.007 0.014
2579.63596 17.314 0.020
2580.64808 17.157 0.014
2583.61939 17.055 0.017
2584.62675 17.215 0.017
2586.62397 16.928 0.013
2587.60838 17.261 0.018
2588.71680 17.147 0.016
2589.59832 16.878 0.014
2590.61345 17.208 0.019
2591.63659 16.998 0.014
2593.60559 17.129 0.015
2594.60936 16.846 0.015
2596.58489 17.027 0.017
2597.57206 17.292 0.018
2598.64593 17.196 0.018
2599.60541 16.906 0.016
2607.62660 16.851 0.016
2610.54642 17.269 0.023
2613.54032 17.240 0.020
2615.56917 16.988 0.016
2619.55687 17.120 0.020
2621.56577 17.224 0.017
2625.54841 16.848 0.017
2628.54178 17.152 0.025
2632.54820 17.116 0.017
2636.54337 17.302 0.022
2639.54386 17.232 0.019
2642.55261 17.180 0.022
2646.56543 16.783 0.013
2651.53746 16.892 0.020
2654.55527 17.090 0.020
2657.55813 17.270 0.020
2660.55391 17.239 0.020
2671.55158 17.126 0.019
2673.56338 17.189 0.022
2676.52475 17.169 0.023
2679.53811 17.065 0.016
2682.54043 16.980 0.018
2777.90295 17.303 0.023
2804.86989 17.124 0.020
2811.90436 17.250 0.026
2814.94001 17.211 0.017
2817.92658 17.169 0.017
2831.78143 16.821 0.014
2832.74739 17.208 0.019
2832.92536 17.245 0.017
2833.86530 17.054 0.018
2835.87395 17.195 0.017
2837.87502 17.295 0.026
2838.93218 17.102 0.020
2840.82492 17.195 0.020
2843.82636 17.107 0.014
2844.87219 16.813 0.013
2845.91818 17.256 0.020
2849.85561 16.894 0.014
2850.88837 17.268 0.019
2851.93194 17.108 0.018
2852.80262 17.182 0.018
2853.94203 17.246 0.018
2856.81529 17.106 0.017
2858.90934 17.251 0.015
2860.87534 17.271 0.016
2861.74651 17.140 0.014
2862.92552 16.945 0.015
2863.83472 17.239 0.021
2865.83162 17.064 0.015
2866.88126 17.200 0.019
2867.82127 16.955 0.012
2868.76894 17.263 0.017
2869.90194 17.149 0.016
2870.81554 16.775 0.011
2871.85846 17.191 0.015
2875.79802 16.872 0.015
2876.77573 17.213 0.016
2877.79763 17.064 0.014
2879.73926 17.163 0.013
2883.82540 16.767 0.011
2885.76020 16.986 0.014
2888.80852 16.849 0.013
2892.79988 17.187 0.021
2894.72904 17.231 0.018
2896.72614 17.021 0.013
2898.74712 16.986 0.013
2900.74596 17.143 0.013
2902.74548 17.227 0.014
2905.75268 17.171 0.014
2907.75408 17.239 0.014
2909.74319 17.002 0.010
2911.73455 16.964 0.011
2915.70602 17.186 0.014
2917.73213 17.305 0.015
2921.72988 17.077 0.015
2923.75183 17.179 0.017
2925.71480 17.267 0.015
2927.71233 16.764 0.012
2930.73038 17.279 0.017
2932.73689 16.897 0.013
2934.71672 17.062 0.013
2937.64073 16.927 0.013
2939.69337 17.108 0.014
2940.63350 16.946 0.011
2941.68332 17.209 0.014
2942.63345 16.959 0.013
2943.60468 17.282 0.018
2944.58927 17.101 0.014
2945.60604 16.779 0.016
2947.61554 17.017 0.015
2949.59685 17.157 0.015
2950.64160 16.901 0.012
2951.62878 17.236 0.018
2952.65771 17.100 0.017
2954.68263 17.220 0.018
2956.62862 17.275 0.014
2958.62303 16.775 0.013
2961.59410 17.330 0.026
2968.59386 16.969 0.014
2970.61311 17.120 0.014
2972.59760 17.212 0.015
2974.59835 17.317 0.017
2976.54805 16.841 0.013
2978.57415 17.059 0.019
2980.59102 17.209 0.021
2982.53624 17.226 0.017
2984.62711 16.815 0.015
2986.63724 17.023 0.015
2988.52960 17.132 0.022
2991.60267 17.074 0.014
2994.58439 16.949 0.013
2997.55718 16.834 0.012
3001.57363 17.155 0.016
3005.53170 17.242 0.025
3008.55336 17.240 0.021
3008.55802 17.235 0.022
3011.56139 17.210 0.020
3016.58805 17.246 0.018
3018.57452 17.207 0.016
3020.60257 16.971 0.013
3021.61538 17.281 0.013
3023.57128 16.799 0.011
3025.56979 17.004 0.015
3027.60330 17.166 0.015
3029.57520 17.257 0.016
3031.57974 17.157 0.016
3033.58211 16.939 0.013
3037.52913 17.192 0.020
3164.92956 16.906 0.013
3183.91153 17.232 0.016
3193.87929 17.301 0.017
3195.93849 16.831 0.011
3197.91395 17.039 0.013
3201.87137 17.230 0.015
3203.87932 17.072 0.011
3206.81719 17.251 0.016
3210.89322 17.016 0.013
3211.88465 17.319 0.014
3215.66076 16.935 0.016
3216.72877 17.273 0.021
3217.92930 17.208 0.017
3218.91393 16.969 0.018
3223.83478 17.036 0.015
3226.82503 16.829 0.012
3229.83216 17.241 0.014
3231.81430 16.920 0.016
3239.79267 16.796 0.011
3240.78993 17.227 0.018
3241.81429 17.027 0.013
3242.71361 17.321 0.017
3243.85006 17.199 0.016
3244.82725 16.922 0.015
3245.77639 17.241 0.018
3246.76884 17.099 0.019
3247.76260 17.112 0.015
3249.72731 16.939 0.014
3251.74083 17.099 0.012
3254.72795 17.007 0.012
3257.74436 16.848 0.010
3259.66354 17.027 0.013
3261.70164 17.175 0.012
3263.68434 17.237 0.013
3265.71873 16.816 0.009
3267.70757 16.969 0.010
3269.78399 17.215 0.019
3270.74081 16.847 0.012
3271.66364 17.234 0.016
3272.72083 17.044 0.012
3274.70670 17.161 0.015
3276.71113 17.259 0.019
3277.74427 17.112 0.014
3279.67659 17.199 0.014
3281.64027 17.271 0.014
3283.64171 16.790 0.009
3287.60793 17.136 0.013
3289.61900 17.215 0.014
3293.59579 16.954 0.010
3295.61458 17.111 0.010
3297.59633 17.220 0.011
3299.65270 17.336 0.012
3301.62694 16.883 0.013
3303.68919 17.094 0.015
3306.62174 16.939 0.010
3308.60946 17.134 0.017
3310.60859 17.210 0.015
3312.65261 17.331 0.016
3314.56347 16.789 0.013
3320.60130 17.258 0.014
3327.55626 16.790 0.011
3330.55049 17.318 0.018
3335.59532 16.852 0.014
3338.59893 17.262 0.014
3349.59526 17.243 0.014
3353.57435 16.835 0.012
3359.55088 17.231 0.015
3363.55822 16.966 0.014
3367.61754 17.246 0.016
3372.54829 17.249 0.014
3376.52760 16.951 0.018
3378.59455 17.142 0.016
3386.56098 17.074 0.012
3390.57456 17.261 0.020
3398.55632 17.238 0.016
3402.54472 16.991 0.011
3528.93692 17.055 0.016
3541.92972 17.070 0.012
3547.91431 17.222 0.015
3554.92252 17.127 0.015
3560.94464 17.255 0.016
3564.90680 16.863 0.010
3568.83766 17.201 0.013
3570.77838 17.242 0.020
3571.80071 17.092 0.019
3573.83820 17.211 0.019
3574.87719 16.994 0.014
3577.83586 16.802 0.012
3578.89443 17.233 0.014
3579.79927 17.020 0.011
3581.84420 17.178 0.015
3581.86691 17.170 0.015
3582.82909 16.889 0.014
3583.83350 17.287 0.016
3586.80784 17.194 0.011
3588.82573 17.239 0.013
3589.81854 17.112 0.012
3591.87334 17.221 0.012
3593.81090 17.285 0.015
3596.89136 17.247 0.015
3601.80899 17.272 0.017
3607.81440 17.169 0.013
3614.78579 17.274 0.012
3617.76529 17.232 0.013
3619.69821 17.254 0.014
3621.71667 16.799 0.010
3624.86497 16.899 0.014
3626.71435 16.862 0.012
3629.66796 17.130 0.017
3631.73033 16.970 0.015
3633.69564 17.145 0.017
3637.64955 17.309 0.016
3639.69963 16.876 0.009
3641.69619 17.085 0.012
3643.72056 17.208 0.013
3646.65552 17.130 0.014
3650.65877 17.295 0.015
3650.68281 17.291 0.014
3651.73275 17.170 0.012
3653.72891 17.230 0.013
3655.69509 17.063 0.011
3657.64587 16.942 0.012
3658.65030 17.281 0.015
3659.63835 17.091 0.015
3660.66847 16.806 0.012
3663.55998 17.315 0.021
3665.63356 16.830 0.011
3668.57198 17.310 0.015
3669.67074 17.237 0.017
3671.62890 17.263 0.016
3673.67376 16.802 0.013
3675.65834 17.022 0.012
3683.64765 16.913 0.012
3685.65278 17.090 0.013
3687.65145 17.222 0.014
3689.59984 17.274 0.015
3692.57568 17.253 0.016
3694.55966 17.329 0.018
3696.56018 16.858 0.010
3698.59387 17.061 0.015
3700.57480 17.172 0.015
3702.58409 17.270 0.015
3704.59036 16.785 0.011
3706.61079 17.037 0.011
3708.58367 17.166 0.015
3711.59026 17.039 0.016
3714.52401 16.893 0.020
3718.60452 17.235 0.018
3721.55342 17.165 0.016
3724.56310 17.065 0.013
3726.58366 17.253 0.015
3728.55677 17.252 0.016
3734.56022 17.153 0.015
3737.57590 17.080 0.014
3742.53452 17.130 0.023
3746.55980 17.255 0.021
3751.53618 17.184 0.022
3756.55244 16.809 0.012
3761.60271 16.890 0.012
3766.52751 16.936 0.016
3772.55033 17.328 0.017
3776.55040 17.069 0.014
3871.87630 16.994 0.016
3901.93882 17.145 0.016
3906.93909 17.204 0.013
3913.91603 17.280 0.012
3918.87954 17.256 0.014
3931.91488 17.258 0.017
3934.85790 17.219 0.012
3936.86610 17.051 0.012
3938.85009 16.939 0.012
3944.89748 17.272 0.014
3946.86561 16.896 0.012
3951.88502 16.963 0.013
3955.85015 17.242 0.019
3958.82667 17.168 0.018
3960.82682 17.225 0.013
3963.82353 17.175 0.018
3965.81541 17.267 0.011
3967.83526 16.802 0.009
3969.80090 16.983 0.011
3971.77709 17.119 0.011
3974.77883 17.044 0.013
3979.73419 17.064 0.012
3980.61754 17.352 0.020
3981.64383 17.176 0.012
3983.83415 17.347 0.018
3986.69571 17.216 0.016
3987.66675 16.966 0.011
3990.79002 16.910 0.010
3993.73482 17.102 0.014
3995.74009 16.958 0.010
3999.74936 17.212 0.012
4002.72150 17.160 0.011
4004.67329 17.215 0.013
4006.69950 17.225 0.011
4007.56288 17.146 0.012
4008.57181 16.822 0.010
4009.73327 17.285 0.015
4013.69838 16.988 0.013
4015.68067 17.115 0.017
4015.69690 17.157 0.018
4018.69606 17.044 0.013
4019.68463 17.293 0.016
4021.67712 16.920 0.010
4024.65059 16.995 0.011
4026.62947 16.963 0.011
4028.62543 17.113 0.011
4030.63799 17.243 0.013
4032.69009 17.259 0.016
4037.66628 16.932 0.010
4039.60422 16.966 0.011
4041.60374 17.125 0.017
4043.58944 17.224 0.017
4046.59877 17.173 0.014
4048.56467 17.272 0.017
4050.60679 17.178 0.013
4052.55889 16.931 0.011
4054.61307 17.085 0.013
4056.58516 17.212 0.015
4058.61871 17.326 0.016
4060.51755 16.799 0.012
4064.51518 17.164 0.014
4066.55665 17.238 0.014
4069.51502 17.228 0.022
4073.59859 16.830 0.013
4077.52194 17.196 0.018
4079.52388 17.291 0.023
4082.52384 17.213 0.020
4085.56155 17.122 0.014
4092.55760 17.231 0.012
4096.58355 17.019 0.012
4100.58634 17.366 0.019
4105.55417 17.264 0.018
4108.53042 17.236 0.019
4113.60831 17.238 0.014
4120.57914 16.827 0.010
4126.57697 17.216 0.019
4252.92626 17.127 0.020
4255.84555 16.987 0.016
4268.89906 17.007 0.015
4275.92119 17.203 0.018
4279.79887 17.038 0.021
4282.80943 17.289 0.019
4283.86237 17.150 0.019
4285.91669 17.218 0.018
4291.93747 17.158 0.018
4292.85599 16.846 0.011
4295.86004 17.309 0.015
4296.88980 17.158 0.014
4297.92266 16.883 0.012
4299.85747 17.031 0.012
4300.87896 17.190 0.014
4301.89697 17.202 0.013
4302.91858 16.962 0.013
4306.86321 17.204 0.019
4307.89749 16.996 0.012
4308.65864 17.253 0.017
4308.86662 17.297 0.016
4310.83897 16.804 0.013
4311.82652 17.227 0.024
4312.90040 17.056 0.012
4314.91987 17.189 0.017
4316.82641 17.270 0.018
4319.86359 17.211 0.018
4320.89045 17.006 0.015
4326.83432 17.275 0.016
4327.81259 17.189 0.019
4328.82822 16.916 0.014
4329.83076 17.256 0.017
4330.85900 17.111 0.014
4333.86030 16.988 0.014
4338.90068 17.069 0.018
4340.77316 17.149 0.016
4341.76831 16.858 0.014
4342.82417 17.256 0.019
4343.76181 17.043 0.015
4344.74396 17.220 0.016
4345.78995 17.189 0.014
4347.77884 17.252 0.015
4349.79203 16.784 0.012
4351.72913 16.990 0.016
4353.75235 17.162 0.018
4357.70122 17.314 0.019
4359.69915 16.902 0.012
4361.70171 17.056 0.016
4362.72443 16.931 0.015
4364.58347 16.892 0.016
4367.68098 16.774 0.014
4370.67263 17.304 0.018
4372.73610 16.932 0.012
4376.65149 17.212 0.018
4378.61807 17.255 0.018
4379.64603 17.092 0.017
4380.75888 16.834 0.012
4382.68633 17.013 0.014
4386.66139 17.222 0.015
4388.66187 17.119 0.015
4390.67086 16.934 0.012
4393.64464 16.807 0.013
4395.67952 17.037 0.015
4398.64496 16.866 0.013
4400.66784 17.081 0.016
4403.69363 16.957 0.014
4407.63372 17.240 0.018
4408.67990 17.009 0.015
4410.70284 17.183 0.016
4415.68697 17.210 0.016
4418.59364 17.082 0.014
4422.65487 17.290 0.017
4424.65193 16.838 0.013
4427.53863 17.327 0.021
4429.56456 16.903 0.018
4431.56900 17.059 0.016
4433.57486 17.173 0.015
4435.56321 17.240 0.016
4437.65225 16.859 0.016
4439.56412 16.992 0.015
4441.59995 17.148 0.017
4443.59068 17.287 0.019
4449.64470 17.114 0.015
4451.59983 17.241 0.016
4453.58181 17.298 0.020
4456.58324 17.279 0.021
4459.53574 17.233 0.020
4464.57543 17.219 0.017
4465.54136 16.981 0.015
4470.56029 17.050 0.018
4474.59679 17.335 0.023
4476.57493 16.801 0.012
4479.59974 17.287 0.022
4481.58441 16.883 0.013
4484.60109 17.007 0.022
4487.62265 17.257 0.026
4609.89594 16.803 0.015
4643.88061 16.936 0.015
4649.93082 17.250 0.018
4661.89396 16.814 0.012
4662.77668 17.212 0.014
4662.89360 17.263 0.015
4663.74837 16.993 0.016
4663.93227 17.047 0.016
4665.82132 17.150 0.019
4665.91527 17.151 0.019
4666.90913 16.924 0.016
4670.90358 17.218 0.017
4671.81782 16.963 0.014
4672.87754 17.303 0.016
4675.89515 17.244 0.017
4681.87488 17.088 0.012
4683.87013 17.215 0.015
4685.85625 17.275 0.017
4688.80759 17.234 0.015
4690.73315 17.263 0.014
4691.73602 17.118 0.018
4693.89111 17.258 0.019
4696.84103 17.208 0.022
4698.75286 17.258 0.014
4699.74687 17.072 0.014
4700.78438 16.851 0.011
4701.78958 17.222 0.016
4702.84972 17.020 0.015
4703.74876 17.289 0.016
4704.76761 17.142 0.013
4705.77485 16.851 0.013
4707.76752 17.038 0.012
4708.83578 17.134 0.013
4710.75175 16.903 0.011
4716.75326 17.291 0.016
4719.74543 17.282 0.020
4721.73439 17.317 0.019
4724.76409 17.235 0.016
4726.65976 17.307 0.019
4729.67074 17.238 0.020
4731.76099 16.810 0.010
4734.74331 17.296 0.013
4736.70809 16.862 0.013
4739.64937 17.295 0.019
4741.72395 16.966 0.011
4747.59056 17.270 0.016
4749.59013 16.775 0.014
4753.65929 17.202 0.020
4755.65321 17.264 0.015
4757.63765 16.987 0.012
4759.65027 16.989 0.013
4761.62054 17.106 0.011
4763.63318 17.292 0.019
4766.60140 17.181 0.017
4769.63947 17.098 0.017
4771.55054 17.208 0.019
4773.67535 17.306 0.015
4775.66219 16.833 0.014
4777.59594 17.013 0.014
4779.63153 17.173 0.015
4781.58145 17.236 0.016
4783.56507 17.222 0.018
4785.59617 16.923 0.013
4789.53158 17.273 0.020
4790.61380 17.019 0.011
4791.61210 17.283 0.014
4793.51623 16.800 0.014
4795.53328 17.034 0.012
4797.52548 17.164 0.016
4798.58878 16.919 0.015
4800.63607 17.160 0.015
4803.52739 16.968 0.015
4804.57757 17.328 0.021
4806.58659 16.847 0.012
4808.54482 17.038 0.015
4808.61232 17.047 0.015
4810.55526 17.204 0.016
4813.59461 17.134 0.016
4815.57074 17.246 0.018
4817.58728 17.327 0.016
4819.58688 16.868 0.012
4821.62878 17.103 0.013
4823.58957 17.216 0.016
4825.61801 17.270 0.017
4832.59113 16.882 0.013
4835.57295 17.261 0.020
4839.59446 17.160 0.019
4842.56152 16.995 0.016
4844.57001 17.173 0.015
4847.62632 17.098 0.023
4849.58618 17.198 0.015
4853.58361 16.779 0.012
4856.57754 17.322 0.017
4865.55067 17.121 0.016
4936.91655 17.046 0.019
4940.89923 17.281 0.020
4940.90309 17.241 0.018
4953.89694 17.238 0.019
4954.88836 17.064 0.014
