2104.88382 16.591 0.009
2112.92411 16.753 0.010
2115.90016 16.671 0.012
2116.92802 16.662 0.011
2117.89107 16.721 0.010
2123.88200 16.649 0.010
2128.88191 16.784 0.014
2130.82071 16.648 0.011
2131.81371 16.738 0.012
2132.85845 16.542 0.011
2133.87095 16.773 0.014
2134.86408 16.640 0.012
2135.90143 16.761 0.010
2136.90475 16.698 0.013
2140.86748 16.798 0.012
2141.77773 16.635 0.012
2142.87730 16.738 0.012
2143.88635 16.712 0.012
2144.80196 16.570 0.009
2156.72804 16.763 0.013
2160.80728 16.600 0.011
2162.81760 16.671 0.010
2166.80841 16.760 0.010
2167.74168 16.600 0.010
2168.76625 16.808 0.011
2172.81714 16.572 0.010
2173.76054 16.759 0.010
2174.74428 16.608 0.009
2177.69240 16.636 0.011
2184.75372 16.559 0.012
2187.66201 16.765 0.014
2190.74372 16.699 0.011
2191.64784 16.597 0.010
2192.71142 16.751 0.009
2193.73862 16.578 0.009
2194.70346 16.771 0.011
2200.71786 16.599 0.010
2203.60610 16.770 0.011
2206.65584 16.743 0.012
2208.69991 16.763 0.012
2211.70786 16.731 0.011
2212.69442 16.536 0.010
2214.69448 16.621 0.012
2215.73046 16.785 0.014
2217.68960 16.597 0.012
2219.72660 16.582 0.011
2222.77589 16.705 0.013
2223.68096 16.690 0.012
2227.53930 16.812 0.016
2228.60689 16.623 0.010
2230.54499 16.666 0.012
2232.55797 16.750 0.011
2234.60004 16.777 0.011
2236.58926 16.788 0.011
2239.53680 16.731 0.012
2241.58160 16.788 0.011
2243.61995 16.721 0.011
2249.57997 16.655 0.010
2251.63010 16.734 0.011
2254.58388 16.597 0.010
2256.60122 16.691 0.012
2259.62207 16.566 0.010
2262.62855 16.754 0.013
2266.62045 16.561 0.011
2271.59537 16.526 0.010
2273.59460 16.607 0.013
2276.58931 16.728 0.012
2280.58323 16.596 0.011
2285.57920 16.530 0.009
2289.61504 16.686 0.010
2291.62032 16.737 0.010
2293.60998 16.769 0.011
2295.60669 16.789 0.012
2297.61125 16.567 0.010
2299.60590 16.589 0.011
2301.59743 16.670 0.013
2453.89165 16.555 0.013
2460.93831 16.530 0.013
2464.89565 16.674 0.010
2466.88913 16.739 0.014
2468.88339 16.767 0.012
2470.87435 16.812 0.011
2472.89448 16.572 0.008
2481.87993 16.570 0.012
2483.94138 16.646 0.011
2486.94209 16.526 0.013
2489.82411 16.777 0.011
2490.82035 16.651 0.013
2496.80404 16.781 0.011
2497.82634 16.653 0.012
2498.82670 16.707 0.010
2499.91168 16.708 0.010
2500.92005 16.542 0.010
2501.90658 16.765 0.011
2502.88682 16.602 0.011
2508.79741 16.744 0.016
2516.82978 16.640 0.011
2517.87682 16.760 0.011
2518.85105 16.697 0.012
2519.80234 16.566 0.009
2520.84450 16.720 0.011
2521.79510 16.559 0.010
2524.79803 16.747 0.014
2526.83001 16.530 0.008
2529.78850 16.791 0.011
2535.74811 16.567 0.011
2537.75462 16.630 0.014
2539.74341 16.698 0.011
2540.79528 16.530 0.011
2541.75543 16.750 0.011
2542.72506 16.597 0.010
2544.71435 16.651 0.010
2545.72948 16.686 0.010
2547.73671 16.535 0.010
2548.76397 16.761 0.011
2550.75911 16.794 0.011
2551.74621 16.678 0.011
2552.76160 16.595 0.010
2553.70238 16.725 0.013
2554.75472 16.540 0.010
2555.76271 16.785 0.011
2556.74195 16.613 0.010
2557.75427 16.769 0.011
2558.71082 16.671 0.010
2559.66775 16.630 0.011
2560.70086 16.736 0.011
2561.74643 16.577 0.012
2562.71906 16.771 0.013
2563.72711 16.632 0.010
2564.74352 16.743 0.012
2565.73134 16.693 0.011
2566.71029 16.559 0.010
2571.70566 16.769 0.014
2572.76603 16.728 0.013
2573.70419 16.524 0.012
2574.68392 16.743 0.010
2576.72837 16.789 0.012
2577.68661 16.659 0.011
2578.67166 16.707 0.012
2579.68183 16.713 0.012
2580.69011 16.537 0.010
2583.66634 16.795 0.012
2584.66864 16.660 0.010
2587.66101 16.546 0.011
2588.67293 16.773 0.012
2589.66602 16.613 0.011
2590.67387 16.793 0.012
2591.70163 16.687 0.011
2593.65845 16.738 0.012
2594.66496 16.543 0.011
2596.63764 16.620 0.012
2597.62650 16.831 0.015
2598.70522 16.700 0.012
2599.66577 16.578 0.013
2608.56643 16.580 0.011
2610.60304 16.632 0.011
2613.59437 16.581 0.013
2615.63004 16.599 0.012
2620.60038 16.540 0.010
2622.54817 16.577 0.010
2625.60159 16.677 0.013
2629.53440 16.585 0.011
2632.57245 16.635 0.010
2636.56891 16.635 0.011
2639.56816 16.608 0.010
2643.54114 16.624 0.010
2649.55362 16.792 0.012
2651.59147 16.700 0.013
2655.54428 16.602 0.012
2658.55611 16.690 0.014
2661.56868 16.767 0.010
2665.53569 16.656 0.012
2669.56184 16.622 0.011
2674.54594 16.567 0.010
2676.56678 16.636 0.010
2680.53723 16.755 0.013
2683.56849 16.665 0.012
2804.84638 16.581 0.015
2805.90279 16.796 0.015
2812.91931 16.804 0.013
2815.92960 16.745 0.011
2818.94217 16.655 0.011
2829.87623 16.735 0.012
2831.87664 16.792 0.014
2832.81975 16.640 0.012
2833.91834 16.693 0.013
2835.90708 16.548 0.011
2840.89617 16.673 0.011
2843.88220 16.773 0.011
2844.92349 16.620 0.010
2849.90819 16.567 0.010
2850.93973 16.784 0.014
2852.86837 16.782 0.014
2854.87970 16.579 0.010
2857.88699 16.798 0.013
2859.87430 16.755 0.011
2860.92667 16.736 0.011
2861.79839 16.596 0.010
2862.88447 16.750 0.012
2863.88637 16.595 0.013
2865.80884 16.631 0.012
2867.79827 16.703 0.011
2868.83890 16.550 0.010
2869.85247 16.766 0.012
2870.86700 16.588 0.011
2872.79106 16.665 0.010
2875.85823 16.540 0.010
2876.88423 16.760 0.013
2877.85662 16.613 0.010
2879.82138 16.666 0.010
2884.77146 16.607 0.010
2886.78424 16.686 0.011
2890.74737 16.767 0.014
2893.79475 16.697 0.011
2895.80557 16.747 0.011
2897.75318 16.780 0.012
2899.78543 16.783 0.011
2903.80417 16.568 0.008
2906.75290 16.771 0.010
2908.72993 16.560 0.010
2910.72483 16.586 0.010
2912.73074 16.660 0.009
2916.74340 16.753 0.010
2918.72044 16.808 0.012
2922.72297 16.549 0.011
2924.71930 16.614 0.010
2926.65498 16.679 0.013
2929.71634 16.564 0.011
2931.69373 16.620 0.010
2933.70441 16.700 0.010
2935.66734 16.731 0.013
2937.69242 16.793 0.012
2939.67065 16.805 0.012
2940.68492 16.696 0.009
2941.66065 16.607 0.009
2942.68822 16.752 0.011
2943.65694 16.566 0.010
2944.64071 16.762 0.013
2946.63929 16.761 0.012
2947.66724 16.725 0.013
2949.64814 16.741 0.011
2950.59964 16.558 0.010
2951.68052 16.779 0.012
2953.62840 16.753 0.012
2955.61329 16.557 0.012
2957.62701 16.592 0.010
2965.68390 16.809 0.012
2968.64642 16.732 0.012
2971.65421 16.632 0.011
2973.64271 16.699 0.011
2975.53951 16.739 0.011
2977.63517 16.782 0.014
2979.61545 16.781 0.013
2982.57005 16.751 0.012
2984.60125 16.785 0.014
2986.61138 16.765 0.011
2988.58383 16.559 0.010
2990.60265 16.588 0.010
2993.60544 16.723 0.010
2997.55323 16.599 0.010
3000.60872 16.675 0.010
3003.58422 16.777 0.012
3006.57380 16.683 0.010
3009.56719 16.561 0.011
3013.57380 16.688 0.011
3017.56825 16.775 0.011
3020.54342 16.695 0.010
3022.57087 16.775 0.012
3024.57009 16.803 0.012
3026.54010 16.762 0.011
3028.54101 16.557 0.011
3030.54413 16.586 0.010
3032.56207 16.687 0.012
3034.56163 16.725 0.010
3038.55244 16.812 0.013
3179.94374 16.616 0.009
3184.90755 16.561 0.011
3193.93060 16.634 0.009
3196.90265 16.579 0.010
3202.89512 16.687 0.010
3203.93500 16.532 0.007
3206.87789 16.782 0.012
3210.94437 16.540 0.010
3211.86049 16.772 0.012
3216.78019 16.709 0.013
3217.83005 16.526 0.013
3224.82701 16.533 0.009
3228.80485 16.684 0.011
3230.77834 16.727 0.009
3238.80942 16.571 0.010
3239.84852 16.774 0.010
3242.77830 16.706 0.012
3243.90145 16.587 0.010
3244.88015 16.766 0.013
3245.82764 16.590 0.009
3246.82451 16.801 0.011
3247.82876 16.659 0.010
3249.78219 16.710 0.011
3251.79474 16.756 0.009
3254.78087 16.663 0.009
3257.80796 16.556 0.008
3261.75383 16.669 0.009
3263.75081 16.747 0.009
3265.83071 16.778 0.010
3267.75886 16.790 0.010
3270.71256 16.744 0.011
3271.71524 16.550 0.009
3273.67377 16.625 0.011
3275.66855 16.661 0.012
3276.76257 16.578 0.011
3277.80143 16.748 0.011
3279.73297 16.756 0.010
3281.69877 16.805 0.010
3283.69319 16.592 0.008
3287.65949 16.632 0.009
3289.67432 16.714 0.009
3291.61706 16.750 0.011
3294.62925 16.655 0.009
3298.60344 16.725 0.009
3300.60601 16.770 0.011
3302.58706 16.788 0.011
3305.68305 16.776 0.011
3307.59958 16.816 0.014
3309.62035 16.680 0.010
3311.57587 16.550 0.009
3314.61955 16.793 0.012
3320.65284 16.629 0.009
3323.60523 16.617 0.009
3327.63334 16.643 0.010
3330.60463 16.582 0.011
3335.64924 16.685 0.014
3338.55607 16.745 0.011
3350.56743 16.715 0.009
3357.60617 16.738 0.011
3361.60799 16.782 0.010
3363.61027 16.528 0.010
3369.58722 16.710 0.010
3376.57922 16.705 0.010
3380.56557 16.796 0.011
3386.61245 16.632 0.009
3395.56448 16.722 0.013
3399.59304 16.772 0.011
3402.60522 16.747 0.011
3543.92130 16.764 0.012
3551.94391 16.697 0.014
3558.92583 16.738 0.010
3562.91657 16.806 0.009
3568.90808 16.609 0.009
3570.86974 16.686 0.011
3571.85622 16.625 0.012
3573.90160 16.536 0.011
3575.86140 16.630 0.010
3577.91797 16.703 0.010
3579.85885 16.787 0.009
3581.92779 16.816 0.010
3582.88018 16.638 0.010
3583.89929 16.693 0.009
3586.88952 16.754 0.008
3588.88770 16.769 0.010
3590.84629 16.673 0.009
3592.80658 16.552 0.008
3594.84739 16.607 0.008
3600.93639 16.770 0.013
3603.75947 16.657 0.010
3608.81609 16.655 0.009
3614.84788 16.775 0.009
3615.85271 16.650 0.009
3618.83234 16.548 0.008
3620.85880 16.592 0.008
3622.81282 16.650 0.009
3625.75877 16.531 0.008
3628.78031 16.790 0.012
3630.69576 16.761 0.011
3632.67293 16.605 0.012
3634.70787 16.593 0.009
3637.70867 16.730 0.011
3640.67497 16.765 0.009
3644.70947 16.655 0.008
3650.74279 16.668 0.009
3652.68423 16.737 0.009
3654.66004 16.758 0.010
3656.71326 16.779 0.009
3657.74140 16.705 0.009
3658.71494 16.590 0.009
3659.69933 16.748 0.012
3660.70498 16.572 0.010
3663.69577 16.768 0.011
3665.72403 16.550 0.011
3668.65256 16.773 0.010
3668.67511 16.785 0.009
3670.66374 16.736 0.010
3672.59645 16.579 0.010
3674.75578 16.634 0.009
3676.64205 16.647 0.009
3682.61869 16.789 0.011
3684.63603 16.671 0.009
3686.60172 16.532 0.009
3688.57470 16.603 0.009
3690.58841 16.663 0.010
3693.58553 16.524 0.010
3695.58110 16.627 0.009
3698.56251 16.622 0.013
3701.60525 16.764 0.010
3703.61587 16.783 0.009
3705.58809 16.562 0.008
3707.58855 16.576 0.009
3712.60348 16.547 0.009
3715.56172 16.783 0.010
3719.64070 16.539 0.010
3722.58765 16.773 0.012
3725.66774 16.742 0.011
3730.57094 16.684 0.008
3735.57361 16.619 0.009
3739.57329 16.747 0.009
3743.54899 16.793 0.011
3748.55288 16.776 0.013
3753.55059 16.736 0.013
3758.57250 16.722 0.012
3762.57905 16.791 0.011
3768.53906 16.610 0.010
3773.53590 16.553 0.010
3777.56184 16.701 0.010
3871.93233 16.818 0.018
3902.94910 16.744 0.021
3907.94409 16.730 0.013
3915.91991 16.582 0.009
3918.93915 16.731 0.010
3933.82684 16.711 0.010
3934.90879 16.543 0.009
3936.91703 16.611 0.009
3938.90122 16.688 0.010
3945.87096 16.687 0.009
3950.85263 16.634 0.009
3957.80826 16.616 0.012
3959.80670 16.679 0.011
3961.79292 16.760 0.012
3964.80004 16.657 0.008
3966.79227 16.720 0.009
3968.78581 16.751 0.010
3970.77745 16.789 0.009
3973.74840 16.725 0.010
3975.76169 16.748 0.011
3980.69421 16.702 0.010
3981.69408 16.537 0.009
3982.75842 16.757 0.012
3986.73558 16.658 0.010
3989.83266 16.786 0.011
3991.77385 16.784 0.010
3994.67487 16.737 0.010
4001.67456 16.747 0.009
4003.64622 16.759 0.009
4004.73478 16.659 0.008
4005.72004 16.754 0.009
4007.61324 16.616 0.010
4008.62231 16.743 0.009
4011.67270 16.644 0.009
4014.67066 16.537 0.010
4016.65192 16.588 0.010
4018.64827 16.644 0.010
4020.68719 16.733 0.011
4023.63765 16.588 0.011
4025.63800 16.645 0.009
4027.62616 16.721 0.010
4029.60835 16.766 0.010
4031.59536 16.802 0.010
4036.63074 16.772 0.009
4038.58507 16.818 0.010
4040.56505 16.662 0.011
4042.63442 16.554 0.009
4045.51567 16.778 0.014
4047.58849 16.588 0.010
4049.56108 16.546 0.008
4051.61067 16.646 0.009
4053.62164 16.700 0.008
4055.55084 16.772 0.012
4057.58993 16.783 0.013
4059.62449 16.678 0.009
4063.61588 16.599 0.008
4066.53078 16.730 0.010
4068.59813 16.540 0.008
4071.53928 16.795 0.011
4074.57446 16.732 0.010
4077.62720 16.649 0.011
4079.57429 16.693 0.010
4083.58178 16.781 0.012
4087.60371 16.559 0.009
4095.56759 16.746 0.009
4095.60464 16.737 0.009
4098.58666 16.706 0.012
4102.55883 16.789 0.012
4107.56295 16.741 0.009
4112.56341 16.700 0.010
4119.55301 16.699 0.010
4122.57931 16.601 0.010
4128.57947 16.746 0.010
4253.90273 16.816 0.016
4255.92136 16.585 0.012
4258.93792 16.773 0.015
4273.92421 16.679 0.014
4279.77736 16.817 0.018
4282.75065 16.717 0.013
4282.91494 16.741 0.011
4283.84168 16.532 0.012
4284.90947 16.770 0.013
4289.88053 16.749 0.012
4292.91381 16.638 0.010
4295.90771 16.535 0.010
4296.94199 16.757 0.011
4298.86099 16.787 0.013
4299.90450 16.656 0.009
4300.92634 16.682 0.010
4301.94513 16.724 0.012
4303.83587 16.760 0.011
4307.73287 16.794 0.012
4308.70666 16.661 0.011
4308.91450 16.734 0.010
4310.88656 16.752 0.013
4311.88807 16.628 0.013
4314.81705 16.711 0.012
4316.87672 16.548 0.011
4320.86039 16.681 0.010
4326.88477 16.752 0.012
4327.90846 16.686 0.013
4328.87847 16.562 0.012
4329.87771 16.726 0.011
4330.90911 16.581 0.010
4332.92535 16.659 0.012
4334.91864 16.700 0.014
4339.87336 16.661 0.012
4340.82559 16.725 0.012
4341.81846 16.714 0.012
4342.89271 16.528 0.010
4343.81199 16.746 0.011
4344.79418 16.576 0.010
4346.77046 16.653 0.011
4348.75617 16.697 0.010
4350.73296 16.756 0.010
4353.69107 16.635 0.011
4355.74963 16.717 0.012
4358.69297 16.595 0.011
4362.70054 16.712 0.012
4365.67453 16.581 0.011
4369.73132 16.719 0.015
4371.69829 16.752 0.013
4376.70165 16.741 0.011
4378.66837 16.780 0.011
4379.69964 16.630 0.012
4381.65885 16.687 0.012
4383.68731 16.744 0.011
4386.71192 16.662 0.010
4388.71222 16.721 0.011
4390.72115 16.752 0.011
4394.60877 16.755 0.011
4396.69218 16.538 0.010
4398.69529 16.611 0.012
4402.68034 16.716 0.011
4404.69679 16.781 0.014
4407.70531 16.686 0.012
4409.72091 16.743 0.011
4411.71601 16.784 0.011
4415.71987 16.545 0.010
4417.66987 16.566 0.010
4420.65630 16.757 0.012
4422.68835 16.539 0.011
4424.68542 16.579 0.011
4427.57117 16.754 0.012
4429.61426 16.530 0.013
4431.60139 16.590 0.011
4433.60727 16.663 0.011
4435.59564 16.723 0.011
4438.65570 16.607 0.011
4440.62522 16.670 0.011
4442.58669 16.732 0.012
4444.61139 16.792 0.014
4452.62163 16.635 0.010
4454.64183 16.685 0.011
4455.58391 16.589 0.011
4457.59280 16.577 0.013
4460.54722 16.778 0.012
4463.61077 16.746 0.012
4467.59359 16.721 0.012
4470.59299 16.774 0.012
4474.63956 16.606 0.011
4476.61789 16.546 0.009
4481.62561 16.567 0.010
4483.64425 16.553 0.010
4485.62573 16.658 0.013
4488.62635 16.518 0.013
4492.61661 16.660 0.012
4643.93028 16.730 0.013
4655.91242 16.683 0.010
4661.92618 16.778 0.011
4662.84975 16.666 0.009
4662.94763 16.692 0.011
4663.79849 16.700 0.012
4665.87164 16.539 0.011
4671.85001 16.743 0.011
4677.86938 16.543 0.010
4682.84380 16.738 0.011
4684.88180 16.531 0.009
4686.84176 16.580 0.008
4688.85799 16.668 0.009
4690.78329 16.721 0.011
4691.78664 16.536 0.010
4694.83291 16.794 0.013
4697.77724 16.729 0.013
4699.79826 16.759 0.010
4700.83216 16.614 0.009
4701.83984 16.793 0.011
4703.79905 16.619 0.011
4704.81774 16.734 0.010
4705.82536 16.559 0.011
4707.84278 16.645 0.010
4709.77357 16.676 0.009
4715.78214 16.767 0.011
4717.73675 16.582 0.008
4720.71561 16.781 0.011
4722.73084 16.769 0.010
4725.73603 16.749 0.011
4730.72660 16.701 0.009
4730.78929 16.725 0.009
4733.76151 16.613 0.010
4740.70409 16.601 0.010
4743.70079 16.643 0.009
4748.68956 16.783 0.011
4750.72240 16.572 0.013
4754.64798 16.615 0.010
4756.65754 16.687 0.011
4758.63777 16.737 0.010
4760.62444 16.775 0.010
4762.61425 16.794 0.011
4767.64985 16.782 0.011
4770.69813 16.697 0.013
4772.63547 16.748 0.012
4774.61097 16.775 0.011
4776.58276 16.718 0.011
4778.58413 16.525 0.009
4780.58136 16.589 0.011
4782.55428 16.628 0.010
4783.61588 16.650 0.011
4786.53618 16.726 0.012
4789.58202 16.689 0.010
4791.56360 16.734 0.011
4793.57093 16.763 0.012
4795.58381 16.808 0.011
4797.57599 16.585 0.011
4798.63921 16.745 0.011
4801.54047 16.620 0.010
4802.62794 16.740 0.012
4803.59985 16.709 0.010
4805.53487 16.745 0.012
4807.56162 16.754 0.013
4809.58676 16.714 0.011
4811.60867 16.511 0.010
4814.56649 16.793 0.012
4816.56870 16.709 0.010
4818.58264 16.551 0.011
4820.56064 16.620 0.011
4822.61745 16.684 0.010
4824.60229 16.727 0.012
4831.57389 16.749 0.012
4833.60179 16.770 0.010
4835.62453 16.717 0.012
4839.62755 16.581 0.011
4842.59421 16.663 0.012
4844.60467 16.536 0.011
4849.61890 16.625 0.011
4853.61617 16.616 0.011
4855.62942 16.694 0.012
4862.60323 16.703 0.010
4868.58537 16.738 0.011
