 625.93917 14.604 0.005
 627.92810 14.810 0.005
 628.93743 14.948 0.005
 629.88126 15.040 0.005
 632.93775 14.708 0.005
 635.93734 15.050 0.005
 643.90610 14.568 0.005
 645.90961 14.784 0.005
 649.87890 14.545 0.005
 656.92467 14.657 0.005
 657.86589 14.762 0.005
 664.82886 14.840 0.005
 664.91738 14.850 0.005
 665.90440 14.989 0.005
 666.91493 14.963 0.005
 667.92575 14.535 0.005
 668.89630 14.633 0.005
 670.86196 14.828 0.005
 671.88455 14.975 0.005
 673.74027 14.519 0.005
 684.81706 15.047 0.005
 685.75563 14.621 0.005
 686.79803 14.574 0.005
 688.90286 14.796 0.005
 689.79287 14.918 0.005
 697.75886 14.764 0.005
 698.90490 14.563 0.005
 699.76135 14.658 0.005
 700.77000 14.770 0.005
 701.74245 14.875 0.005
 704.71472 14.536 0.005
 706.73845 14.757 0.005
 707.77446 14.865 0.005
 708.74198 14.990 0.005
 712.74237 14.748 0.005
 713.78003 14.852 0.005
 714.79547 14.986 0.005
 716.72908 14.518 0.005
 720.70466 14.956 0.005
 722.66991 14.512 0.005
 726.76202 14.947 0.005
 728.66083 14.543 0.005
 729.72774 14.593 0.005
 730.65187 14.697 0.005
 733.71386 15.048 0.005
 739.77883 15.037 0.005
 741.70536 14.564 0.005
 742.79584 14.682 0.005
 744.74765 14.906 0.005
 745.69894 15.022 0.005
 747.63785 14.549 0.005
 748.59937 14.651 0.005
 749.60706 14.764 0.005
 750.60166 14.869 0.005
 751.60879 15.000 0.005
 752.81134 14.735 0.005
 753.75196 14.546 0.005
 754.71851 14.646 0.005
 759.61360 14.525 0.005
 760.61999 14.626 0.005
 761.61694 14.741 0.005
 762.60753 14.840 0.005
 762.74208 14.871 0.005
 763.62651 14.983 0.005
 763.70712 14.991 0.005
 763.79578 14.999 0.005
 764.71376 14.961 0.005
 765.65784 14.519 0.005
 766.55403 14.615 0.005
 766.69467 14.628 0.005
 767.60314 14.732 0.005
 767.66187 14.733 0.005
 767.75649 14.743 0.005
 769.58608 14.962 0.005
 770.57386 15.029 0.005
 771.58841 14.519 0.005
 772.58713 14.597 0.005
 772.76833 14.614 0.005
 773.64898 14.720 0.005
 775.63133 14.949 0.005
 776.62057 15.036 0.005
 776.77317 15.008 0.005
 777.56522 14.545 0.005
 778.60307 14.594 0.005
 778.69398 14.599 0.005
 779.58342 14.702 0.005
 779.73820 14.723 0.005
 780.58740 14.795 0.005
 780.75636 14.810 0.005
 781.63806 14.928 0.005
 782.57266 15.047 0.005
 782.67228 15.036 0.005
 783.61845 14.563 0.005
 784.66392 14.585 0.005
 785.56030 14.677 0.005
 786.56652 14.778 0.005
 787.64822 14.914 0.005
 788.57646 15.028 0.005
 790.61602 14.567 0.005
 795.60393 14.718 0.005
 796.59113 14.552 0.005
 796.71853 14.565 0.005
 797.57200 14.651 0.005
 798.64145 14.768 0.005
 800.57658 15.013 0.005
 802.66824 14.551 0.005
 806.57431 15.006 0.005
 808.59258 14.538 0.005
 816.66888 14.746 0.005
 817.66415 14.833 0.005
 819.64329 14.976 0.005
 822.62965 14.725 0.005
 824.64965 14.970 0.005
 825.63735 15.019 0.005
 828.68272 14.726 0.005
 829.64936 14.804 0.005
 830.56683 14.938 0.005
 832.65617 14.521 0.005
 834.55846 14.695 0.005
 836.62385 14.927 0.005
 838.64270 14.557 0.005
 840.63561 14.695 0.005
 842.64701 14.916 0.005
 843.63787 15.037 0.005
 845.62871 14.567 0.005
 850.61073 14.725 0.005
 855.61548 15.025 0.005
 858.54815 14.643 0.005
 860.54993 14.862 0.005
 867.54607 14.984 0.005
 874.54486 15.014 0.005
 963.92825 14.796 0.005
 986.91464 14.647 0.005
 987.92687 14.760 0.005
 996.91346 14.980 0.005
 998.84583 14.621 0.005
1003.84789 14.509 0.005
1005.87213 14.727 0.005
1008.90511 15.036 0.005
1020.86835 15.039 0.005
1025.85396 14.899 0.005
1035.82168 14.657 0.005
1037.84884 14.873 0.005
1038.86696 15.010 0.005
1041.85511 14.642 0.005
1045.81947 14.971 0.005
1049.84840 14.832 0.005
1053.73969 14.604 0.005
1059.85335 14.605 0.005
1061.83982 14.812 0.005
1064.79631 14.545 0.005
1069.70970 15.034 0.005
1074.69089 14.894 0.005
1077.68534 14.549 0.005
1079.69561 14.766 0.005
1081.73465 15.024 0.005
1084.67355 14.638 0.005
1087.69299 14.996 0.005
1090.66098 14.629 0.005
1092.72504 14.853 0.005
1095.75127 14.521 0.005
1102.69013 14.607 0.005
1107.65833 14.522 0.005
1112.70150 15.047 0.005
1117.64002 14.921 0.005
1122.65440 14.774 0.005
1128.60451 14.764 0.005
1132.63039 14.541 0.005
1138.67552 14.542 0.005
1140.68387 14.753 0.005
1144.71051 14.526 0.005
1151.62178 14.608 0.005
1154.57895 14.951 0.005
1157.58864 14.592 0.005
1160.61346 14.946 0.005
1164.73745 14.714 0.005
1170.59241 14.686 0.005
1178.71497 14.917 0.005
1182.71341 14.665 0.005
1185.65612 15.021 0.005
1187.69267 14.548 0.005
1190.56206 14.859 0.005
1202.63767 14.828 0.005
1208.60822 14.807 0.005
1211.61065 14.515 0.005
1216.59860 15.033 0.005
1219.60299 14.703 0.005
1235.54804 14.782 0.005
1329.84035 14.713 0.005
1335.92069 14.719 0.005
1355.94065 14.897 0.005
1366.89681 14.764 0.005
1367.91882 14.872 0.005
1369.91175 14.860 0.005
1374.90557 14.992 0.005
1395.87184 14.587 0.005
1397.89466 14.798 0.005
1401.90902 14.577 0.005
1402.90677 14.685 0.005
1407.91715 14.562 0.005
1412.81577 14.767 0.005
1418.78974 14.873 0.005
1430.85102 14.969 0.005
1432.81225 14.616 0.005
1435.73796 14.950 0.005
1439.83573 14.720 0.005
1442.80012 15.038 0.005
1447.72907 14.929 0.005
1451.71971 14.676 0.005
1460.66214 15.011 0.005
1462.68604 14.547 0.005
1470.63731 14.746 0.005
1475.68506 14.618 0.005
1478.61136 14.972 0.005
1481.62445 14.613 0.005
1484.62612 14.954 0.005
1487.58521 14.591 0.005
1489.60861 14.787 0.005
1491.67078 15.040 0.005
1494.71873 14.701 0.005
1495.57189 14.786 0.005
1499.54402 14.564 0.005
1502.62891 14.913 0.005
1506.62397 14.664 0.005
1509.60751 15.024 0.005
1514.68383 14.890 0.005
1517.60054 14.537 0.005
1520.64336 14.869 0.005
1522.67206 14.889 0.005
1525.56771 14.740 0.005
1528.66571 14.963 0.005
1544.59849 14.789 0.005
1546.65493 15.044 0.005
1551.61692 14.929 0.005
1555.59506 14.673 0.005
1562.62927 14.767 0.005
1568.60279 14.763 0.005
1573.59775 14.641 0.005
1579.58135 14.629 0.005
1581.60860 14.839 0.005
1584.59344 14.506 0.005
1586.60456 14.725 0.005
1588.57808 14.947 0.005
1590.57518 14.503 0.005
1597.57663 14.586 0.005
1602.57382 14.574 0.005
1607.56404 15.034 0.005
1706.93404 14.510 0.005
1738.90130 14.672 0.005
1740.90898 14.902 0.005
1744.92586 14.648 0.005
1745.91905 14.763 0.005
1749.89959 14.541 0.005
1750.90293 14.646 0.005
1751.88344 14.755 0.005
1752.87583 14.885 0.005
1753.87663 14.991 0.005
1754.87254 14.920 0.005
1755.86883 14.528 0.005
1756.89850 14.641 0.005
1757.84757 14.746 0.005
1758.85214 14.843 0.005
1759.86523 14.986 0.005
1761.88138 14.516 0.005
1762.86382 14.625 0.005
1763.86931 14.735 0.005
1764.85905 14.826 0.005
1765.85540 14.960 0.005
1766.82917 15.027 0.005
1768.84298 14.604 0.005
1769.75811 14.719 0.005
1773.81906 14.522 0.005
1775.83061 14.703 0.005
1785.80766 14.659 0.005
1788.84279 14.777 0.005
1789.77547 14.897 0.005
1803.87908 14.833 0.005
1809.80284 14.960 0.005
1812.77671 14.731 0.005
1815.83314 14.993 0.005
1821.72975 15.044 0.005
1823.79900 14.600 0.005
1829.72410 14.584 0.005
1830.79111 14.703 0.005
1864.73546 14.980 0.005
1865.74149 14.502 0.005
1873.71409 14.722 0.005
2104.86893 14.590 0.005
2112.90925 14.793 0.005
2114.86864 15.052 0.005
2115.88530 14.630 0.005
2116.90965 14.572 0.005
2117.87158 14.681 0.005
2123.86163 14.658 0.005
2128.86705 14.539 0.005
2130.80588 14.744 0.005
2131.79887 14.869 0.005
2132.84364 15.003 0.005
2133.85465 14.901 0.005
2135.88360 14.642 0.005
2136.88995 14.758 0.005
2140.85269 14.527 0.005
2141.76288 14.622 0.005
2142.85738 14.749 0.005
2143.86078 14.845 0.005
2144.78859 14.965 0.005
2156.71325 14.924 0.005
2160.79248 14.701 0.005
2162.80283 14.923 0.005
2165.79026 14.573 0.005
2166.79366 14.682 0.005
2167.72690 14.784 0.005
2168.75147 14.902 0.005
2172.78359 14.669 0.005
2173.74576 14.771 0.005
2174.72951 14.887 0.005
2177.67763 14.534 0.005
2184.73896 14.637 0.005
2185.70239 14.741 0.005
2187.64725 14.977 0.005
2189.72882 14.525 0.005
2190.72891 14.621 0.005
2191.63918 14.737 0.005
2192.69813 14.819 0.005
2193.71907 14.958 0.005
2194.69015 15.012 0.005
2200.70457 15.044 0.005
2203.59279 14.695 0.005
2206.64251 15.056 0.005
2208.68660 14.577 0.005
2211.69452 14.919 0.005
2212.68113 15.037 0.005
2214.68112 14.560 0.005
2215.71713 14.684 0.005
2217.67628 14.902 0.005
2219.71326 14.674 0.005
2222.76258 14.760 0.005
2223.66767 14.889 0.005
2225.63187 14.796 0.005
2227.52601 14.656 0.005
2228.59359 14.755 0.005
2230.53167 14.995 0.005
2232.54469 14.511 0.005
2234.58670 14.748 0.005
2236.57594 14.975 0.005
2239.52346 14.624 0.005
2241.56825 14.825 0.005
2243.60662 15.006 0.005
2249.56276 15.041 0.005
2251.61287 14.587 0.005
2254.55604 14.931 0.005
2256.58785 14.543 0.005
2259.60873 14.792 0.005
2262.61522 14.588 0.005
2266.60706 14.915 0.005
2271.58199 14.776 0.005
2273.58124 15.031 0.005
2276.57588 14.653 0.005
2280.56984 14.854 0.005
2285.56577 14.993 0.005
2289.60164 14.746 0.005
2291.60688 14.979 0.005
2293.60315 14.514 0.005
2295.59986 14.729 0.005
2297.60443 14.967 0.005
2299.59907 14.504 0.005
2301.59061 14.726 0.005
2453.87676 14.666 0.005
2460.92341 14.767 0.005
2464.88078 14.522 0.005
2466.87431 14.749 0.005
2468.86857 14.984 0.005
2470.85951 14.514 0.005
2472.87959 14.738 0.005
2474.85038 14.961 0.005
2481.86388 15.023 0.006
2483.92648 14.597 0.005
2486.92728 14.935 0.006
2489.80806 14.569 0.005
2490.80555 14.693 0.005
2497.80189 14.774 0.005
2498.81183 14.890 0.005
2499.89685 15.032 0.005
2500.90525 14.626 0.005
2501.89178 14.552 0.005
2502.87203 14.672 0.005
2508.78263 14.647 0.005
2516.81503 14.854 0.005
2517.86201 14.993 0.005
2518.83627 14.921 0.005
2519.78757 14.501 0.005
2520.82973 14.627 0.005
2521.78032 14.729 0.005
2524.78327 14.986 0.005
2526.81522 14.614 0.005
2529.77375 14.951 0.005
2535.73336 14.942 0.005
2537.73986 14.536 0.005
2538.84030 14.590 0.005
2539.73671 14.694 0.005
2540.78054 14.794 0.005
2541.74875 14.912 0.005
2542.71837 15.043 0.005
2544.69961 14.559 0.005
2545.71188 14.677 0.005
2547.73000 14.901 0.005
2548.74917 15.043 0.005
2550.74434 14.554 0.005
2551.73092 14.668 0.005
2552.74686 14.770 0.005
2553.68764 14.905 0.005
2554.74001 15.025 0.005
2555.74797 14.745 0.005
2556.72719 14.539 0.005
2557.73953 14.654 0.005
2558.69608 14.762 0.005
2559.65299 14.873 0.005
2560.68613 15.011 0.005
2562.70433 14.529 0.005
2563.71234 14.638 0.005
2564.72875 14.746 0.005
2565.72465 14.861 0.005
2566.70361 14.994 0.005
2568.77140 14.518 0.005
2571.69088 14.836 0.005
2572.75934 14.985 0.005
2573.69748 14.992 0.006
2574.67722 14.505 0.005
2576.72169 14.730 0.005
2577.67993 14.814 0.005
2578.66498 14.958 0.005
2579.67512 15.035 0.005
2580.68340 14.506 0.005
2583.65963 14.807 0.005
2584.66194 14.942 0.005
2587.64623 14.585 0.005
2588.65812 14.694 0.005
2589.63710 14.783 0.005
2590.65409 14.929 0.005
2591.68687 15.046 0.005
2593.64365 14.575 0.005
2594.64932 14.683 0.005
2596.62285 14.916 0.005
2597.61011 15.031 0.005
2598.69044 14.641 0.005
2599.65094 14.557 0.005
2608.55159 14.875 0.005
2610.58827 14.873 0.005
2613.57984 14.756 0.005
2615.61096 15.002 0.005
2620.58584 14.841 0.005
2622.53355 15.004 0.005
2625.58699 14.741 0.005
2629.52762 14.510 0.005
2632.56569 14.812 0.005
2636.56212 14.593 0.005
2639.56139 14.934 0.005
2643.53435 14.692 0.005
2649.53902 14.671 0.005
2651.57560 14.905 0.005
2655.53292 14.670 0.005
2658.54930 15.020 0.005
2661.56186 14.653 0.005
2665.52880 14.922 0.006
2669.55497 14.863 0.005
2674.53847 14.744 0.005
2676.55992 14.981 0.005
2678.64248 14.507 0.005
2680.52963 14.725 0.005
2683.55379 15.041 0.006
2804.83169 14.968 0.006
2805.88811 15.016 0.006
2811.94114 15.022 0.006
2815.91496 14.799 0.005
2818.92286 14.519 0.005
2829.86160 15.046 0.005
2831.85182 14.552 0.005
2832.80514 14.661 0.005
2833.90371 14.770 0.005
2835.89245 15.028 0.005
2838.87637 14.658 0.005
2840.88159 14.879 0.005
2843.86755 14.535 0.005
2844.90892 14.647 0.005
2848.81557 14.953 0.006
2849.89360 14.527 0.005
2850.92515 14.633 0.005
2852.85378 14.847 0.005
2854.86513 14.975 0.005
2857.87244 14.735 0.005
2859.85556 14.961 0.005
2860.91208 14.999 0.005
2861.78382 14.513 0.005
2862.86991 14.610 0.005
2863.87183 14.729 0.005
2865.79423 14.937 0.005
2867.78374 14.524 0.005
2868.82438 14.587 0.005
2869.84574 14.695 0.005
2870.85242 14.792 0.005
2872.77654 15.032 0.005
2875.84369 14.688 0.005
2876.81264 14.782 0.005
2877.84213 14.914 0.005
2879.80688 14.637 0.005
2884.75690 15.031 0.005
2886.76270 14.552 0.005
2890.72865 15.017 0.006
2893.78019 14.642 0.005
2895.79104 14.858 0.005
2897.73864 14.933 0.005
2899.77094 14.626 0.005
2903.78965 14.950 0.005
2906.73842 14.722 0.005
2908.71543 14.962 0.005
2910.71027 14.507 0.005
2912.71555 14.714 0.005
2916.72891 14.515 0.005
2918.70595 14.692 0.005
2922.70548 14.567 0.005
2924.64631 14.681 0.005
2926.64042 14.904 0.005
2929.70185 14.558 0.005
2931.67771 14.771 0.005
2933.68998 15.026 0.005
2935.65286 14.547 0.005
2937.67801 14.760 0.005
2939.65620 15.004 0.005
2940.67049 14.821 0.005
2941.64615 14.528 0.005
2942.67377 14.650 0.005
2943.64249 14.755 0.005
2944.62625 14.855 0.005
2946.62483 14.938 0.005
2947.65283 14.519 0.005
2949.63369 14.741 0.005
2950.58518 14.840 0.005
2951.66609 14.979 0.005
2953.61389 14.507 0.005
2955.59889 14.729 0.005
2957.61255 14.956 0.005
2965.66943 14.507 0.005
2968.63197 14.794 0.005
2971.63975 14.546 0.005
2973.62828 14.688 0.005
2975.52504 14.895 0.005
2977.62069 14.635 0.005
2979.60097 14.677 0.005
2982.55556 15.027 0.005
2984.58677 14.576 0.005
2986.59690 14.770 0.005
2988.56934 15.012 0.005
2990.58817 14.535 0.005
2993.59020 14.865 0.005
2997.53396 14.628 0.005
3000.58963 14.990 0.005
3003.56967 14.621 0.005
3006.55930 14.964 0.005
3009.55264 14.603 0.005
3013.55927 15.032 0.005
3017.55372 14.790 0.005
3020.52884 14.546 0.005
3022.55635 14.703 0.005
3024.55548 14.929 0.005
3026.52557 14.624 0.005
3028.52643 14.681 0.006
3030.52954 14.900 0.005
3032.54752 14.696 0.005
3034.54706 14.656 0.005
3038.53788 14.767 0.005
3179.92918 14.528 0.005
3184.89307 14.995 0.005
3193.91608 14.730 0.005
3196.88807 15.035 0.005
3202.87601 15.050 0.005
3203.92049 14.540 0.005
3206.86340 14.785 0.005
3210.92988 14.577 0.005
3211.84597 14.677 0.005
3215.82003 14.750 0.005
3216.76569 14.545 0.005
3217.81555 14.660 0.005
3224.81248 14.755 0.005
3228.79038 14.530 0.005
3230.76389 14.742 0.005
3238.79496 14.958 0.005
3239.83411 15.002 0.005
3240.83124 14.522 0.005
3241.77320 14.596 0.005
3242.76389 14.724 0.005
3244.86571 14.955 0.005
3245.81321 15.032 0.005
3246.81004 14.500 0.005
3247.81429 14.594 0.005
3249.76777 14.793 0.005
3251.78032 15.045 0.005
3254.76641 14.687 0.005
3257.79349 15.042 0.005
3259.70375 14.589 0.005
3261.73943 14.776 0.005
3263.73634 15.024 0.005
3265.76174 14.559 0.005
3267.74444 14.762 0.005
3270.69815 14.831 0.005
3271.70083 14.538 0.005
3273.65933 14.759 0.005
3275.65412 15.003 0.005
3276.74817 14.889 0.005
3277.78707 14.536 0.005
3279.71858 14.750 0.005
3281.68436 14.983 0.005
3283.67877 14.516 0.005
3287.64505 14.951 0.005
3289.65987 14.506 0.005
3291.59824 14.720 0.005
3294.61478 15.041 0.005
3296.58117 14.585 0.005
3298.58903 14.795 0.005
3300.59164 15.050 0.005
3302.57262 14.570 0.005
3305.66862 14.915 0.005
3307.58519 14.697 0.005
3309.60593 14.672 0.005
3311.56148 14.881 0.005
3314.60050 14.556 0.005
3320.63842 14.534 0.005
3323.59078 14.863 0.005
3327.61889 14.627 0.005
3330.59012 14.981 0.005
3335.63476 14.833 0.005
3338.54163 14.501 0.005
3350.55292 14.546 0.005
3357.59002 14.571 0.005
3361.58944 15.036 0.005
3363.59573 14.563 0.005
3369.57269 14.527 0.005
3372.58869 14.882 0.005
3376.56470 14.633 0.005
3380.55105 14.947 0.005
3386.59788 14.966 0.005
3395.54989 14.713 0.005
3399.57376 14.525 0.005
3402.59063 14.802 0.005
3530.94180 14.799 0.005
3543.90686 14.895 0.005
3551.92763 14.765 0.005
3558.91138 14.535 0.005
3562.89827 14.997 0.005
3568.89373 14.979 0.005
3570.85157 14.509 0.005
3571.84183 14.612 0.005
3573.88723 14.817 0.005
3575.84703 15.036 0.005
3577.90361 14.605 0.005
3579.84446 14.813 0.005
3581.91342 15.059 0.005
3582.86583 14.516 0.005
3583.88487 14.581 0.005
3586.87519 14.933 0.005
3588.87334 14.572 0.005
3590.83195 14.683 0.005
3592.79223 14.902 0.005
3594.83302 14.684 0.005
3600.92207 14.700 0.005
3602.78089 14.650 0.005
3603.74512 14.761 0.005
3608.80171 14.641 0.005
3614.83355 14.635 0.005
3615.81927 14.752 0.005
3618.81798 14.988 0.005
3620.84447 14.621 0.005
3622.79850 14.819 0.005
3625.74443 14.510 0.005
3628.76600 14.804 0.005
3630.68146 15.046 0.005
3632.65860 14.569 0.005
3634.68912 14.779 0.005
3637.69439 14.625 0.005
3640.65950 14.777 0.005
3642.70292 15.043 0.005
3644.69522 14.547 0.005
3646.71272 14.767 0.005
3650.72847 14.551 0.005
3652.66993 14.760 0.005
3654.64573 14.986 0.005
3656.69895 14.537 0.005
3657.72709 14.645 0.005
3658.70066 14.757 0.005
3659.68498 14.858 0.005
3660.69070 14.977 0.005
3663.68141 14.630 0.005
3665.70969 14.845 0.005
3668.63828 14.543 0.005
3668.66082 14.512 0.005
3670.64943 14.729 0.005
3672.58213 14.956 0.005
3674.74143 14.505 0.005
3676.62772 14.698 0.005
3682.60442 14.696 0.005
3684.62171 14.917 0.005
3686.58740 14.618 0.005
3688.56036 14.682 0.005
3690.57405 14.900 0.005
3693.57119 14.556 0.005
3695.56679 14.769 0.005
3698.54237 14.810 0.005
3701.59092 14.765 0.005
3703.60152 15.011 0.005
3705.57374 14.532 0.005
3707.57420 14.753 0.005
3712.58918 14.620 0.005
3715.54742 14.971 0.005
3719.62634 14.734 0.005
3722.57331 15.024 0.005
3725.65334 14.727 0.005
3730.55654 14.591 0.005
3735.55919 14.573 0.005
3738.58032 14.796 0.005
3743.53457 14.675 0.005
3748.53847 14.555 0.005
3753.53611 14.826 0.005
3758.55806 15.006 0.005
3762.56462 14.746 0.005
3768.52458 14.741 0.005
3773.52141 14.631 0.005
3777.54738 15.031 0.005
3871.91468 14.678 0.005
3902.93466 14.725 0.005
3907.92965 14.600 0.005
3915.90550 14.795 0.005
3918.92477 14.575 0.005
3932.87619 14.652 0.005
3934.89438 14.893 0.005
3936.90263 14.802 0.005
3938.88683 14.647 0.005
3945.85657 14.746 0.005
3950.83848 14.616 0.005
3957.79408 14.715 0.005
3959.78818 14.942 0.005
3961.77875 14.526 0.005
3964.78589 14.788 0.005
3966.77812 15.042 0.005
3968.77168 14.567 0.005
3970.76330 14.775 0.005
3973.73264 14.698 0.005
3975.74488 14.672 0.005
3980.68010 14.536 0.005
3981.67996 14.649 0.005
3982.74428 14.767 0.005
3986.72148 14.525 0.005
3989.81851 14.865 0.005
3991.75970 14.917 0.005
3994.66070 14.746 0.005
3998.69184 14.515 0.005
4001.66039 14.809 0.005
4003.63216 15.030 0.005
4004.72067 14.518 0.005
4005.70594 14.606 0.005
4007.59917 14.794 0.005
4008.60817 14.933 0.005
4011.65860 14.577 0.005
4014.64102 14.930 0.005
4016.63780 14.613 0.005
4018.63413 14.689 0.005
4020.66683 14.921 0.005
4023.62355 14.557 0.005
4025.62390 14.769 0.005
4027.61199 15.028 0.005
4029.59427 14.532 0.005
4031.58126 14.761 0.005
4036.61664 14.641 0.005
4038.57095 14.863 0.005
4040.55094 14.972 0.005
4042.62027 14.629 0.005
4044.66292 14.845 0.005
4047.57121 14.517 0.005
4049.54699 14.718 0.005
4051.59653 14.957 0.005
4053.60749 14.517 0.005
4055.53669 14.722 0.005
4057.57582 14.945 0.005
4059.61035 14.524 0.005
4063.60174 14.936 0.005
4066.51659 14.578 0.005
4068.58338 14.789 0.005
4071.52507 14.720 0.005
4074.56035 14.773 0.005
4077.61304 14.728 0.005
4079.56013 14.667 0.005
4083.56762 14.806 0.005
4087.58952 14.874 0.005
4095.55344 14.969 0.005
4095.59042 14.957 0.005
4098.57249 14.732 0.005
4102.54463 14.511 0.005
4107.54877 15.037 0.005
4112.54917 14.942 0.005
4119.53874 15.038 0.005
4122.56503 14.693 0.005
4128.56255 14.670 0.005
4253.88619 15.054 0.006
4255.90703 14.562 0.005
4258.92455 14.898 0.005
4273.91086 14.531 0.005
4278.93452 14.965 0.005
4281.76178 14.722 0.005
4282.90164 14.833 0.005
4283.82833 14.967 0.005
4284.89281 15.026 0.005
4289.86723 14.943 0.005
4292.90051 14.587 0.005
4295.89443 14.942 0.005
4296.92866 15.046 0.005
4298.84773 14.575 0.005
4299.89120 14.700 0.005
4300.91304 14.794 0.005
4301.93190 14.931 0.005
4303.82258 14.667 0.005
4307.71959 14.896 0.005
4308.69339 15.017 0.005
4308.90124 15.041 0.005
4310.87332 14.562 0.005
4311.87481 14.666 0.005
4312.93510 14.773 0.005
4314.80375 15.015 0.005
4316.86347 14.554 0.005
4320.84716 15.011 0.005
4326.87154 15.004 0.005
4327.89427 14.925 0.005
4328.86435 14.533 0.005
4329.86447 14.630 0.005
4330.89495 14.754 0.005
4332.91117 14.989 0.005
4334.88815 14.521 0.005
4339.85917 15.030 0.005
4340.81145 14.501 0.005
4341.80428 14.600 0.005
4342.87856 14.718 0.005
4343.79790 14.802 0.005
4344.78004 14.941 0.005
4346.75629 14.559 0.005
4348.74202 14.699 0.005
4350.71876 14.922 0.005
4353.67693 14.557 0.005
4355.73549 14.785 0.005
4358.67884 14.767 0.005
4359.73609 14.547 0.005
4365.64367 14.541 0.005
4369.71718 15.007 0.005
4371.68416 14.533 0.005
4376.68754 14.972 0.005
4378.65421 14.617 0.005
4379.68551 14.738 0.005
4381.64468 14.963 0.005
4383.67320 14.511 0.005
4386.69779 14.821 0.005
4388.69811 15.027 0.005
4390.70706 14.602 0.005
4394.59464 15.044 0.005
4396.67800 14.582 0.005
4398.68113 14.793 0.005
4402.66622 14.567 0.005
4404.68266 14.779 0.005
4407.69117 14.682 0.005
4409.70675 14.671 0.005
4411.70188 14.896 0.005
4415.70574 14.661 0.005
4417.65573 14.871 0.005
4420.64215 14.530 0.005
4422.67417 14.748 0.005
4424.67126 14.988 0.005
4427.55702 14.617 0.005
4429.60009 14.834 0.005
4431.58723 15.014 0.005
4433.59314 14.611 0.005
4435.58146 14.810 0.005
4438.64156 14.504 0.005
4440.61104 14.715 0.005
4442.57252 14.938 0.005
4444.59724 14.550 0.005
4452.60739 14.685 0.005
4454.62760 14.918 0.005
4455.56968 15.044 0.005
4457.57862 14.559 0.005
4460.53302 14.879 0.005
4463.59654 14.549 0.005
4467.57933 15.021 0.005
4470.57876 14.637 0.005
4474.62883 14.874 0.005
4476.60714 14.627 0.005
4481.60284 14.515 0.005
4483.63004 14.734 0.005
4485.61495 14.968 0.005
4488.61211 14.608 0.005
4492.60228 15.027 0.005
4609.93185 14.521 0.005
4643.91597 14.891 0.005
4652.94007 14.539 0.005
4655.89817 14.862 0.005
4661.91195 14.849 0.005
4662.83557 14.968 0.005
4662.93341 14.991 0.005
4663.78426 15.031 0.005
4665.85740 14.617 0.005
4670.93933 14.505 0.005
4671.83579 14.597 0.005
4673.93786 14.819 0.005
4677.85523 14.589 0.005
4682.82959 14.596 0.005
4684.86761 14.694 0.005
4686.82755 14.912 0.005
4688.84377 14.672 0.005
4690.76916 14.668 0.005
4691.77245 14.771 0.005
4694.81873 14.758 0.005
4697.76309 14.769 0.005
4699.78412 15.014 0.005
4700.81800 14.844 0.005
4701.82570 14.540 0.005
4703.78487 14.758 0.005
4704.80361 14.861 0.005
4705.81119 15.008 0.005
4707.82861 14.528 0.005
4709.75941 14.745 0.005
4715.76797 14.738 0.005
4717.72257 14.954 0.005
4720.70148 14.590 0.005
4722.71667 14.797 0.005
4725.72188 14.542 0.005
4730.71244 15.041 0.005
4730.77520 15.041 0.005
4733.74740 14.686 0.005
4740.68994 14.769 0.005
4743.68668 14.776 0.005
4748.67543 15.010 0.005
4750.70829 14.537 0.005
4754.63385 14.989 0.005
4756.64343 14.522 0.005
4758.62364 14.743 0.005
4760.61030 14.976 0.005
4762.60009 14.506 0.005
4767.63571 15.039 0.005
4770.68398 14.734 0.005
4772.62138 14.940 0.005
4774.59684 14.544 0.005
4776.56865 14.696 0.005
4778.56999 14.919 0.005
4780.56725 14.641 0.005
4782.54015 14.681 0.005
4783.60173 14.783 0.005
4789.56787 14.755 0.005
4791.54943 15.024 0.005
4793.55677 14.554 0.005
4795.56970 14.756 0.005
4797.56186 15.015 0.005
4798.62506 14.817 0.005
4801.52632 14.748 0.005
4802.61377 14.863 0.005
4803.58567 15.003 0.005
4805.52068 14.522 0.005
4807.54741 14.746 0.005
4809.57262 14.984 0.005
4811.59448 14.518 0.005
4814.55237 14.833 0.005
4816.55446 15.022 0.005
4818.56847 14.606 0.005
4820.54648 14.816 0.005
4822.60321 15.035 0.005
4824.58803 14.599 0.005
4831.55970 14.689 0.005
4833.58752 14.917 0.005
4835.61027 14.606 0.005
4839.61329 14.912 0.005
4842.57997 14.557 0.005
4844.59044 14.771 0.005
4847.64462 14.737 0.005
4849.60461 14.653 0.005
4853.60188 14.845 0.005
4855.61507 14.652 0.005
4859.60735 14.925 0.005
4862.58889 14.741 0.005
4868.57111 14.740 0.005
