 622.87737 14.517 0.005
 624.90393 14.457 0.005
 625.89137 14.341 0.005
 626.86290 14.268 0.005
 627.84912 14.268 0.005
 628.89021 14.305 0.005
 629.88801 14.369 0.005
 631.91896 14.534 0.005
 632.85946 14.593 0.005
 633.89489 14.604 0.005
 635.88976 14.507 0.005
 643.85876 14.541 0.005
 645.83049 14.594 0.005
 647.78820 14.515 0.005
 649.78560 14.311 0.005
 652.83281 14.334 0.005
 656.84596 14.604 0.005
 657.81822 14.567 0.005
 658.85852 14.501 0.005
 663.76478 14.316 0.005
 664.86970 14.337 0.005
 665.81699 14.419 0.005
 666.82754 14.487 0.005
 667.84676 14.564 0.005
 668.81758 14.597 0.005
 670.78316 14.522 0.005
 671.80520 14.484 0.005
 672.81075 14.382 0.005
 673.77813 14.300 0.005
 684.73852 14.363 0.005
 685.79337 14.276 0.005
 686.69463 14.294 0.005
 687.77599 14.314 0.005
 688.71803 14.362 0.005
 689.74518 14.432 0.005
 697.71131 14.285 0.005
 698.78242 14.276 0.005
 699.68146 14.317 0.005
 700.72223 14.377 0.005
 701.69446 14.451 0.005
 704.72244 14.588 0.005
 706.68810 14.502 0.005
 707.72566 14.448 0.005
 708.74981 14.297 0.005
 712.75036 14.401 0.005
 713.73173 14.467 0.005
 714.74670 14.552 0.005
 715.71226 14.617 0.005
 716.68034 14.574 0.005
 726.66296 14.583 0.005
 728.67367 14.559 0.005
 729.67581 14.522 0.005
 730.66018 14.498 0.005
 733.62667 14.302 0.005
 739.64663 14.605 0.005
 741.61243 14.509 0.005
 742.58867 14.483 0.005
 744.63580 14.289 0.005
 745.58673 14.278 0.005
 746.77753 14.327 0.005
 747.64801 14.368 0.005
 748.60973 14.439 0.005
 749.61512 14.517 0.005
 750.60897 14.585 0.005
 751.61737 14.600 0.005
 752.73179 14.519 0.005
 753.66742 14.511 0.005
 759.62526 14.379 0.005
 760.65094 14.460 0.005
 761.62698 14.527 0.005
 761.73225 14.557 0.005
 762.61836 14.616 0.005
 762.64792 14.602 0.005
 763.63458 14.579 0.005
 763.74533 14.578 0.005
 764.72128 14.538 0.005
 765.56665 14.511 0.005
 766.60410 14.446 0.005
 766.70699 14.443 0.005
 767.61164 14.313 0.005
 767.67325 14.323 0.005
 767.77387 14.295 0.005
 769.59447 14.285 0.005
 769.66818 14.285 0.005
 770.60059 14.331 0.005
 771.63366 14.386 0.005
 772.59551 14.460 0.005
 773.60061 14.542 0.005
 773.75282 14.566 0.005
 774.59361 14.593 0.005
 775.55151 14.566 0.005
 776.63242 14.503 0.005
 777.60668 14.486 0.005
 778.61008 14.421 0.005
 779.63696 14.285 0.005
 779.74728 14.279 0.005
 780.63683 14.267 0.005
 781.55116 14.288 0.005
 781.72949 14.306 0.005
 782.61454 14.350 0.005
 782.74052 14.347 0.005
 783.53371 14.404 0.005
 784.57564 14.485 0.005
 785.60251 14.578 0.005
 785.74808 14.575 0.005
 786.60617 14.609 0.005
 787.68662 14.550 0.005
 788.61945 14.518 0.005
 788.64500 14.516 0.005
 790.56815 14.384 0.005
 792.54611 14.255 0.005
 795.61080 14.422 0.005
 796.53969 14.515 0.005
 796.72507 14.524 0.005
 797.69985 14.579 0.005
 798.56249 14.599 0.005
 799.70044 14.524 0.005
 800.61543 14.504 0.005
 802.67548 14.339 0.005
 805.60280 14.309 0.005
 806.61300 14.367 0.005
 808.54440 14.512 0.005
 816.67539 14.291 0.005
 817.58548 14.319 0.005
 819.54828 14.466 0.005
 820.62458 14.544 0.005
 822.54514 14.584 0.005
 824.57093 14.507 0.005
 825.64407 14.434 0.005
 828.60423 14.287 0.005
 829.57083 14.331 0.005
 832.57773 14.558 0.005
 833.59761 14.603 0.005
 834.56721 14.564 0.005
 836.54534 14.481 0.005
 838.57830 14.284 0.005
 840.58806 14.282 0.005
 845.53979 14.609 0.005
 850.56293 14.300 0.005
 855.56793 14.517 0.005
 859.55574 14.505 0.005
 866.52031 14.436 0.005
 962.92416 14.604 0.005
 966.92365 14.418 0.005
 970.90004 14.346 0.005
 976.88068 14.512 0.005
 986.83504 14.592 0.005
 987.84867 14.515 0.005
 991.91670 14.270 0.005
 996.92062 14.516 0.005
 998.89173 14.586 0.005
1004.79031 14.275 0.005
1006.81892 14.399 0.005
1020.88838 14.548 0.005
1025.92616 14.380 0.005
1035.74109 14.505 0.005
1037.77029 14.381 0.005
1041.77847 14.333 0.005
1045.74017 14.596 0.005
1048.72136 14.466 0.005
1052.76422 14.327 0.005
1055.63752 14.532 0.005
1058.84948 14.536 0.005
1059.76746 14.508 0.005
1061.72024 14.306 0.005
1064.80412 14.327 0.005
1068.70553 14.597 0.005
1072.68566 14.433 0.005
1076.66346 14.334 0.005
1078.67400 14.483 0.005
1081.68656 14.552 0.005
1084.62473 14.408 0.005
1087.64462 14.300 0.005
1090.70101 14.518 0.005
1092.73311 14.616 0.005
1094.63981 14.505 0.005
1102.60998 14.498 0.005
1106.70483 14.501 0.005
1110.62394 14.295 0.005
1116.58242 14.598 0.005
1120.57100 14.323 0.005
1126.64633 14.548 0.005
1129.54480 14.527 0.005
1132.52785 14.306 0.005
1135.57792 14.328 0.005
1138.62761 14.537 0.005
1140.60504 14.557 0.005
1144.66258 14.283 0.005
1151.54218 14.606 0.005
1155.54379 14.366 0.005
1159.53924 14.348 0.005
1162.57164 14.581 0.005
1164.68521 14.524 0.005
1170.54362 14.312 0.005
1178.65367 14.441 0.005
1182.66557 14.327 0.005
1183.70392 14.399 0.005
1185.68707 14.542 0.005
1188.68641 14.517 0.005
1191.57016 14.285 0.005
1202.58524 14.366 0.005
1205.53669 14.307 0.005
1217.56778 14.310 0.005
1220.57026 14.520 0.005
1229.52298 14.331 0.005
1238.51928 14.335 0.005
1327.90352 14.611 0.006
1330.82022 14.484 0.005
1335.87197 14.366 0.005
1340.89147 14.545 0.005
1348.92752 14.436 0.005
1354.90112 14.475 0.005
1360.92085 14.455 0.005
1365.91705 14.509 0.005
1367.84056 14.312 0.005
1374.91260 14.602 0.005
1394.84878 14.371 0.005
1395.88026 14.422 0.005
1397.80197 14.583 0.005
1401.82900 14.471 0.005
1402.91389 14.336 0.005
1407.83698 14.436 0.005
1412.73228 14.499 0.005
1417.89061 14.327 0.005
1430.72324 14.413 0.005
1432.73393 14.547 0.005
1435.69038 14.514 0.005
1439.65679 14.270 0.005
1442.66047 14.399 0.005
1447.73568 14.533 0.005
1451.67190 14.281 0.005
1455.69161 14.509 0.005
1460.73235 14.479 0.005
1462.63797 14.280 0.005
1470.64419 14.515 0.005
1471.77100 14.497 0.005
1472.63141 14.458 0.005
1475.63715 14.289 0.005
1477.56621 14.381 0.005
1481.58399 14.589 0.005
1484.63288 14.443 0.005
1487.62801 14.279 0.005
1490.66675 14.465 0.005
1492.56641 14.595 0.005
1495.52319 14.480 0.005
1499.55184 14.293 0.005
1502.54997 14.467 0.005
1505.61652 14.560 0.005
1508.55187 14.399 0.005
1509.52817 14.292 0.005
1512.63005 14.357 0.005
1515.60469 14.576 0.005
1517.60816 14.539 0.005
1520.59541 14.343 0.005
1524.54312 14.352 0.005
1526.58326 14.515 0.005
1531.63482 14.465 0.005
1543.59230 14.440 0.005
1546.60714 14.294 0.005
1551.56891 14.614 0.005
1555.60244 14.401 0.005
1562.58101 14.567 0.005
1569.56014 14.276 0.005
1575.58596 14.598 0.005
1580.56098 14.280 0.005
1583.56365 14.356 0.005
1587.54343 14.585 0.005
1597.52892 14.569 0.005
1603.53703 14.292 0.005
1608.51275 14.495 0.005
1701.89455 14.418 0.005
1703.89769 14.569 0.005
1705.90317 14.524 0.005
1716.86359 14.592 0.005
1717.87395 14.514 0.005
1718.85996 14.539 0.005
1729.90962 14.502 0.005
1732.87940 14.290 0.005
1740.83047 14.549 0.005
1742.87824 14.483 0.005
1744.84733 14.299 0.005
1745.87159 14.278 0.005
1749.85202 14.498 0.005
1750.82397 14.581 0.005
1751.83578 14.610 0.005
1752.79714 14.557 0.005
1753.79817 14.521 0.005
1754.82486 14.493 0.005
1755.79023 14.392 0.005
1756.81970 14.294 0.005
1757.76888 14.293 0.005
1758.77339 14.318 0.005
1759.81774 14.364 0.005
1761.79876 14.521 0.005
1762.78517 14.592 0.005
1763.78817 14.600 0.005
1764.78066 14.531 0.005
1765.77517 14.509 0.005
1766.71619 14.483 0.005
1768.79528 14.287 0.005
1769.70466 14.276 0.005
1771.82074 14.379 0.005
1772.76311 14.432 0.005
1773.73042 14.518 0.005
1776.75322 14.522 0.005
1784.72988 14.469 0.005
1788.79537 14.510 0.005
1803.75568 14.284 0.005
1806.74982 14.356 0.005
1808.81943 14.533 0.005
1811.74782 14.552 0.005
1814.79466 14.356 0.005
1817.76032 14.311 0.005
1822.63777 14.597 0.005
1826.78885 14.326 0.005
1829.73111 14.321 0.005
1846.77911 14.582 0.005
1850.73589 14.310 0.005
1854.79193 14.402 0.005
1858.71581 14.562 0.005
1862.71469 14.279 0.005
1867.73912 14.513 0.005
1871.74568 14.506 0.005
2085.90914 14.302 0.005
2086.88843 14.266 0.005
2103.89525 14.564 0.005
2105.92315 14.548 0.005
2106.89098 14.494 0.005
2112.84336 14.349 0.005
2116.87111 14.587 0.005
2123.81803 14.325 0.005
2128.82553 14.588 0.005
2129.85750 14.519 0.005
2130.84387 14.497 0.005
2131.83748 14.460 0.005
2132.80627 14.320 0.005
2133.89460 14.277 0.005
2134.81000 14.284 0.005
2135.84408 14.317 0.005
2137.89208 14.453 0.005
2140.81134 14.574 0.005
2142.75205 14.494 0.005
2143.81755 14.428 0.005
2144.82425 14.291 0.005
2155.87863 14.398 0.005
2156.82521 14.285 0.005
2160.75460 14.408 0.005
2162.76139 14.560 0.005
2166.75600 14.497 0.005
2167.76446 14.373 0.005
2168.71363 14.298 0.005
2171.73955 14.347 0.005
2172.74617 14.418 0.005
2177.63966 14.522 0.005
2184.70130 14.437 0.005
2185.66480 14.513 0.005
2186.68965 14.587 0.005
2187.68483 14.600 0.005
2188.73199 14.530 0.005
2190.69136 14.465 0.005
2191.66474 14.327 0.005
2192.66325 14.279 0.005
2193.68432 14.275 0.005
2194.65442 14.319 0.005
2203.55089 14.321 0.005
2206.60721 14.339 0.005
2211.64130 14.572 0.005
2212.64513 14.529 0.005
2213.65095 14.506 0.005
2214.64214 14.427 0.005
2215.64912 14.291 0.005
2217.63582 14.289 0.005
2219.67868 14.396 0.005
2224.71356 14.502 0.005
2226.63643 14.401 0.005
2228.55833 14.286 0.005
2229.61659 14.297 0.005
2231.64326 14.409 0.005
2232.50999 14.496 0.005
2233.61341 14.575 0.005
2235.66353 14.519 0.005
2238.54707 14.374 0.005
2240.65138 14.269 0.005
2242.61889 14.356 0.005
2248.60354 14.491 0.005
2250.57686 14.322 0.005
2253.57050 14.300 0.005
2255.60716 14.443 0.005
2258.57346 14.578 0.005
2263.58419 14.274 0.005
2266.55498 14.374 0.005
2271.56456 14.507 0.005
2273.56390 14.395 0.005
2275.59883 14.262 0.005
2276.55838 14.290 0.005
2278.59096 14.405 0.005
2280.58682 14.564 0.005
2284.58970 14.474 0.005
2290.60368 14.421 0.005
2293.56596 14.586 0.005
2295.55870 14.490 0.005
2297.56199 14.324 0.005
2299.56109 14.280 0.005
2301.55335 14.383 0.005
2445.91192 14.600 0.006
2460.87884 14.487 0.006
2463.91518 14.269 0.005
2465.92794 14.352 0.005
2467.90093 14.499 0.005
2469.90031 14.602 0.005
2471.88975 14.506 0.005
2472.91922 14.483 0.005
2473.89113 14.367 0.005
2481.90282 14.595 0.006
2483.88864 14.491 0.005
2486.88565 14.277 0.005
2488.87656 14.318 0.005
2489.92299 14.383 0.005
2492.90335 14.595 0.005
2496.90310 14.447 0.005
2497.92651 14.317 0.005
2498.77378 14.280 0.005
2499.85936 14.289 0.005
2500.86493 14.333 0.005
2501.85389 14.370 0.005
2502.83412 14.470 0.005
2508.74536 14.431 0.005
2516.77666 14.595 0.006
2517.82340 14.553 0.005
2518.79484 14.515 0.005
2519.83174 14.485 0.005
2520.79113 14.394 0.005
2521.82327 14.287 0.005
2524.82152 14.359 0.005
2526.77770 14.499 0.005
2534.83408 14.282 0.005
2535.81429 14.309 0.005
2537.70207 14.429 0.005
2538.79803 14.512 0.005
2539.70185 14.576 0.005
2540.74273 14.601 0.006
2541.71375 14.525 0.005
2542.68354 14.508 0.005
2544.66208 14.350 0.005
2545.67711 14.287 0.005
2547.69512 14.319 0.005
2548.71156 14.370 0.005
2550.70669 14.524 0.005
2551.69333 14.592 0.005
2553.64905 14.545 0.006
2554.70257 14.512 0.005
2555.71050 14.465 0.005
2556.68952 14.316 0.005
2557.70206 14.276 0.005
2558.65854 14.281 0.005
2559.61544 14.324 0.005
2560.64850 14.387 0.005
2561.67405 14.464 0.005
2562.66694 14.544 0.005
2563.67487 14.607 0.005
2564.69026 14.584 0.005
2565.68116 14.518 0.005
2566.66144 14.499 0.005
2568.69242 14.289 0.005
2571.64511 14.346 0.005
2573.65854 14.479 0.005
2574.64237 14.562 0.005
2577.62924 14.513 0.005
2578.62931 14.500 0.005
2579.63596 14.409 0.005
2580.64808 14.290 0.005
2583.61939 14.345 0.005
2584.62675 14.416 0.005
2586.62397 14.565 0.005
2587.60838 14.606 0.005
2588.71680 14.536 0.005
2589.59832 14.524 0.005
2590.61345 14.490 0.005
2591.63659 14.361 0.005
2593.60559 14.276 0.005
2594.60936 14.316 0.005
2596.58489 14.427 0.005
2597.57206 14.503 0.005
2598.64593 14.591 0.005
2599.60541 14.591 0.005
2607.62660 14.367 0.005
2610.54642 14.585 0.006
2613.54032 14.495 0.005
2615.56917 14.308 0.005
2619.55687 14.385 0.005
2621.56577 14.538 0.005
2625.54841 14.508 0.006
2628.54178 14.288 0.005
2632.54820 14.484 0.005
2636.54337 14.511 0.005
2639.54386 14.286 0.005
2642.55261 14.358 0.005
2646.56543 14.596 0.005
2651.53746 14.291 0.005
2654.55527 14.370 0.005
2657.55813 14.585 0.005
2660.55391 14.497 0.005
2671.55158 14.513 0.005
2673.56338 14.429 0.005
2676.52475 14.288 0.005
2679.53811 14.482 0.005
2682.54043 14.560 0.005
2777.90295 14.507 0.006
2804.86989 14.275 0.005
2811.90436 14.566 0.006
2814.94001 14.403 0.005
2817.92658 14.293 0.005
2831.78143 14.411 0.005
2832.74739 14.495 0.005
2832.92536 14.506 0.005
2833.86530 14.582 0.006
2835.87395 14.528 0.005
2837.87502 14.472 0.006
2838.93218 14.344 0.005
2840.82492 14.278 0.005
2843.82636 14.438 0.005
2844.87219 14.522 0.005
2845.91818 14.589 0.006
2849.85561 14.458 0.005
2850.88837 14.313 0.005
2851.93194 14.270 0.005
2852.80262 14.283 0.005
2853.94203 14.328 0.005
2856.81529 14.538 0.005
2858.90934 14.565 0.005
2860.87534 14.495 0.005
2861.74651 14.450 0.005
2862.92552 14.301 0.005
2863.83472 14.279 0.005
2865.83162 14.329 0.005
2866.88126 14.394 0.005
2867.82127 14.473 0.005
2868.76894 14.554 0.005
2869.90194 14.597 0.005
2870.81554 14.562 0.005
2871.85846 14.519 0.005
2875.79802 14.283 0.005
2876.77573 14.292 0.005
2877.79763 14.347 0.005
2879.73926 14.485 0.005
2883.82540 14.501 0.005
2885.76020 14.383 0.005
2888.80852 14.305 0.005
2892.79988 14.582 0.006
2894.72904 14.543 0.005
2896.72614 14.483 0.005
2898.74712 14.278 0.005
2900.74596 14.303 0.005
2902.74548 14.427 0.005
2905.75268 14.593 0.005
2907.75408 14.505 0.005
2909.74319 14.319 0.005
2911.73455 14.281 0.005
2915.70602 14.530 0.005
2917.73213 14.568 0.005
2921.72988 14.301 0.005
2923.75183 14.291 0.005
2925.71480 14.387 0.005
2927.71233 14.547 0.005
2930.73038 14.511 0.005
2932.73689 14.401 0.005
2934.71672 14.280 0.005
2937.64073 14.398 0.005
2939.69337 14.560 0.005
2940.63350 14.592 0.005
2941.68332 14.538 0.005
2942.63345 14.499 0.005
2943.60468 14.490 0.005
2944.58927 14.382 0.005
2945.60604 14.279 0.005
2947.61554 14.300 0.005
2949.59685 14.415 0.005
2950.64160 14.491 0.005
2951.62878 14.574 0.005
2952.65771 14.601 0.005
2954.68263 14.504 0.005
2956.62862 14.331 0.005
2958.62303 14.271 0.005
2961.59410 14.439 0.006
2968.59386 14.318 0.005
2970.61311 14.280 0.005
2972.59760 14.375 0.005
2974.59835 14.534 0.005
2976.54805 14.585 0.005
2978.57415 14.501 0.006
2980.59102 14.299 0.005
2982.53624 14.288 0.005
2984.62711 14.400 0.005
2986.63724 14.550 0.005
2988.52960 14.564 0.006
2991.60267 14.390 0.005
2994.58439 14.299 0.005
2997.55718 14.491 0.005
3001.57363 14.505 0.005
3005.53170 14.273 0.005
3008.55336 14.427 0.005
3008.55802 14.424 0.005
3011.56139 14.592 0.005
3016.58805 14.273 0.005
3018.57452 14.312 0.005
3020.60257 14.451 0.005
3021.61538 14.539 0.005
3023.57128 14.572 0.005
3025.56979 14.493 0.005
3027.60330 14.295 0.005
3029.57520 14.287 0.005
3031.57974 14.394 0.005
3033.58211 14.550 0.005
3037.52913 14.487 0.005
3164.92956 14.571 0.005
3183.91153 14.347 0.005
3193.87929 14.279 0.005
3195.93849 14.360 0.005
3197.91395 14.521 0.005
3201.87137 14.521 0.005
3203.87932 14.323 0.005
3206.81719 14.318 0.005
3210.89322 14.593 0.005
3211.88465 14.584 0.005
3215.66076 14.323 0.005
3216.72877 14.266 0.005
3217.92930 14.283 0.005
3218.91393 14.337 0.005
3223.83478 14.567 0.005
3226.82503 14.423 0.005
3229.83216 14.288 0.005
3231.81430 14.403 0.005
3239.79267 14.293 0.005
3240.78993 14.272 0.005
3241.81429 14.302 0.005
3242.71361 14.341 0.005
3243.85006 14.418 0.005
3244.82725 14.506 0.005
3245.77639 14.577 0.005
3246.76884 14.614 0.006
3247.76260 14.549 0.005
3249.72731 14.490 0.005
3251.74083 14.287 0.005
3254.72795 14.360 0.005
3257.74436 14.583 0.005
3259.66354 14.536 0.005
3261.70164 14.476 0.005
3263.68434 14.283 0.005
3265.71873 14.325 0.005
3267.70757 14.446 0.005
3269.78399 14.618 0.005
3270.74081 14.593 0.005
3271.66364 14.533 0.005
3272.72083 14.500 0.005
3274.70670 14.313 0.005
3276.71113 14.296 0.005
3277.74427 14.335 0.005
3279.67659 14.462 0.005
3281.64027 14.596 0.005
3283.64171 14.515 0.005
3287.60793 14.286 0.005
3289.61900 14.343 0.005
3293.59579 14.604 0.005
3295.61458 14.517 0.005
3297.59633 14.406 0.005
3299.65270 14.254 0.005
3301.62694 14.350 0.005
3303.68919 14.503 0.005
3306.62174 14.539 0.005
3308.60946 14.499 0.005
3310.60859 14.281 0.005
3312.65261 14.310 0.005
3314.56347 14.424 0.005
3320.60130 14.475 0.005
3327.55626 14.529 0.005
3330.55049 14.524 0.005
3335.59532 14.289 0.005
3338.59893 14.472 0.005
3349.59526 14.405 0.005
3353.57435 14.549 0.005
3359.55088 14.306 0.005
3363.55822 14.584 0.005
3367.61754 14.477 0.005
3372.54829 14.376 0.005
3376.52760 14.593 0.005
3378.59455 14.510 0.005
3386.56098 14.544 0.005
3390.57456 14.500 0.005
3398.55632 14.567 0.005
3402.54472 14.488 0.005
3528.93692 14.605 0.005
3541.92972 14.556 0.005
3547.91431 14.318 0.005
3554.92252 14.516 0.005
3560.94464 14.376 0.005
3564.90680 14.600 0.005
3568.83766 14.330 0.005
3570.77838 14.291 0.005
3571.80071 14.332 0.005
3573.83820 14.460 0.005
3574.87719 14.548 0.005
3577.83586 14.527 0.005
3578.89443 14.503 0.005
3579.79927 14.454 0.005
3581.84420 14.281 0.005
3581.86691 14.285 0.005
3582.82909 14.289 0.005
3583.83350 14.334 0.005
3586.80784 14.557 0.005
3588.82573 14.566 0.005
3589.81854 14.523 0.005
3591.87334 14.404 0.005
3593.81090 14.278 0.005
3596.89136 14.421 0.005
3601.80899 14.518 0.005
3607.81440 14.359 0.005
3614.78579 14.489 0.005
3617.76529 14.280 0.005
3619.69821 14.370 0.005
3621.71667 14.531 0.005
3624.86497 14.527 0.005
3626.71435 14.463 0.005
3629.66796 14.290 0.005
3631.73033 14.385 0.005
3633.69564 14.549 0.005
3637.64955 14.507 0.005
3639.69963 14.304 0.005
3641.69619 14.298 0.005
3643.72056 14.394 0.005
3646.65552 14.611 0.005
3650.65877 14.424 0.005
3650.68281 14.422 0.005
3651.73275 14.298 0.005
3653.72891 14.309 0.005
3655.69509 14.417 0.005
3657.64587 14.571 0.005
3658.65030 14.607 0.005
3659.63835 14.561 0.005
3660.66847 14.514 0.005
3663.55998 14.304 0.005
3665.63356 14.304 0.005
3668.57198 14.501 0.005
3669.67074 14.585 0.005
3671.62890 14.541 0.005
3673.67376 14.485 0.005
3675.65834 14.285 0.005
3683.64765 14.527 0.005
3685.65278 14.456 0.005
3687.65145 14.280 0.005
3689.59984 14.335 0.005
3692.57568 14.540 0.005
3694.55966 14.596 0.005
3696.56018 14.501 0.005
3698.59387 14.308 0.005
3700.57480 14.307 0.005
3702.58409 14.409 0.005
3704.59036 14.552 0.005
3706.61079 14.554 0.005
3708.58367 14.499 0.005
3711.59026 14.276 0.005
3714.52401 14.418 0.005
3718.60452 14.543 0.005
3721.55342 14.365 0.005
3724.56310 14.304 0.005
3726.58366 14.434 0.005
3728.55677 14.580 0.005
3734.56022 14.283 0.005
3737.57590 14.370 0.005
3742.53452 14.521 0.005
3746.55980 14.270 0.005
3751.53618 14.556 0.005
3756.55244 14.418 0.005
3761.60271 14.409 0.005
3766.52751 14.508 0.005
3772.55033 14.361 0.005
3776.55040 14.596 0.005
3871.87630 14.517 0.005
3901.93882 14.357 0.005
3906.93909 14.550 0.005
3913.91603 14.364 0.005
3918.87954 14.538 0.005
3931.91488 14.494 0.005
3934.85790 14.278 0.005
3936.86610 14.341 0.005
3938.85009 14.464 0.005
3944.89748 14.417 0.005
3946.86561 14.281 0.005
3951.88502 14.565 0.005
3955.85015 14.492 0.005
3958.82667 14.289 0.005
3960.82682 14.350 0.005
3963.82353 14.577 0.005
3965.81541 14.543 0.005
3967.83526 14.494 0.005
3969.80090 14.296 0.005
3971.77709 14.311 0.005
3974.77883 14.520 0.005
3979.73419 14.483 0.005
3980.61754 14.357 0.005
3981.64383 14.290 0.005
3983.83415 14.328 0.005
3986.69571 14.532 0.005
3987.66675 14.591 0.005
3990.79002 14.512 0.005
3993.73482 14.286 0.005
3995.74009 14.329 0.005
3999.74936 14.606 0.005
4002.72150 14.496 0.005
4004.67329 14.308 0.005
4006.69950 14.296 0.005
4007.56288 14.338 0.005
4008.57181 14.396 0.005
4009.73327 14.475 0.005
4013.69838 14.516 0.005
4015.68067 14.395 0.005
4015.69690 14.392 0.005
4018.69606 14.305 0.005
4019.68463 14.356 0.005
4021.67712 14.506 0.005
4024.65059 14.537 0.005
4026.62947 14.474 0.005
4028.62543 14.282 0.005
4030.63799 14.322 0.005
4032.69009 14.442 0.005
4037.66628 14.507 0.005
4039.60422 14.336 0.005
4041.60374 14.281 0.005
4043.58944 14.372 0.005
4046.59877 14.588 0.005
4048.56467 14.509 0.005
4050.60679 14.447 0.005
4052.55889 14.277 0.005
4054.61307 14.332 0.005
4056.58516 14.474 0.005
4058.61871 14.600 0.005
4060.51755 14.527 0.005
4064.51518 14.280 0.005
4066.55665 14.351 0.005
4069.51502 14.569 0.005
4073.59859 14.489 0.005
4077.52194 14.318 0.005
4079.52388 14.430 0.005
4082.52384 14.601 0.005
4085.56155 14.485 0.005
4092.55760 14.534 0.005
4096.58355 14.506 0.005
4100.58634 14.300 0.005
4105.55417 14.599 0.005
4108.53042 14.509 0.005
4113.60831 14.356 0.005
4120.57914 14.499 0.005
4126.57697 14.438 0.005
4252.92626 14.274 0.005
4255.84555 14.400 0.005
4268.89906 14.502 0.005
4275.92119 14.275 0.005
4279.79887 14.447 0.005
4282.80943 14.602 0.005
4283.86237 14.540 0.005
4285.91669 14.463 0.005
4291.93747 14.460 0.005
4292.85599 14.535 0.005
4295.86004 14.522 0.005
4296.88980 14.506 0.005
4297.92266 14.432 0.005
4299.85747 14.275 0.005
4300.87896 14.291 0.005
4301.89697 14.331 0.005
4302.91858 14.395 0.005
4306.86321 14.567 0.006
4307.89749 14.516 0.005
4308.65864 14.500 0.005
4308.86662 14.497 0.005
4310.83897 14.274 0.005
4311.82652 14.278 0.005
4312.90040 14.300 0.005
4314.91987 14.409 0.005
4316.82641 14.565 0.005
4319.86359 14.513 0.005
4320.89045 14.492 0.005
4326.83432 14.429 0.005
4327.81259 14.507 0.005
4328.82822 14.576 0.005
4329.83076 14.593 0.005
4330.85900 14.537 0.005
4333.86030 14.351 0.005
4338.90068 14.445 0.005
4340.77316 14.579 0.005
4341.76831 14.593 0.005
4342.82417 14.524 0.005
4343.76181 14.511 0.005
4344.74396 14.463 0.005
4345.78995 14.314 0.005
4347.77884 14.281 0.005
4349.79203 14.381 0.005
4351.72913 14.545 0.006
4353.75235 14.580 0.006
4357.70122 14.304 0.005
4359.69915 14.283 0.005
4361.70171 14.394 0.005
4362.72443 14.478 0.005
4364.58347 14.603 0.006
4367.68098 14.495 0.005
4370.67263 14.271 0.005
4372.73610 14.344 0.005
4376.65149 14.608 0.006
4378.61807 14.515 0.005
4379.64603 14.476 0.005
4380.75888 14.359 0.005
4382.68633 14.282 0.005
4386.66139 14.515 0.005
4388.66187 14.603 0.005
4390.67086 14.503 0.005
4393.64464 14.287 0.005
4395.67952 14.317 0.005
4398.64496 14.528 0.005
4400.66784 14.586 0.005
4403.69363 14.448 0.005
4407.63372 14.324 0.005
4408.67990 14.387 0.005
4410.70284 14.545 0.005
4415.68697 14.414 0.005
4418.59364 14.289 0.005
4422.65487 14.557 0.005
4424.65193 14.552 0.005
4427.53863 14.413 0.005
4429.56456 14.277 0.005
4431.56900 14.347 0.005
4433.57486 14.495 0.005
4435.56321 14.604 0.005
4437.65225 14.507 0.005
4439.56412 14.359 0.005
4441.59995 14.278 0.005
4443.59068 14.367 0.005
4449.64470 14.502 0.005
4451.59983 14.327 0.005
4453.58181 14.285 0.005
4456.58324 14.445 0.005
4459.53574 14.586 0.005
4464.57543 14.281 0.005
4465.54136 14.290 0.005
4470.56029 14.605 0.005
4474.59679 14.409 0.005
4476.57493 14.275 0.005
4479.59974 14.409 0.005
4481.58441 14.571 0.005
4484.60109 14.511 0.006
4487.62265 14.291 0.005
4609.89594 14.477 0.005
4643.88061 14.381 0.005
4649.93082 14.501 0.005
4661.89396 14.485 0.005
4662.77668 14.430 0.005
4662.89360 14.419 0.005
4663.74837 14.303 0.005
4663.93227 14.292 0.005
4665.82132 14.287 0.005
4665.91527 14.286 0.005
4666.90913 14.337 0.005
4670.90358 14.597 0.005
4671.81782 14.560 0.005
4672.87754 14.516 0.005
4675.89515 14.291 0.005
4681.87488 14.570 0.005
4683.87013 14.548 0.005
4685.85625 14.485 0.005
4688.80759 14.279 0.005
4690.73315 14.358 0.005
4691.73602 14.429 0.005
4693.89111 14.590 0.005
4696.84103 14.526 0.005
4698.75286 14.340 0.005
4699.74687 14.287 0.005
4700.78438 14.289 0.005
4701.78958 14.326 0.005
4702.84972 14.380 0.005
4703.74876 14.450 0.005
4704.76761 14.538 0.005
4705.77485 14.609 0.005
4707.76752 14.522 0.005
4708.83578 14.500 0.005
4710.75175 14.320 0.005
4716.75326 14.552 0.005
4719.74543 14.524 0.005
4721.73439 14.421 0.005
4724.76409 14.297 0.005
4726.65976 14.407 0.005
4729.67074 14.607 0.006
4731.76099 14.516 0.005
4734.74331 14.288 0.005
4736.70809 14.303 0.005
4739.64937 14.495 0.005
4741.72395 14.596 0.005
4747.59056 14.279 0.005
4749.59013 14.365 0.005
4753.65929 14.595 0.005
4755.65321 14.508 0.005
4757.63765 14.331 0.005
4759.65027 14.283 0.005
4761.62054 14.373 0.005
4763.63318 14.538 0.005
4766.60140 14.525 0.005
4769.63947 14.307 0.005
4771.55054 14.292 0.005
4773.67535 14.393 0.005
4775.66219 14.546 0.005
4777.59594 14.573 0.005
4779.63153 14.492 0.005
4781.58145 14.288 0.005
4783.56507 14.299 0.005
4785.59617 14.406 0.005
4789.53158 14.561 0.005
4790.61380 14.505 0.005
4791.61210 14.487 0.005
4793.51623 14.295 0.005
4795.53328 14.311 0.005
4797.52548 14.422 0.005
4798.58878 14.510 0.005
4800.63607 14.601 0.005
4803.52739 14.483 0.005
4804.57757 14.358 0.005
4806.58659 14.286 0.005
4808.54482 14.373 0.005
4808.61232 14.375 0.005
4810.55526 14.533 0.005
4813.59461 14.525 0.005
4815.57074 14.468 0.005
4817.58728 14.281 0.005
4819.58688 14.339 0.005
4821.62878 14.470 0.005
4823.58957 14.606 0.005
4825.61801 14.510 0.005
4832.59113 14.400 0.005
4835.57295 14.601 0.005
4839.59446 14.402 0.005
4842.56152 14.300 0.005
4844.57001 14.414 0.005
4847.62632 14.600 0.006
4849.58618 14.505 0.005
4853.58361 14.278 0.005
4856.57754 14.431 0.005
4865.55067 14.276 0.005
4936.91655 14.318 0.005
4940.89923 14.574 0.005
4940.90309 14.576 0.005
4953.89694 14.597 0.005
4954.88836 14.518 0.005
