 621.86940 16.478 0.011
 627.91860 16.170 0.007
 628.92791 16.363 0.007
 632.92824 16.397 0.007
 633.93270 16.127 0.007
 635.92783 16.168 0.007
 643.89659 16.289 0.007
 645.90009 16.318 0.007
 649.86940 16.368 0.008
 656.91517 16.191 0.006
 657.85638 16.417 0.008
 664.81938 16.275 0.007
 664.90791 16.315 0.007
 665.89490 16.146 0.007
 666.90543 16.328 0.007
 667.91626 15.982 0.006
 668.88682 16.359 0.007
 670.85246 16.381 0.007
 671.87503 16.092 0.006
 672.92855 16.402 0.007
 673.73079 16.058 0.006
 684.80757 16.324 0.007
 685.74611 16.299 0.006
 686.78851 16.123 0.006
 688.89336 16.059 0.006
 689.78338 16.374 0.007
 697.74935 16.425 0.007
 698.89540 16.239 0.007
 699.75187 16.439 0.007
 700.76049 16.246 0.007
 701.73293 16.496 0.007
 704.70523 16.289 0.007
 706.72895 16.314 0.007
 707.76497 15.992 0.007
 708.73247 16.345 0.008
 712.73285 16.385 0.007
 713.77054 16.147 0.006
 714.78596 16.408 0.007
 716.71958 16.413 0.007
 720.69513 16.488 0.007
 722.66040 16.478 0.007
 726.75253 15.978 0.006
 728.65131 15.993 0.006
 729.71822 16.384 0.007
 730.64235 16.028 0.007
 733.70436 16.417 0.008
 739.76932 16.488 0.007
 741.69586 16.478 0.007
 742.78629 16.312 0.007
 744.73813 16.332 0.007
 745.68942 16.035 0.006
 747.62833 15.994 0.006
 748.58986 16.360 0.007
 749.59755 16.014 0.007
 750.59214 16.371 0.007
 751.59926 16.069 0.007
 752.80183 16.418 0.007
 753.74239 16.192 0.007
 754.70899 16.404 0.007
 755.59806 16.166 0.007
 759.60407 16.230 0.007
 760.61046 16.480 0.007
 761.60744 16.236 0.007
 762.59801 16.443 0.008
 762.73257 16.128 0.007
 763.61700 16.296 0.007
 763.69760 16.313 0.007
 763.78626 16.359 0.009
 764.70422 15.994 0.007
 765.64834 16.347 0.007
 766.54453 16.115 0.008
 766.68516 15.996 0.007
 767.59360 16.347 0.008
 767.65234 16.352 0.008
 767.74698 16.379 0.008
 769.57658 16.361 0.007
 770.56433 16.063 0.007
 771.57889 16.412 0.008
 772.57761 16.133 0.007
 772.75882 16.188 0.007
 773.63946 16.398 0.007
 775.62179 16.392 0.007
 776.61106 16.190 0.006
 776.76365 16.229 0.007
 777.55571 16.439 0.008
 778.59353 16.250 0.007
 778.68446 16.265 0.008
 779.57387 16.478 0.008
 779.72866 16.341 0.007
 780.57788 16.249 0.007
 780.74685 16.298 0.007
 781.62855 16.338 0.007
 782.56314 16.287 0.007
 782.66276 16.314 0.007
 783.60890 16.134 0.006
 784.65438 16.339 0.007
 785.55077 16.051 0.006
 786.55700 16.330 0.007
 787.63868 16.038 0.007
 788.56692 16.362 0.007
 790.60648 16.378 0.007
 795.59439 16.206 0.007
 796.58160 16.441 0.009
 796.70899 16.492 0.009
 797.56247 16.212 0.007
 798.63191 16.468 0.007
 800.56705 16.441 0.007
 802.65869 16.010 0.007
 806.56479 16.012 0.006
 808.58303 16.094 0.007
 816.65932 16.266 0.007
 817.65461 16.456 0.007
 819.63372 16.268 0.007
 822.62011 16.344 0.007
 824.64010 16.386 0.008
 825.62782 16.066 0.007
 828.67315 16.389 0.008
 829.63980 16.171 0.007
 830.55729 16.420 0.011
 832.64661 16.430 0.007
 834.54887 16.444 0.008
 836.61430 16.486 0.008
 838.63314 16.237 0.007
 840.62607 16.043 0.007
 842.63748 16.027 0.007
 843.62832 16.376 0.007
 845.61917 16.384 0.007
 850.60117 16.192 0.007
 855.60592 16.477 0.009
 856.57068 16.269 0.008
 858.53861 16.282 0.007
 860.54035 16.326 0.008
 867.53652 16.142 0.007
 874.53527 16.483 0.008
 963.91872 16.324 0.007
 986.90511 15.999 0.006
 987.91735 16.378 0.007
 996.90396 16.224 0.006
 998.83632 16.224 0.007
1003.83834 16.226 0.007
1005.86262 15.990 0.007
1008.89557 16.395 0.008
1020.85883 16.398 0.007
1025.84446 16.364 0.007
1035.81218 16.445 0.007
1037.83931 16.474 0.007
1038.85745 16.272 0.007
1041.84563 16.138 0.006
1045.80999 16.015 0.006
1049.83890 16.138 0.006
1053.73018 16.157 0.006
1058.79827 16.473 0.008
1059.84387 16.326 0.007
1061.83031 16.345 0.007
1064.78680 15.996 0.006
1069.70020 16.408 0.007
1074.68137 16.189 0.007
1077.67583 16.471 0.007
1079.67790 16.453 0.007
1081.72508 16.123 0.006
1084.66404 16.354 0.007
1087.68350 16.070 0.006
1090.65148 16.380 0.007
1092.71554 16.405 0.007
1095.74179 16.261 0.007
1102.68061 16.000 0.005
1107.64884 16.402 0.007
1112.69199 16.202 0.007
1117.63050 16.474 0.007
1122.64489 16.348 0.007
1128.59496 16.389 0.007
1132.62086 16.435 0.007
1138.66599 16.203 0.006
1140.67435 15.989 0.006
1144.70098 16.112 0.006
1151.61226 16.429 0.007
1154.56941 16.244 0.007
1157.57910 16.361 0.007
1160.60393 16.321 0.007
1163.68234 16.090 0.007
1164.72790 16.382 0.007
1170.58284 16.434 0.007
1178.70542 16.018 0.007
1182.70387 16.123 0.006
1185.64658 16.417 0.007
1187.68311 16.429 0.007
1190.55248 16.209 0.007
1202.62814 16.400 0.007
1208.59867 16.435 0.010
1211.60108 16.275 0.007
1216.58905 16.015 0.007
1219.59343 16.378 0.008
1228.54447 16.222 0.008
1235.53849 16.094 0.007
1329.83082 16.400 0.009
1335.91114 16.470 0.008
1349.93822 16.191 0.007
1355.93111 16.276 0.008
1366.88730 16.121 0.007
1367.90931 16.400 0.009
1369.90222 16.406 0.007
1374.89608 16.270 0.007
1395.86236 16.291 0.007
1397.88518 16.320 0.007
1401.89952 16.374 0.007
1402.89726 16.085 0.006
1407.90764 16.421 0.007
1412.80628 16.254 0.007
1418.78025 16.327 0.007
1432.80277 16.476 0.007
1435.72846 16.302 0.008
1439.82623 16.362 0.007
1442.79063 16.081 0.006
1447.71957 16.406 0.008
1451.71022 16.469 0.007
1454.70853 16.299 0.008
1460.65265 16.376 0.007
1462.67653 16.387 0.007
1470.62782 16.435 0.007
1475.67557 16.291 0.007
1478.60181 16.026 0.007
1481.61495 16.381 0.007
1484.61659 16.129 0.007
1487.57572 16.413 0.007
1489.59911 16.439 0.007
1491.66127 16.486 0.008
1494.70921 16.327 0.007
1495.56237 16.335 0.007
1499.53452 15.990 0.007
1502.61940 16.413 0.008
1506.61444 16.424 0.008
1509.59800 16.228 0.007
1514.67428 16.049 0.007
1517.59102 16.374 0.007
1520.63383 16.110 0.007
1522.66253 16.159 0.007
1525.55816 16.411 0.008
1528.65614 16.246 0.007
1544.58891 16.421 0.007
1546.64537 16.443 0.007
1551.60737 16.327 0.007
1555.58553 16.374 0.008
1562.61971 16.202 0.008
1568.59323 16.290 0.007
1573.58820 15.999 0.007
1579.57179 16.131 0.007
1581.59905 16.189 0.007
1584.58388 16.448 0.008
1586.59499 16.479 0.007
1588.56852 16.437 0.010
1590.56566 16.176 0.007
1597.56708 16.388 0.007
1602.56427 16.215 0.007
1607.55449 16.402 0.008
1706.92455 16.189 0.007
1730.94359 16.444 0.007
1738.89179 16.032 0.006
1740.89947 16.095 0.007
1744.91636 16.183 0.007
1745.90954 16.417 0.007
1749.89011 16.487 0.007
1750.89342 16.273 0.007
1751.87395 16.369 0.007
1752.86632 16.303 0.007
1753.86711 16.144 0.007
1754.86303 16.342 0.008
1755.85932 16.013 0.007
1756.88901 16.378 0.010
1757.83808 16.022 0.007
1758.84261 16.373 0.007
1759.85574 16.095 0.006
1761.87189 16.164 0.007
1762.85432 16.408 0.007
1763.85980 16.178 0.006
1764.84954 16.415 0.007
1765.84592 16.224 0.007
1766.81967 16.418 0.008
1768.83347 16.497 0.008
1769.74860 16.231 0.007
1773.80957 16.329 0.007
1775.82112 16.372 0.007
1785.79815 16.434 0.007
1788.83331 16.271 0.007
1789.76595 16.483 0.007
1803.86959 16.206 0.007
1809.79332 16.277 0.006
1812.76720 16.056 0.006
1815.82361 16.380 0.007
1821.72023 16.394 0.007
1823.78951 16.433 0.007
1829.71458 16.390 0.007
1830.78157 16.294 0.007
1864.72593 16.262 0.007
1865.73197 16.473 0.007
1873.70455 16.035 0.006
2104.86893 16.471 0.009
2112.90925 16.022 0.007
2114.86864 16.059 0.007
2115.88530 16.391 0.010
2116.90965 16.124 0.008
2117.87158 16.392 0.009
2123.86163 16.458 0.009
2128.86705 16.319 0.011
2130.80588 16.337 0.009
2131.79887 15.990 0.007
2132.84364 16.351 0.011
2133.85465 16.058 0.009
2135.88360 16.121 0.007
2136.88995 16.400 0.011
2140.85269 16.422 0.011
2141.76288 16.197 0.010
2142.85738 16.469 0.010
2143.86078 16.256 0.008
2144.78859 16.474 0.008
2156.71325 16.097 0.008
2160.79248 16.211 0.009
2162.80283 16.241 0.008
2165.79026 16.413 0.010
2166.79366 16.297 0.008
2167.72690 16.315 0.009
2168.75147 16.326 0.009
2172.78359 16.369 0.009
2173.74576 16.075 0.007
2174.72951 16.378 0.008
2177.67763 16.127 0.008
2184.73896 16.436 0.012
2185.70239 16.283 0.011
2187.64725 16.304 0.010
2189.72882 16.346 0.012
2190.72891 16.003 0.007
2191.63918 16.351 0.010
2192.69813 16.033 0.007
2193.71907 16.385 0.008
2194.69015 16.092 0.007
2200.70457 16.221 0.008
2203.59279 16.450 0.010
2206.64251 16.277 0.010
2208.68660 16.325 0.010
2211.69452 16.037 0.007
2212.68113 16.359 0.010
2214.68112 16.375 0.011
2215.71713 16.153 0.009
2217.67628 16.171 0.010
2219.71326 16.215 0.010
2223.66767 16.271 0.009
2225.63187 16.279 0.008
2227.52601 16.298 0.013
2228.59359 16.069 0.008
2230.53167 16.000 0.008
2232.54469 16.017 0.007
2234.58670 16.105 0.007
2236.57594 16.150 0.008
2239.52346 16.403 0.013
2241.56825 16.465 0.011
2243.60662 16.447 0.010
2249.56276 15.987 0.007
2251.61287 16.074 0.007
2254.55604 16.382 0.009
2256.58785 16.402 0.011
2259.60873 16.224 0.008
2262.61522 16.432 0.010
2266.60706 15.988 0.007
2271.58199 16.396 0.010
2273.58124 16.398 0.011
2276.57588 16.197 0.010
2280.56984 16.239 0.010
2285.56577 16.042 0.007
2289.60164 16.087 0.007
2291.60688 16.123 0.007
2293.60315 16.167 0.008
2295.59986 16.201 0.008
2297.60443 16.245 0.008
2299.59907 16.261 0.009
2301.59061 16.310 0.011
2453.87676 16.405 0.014
2460.92341 16.263 0.012
2464.88078 16.300 0.009
2466.87431 16.336 0.011
2468.86857 16.353 0.009
2470.85951 16.376 0.009
2472.87959 16.384 0.007
2474.85038 16.385 0.010
2481.86388 16.278 0.011
2483.92648 16.314 0.008
2486.92728 16.005 0.009
2489.80806 16.364 0.007
2490.80555 16.058 0.010
2497.80189 16.420 0.010
2498.81183 16.213 0.008
2499.89685 16.471 0.010
2500.90525 16.283 0.009
2501.89178 16.362 0.009
2502.87203 16.298 0.010
2508.78263 16.356 0.012
2516.81503 16.433 0.011
2517.86201 16.233 0.009
2518.83627 16.476 0.011
2519.78757 16.251 0.008
2520.82973 16.446 0.010
2521.78032 16.271 0.009
2524.78327 16.086 0.009
2526.81522 16.002 0.007
2529.77375 16.390 0.009
2535.73336 16.405 0.010
2537.73986 16.453 0.012
2538.84030 16.265 0.010
2539.73671 16.487 0.010
2540.78054 16.284 0.010
2541.74875 16.406 0.009
2542.71837 16.294 0.009
2544.69961 16.326 0.009
2545.71188 16.010 0.007
2547.73000 16.017 0.007
2548.74917 16.377 0.010
2550.74434 16.384 0.009
2551.73092 16.133 0.008
2552.74686 16.395 0.009
2553.68764 16.170 0.010
2554.74001 16.410 0.009
2555.74797 16.214 0.008
2556.72719 16.449 0.009
2557.73953 16.252 0.008
2558.69608 16.485 0.010
2559.65299 16.249 0.009
2560.68613 16.455 0.009
2562.70433 16.218 0.009
2563.71234 16.324 0.009
2564.72875 15.980 0.008
2565.72465 16.356 0.010
2566.70361 16.010 0.007
2568.77140 16.100 0.009
2571.69088 16.401 0.010
2572.75934 16.188 0.010
2573.69748 16.408 0.012
2574.67722 16.180 0.008
2576.72169 16.249 0.008
2577.67993 16.488 0.012
2578.66498 16.252 0.009
2579.67512 16.461 0.011
2580.68340 16.293 0.009
2583.65963 16.069 0.009
2584.66194 16.352 0.009
2587.64623 16.049 0.008
2588.65812 16.399 0.010
2589.63710 16.103 0.008
2590.65409 16.395 0.009
2591.68687 16.157 0.008
2593.64365 16.190 0.009
2594.64932 16.421 0.011
2596.62285 16.444 0.011
2597.61011 16.245 0.009
2598.69044 16.430 0.011
2599.65094 16.302 0.010
2608.55159 16.074 0.009
2610.58827 16.151 0.009
2613.57984 16.432 0.011
2615.61096 16.463 0.010
2620.58584 16.309 0.010
2622.53355 16.328 0.009
2625.58699 16.051 0.010
2629.52762 16.103 0.009
2632.56569 16.403 0.009
2636.56212 16.467 0.011
2639.56139 16.306 0.009
2643.53435 16.349 0.011
2649.53902 16.398 0.009
2651.57560 16.426 0.012
2655.53292 16.478 0.016
2658.54930 16.307 0.011
2661.56186 15.987 0.007
2665.52880 16.081 0.011
2669.55497 16.190 0.008
2674.53847 16.507 0.012
2676.55992 16.376 0.009
2678.64248 15.993 0.008
2680.52963 16.010 0.009
2683.55379 16.387 0.012
2804.83169 16.310 0.013
2805.88811 15.990 0.010
2811.94114 16.172 0.010
2815.91496 16.225 0.009
2818.92286 16.457 0.010
2829.86160 16.400 0.010
2831.85182 16.407 0.011
2832.80514 16.166 0.009
2833.90371 16.427 0.012
2835.89245 16.474 0.011
2838.87637 16.291 0.011
2840.88159 16.315 0.009
2843.86755 15.995 0.007
2844.90892 16.366 0.010
2848.81557 16.386 0.013
2849.89360 16.155 0.008
2850.92515 16.404 0.010
2852.85378 16.411 0.012
2854.86513 16.462 0.011
2857.87244 16.288 0.010
2859.85556 16.304 0.009
2860.91208 15.997 0.007
2861.78382 16.321 0.009
2862.86991 15.988 0.008
2863.87183 16.377 0.014
2865.79423 16.394 0.012
2867.78374 16.396 0.009
2868.82438 16.134 0.008
2869.84574 16.381 0.010
2870.85242 16.184 0.008
2872.77654 16.178 0.008
2875.84369 16.471 0.010
2876.81264 16.271 0.008
2877.84213 16.366 0.009
2879.80688 16.196 0.007
2884.75690 16.363 0.009
2886.76270 16.379 0.010
2890.72865 16.416 0.013
2893.78019 16.227 0.009
2895.79104 16.251 0.008
2897.73864 16.285 0.009
2899.77094 16.319 0.008
2903.78965 16.358 0.008
2906.73842 16.105 0.007
2908.71543 16.147 0.008
2910.71027 16.183 0.008
2912.71555 16.191 0.007
2916.72891 16.284 0.008
2918.70595 16.304 0.009
2922.70548 16.361 0.010
2924.64631 16.374 0.009
2926.64042 16.391 0.010
2929.70185 16.173 0.009
2931.67771 16.200 0.008
2933.68998 16.236 0.007
2935.65286 16.264 0.010
2937.67801 16.297 0.010
2939.65620 16.327 0.009
2940.67049 15.998 0.007
2941.64615 16.350 0.008
2942.67377 16.030 0.008
2943.64249 16.364 0.009
2944.62625 16.054 0.008
2946.62483 16.107 0.008
2947.65283 16.387 0.010
2949.63369 16.406 0.009
2950.58518 16.166 0.009
2951.66609 16.455 0.011
2953.61389 16.457 0.010
2955.59889 16.484 0.012
2957.61255 16.313 0.008
2965.66943 16.133 0.007
2968.63197 16.381 0.010
2971.63975 16.241 0.009
2973.62828 16.266 0.009
2975.52504 16.270 0.009
2977.62069 16.325 0.010
2979.60097 16.344 0.010
2982.55556 16.035 0.008
2984.58677 16.123 0.010
2986.59690 16.163 0.008
2988.56934 16.175 0.008
2990.58817 16.217 0.008
2993.59020 16.478 0.009
2997.53396 16.196 0.009
3000.58963 16.367 0.009
3003.56967 16.105 0.008
3006.55930 16.399 0.009
3009.55264 16.222 0.010
3013.55927 16.280 0.009
3017.55372 16.343 0.009
3020.52884 16.039 0.009
3022.55635 16.106 0.008
3024.55548 16.147 0.008
3026.52557 16.179 0.012
3028.52643 16.210 0.015
3030.52954 16.244 0.010
3032.54752 16.272 0.010
3034.54706 16.325 0.008
3038.53788 16.364 0.012
3179.92918 15.986 0.007
3184.89307 16.388 0.011
3193.91608 16.264 0.008
3196.88807 16.233 0.008
3202.87601 16.072 0.007
3203.92049 16.414 0.007
3206.86340 16.159 0.007
3210.92988 16.259 0.007
3211.84597 16.458 0.009
3215.82003 16.358 0.012
3216.76569 16.291 0.010
3217.81555 16.146 0.008
3224.81248 16.389 0.008
3228.79038 16.398 0.010
3230.76389 16.446 0.008
3238.79496 15.999 0.007
3239.83411 16.372 0.009
3240.83124 16.074 0.009
3241.77320 16.392 0.008
3242.76389 16.074 0.008
3244.86571 16.165 0.008
3245.81321 16.398 0.009
3246.81004 16.188 0.008
3247.81429 16.417 0.009
3249.76777 16.462 0.010
3251.78032 16.479 0.008
3254.76641 16.303 0.007
3257.79349 15.968 0.007
3259.70375 16.006 0.007
3261.73943 16.071 0.007
3263.73634 16.123 0.007
3265.76174 16.192 0.008
3267.74444 16.206 0.007
3270.69815 16.457 0.010
3271.70083 16.269 0.008
3273.65933 16.269 0.010
3275.65412 16.318 0.011
3276.74817 16.005 0.008
3277.78707 16.363 0.009
3279.71858 16.382 0.008
3281.68436 16.384 0.008
3283.67877 16.386 0.007
3287.64505 16.420 0.008
3289.65987 16.465 0.007
3291.59824 16.461 0.008
3294.61478 16.320 0.007
3296.58117 16.318 0.007
3298.58903 16.358 0.007
3300.59164 16.383 0.009
3302.57262 16.374 0.009
3305.66862 16.184 0.008
3307.58519 16.199 0.010
3309.60593 16.235 0.008
3311.56148 16.260 0.008
3314.60050 16.248 0.009
3320.63842 16.089 0.007
3323.59078 16.391 0.008
3327.61889 16.448 0.008
3330.59012 16.265 0.009
3335.63476 15.986 0.008
3338.54163 16.389 0.009
3350.55292 16.495 0.008
3357.59002 16.397 0.008
3361.58944 16.418 0.008
3363.59573 16.415 0.009
3369.57269 16.442 0.008
3372.58869 16.342 0.007
3376.56470 16.372 0.008
3380.55105 16.406 0.009
3386.59788 16.482 0.008
3395.54989 16.375 0.011
3399.57376 16.434 0.010
3402.59063 16.218 0.007
3530.94180 16.468 0.009
3543.90686 16.402 0.009
3551.92763 16.283 0.007
3558.91138 16.388 0.009
3562.89827 16.407 0.008
3568.89373 16.495 0.008
3570.85157 16.416 0.010
3571.84183 16.297 0.010
3573.88723 16.333 0.010
3575.84703 16.368 0.008
3577.90361 16.390 0.009
3579.84446 16.408 0.007
3582.86583 16.175 0.007
3583.88487 16.426 0.008
3586.87519 16.241 0.007
3588.87334 16.279 0.008
3590.83195 16.295 0.007
3592.79223 16.321 0.007
3602.78089 16.389 0.011
3603.74512 16.168 0.007
3608.80171 16.468 0.008
3614.83355 16.030 0.007
3615.81927 16.375 0.009
3618.81798 16.128 0.007
3620.84447 16.176 0.007
3622.79850 16.205 0.008
3625.74443 16.461 0.008
3628.76600 16.285 0.008
3630.68146 16.293 0.009
3632.65860 16.298 0.010
3634.68912 16.347 0.008
3637.69439 16.079 0.007
3640.65950 16.387 0.008
3642.70292 16.415 0.010
3644.69522 16.443 0.007
3646.71272 16.504 0.009
3650.72847 16.133 0.007
3652.66993 16.025 0.007
3654.64573 16.001 0.007
3656.69895 16.087 0.007
3657.72709 16.390 0.008
3658.70066 16.128 0.007
3659.68498 16.419 0.010
3660.69070 16.155 0.008
3663.68141 16.431 0.010
3665.70969 16.482 0.009
3672.58213 16.335 0.010
3674.74143 16.387 0.007
3676.62772 16.373 0.008
3682.60442 16.397 0.009
3684.62171 16.461 0.008
3686.58740 16.489 0.009
3688.56036 16.462 0.009
3690.57405 16.219 0.008
3693.57119 16.334 0.009
3695.56679 16.399 0.008
3698.54237 16.122 0.008
3701.59092 16.410 0.008
3703.60152 16.461 0.008
3705.57374 16.473 0.007
3707.57420 16.396 0.008
3712.58918 16.346 0.008
3715.54742 16.086 0.007
3719.62634 16.190 0.008
3722.57331 16.451 0.010
3725.65334 16.310 0.010
3730.55654 15.984 0.007
3735.55919 16.405 0.009
3738.58032 16.194 0.009
3743.53457 16.469 0.011
3748.53847 16.325 0.012
3753.53611 16.091 0.009
3758.55806 16.439 0.011
3762.56462 16.490 0.012
3768.52458 16.006 0.010
3773.52141 16.404 0.016
3777.54738 16.407 0.009
3871.91468 16.335 0.011
3902.93466 16.444 0.010
3907.92965 16.313 0.009
3915.90550 16.390 0.008
3918.92477 16.174 0.007
3932.87619 16.386 0.009
3934.89438 16.419 0.008
3936.90263 16.404 0.008
3938.88683 16.423 0.008
3945.85657 16.286 0.007
3950.83848 15.996 0.007
3957.79408 16.414 0.011
3959.78818 16.406 0.009
3961.77875 16.433 0.010
3964.78589 16.268 0.007
3966.77812 16.298 0.007
3968.77168 16.340 0.007
3970.76330 16.347 0.007
3973.73264 16.066 0.007
3975.74488 16.124 0.007
3980.68010 16.418 0.010
3981.67996 16.187 0.007
3982.74428 16.470 0.011
3986.72148 16.330 0.008
3989.81851 16.369 0.008
3991.75970 16.400 0.009
3994.66070 16.118 0.008
3998.69184 16.193 0.008
4001.66039 16.443 0.007
4003.63216 16.485 0.008
4005.70594 16.328 0.007
4007.59917 16.369 0.008
4008.60817 16.319 0.007
4011.65860 16.020 0.007
4014.64102 16.409 0.011
4016.63780 16.409 0.009
4018.63413 16.438 0.009
4023.62355 16.260 0.008
4025.62390 16.288 0.008
4027.61199 16.325 0.008
4029.59427 16.349 0.007
4031.58126 16.364 0.008
4036.61664 16.166 0.007
4038.57095 16.172 0.007
4040.55094 16.218 0.008
4042.62027 16.253 0.007
4044.66292 16.322 0.011
4049.54699 15.996 0.007
4051.59653 16.081 0.007
4053.60749 16.127 0.007
4055.53669 16.134 0.008
4057.57582 16.201 0.008
4059.61035 16.240 0.007
4063.60174 16.286 0.007
4066.51659 16.233 0.010
4068.58338 16.003 0.007
4071.52507 16.367 0.013
4074.56035 16.159 0.007
4077.61304 16.436 0.010
4079.56013 16.476 0.009
4083.56762 16.297 0.009
4087.58952 16.017 0.007
4095.55344 16.203 0.007
4095.59042 16.225 0.007
4098.57249 16.478 0.009
4102.54463 16.322 0.009
4107.54877 16.395 0.008
4112.54917 16.175 0.007
4119.53874 16.482 0.009
4128.56255 16.373 0.010
4253.88619 16.406 0.014
4255.90703 16.401 0.012
4258.92455 16.213 0.010
4273.91086 16.152 0.010
4278.93452 16.465 0.011
4281.76178 16.219 0.010
4282.90164 16.401 0.010
4283.82833 16.283 0.010
4284.89281 16.169 0.009
4289.86723 16.373 0.010
4292.90051 16.134 0.007
4295.89443 16.415 0.009
4296.92866 16.208 0.007
4298.84773 16.240 0.008
4299.89120 16.469 0.009
4300.91304 16.256 0.008
4301.93190 16.272 0.008
4303.82258 16.297 0.009
4307.71959 16.071 0.008
4308.69339 16.349 0.010
4308.90124 16.394 0.009
4310.87332 16.390 0.011
4311.87481 16.133 0.010
4312.93510 16.387 0.009
4314.80375 16.396 0.011
4316.86347 16.447 0.012
4320.84716 16.434 0.009
4326.87154 16.030 0.008
4327.89427 16.392 0.012
4328.86435 16.080 0.008
4329.86447 16.392 0.010
4330.89495 16.135 0.008
4332.91117 16.190 0.009
4334.88815 16.218 0.011
4339.85917 16.403 0.010
4340.81145 16.286 0.010
4341.80428 16.273 0.010
4342.87856 16.333 0.010
4343.79790 16.061 0.008
4346.75629 16.363 0.009
4348.74202 16.367 0.009
4350.71876 16.398 0.009
4353.67693 16.135 0.009
4355.73549 16.213 0.010
4358.67884 16.474 0.011
4359.73609 16.277 0.008
4365.64367 16.324 0.012
4371.68416 16.403 0.012
4376.68754 16.214 0.008
4378.65421 16.247 0.009
4379.68551 16.468 0.010
4381.64468 16.355 0.010
4383.67320 16.055 0.007
4386.69779 16.356 0.009
4388.69811 16.389 0.009
4390.70706 16.387 0.009
4394.59464 16.396 0.009
4396.67800 16.457 0.010
4398.68113 16.464 0.011
4402.66622 16.041 0.007
4404.68266 16.008 0.008
4407.69117 16.387 0.009
4409.70675 16.407 0.009
4411.70188 16.416 0.009
4415.70574 16.494 0.012
4417.65573 16.473 0.009
4420.64215 16.336 0.010
4422.67417 16.360 0.009
4424.67126 16.364 0.009
4427.55702 16.047 0.008
4429.60009 16.125 0.011
4431.58723 16.176 0.009
4433.59314 16.205 0.009
4435.58146 16.227 0.008
4438.64156 16.275 0.009
4440.61104 16.124 0.008
4442.57252 16.010 0.009
4444.59724 16.055 0.009
4455.56968 16.464 0.011
4457.57862 16.395 0.012
4460.53302 16.328 0.011
4463.59654 16.023 0.007
4467.57933 16.134 0.008
4470.57876 16.416 0.010
4476.60714 16.299 0.008
4481.60284 16.359 0.009
4483.63004 16.379 0.010
4485.61495 16.408 0.011
4488.61211 16.200 0.011
4492.60228 16.247 0.009
4609.93185 16.104 0.009
4643.91597 15.995 0.008
4652.94007 16.441 0.010
4655.89817 16.250 0.008
4661.91195 16.363 0.009
4662.83557 16.006 0.007
4662.93341 16.025 0.007
4663.78426 16.350 0.010
4665.85740 16.367 0.011
4670.93933 16.219 0.009
4671.83579 16.408 0.009
4673.93786 16.465 0.011
4677.85523 16.356 0.008
4682.82959 16.345 0.009
4684.86761 16.386 0.009
4686.82755 16.388 0.008
4688.84377 16.390 0.008
4690.76916 16.386 0.008
4691.77245 16.172 0.008
4694.81873 16.519 0.014
4697.76309 16.282 0.011
4699.78412 16.306 0.009
4703.78487 16.370 0.010
4707.82861 16.385 0.008
4709.75941 16.403 0.008
4715.76797 16.452 0.010
4717.72257 16.368 0.008
4720.70148 16.333 0.009
4722.71667 16.364 0.009
4725.72188 16.100 0.008
4730.71244 16.421 0.008
4730.77520 16.430 0.008
4733.74740 16.255 0.008
4740.68994 15.992 0.007
4743.68668 16.392 0.009
4748.67543 16.170 0.007
4754.63385 16.238 0.009
4756.64343 16.288 0.009
4758.62364 16.321 0.008
4760.61030 16.344 0.008
4762.60009 16.360 0.009
4767.63571 16.157 0.008
4770.68398 16.457 0.012
4772.62138 16.477 0.009
4776.56865 16.407 0.010
4778.56999 16.173 0.007
4780.56725 15.983 0.008
4782.54015 16.004 0.008
4783.60173 16.378 0.010
4789.56787 16.416 0.009
4791.54943 16.442 0.011
4793.55677 16.479 0.010
4795.56970 16.384 0.008
4797.56186 16.157 0.008
4801.52632 16.003 0.007
4802.61377 16.394 0.009
4803.58567 16.100 0.007
4805.52068 16.146 0.012
4807.54741 16.175 0.009
4809.57262 16.214 0.009
4811.59448 16.254 0.009
4814.55237 16.381 0.010
4816.55446 16.146 0.007
4818.56847 15.991 0.007
4820.54648 16.049 0.007
4822.60321 16.120 0.007
4824.58803 16.143 0.008
4831.55970 16.473 0.010
4833.58752 16.279 0.008
4835.61027 15.993 0.007
4839.61329 16.088 0.009
4842.57997 16.395 0.011
4844.59044 16.410 0.010
4862.58889 16.164 0.008
