2086.89971 16.091 0.008
2103.90643 16.723 0.009
2105.93657 16.783 0.012
2106.90218 16.394 0.010
2112.85456 15.995 0.008
2116.88230 16.776 0.011
2123.82923 16.107 0.008
2128.83670 16.485 0.011
2129.86869 16.804 0.012
2130.85510 16.416 0.009
2131.84916 16.727 0.013
2132.81695 16.310 0.010
2133.90577 16.659 0.013
2134.82124 16.219 0.009
2135.85527 16.641 0.010
2137.90211 16.596 0.012
2140.82253 16.713 0.010
2142.76206 16.740 0.011
2143.82757 16.398 0.009
2144.83426 16.691 0.010
2155.88975 16.784 0.017
2156.83639 16.393 0.010
2160.76576 16.123 0.008
2162.77260 15.969 0.008
2166.76716 16.779 0.010
2167.77563 16.423 0.009
2168.72483 16.698 0.011
2172.75738 16.649 0.010
2177.65084 16.782 0.012
2184.71246 16.168 0.009
2185.67596 16.607 0.012
2186.70081 16.036 0.009
2187.69597 16.570 0.011
2190.70257 16.780 0.013
2191.67311 16.421 0.009
2192.67324 16.739 0.010
2193.69431 16.361 0.008
2194.66445 16.668 0.010
2203.56091 16.734 0.012
2206.61720 16.308 0.011
2211.65131 16.599 0.011
2212.65515 16.049 0.008
2213.66095 16.538 0.011
2214.65214 16.742 0.014
2215.65913 16.442 0.013
2217.64583 16.394 0.011
2219.68870 16.329 0.011
2222.73726 16.637 0.013
2224.72356 16.605 0.010
2226.64645 16.531 0.013
2228.56834 16.402 0.010
2229.62662 16.755 0.012
2231.65327 16.652 0.012
2232.52003 16.196 0.009
2233.62342 16.659 0.011
2235.67352 16.651 0.010
2238.55709 16.707 0.012
2240.66138 16.773 0.012
2242.62891 16.710 0.014
2248.61823 16.603 0.010
2250.58688 16.550 0.010
2253.58057 16.790 0.011
2255.61721 16.722 0.012
2258.58349 16.210 0.007
2263.59425 16.526 0.010
2266.58010 16.754 0.013
2271.57463 16.178 0.008
2273.57395 16.018 0.008
2275.60888 16.141 0.008
2276.56847 16.511 0.013
2278.60108 16.444 0.010
2280.59687 16.364 0.010
2284.59975 16.176 0.009
2290.61373 16.794 0.012
2293.57603 16.364 0.010
2295.56892 16.233 0.009
2297.57225 16.130 0.009
2299.57134 16.005 0.008
2445.92217 16.515 0.011
2460.89006 16.405 0.012
2463.92636 16.681 0.011
2467.91215 16.601 0.011
2469.91151 16.554 0.010
2471.90098 16.462 0.010
2472.93041 16.780 0.009
2473.91727 16.411 0.008
2481.91461 16.093 0.009
2483.89985 16.781 0.011
2486.89686 16.401 0.011
2488.89076 16.287 0.011
2488.89511 16.293 0.011
2489.93422 16.645 0.012
2492.91459 16.019 0.008
2496.91424 16.769 0.012
2497.93768 16.465 0.012
2498.78493 16.688 0.011
2499.87059 16.349 0.009
2500.87612 16.676 0.011
2501.86509 16.240 0.008
2502.84526 16.643 0.013
2508.75658 16.441 0.013
2516.78783 16.013 0.008
2517.83458 16.602 0.011
2518.80600 16.257 0.009
2519.84292 16.552 0.010
2520.80231 16.777 0.013
2521.83440 16.464 0.009
2524.83271 16.670 0.013
2526.78890 16.635 0.009
2534.84525 16.463 0.011
2535.82544 16.754 0.012
2537.71322 16.644 0.013
2538.80922 16.264 0.010
2539.71202 16.644 0.011
2540.75390 16.116 0.010
2541.72390 16.609 0.011
2542.69369 16.254 0.009
2544.67323 16.790 0.011
2545.68728 16.452 0.009
2547.70527 16.367 0.010
2548.72273 16.695 0.011
2550.71787 16.645 0.011
2551.70447 16.165 0.008
2552.72052 16.638 0.010
2554.71370 16.576 0.010
2555.72165 16.255 0.008
2556.70066 16.525 0.009
2557.71319 16.771 0.010
2558.66968 16.431 0.010
2559.62658 16.716 0.011
2560.65965 16.337 0.009
2562.67807 16.253 0.009
2563.68603 16.645 0.011
2564.70141 16.141 0.008
2565.69133 16.609 0.011
2566.67163 15.971 0.008
2568.70262 16.496 0.012
2571.65626 16.407 0.011
2573.66869 16.348 0.012
2574.65253 16.658 0.010
2576.68673 16.654 0.012
2577.63939 16.044 0.009
2578.63949 16.595 0.011
2579.64613 16.043 0.009
2580.65825 16.533 0.010
2583.62956 16.770 0.014
2584.63694 16.372 0.010
2586.63580 16.299 0.008
2587.61956 16.643 0.011
2588.72994 16.245 0.009
2589.61041 16.625 0.011
2590.62464 16.024 0.009
2591.64775 16.607 0.011
2593.61677 16.523 0.010
2594.62053 16.790 0.015
2596.59606 16.732 0.014
2597.58324 16.352 0.010
2598.66376 16.693 0.012
2599.61655 16.281 0.010
2607.63779 16.749 0.015
2610.55754 16.329 0.010
2613.55130 16.638 0.012
2615.58018 16.609 0.011
2619.56783 16.486 0.011
2621.57693 16.414 0.011
2625.55945 16.207 0.011
2632.55842 16.450 0.010
2636.55439 16.287 0.010
2639.55408 16.624 0.011
2642.56364 16.373 0.011
2646.57566 16.735 0.012
2651.54854 16.124 0.010
2654.56959 16.572 0.013
2657.56839 16.787 0.014
2660.57192 16.356 0.011
2671.56183 16.408 0.010
2673.57362 16.360 0.012
2676.53501 16.618 0.012
2679.54942 16.014 0.008
2682.55155 16.496 0.012
2777.91402 16.395 0.012
2804.88096 16.682 0.013
2811.91542 16.495 0.013
2814.95109 16.444 0.014
2817.93759 16.669 0.013
2830.91470 16.661 0.013
2831.79244 16.125 0.009
2832.75842 16.594 0.012
2832.93634 16.638 0.011
2833.87633 16.040 0.009
2835.88499 16.058 0.008
2837.88602 16.737 0.017
2838.94323 16.474 0.014
2840.83597 16.357 0.011
2843.83739 16.651 0.011
2844.88320 16.186 0.008
2845.92923 16.644 0.012
2849.86663 16.508 0.011
2850.89940 16.741 0.016
2851.94296 16.505 0.014
2852.81361 16.729 0.013
2854.83935 16.664 0.011
2856.82630 16.629 0.014
2858.92033 16.625 0.010
2860.88635 16.588 0.010
2861.75751 16.755 0.011
2862.93654 16.537 0.014
2863.84572 16.786 0.016
2865.84257 16.746 0.015
2866.89225 16.369 0.010
2867.83977 16.667 0.012
2870.82654 16.091 0.008
2871.86945 16.616 0.011
2875.81580 16.470 0.011
2876.78671 16.761 0.012
2879.75021 16.267 0.008
2883.83637 16.068 0.008
2885.77120 16.396 0.009
2888.81948 16.455 0.011
2892.81087 16.284 0.010
2894.74001 16.106 0.008
2896.73709 15.987 0.008
2898.75809 16.570 0.010
2900.75694 16.776 0.010
2902.75647 16.719 0.010
2905.76363 16.251 0.009
2907.76504 16.102 0.008
2909.75414 16.000 0.006
2911.74551 16.676 0.010
2915.71700 16.696 0.011
2917.74309 16.654 0.010
2921.74621 16.601 0.010
2923.76279 16.535 0.011
2925.72578 16.444 0.009
2927.72329 16.365 0.010
2930.74137 16.655 0.011
2932.74790 16.638 0.011
2934.72770 16.585 0.010
2937.65170 16.790 0.013
2939.70436 16.730 0.012
2940.64447 16.325 0.008
2941.69431 16.667 0.010
2942.64444 16.222 0.009
2943.61566 16.627 0.012
2944.60026 16.040 0.008
2945.61706 16.598 0.014
2947.62654 16.539 0.011
2949.60779 16.449 0.010
2950.65258 16.784 0.011
2951.63977 16.398 0.010
2952.66871 16.706 0.012
2954.69358 16.650 0.013
2956.63957 16.628 0.010
2958.63396 16.585 0.011
2961.60509 16.782 0.016
2965.64347 16.676 0.011
2968.60485 16.157 0.009
2970.62410 16.001 0.008
2972.60856 16.490 0.010
2974.63014 16.781 0.011
2976.55899 16.686 0.012
2978.58514 16.673 0.013
2980.60200 16.630 0.013
2982.54719 16.603 0.011
2984.63816 16.586 0.011
2986.64821 16.519 0.011
2988.54212 16.375 0.010
2991.61365 16.679 0.011
2994.59640 16.078 0.008
2997.56944 16.528 0.010
3001.58463 16.398 0.009
3005.54270 16.149 0.009
3008.56901 16.588 0.012
3011.57240 16.787 0.016
3016.59908 16.301 0.011
3018.58551 16.193 0.008
3020.61359 16.050 0.008
3021.62639 16.596 0.009
3023.58232 16.527 0.010
3025.58873 16.440 0.009
3027.61431 16.370 0.009
3029.58619 16.288 0.009
3031.59078 16.153 0.008
3033.59310 16.003 0.008
3037.54015 16.791 0.014
3164.94055 16.571 0.012
3183.92251 16.366 0.010
3193.89029 16.788 0.014
3196.86243 16.310 0.008
3197.92494 16.686 0.011
3199.92919 16.627 0.013
3201.88237 16.562 0.008
3203.89033 16.563 0.009
3206.82816 16.751 0.013
3210.90422 16.657 0.010
3211.89561 16.208 0.008
3215.67175 16.766 0.014
3216.73978 16.477 0.012
3217.94025 16.685 0.014
3218.93031 16.473 0.013
3222.87237 16.298 0.010
3223.84574 16.643 0.012
3226.83599 15.999 0.008
3229.84314 16.496 0.008
3231.82525 16.433 0.012
3239.80365 16.037 0.008
3240.80089 16.529 0.011
3241.82523 16.663 0.012
3242.72460 16.434 0.010
3243.86102 16.786 0.012
3244.83825 16.417 0.010
3245.78735 16.699 0.012
3247.77356 16.656 0.011
3249.73825 16.623 0.011
3251.75176 16.577 0.009
3254.73889 16.787 0.010
3257.75534 16.362 0.008
3259.67449 16.212 0.008
3261.71257 16.092 0.008
3263.69528 16.025 0.007
3265.72968 16.633 0.009
3267.71849 16.779 0.010
3269.81242 16.725 0.013
3270.75177 16.362 0.009
3271.67459 16.671 0.011
3272.73182 16.235 0.008
3274.71765 16.092 0.008
3276.72210 16.044 0.008
3277.76086 16.560 0.010
3279.69246 16.452 0.008
3281.65118 16.392 0.008
3283.65268 16.270 0.008
3287.61884 15.985 0.008
3289.62995 16.592 0.009
3293.60668 16.703 0.009
3295.62551 16.669 0.008
3297.60732 16.612 0.008
3299.66366 16.606 0.008
3301.63787 16.551 0.012
3303.70014 16.501 0.011
3306.63267 16.740 0.008
3308.62043 16.664 0.012
3310.61952 16.640 0.011
3314.57437 16.537 0.012
3320.61225 16.302 0.008
3323.55573 16.611 0.010
3327.56722 16.516 0.010
3330.56146 16.704 0.012
3335.60630 16.152 0.009
3349.60620 16.617 0.009
3353.58535 16.508 0.009
3359.56187 16.210 0.008
3363.56922 16.087 0.008
3367.62855 16.780 0.012
3372.55929 16.179 0.008
3376.53862 16.405 0.008
3378.60554 16.736 0.011
3386.57203 16.632 0.009
3390.58558 16.527 0.011
3398.56735 16.130 0.008
3402.55577 16.598 0.008
3541.94064 16.192 0.008
3547.92522 16.784 0.011
3554.93343 16.154 0.008
3561.85763 16.404 0.008
3564.91771 16.661 0.009
3568.84856 16.584 0.009
3570.82011 16.534 0.011
3571.81161 16.773 0.015
3573.85730 16.775 0.013
3574.88814 16.408 0.009
3577.84674 16.666 0.010
3578.90531 16.206 0.008
3579.81017 16.603 0.009
3581.85511 16.576 0.011
3581.87966 16.575 0.010
3582.83996 16.380 0.009
3583.84999 16.528 0.008
3586.81872 16.742 0.009
3588.83658 16.686 0.009
3589.83150 16.228 0.008
3591.88423 16.167 0.007
3593.87051 16.028 0.008
3596.90222 16.537 0.008
3601.81983 16.674 0.011
3607.82527 16.553 0.009
3614.79664 16.661 0.008
3617.77908 16.036 0.007
3619.70906 16.588 0.009
3621.72752 16.794 0.009
3624.87581 16.394 0.010
3626.72520 16.238 0.008
3629.67882 16.597 0.012
3631.74119 16.550 0.010
3633.71746 16.496 0.010
3637.66044 16.301 0.008
3639.71050 16.212 0.007
3641.70704 16.070 0.008
3643.73143 16.001 0.007
3646.67056 16.456 0.009
3650.66963 16.274 0.008
3650.69369 16.295 0.008
3651.74360 16.620 0.009
3653.73978 16.626 0.010
3655.70593 16.588 0.009
3657.65963 16.500 0.008
3658.67176 16.783 0.011
3659.65183 16.424 0.010
3660.67934 16.751 0.012
3665.64651 16.125 0.008
3668.58285 16.539 0.009
3669.71372 16.329 0.008
3671.64250 16.787 0.010
3673.68460 16.712 0.011
3675.66919 16.670 0.009
3681.65270 16.545 0.011
3683.65853 16.463 0.008
3685.66369 16.404 0.008
3687.66396 16.328 0.008
3689.61552 16.161 0.008
3692.58651 16.566 0.010
3694.57050 16.505 0.009
3696.57106 16.444 0.008
3698.60472 16.389 0.011
3700.61472 16.277 0.009
3702.59497 16.146 0.008
3704.60125 16.016 0.008
3706.62171 16.389 0.008
3708.59864 16.776 0.011
3711.60115 16.340 0.009
3714.53488 16.645 0.012
3718.61542 16.581 0.013
3721.56903 16.783 0.011
3724.57404 16.341 0.008
3726.59454 16.244 0.008
3728.56769 16.076 0.008
3734.57112 16.770 0.011
3737.58682 16.323 0.008
3742.54545 16.563 0.012
3746.57070 16.456 0.011
3751.55063 16.641 0.015
3756.56336 16.393 0.010
3761.61359 16.377 0.010
3766.53846 16.612 0.010
3772.56129 16.433 0.010
3776.56136 16.260 0.008
3871.88727 16.104 0.010
3901.94977 16.747 0.015
3906.95003 16.316 0.011
3913.92808 16.517 0.008
3918.89047 16.678 0.009
3931.92577 16.685 0.011
3934.86881 16.070 0.007
3936.87699 16.033 0.008
3938.86100 16.717 0.011
3944.90840 16.676 0.009
3946.87650 16.663 0.009
3951.89575 16.734 0.011
3955.86091 16.700 0.014
3958.84640 16.158 0.008
3960.83755 16.011 0.007
3963.83429 16.488 0.011
3965.82610 16.426 0.008
3967.86849 16.362 0.008
3969.81167 16.245 0.008
3971.78783 16.075 0.007
3974.78955 16.544 0.009
3979.75079 16.660 0.009
3980.62828 16.235 0.009
3981.65454 16.642 0.009
3983.84488 16.655 0.011
3987.79339 16.532 0.009
3990.80071 16.777 0.009
3993.74556 16.267 0.008
3995.75077 16.130 0.007
3999.76013 16.486 0.008
4002.73223 16.411 0.008
4004.68398 16.310 0.008
4006.71024 16.223 0.008
4007.57361 16.615 0.009
4008.58259 15.979 0.007
4009.75243 16.611 0.009
4013.70910 16.458 0.009
4016.70370 16.704 0.009
4019.70107 16.189 0.008
4021.68785 16.035 0.007
4026.64020 16.421 0.008
4028.63616 16.344 0.008
4030.64872 16.270 0.008
4037.67700 16.503 0.008
4039.61489 16.414 0.008
4041.61449 16.321 0.009
4046.60947 16.600 0.011
4050.61754 16.463 0.008
4056.59586 16.192 0.008
4058.62941 16.059 0.008
4060.52825 16.594 0.010
4064.52592 16.715 0.009
4066.56739 16.676 0.010
4069.52574 16.092 0.008
4073.60931 16.382 0.009
4077.53269 16.693 0.010
4079.53465 16.662 0.011
4082.53456 16.067 0.008
4085.57228 16.531 0.009
4092.56836 16.673 0.009
4096.59432 16.626 0.010
4100.59710 16.506 0.010
4105.56495 16.685 0.011
4108.54116 16.028 0.007
4113.61909 16.489 0.009
4120.58992 16.621 0.008
4132.57311 16.160 0.009
4252.93706 16.607 0.014
4255.85634 16.788 0.014
4268.90906 16.756 0.012
4275.93116 16.180 0.010
4279.82785 16.679 0.015
4282.81939 16.403 0.010
4283.87233 16.725 0.013
4285.92664 16.676 0.013
4291.94744 16.577 0.014
4292.86597 16.632 0.010
4295.87000 16.394 0.009
4296.89973 16.721 0.011
4297.93261 16.352 0.008
4299.86745 16.210 0.008
4300.88894 16.629 0.010
4301.90693 16.113 0.008
4302.92856 16.611 0.012
4306.92569 16.506 0.010
4307.90742 16.781 0.010
4308.66857 16.288 0.010
4308.87659 16.389 0.009
4310.84891 16.301 0.010
4311.83647 16.651 0.014
4312.91033 16.230 0.008
4314.92979 16.115 0.009
4316.83634 16.312 0.009
4319.87350 16.477 0.010
4326.84428 16.606 0.011
4327.82334 15.992 0.008
4328.83899 16.599 0.011
4329.84068 16.435 0.010
4330.86979 16.525 0.009
4333.87106 16.733 0.012
4338.91140 16.192 0.010
4340.78388 16.016 0.008
4341.77904 16.546 0.011
4342.83495 16.564 0.012
4343.77254 16.465 0.010
4359.70987 16.654 0.010
4361.71244 16.625 0.012
4364.59417 16.400 0.012
4367.69170 16.466 0.011
4370.68337 16.687 0.012
4376.66219 16.590 0.011
4378.62876 16.511 0.010
4379.65673 16.765 0.016
4380.76961 16.519 0.010
4382.69700 16.409 0.009
4386.67209 16.182 0.009
4388.67258 16.023 0.008
4390.68157 16.225 0.008
4393.65536 16.428 0.010
4395.69026 16.374 0.010
4398.65570 16.648 0.012
4400.67854 16.615 0.014
4403.70437 16.274 0.009
4407.64444 16.729 0.012
4408.69063 16.367 0.010
4410.71355 16.274 0.009
4415.69771 16.574 0.012
4418.60435 16.764 0.011
4422.66558 16.678 0.011
4424.66266 16.628 0.011
4427.54935 16.475 0.011
4429.59215 16.764 0.016
4431.57979 16.742 0.012
4433.58561 16.665 0.012
4435.57390 16.652 0.011
4437.66299 16.639 0.013
4439.57488 16.538 0.012
4441.61072 16.517 0.011
4443.60142 16.442 0.010
4449.65550 16.192 0.008
4451.61058 15.988 0.008
4453.59255 16.551 0.011
4456.59396 16.444 0.011
4459.54653 16.653 0.012
4464.58619 16.008 0.008
4465.55216 16.535 0.010
4470.57110 16.709 0.012
4474.60758 16.609 0.012
4476.58575 16.589 0.010
4479.61051 16.653 0.013
4481.59520 16.792 0.013
4484.61189 16.311 0.012
4487.63339 16.615 0.015
4609.90676 16.665 0.013
4643.89140 16.626 0.012
4649.94157 16.456 0.011
4655.93811 16.177 0.008
4661.90477 16.780 0.011
4662.78746 16.373 0.008
4662.90441 16.419 0.009
4663.75915 16.667 0.012
4663.94303 16.730 0.014
4665.83211 16.653 0.013
4665.92607 16.681 0.012
4666.91992 16.248 0.010
4670.91433 15.967 0.008
4671.82857 16.526 0.010
4672.88832 16.645 0.013
4675.90592 16.421 0.010
4681.88566 16.079 0.008
4683.88090 16.037 0.008
4685.86698 16.757 0.011
4688.81835 16.356 0.009
4690.74389 16.210 0.008
4691.74680 16.622 0.012
4693.90187 16.643 0.013
4696.87544 16.184 0.010
4698.76359 16.789 0.011
4699.75759 16.382 0.009
4700.79510 16.723 0.010
4703.75952 16.220 0.008
4704.77836 16.663 0.010
4705.78558 16.113 0.009
4707.77826 16.006 0.007
4710.76250 16.470 0.009
4716.76398 16.188 0.008
4719.77187 16.623 0.011
4721.76287 16.513 0.013
4726.67047 16.660 0.012
4729.68150 16.108 0.009
4731.77170 16.018 0.007
4739.66011 16.676 0.012
4741.68137 16.621 0.009
4747.60124 16.441 0.010
4749.60086 16.401 0.011
4755.66391 16.041 0.008
4757.64840 16.384 0.009
4759.66097 16.771 0.011
4761.63125 16.758 0.009
4763.64390 16.653 0.012
4766.61211 16.074 0.008
4771.56126 16.468 0.012
4773.68608 16.490 0.010
4775.67294 16.344 0.010
4779.64224 16.160 0.008
4783.57581 16.742 0.011
4785.60692 16.766 0.013
4789.54231 16.651 0.011
4790.62453 16.220 0.008
4791.62280 16.641 0.009
4793.52698 16.574 0.010
4795.54401 16.504 0.009
4797.53620 16.413 0.010
4800.64681 16.689 0.011
4803.53809 16.110 0.008
4804.58832 16.618 0.012
4806.59732 16.625 0.011
4808.55555 16.521 0.011
4810.56598 16.412 0.009
4813.60536 16.676 0.012
4815.58155 16.662 0.013
4817.59801 16.619 0.010
4819.59764 16.567 0.010
4821.63955 16.527 0.009
4823.60034 16.440 0.010
4833.56113 16.691 0.010
4835.58373 16.758 0.014
4839.60526 16.656 0.013
4842.57233 16.078 0.009
4844.58286 16.003 0.008
4849.59694 16.445 0.009
4853.59442 16.239 0.008
4856.58836 16.607 0.010
4865.56146 16.649 0.011
