2086.89971 16.730 0.013
2103.90643 16.705 0.010
2105.93657 16.718 0.011
2106.90218 16.526 0.011
2112.85456 16.572 0.009
2116.88230 16.633 0.010
2123.82923 16.454 0.010
2128.83670 16.732 0.013
2129.86869 16.539 0.010
2130.85510 16.773 0.012
2131.84916 16.571 0.012
2132.81695 16.755 0.014
2133.90577 16.612 0.013
2134.82124 16.781 0.014
2135.85527 16.643 0.011
2137.90211 16.660 0.013
2140.82253 16.505 0.009
2142.76206 16.482 0.009
2143.82757 16.679 0.011
2144.83426 16.473 0.009
2155.88975 16.709 0.016
2156.83639 16.593 0.012
2160.76576 16.638 0.012
2162.77260 16.674 0.011
2166.76716 16.710 0.010
2167.77563 16.499 0.010
2168.72483 16.691 0.011
2172.75738 16.730 0.011
2177.65084 16.593 0.011
2184.71246 16.495 0.011
2185.67596 16.688 0.013
2186.70081 16.487 0.013
2187.69597 16.697 0.013
2190.70257 16.496 0.011
2191.67311 16.742 0.011
2192.67324 16.519 0.009
2193.69431 16.733 0.010
2194.66445 16.547 0.010
2203.56091 16.742 0.012
2206.61720 16.701 0.014
2211.65131 16.486 0.010
2212.65515 16.719 0.012
2213.66095 16.499 0.011
2214.65214 16.734 0.014
2215.65913 16.557 0.015
2217.64583 16.589 0.012
2219.68870 16.619 0.013
2222.73726 16.593 0.013
2224.72356 16.483 0.010
2226.64645 16.503 0.013
2228.56834 16.483 0.011
2229.62662 16.694 0.012
2231.65327 16.737 0.013
2232.52003 16.455 0.011
2233.62342 16.715 0.011
2235.67352 16.723 0.010
2238.55709 16.566 0.011
2240.66138 16.634 0.011
2242.62891 16.626 0.013
2248.61823 16.695 0.010
2250.58688 16.677 0.011
2253.58057 16.482 0.009
2255.61721 16.521 0.011
2258.58349 16.737 0.009
2263.59425 16.620 0.011
2266.58010 16.570 0.012
2271.57463 16.683 0.012
2273.57395 16.702 0.014
2275.60888 16.734 0.013
2276.56847 16.528 0.014
2278.60108 16.585 0.011
2280.59687 16.577 0.012
2284.59975 16.627 0.012
2290.61373 16.699 0.012
2293.57603 16.494 0.011
2295.56892 16.500 0.010
2297.57225 16.552 0.012
2299.57134 16.555 0.012
2460.89006 16.699 0.015
2463.92636 16.651 0.011
2467.91215 16.692 0.012
2469.91151 16.691 0.012
2471.90098 16.690 0.012
2472.93041 16.506 0.008
2473.91727 16.743 0.009
2481.91461 16.619 0.013
2483.89985 16.559 0.010
2486.89686 16.667 0.014
2488.89076 16.687 0.014
2488.89511 16.686 0.014
2489.93422 16.498 0.011
2492.91459 16.741 0.013
2496.91424 16.750 0.012
2497.93768 16.599 0.013
2498.78493 16.757 0.012
2499.87059 16.581 0.011
2500.87612 16.729 0.011
2501.86509 16.607 0.010
2502.84526 16.692 0.014
2508.75658 16.501 0.014
2516.78783 16.526 0.012
2517.83458 16.763 0.012
2518.80600 16.548 0.012
2519.84292 16.765 0.011
2520.80231 16.566 0.012
2521.83440 16.724 0.011
2524.83271 16.626 0.014
2526.78890 16.649 0.010
2534.84525 16.703 0.013
2535.82544 16.533 0.011
2537.71322 16.511 0.012
2538.80922 16.744 0.014
2539.71202 16.539 0.011
2540.75390 16.734 0.015
2541.72390 16.543 0.011
2542.69369 16.758 0.012
2544.67323 16.748 0.011
2545.68728 16.618 0.011
2547.70527 16.645 0.012
2548.72273 16.541 0.010
2550.71787 16.461 0.011
2551.70447 16.687 0.011
2552.72052 16.446 0.009
2554.71370 16.466 0.010
2555.72165 16.695 0.011
2556.70066 16.486 0.009
2557.71319 16.716 0.010
2558.66968 16.514 0.010
2559.62658 16.736 0.012
2560.65965 16.541 0.010
2562.67807 16.555 0.011
2563.68603 16.758 0.012
2564.70141 16.611 0.012
2565.69133 16.747 0.013
2566.67163 16.622 0.011
2568.70262 16.657 0.013
2571.65626 16.494 0.012
2573.66869 16.451 0.013
2574.65253 16.684 0.011
2576.68673 16.708 0.013
2577.63939 16.498 0.013
2578.63949 16.704 0.012
2579.64613 16.529 0.012
2580.65825 16.723 0.011
2583.62956 16.560 0.012
2584.63694 16.769 0.013
2586.63580 16.752 0.011
2587.61956 16.621 0.012
2588.72994 16.586 0.011
2589.61041 16.635 0.011
2590.62464 16.599 0.014
2591.64775 16.670 0.012
2593.61677 16.698 0.012
2594.62053 16.456 0.013
2596.59606 16.472 0.012
2597.58324 16.715 0.014
2598.66376 16.508 0.011
2599.61655 16.713 0.014
2610.55754 16.626 0.012
2613.55130 16.533 0.011
2615.58018 16.457 0.010
2619.56783 16.499 0.011
2621.57693 16.516 0.012
2625.55945 16.589 0.018
2632.55842 16.606 0.011
2636.55439 16.458 0.011
2639.55408 16.724 0.012
2642.56364 16.555 0.013
2646.57566 16.578 0.011
2651.54854 16.667 0.015
2654.56959 16.670 0.014
2657.56839 16.426 0.011
2660.57192 16.755 0.015
2777.91402 16.527 0.013
2804.88096 16.583 0.013
2811.91542 16.450 0.013
2814.95109 16.694 0.018
2817.93759 16.517 0.012
2830.91470 16.479 0.012
2831.79244 16.645 0.014
2832.75842 16.496 0.012
2832.93634 16.447 0.010
2833.87633 16.698 0.014
2835.88499 16.695 0.012
2837.88602 16.732 0.018
2838.94323 16.567 0.016
2840.83597 16.524 0.012
2843.83739 16.749 0.012
2844.88320 16.600 0.011
2845.92923 16.702 0.014
2850.89940 16.612 0.015
2851.94296 16.439 0.014
2852.81361 16.653 0.013
2856.82630 16.687 0.015
2858.92033 16.716 0.011
2860.88635 16.729 0.012
2861.75751 16.529 0.010
2862.93654 16.786 0.017
2863.84572 16.583 0.014
2865.84257 16.571 0.013
2866.89225 16.689 0.013
2867.83977 16.611 0.012
2870.82654 16.581 0.011
2871.86945 16.653 0.012
2875.81580 16.667 0.013
2876.78671 16.445 0.010
2879.75021 16.707 0.011
2883.83637 16.748 0.011
2885.77120 16.753 0.012
2888.81948 16.613 0.013
2892.81087 16.660 0.014
2894.74001 16.653 0.012
2896.73709 16.677 0.011
2898.75809 16.691 0.011
2900.75694 16.714 0.010
2902.75647 16.733 0.011
2905.76363 16.552 0.011
2907.76504 16.571 0.010
2909.75414 16.620 0.008
2911.74551 16.629 0.010
2915.71700 16.657 0.011
2917.74309 16.698 0.011
2921.74621 16.713 0.012
2923.76279 16.738 0.013
2925.72578 16.738 0.011
2927.72329 16.763 0.014
2930.74137 16.637 0.012
2932.74790 16.661 0.011
2934.72770 16.650 0.011
2937.65170 16.482 0.011
2939.70436 16.455 0.010
2940.64447 16.667 0.010
2941.69431 16.469 0.009
2942.64444 16.724 0.012
2943.61566 16.499 0.011
2944.60026 16.713 0.012
2945.61706 16.540 0.013
2947.62654 16.550 0.012
2949.60779 16.569 0.011
2950.65258 16.767 0.011
2951.63977 16.583 0.012
2952.66871 16.735 0.013
2954.69358 16.593 0.013
2956.63957 16.546 0.010
2958.63396 16.463 0.010
2961.60509 16.693 0.015
2965.64347 16.709 0.013
2968.60485 16.557 0.011
2970.62410 16.571 0.011
2972.60856 16.606 0.012
2974.63014 16.628 0.011
2976.55899 16.657 0.013
2978.58514 16.673 0.013
2980.60200 16.715 0.014
2982.54719 16.691 0.012
2984.63816 16.734 0.013
2986.64821 16.735 0.013
2988.54212 16.726 0.013
2991.61365 16.574 0.011
2994.59640 16.720 0.012
2997.56944 16.648 0.011
3001.58463 16.680 0.011
3005.54270 16.712 0.013
3008.56901 16.555 0.012
3011.57240 16.785 0.016
3016.59908 16.628 0.013
3018.58551 16.677 0.010
3020.61359 16.708 0.013
3023.58232 16.473 0.010
3025.58873 16.490 0.010
3037.54015 16.651 0.013
3164.94055 16.538 0.012
3183.92251 16.535 0.012
3193.89029 16.642 0.013
3196.86243 16.509 0.009
3197.92494 16.688 0.012
3199.92919 16.685 0.014
3201.88237 16.640 0.009
3203.89033 16.699 0.010
3206.82816 16.542 0.012
3210.90422 16.594 0.010
3211.89561 16.736 0.012
3215.67175 16.747 0.015
3216.73978 16.632 0.014
3217.94025 16.431 0.012
3218.93031 16.698 0.016
3222.87237 16.708 0.013
3223.84574 16.517 0.011
3226.83599 16.726 0.013
3240.80089 16.443 0.011
3241.82523 16.723 0.013
3242.72460 16.438 0.010
3243.86102 16.657 0.012
3245.78735 16.703 0.012
3247.77356 16.714 0.012
3249.73825 16.718 0.012
3251.75176 16.768 0.010
3254.73889 16.599 0.010
3257.75534 16.620 0.009
3259.67449 16.600 0.011
3261.71257 16.483 0.009
3263.69528 16.444 0.008
3265.72968 16.493 0.009
3267.71849 16.519 0.009
3269.81242 16.527 0.012
3270.75177 16.766 0.012
3271.67459 16.544 0.010
3272.73182 16.764 0.011
3274.71765 16.766 0.013
3276.72210 16.726 0.012
3277.76086 16.585 0.010
3279.69246 16.623 0.010
3281.65118 16.654 0.010
3283.65268 16.679 0.009
3287.61884 16.675 0.011
3289.62995 16.728 0.011
3293.60668 16.708 0.010
3295.62551 16.774 0.009
3297.60732 16.730 0.009
3299.66366 16.629 0.008
3301.63787 16.560 0.013
3303.70014 16.471 0.011
3306.63267 16.689 0.008
3308.62043 16.709 0.012
3310.61952 16.709 0.011
3314.57437 16.783 0.015
3320.61225 16.659 0.010
3323.55573 16.669 0.011
3327.56722 16.713 0.012
3330.56146 16.506 0.011
3335.60630 16.789 0.014
3349.60620 16.486 0.008
3353.58535 16.548 0.009
3359.56187 16.606 0.011
3363.56922 16.649 0.011
3367.62855 16.713 0.011
3372.55929 16.520 0.009
3376.53862 16.577 0.010
3378.60554 16.597 0.011
3386.57203 16.668 0.010
3390.58558 16.727 0.016
3398.56735 16.780 0.012
3541.94064 16.450 0.009
3547.92522 16.502 0.009
3554.93343 16.767 0.012
3561.85763 16.637 0.009
3564.91771 16.451 0.008
3568.84856 16.486 0.009
3570.82011 16.540 0.012
3571.81161 16.710 0.015
3573.85730 16.751 0.013
3574.88814 16.569 0.010
3577.84674 16.752 0.011
3578.90531 16.637 0.009
3579.81017 16.710 0.010
3581.85511 16.563 0.011
3581.87966 16.527 0.010
3582.83996 16.668 0.011
3583.84999 16.457 0.008
3586.81872 16.700 0.009
3588.83658 16.715 0.010
3589.83150 16.498 0.009
3591.88423 16.537 0.008
3593.87051 16.588 0.011
3596.90222 16.743 0.010
3601.81983 16.658 0.011
3607.82527 16.684 0.010
3614.79664 16.561 0.008
3617.77908 16.755 0.010
3619.70906 16.774 0.010
3621.72752 16.723 0.010
3624.87581 16.684 0.012
3626.72520 16.642 0.010
3629.67882 16.454 0.011
3631.74119 16.503 0.010
3633.71746 16.509 0.011
3637.66044 16.569 0.010
3639.71050 16.580 0.008
3641.70704 16.635 0.010
3643.73143 16.638 0.009
3646.67056 16.539 0.010
3650.66963 16.461 0.009
3650.69369 16.466 0.009
3651.74360 16.671 0.009
3653.73978 16.764 0.011
3655.70593 16.729 0.010
3657.65963 16.726 0.010
3658.67176 16.560 0.010
3659.65183 16.752 0.013
3660.67934 16.591 0.011
3665.64651 16.673 0.011
3668.58285 16.665 0.010
3669.71372 16.449 0.009
3671.64250 16.464 0.009
3673.68460 16.501 0.010
3675.66919 16.544 0.009
3681.65270 16.636 0.012
3683.65853 16.621 0.009
3685.66369 16.658 0.009
3687.66396 16.657 0.011
3689.61552 16.664 0.011
3692.58651 16.445 0.009
3694.57050 16.478 0.010
3696.57106 16.500 0.009
3698.60472 16.547 0.013
3700.61472 16.572 0.011
3702.59497 16.575 0.010
3704.60125 16.603 0.010
3706.62171 16.641 0.009
3708.59864 16.693 0.011
3711.60115 16.451 0.010
3714.53488 16.673 0.013
3718.61542 16.738 0.014
3721.56903 16.552 0.010
3724.57404 16.787 0.011
3726.59454 16.705 0.012
3728.56769 16.627 0.012
3734.57112 16.465 0.010
3737.58682 16.733 0.011
3742.54545 16.574 0.013
3746.57070 16.612 0.012
3751.55063 16.520 0.014
3756.56336 16.711 0.013
3761.61359 16.550 0.011
3766.53846 16.778 0.011
3772.56129 16.467 0.010
3776.56136 16.471 0.010
3871.88727 16.505 0.014
3901.94977 16.727 0.015
3906.95003 16.689 0.015
3913.92808 16.497 0.008
3918.89047 16.759 0.010
3931.92577 16.690 0.011
3934.86881 16.505 0.008
3936.87699 16.542 0.009
3938.86100 16.550 0.010
3944.90840 16.636 0.009
3946.87650 16.650 0.009
3951.89575 16.472 0.009
3955.86091 16.532 0.013
3958.84640 16.753 0.012
3960.83755 16.757 0.010
3963.83429 16.618 0.013
3965.82610 16.620 0.008
3967.86849 16.635 0.009
3969.81167 16.679 0.010
3971.78783 16.679 0.010
3974.78955 16.479 0.009
3979.75079 16.740 0.011
3980.62828 16.529 0.011
3981.65454 16.721 0.010
3983.84488 16.749 0.012
3987.79339 16.614 0.010
3990.80071 16.672 0.009
3993.74556 16.466 0.010
3995.75077 16.460 0.008
3999.76013 16.540 0.009
4002.73223 16.736 0.009
4004.68398 16.759 0.009
4006.71024 16.770 0.009
4007.57361 16.589 0.010
4008.58259 16.770 0.010
4009.75243 16.652 0.010
4013.70910 16.674 0.011
4016.70370 16.452 0.008
4018.71041 16.515 0.009
4019.70107 16.682 0.011
4021.68785 16.744 0.010
4024.66132 16.556 0.009
4026.64020 16.569 0.009
4028.63616 16.608 0.009
4030.64872 16.617 0.011
4032.70080 16.682 0.012
4037.67700 16.461 0.008
4039.61489 16.472 0.009
4041.61449 16.517 0.011
4043.60016 16.526 0.011
4046.60947 16.773 0.013
4048.57540 16.785 0.013
4050.61754 16.743 0.010
4052.56963 16.687 0.011
4054.62377 16.521 0.010
4056.59586 16.467 0.010
4058.62941 16.454 0.009
4060.52825 16.479 0.010
4064.52592 16.517 0.008
4066.56739 16.565 0.010
4069.52574 16.759 0.012
4073.60931 16.590 0.010
4077.53269 16.492 0.009
4079.53465 16.476 0.010
4082.53456 16.735 0.011
4085.57228 16.550 0.009
4092.56836 16.699 0.009
4096.59432 16.494 0.010
4100.59710 16.463 0.010
4105.56495 16.738 0.012
4108.54116 16.539 0.008
4113.61909 16.627 0.011
4120.58992 16.675 0.009
4132.57311 16.770 0.015
4252.93706 16.472 0.013
4255.85634 16.669 0.013
4268.90906 16.605 0.011
4275.93116 16.466 0.012
4279.82785 16.497 0.014
4282.81939 16.727 0.013
4283.87233 16.552 0.012
4285.92664 16.592 0.012
4291.94744 16.679 0.015
4292.86597 16.552 0.010
4295.87000 16.690 0.011
4296.89973 16.454 0.010
4297.93261 16.693 0.010
4299.86745 16.701 0.010
4300.88894 16.526 0.010
4301.90693 16.733 0.010
4302.92856 16.572 0.012
4306.92569 16.602 0.011
4307.90742 16.756 0.010
4308.66857 16.557 0.012
4308.87659 16.612 0.011
4310.84891 16.625 0.012
4311.83647 16.631 0.014
4312.91033 16.663 0.010
4314.92979 16.684 0.013
4316.83634 16.671 0.012
4319.87350 16.496 0.011
4320.90037 16.717 0.014
4326.84428 16.775 0.013
4327.82334 16.603 0.013
4328.83899 16.770 0.012
4329.84068 16.604 0.011
4330.86979 16.678 0.010
4333.87106 16.675 0.013
4338.91140 16.506 0.012
4340.78388 16.454 0.010
4341.77904 16.692 0.013
4342.83495 16.522 0.012
4343.77254 16.712 0.012
4344.75468 16.514 0.010
4345.80065 16.743 0.011
4347.78957 16.757 0.012
4349.80275 16.777 0.011
4351.83001 16.717 0.012
4353.76306 16.667 0.012
4359.70987 16.446 0.009
4361.71244 16.478 0.011
4362.73726 16.684 0.013
4364.59417 16.707 0.015
4367.69170 16.532 0.011
4370.68337 16.772 0.013
4372.74680 16.731 0.011
4376.66219 16.644 0.011
4378.62876 16.581 0.011
4379.65673 16.695 0.015
4380.76961 16.467 0.010
4382.69700 16.463 0.010
4386.67209 16.516 0.011
4388.67258 16.545 0.010
4390.68157 16.565 0.010
4393.65536 16.783 0.012
4395.69026 16.672 0.012
4398.65570 16.648 0.012
4400.67854 16.664 0.015
4403.70437 16.485 0.011
4407.64444 16.525 0.011
4408.69063 16.745 0.013
4410.71355 16.789 0.012
4415.69771 16.634 0.012
4418.60435 16.642 0.010
4422.66558 16.453 0.009
4424.66266 16.472 0.010
4427.54935 16.702 0.013
4429.59215 16.731 0.016
4431.57979 16.745 0.013
4433.58561 16.773 0.013
4435.57390 16.755 0.012
4437.66299 16.648 0.013
4439.57488 16.656 0.013
4441.61072 16.512 0.011
4443.60142 16.463 0.011
4449.65550 16.555 0.011
4451.61058 16.543 0.010
4453.59255 16.577 0.012
4456.59396 16.765 0.014
4459.54653 16.639 0.012
4464.58619 16.460 0.009
4465.55216 16.692 0.012
4470.57110 16.536 0.011
4474.60758 16.585 0.012
4476.58575 16.616 0.011
4479.61051 16.626 0.013
4481.59520 16.515 0.011
4484.61189 16.696 0.015
4487.63339 16.499 0.014
4609.90676 16.560 0.012
4643.89140 16.464 0.011
4649.94157 16.550 0.012
4655.93811 16.634 0.010
4661.90477 16.695 0.011
4662.78746 16.448 0.009
4662.90441 16.462 0.009
4663.75915 16.700 0.013
4663.94303 16.707 0.014
4665.83211 16.703 0.013
4665.92607 16.712 0.013
4666.91992 16.538 0.012
4670.91433 16.577 0.010
4671.82857 16.770 0.012
4672.88832 16.609 0.014
4675.90592 16.674 0.012
4681.88566 16.447 0.008
4683.88090 16.465 0.009
4685.86698 16.496 0.010
4688.81835 16.731 0.011
4690.74389 16.735 0.011
4691.74680 16.530 0.011
4693.90187 16.594 0.012
4696.87544 16.643 0.013
4698.76359 16.691 0.011
4699.75759 16.627 0.011
4700.79510 16.539 0.010
4701.80031 16.679 0.012
4702.86044 16.444 0.011
4703.75952 16.670 0.011
4704.77836 16.451 0.009
4705.78558 16.725 0.014
4707.77826 16.703 0.009
4708.84649 16.538 0.010
4710.76250 16.519 0.009
4716.76398 16.589 0.010
4719.77187 16.650 0.012
4721.76287 16.578 0.014
4724.77481 16.674 0.011
4726.67047 16.689 0.013
4729.68150 16.513 0.012
4731.77170 16.528 0.009
4734.75402 16.765 0.011
4739.66011 16.607 0.012
4741.68137 16.646 0.009
4741.73467 16.643 0.010
4747.60124 16.690 0.012
4749.60086 16.720 0.014
4753.66996 16.724 0.014
4755.66391 16.749 0.012
4757.64840 16.770 0.012
4759.66097 16.763 0.011
4761.63125 16.705 0.009
4763.64390 16.604 0.013
4766.61211 16.682 0.013
4769.65023 16.495 0.012
4771.56126 16.492 0.013
4773.68608 16.534 0.010
4775.67294 16.562 0.012
4777.60665 16.557 0.011
4779.64224 16.650 0.011
4783.57581 16.620 0.011
4785.60692 16.653 0.012
4789.54231 16.701 0.012
4790.62453 16.483 0.008
4791.62280 16.706 0.010
4793.52698 16.714 0.012
4795.54401 16.720 0.011
4797.53620 16.760 0.013
4798.59948 16.617 0.012
4800.64681 16.616 0.010
4803.53809 16.760 0.012
4804.58832 16.646 0.013
4806.59732 16.666 0.012
4808.55555 16.697 0.013
4810.56598 16.697 0.011
4813.60536 16.481 0.011
4815.58155 16.545 0.012
4817.59801 16.561 0.010
4819.59764 16.601 0.010
4821.63955 16.612 0.009
4823.60034 16.591 0.012
4825.62877 16.657 0.012
4833.56113 16.716 0.011
4835.58373 16.770 0.015
4839.60526 16.776 0.014
4842.57233 16.604 0.013
4844.58286 16.635 0.010
4847.63711 16.489 0.013
4849.59694 16.465 0.010
4853.59442 16.490 0.009
4856.58836 16.734 0.012
4865.56146 16.624 0.011
