2090.91753 15.006 0.006
2105.91540 15.176 0.006
2106.88003 15.297 0.007
2113.86125 15.357 0.007
2116.86357 15.025 0.006
2123.81036 15.049 0.006
2128.81818 14.939 0.006
2129.85014 15.032 0.006
2130.88039 15.073 0.006
2131.86800 15.187 0.006
2132.79839 15.314 0.007
2133.88705 15.268 0.007
2135.83479 14.991 0.005
2136.85638 15.060 0.006
2137.84342 15.139 0.006
2140.80374 15.087 0.006
2141.83852 14.955 0.006
2142.77956 15.021 0.006
2143.81033 15.075 0.006
2144.86519 15.194 0.006
2155.87114 15.051 0.006
2156.81778 15.084 0.006
2160.74273 14.925 0.005
2162.75369 15.059 0.006
2166.74824 15.042 0.005
2167.79442 14.957 0.005
2171.73199 15.331 0.005
2172.73865 15.220 0.006
2173.71919 14.915 0.005
2177.61012 15.233 0.006
2184.69335 15.322 0.007
2185.65728 15.218 0.006
2187.71470 15.005 0.006
2188.72452 15.059 0.006
2190.68373 15.265 0.006
2191.69428 15.367 0.006
2192.65576 15.013 0.005
2193.67690 14.955 0.005
2194.64502 15.034 0.005
2195.71178 15.091 0.005
2200.62254 14.990 0.005
2201.65963 15.054 0.006
2203.71609 15.286 0.005
2206.59973 14.962 0.006
2211.63364 15.163 0.006
2212.63463 14.928 0.005
2213.64302 15.009 0.006
2214.62723 15.058 0.006
2215.64166 15.161 0.006
2217.62865 15.361 0.007
2219.67113 14.968 0.006
2224.70635 15.116 0.006
2226.62690 15.007 0.006
2228.55117 15.162 0.006
2229.60941 15.283 0.006
2231.56107 14.975 0.006
2233.60536 15.036 0.006
2235.65947 15.231 0.006
2238.53998 14.941 0.006
2240.64382 15.060 0.006
2242.61160 15.296 0.007
2245.52738 14.966 0.006
2248.59259 15.225 0.006
2250.56418 15.123 0.006
2252.61752 15.025 0.006
2255.59990 15.313 0.007
2257.61732 14.925 0.005
2262.60793 15.350 0.006
2266.59737 15.069 0.006
2272.57498 15.045 0.006
2274.56058 15.251 0.007
2277.59564 14.943 0.005
2283.59251 14.924 0.005
2290.59160 14.950 0.005
2292.60457 15.076 0.006
2294.60111 15.337 0.007
2296.56729 14.926 0.006
2298.57792 15.051 0.006
2300.57667 15.267 0.006
2303.56021 14.962 0.006
2445.90221 14.966 0.006
2458.94408 14.974 0.006
2463.90776 15.109 0.006
2465.92045 15.017 0.006
2467.89327 15.174 0.006
2469.89288 15.302 0.006
2470.92716 14.923 0.005
2473.87840 15.136 0.006
2483.85081 14.919 0.005
2486.86834 15.135 0.007
2488.86501 15.368 0.007
2489.91484 15.054 0.005
2492.89593 15.082 0.006
2496.89553 14.909 0.005
2497.91900 14.987 0.006
2498.92178 15.049 0.006
2499.85193 15.140 0.006
2500.85637 15.257 0.006
2501.84628 15.365 0.006
2502.82613 15.054 0.006
2516.76878 14.948 0.006
2517.81559 15.034 0.006
2518.78659 15.081 0.006
2519.86541 15.199 0.006
2520.78359 15.331 0.006
2521.85481 15.163 0.006
2524.85256 15.050 0.006
2526.77011 15.259 0.006
2534.82636 15.146 0.006
2535.84715 14.923 0.006
2537.69449 15.055 0.007
2538.78815 15.149 0.006
2539.69452 15.262 0.006
2540.71351 15.348 0.008
2541.70643 15.017 0.006
2542.67621 14.948 0.006
2544.65455 15.083 0.006
2545.66995 15.203 0.006
2547.68780 15.194 0.006
2548.70406 14.917 0.005
2550.69895 15.059 0.006
2551.68567 15.154 0.006
2552.70181 15.275 0.005
2554.69501 14.982 0.006
2555.70294 14.954 0.006
2556.68186 15.036 0.006
2557.69447 15.088 0.006
2558.65095 15.203 0.006
2559.60770 15.337 0.006
2560.64086 15.167 0.006
2561.66649 14.922 0.006
2562.65934 14.996 0.006
2563.66716 15.050 0.006
2564.68272 15.156 0.006
2565.66886 15.272 0.006
2566.65385 15.339 0.006
2568.68524 14.958 0.006
2571.63753 15.202 0.007
2572.73418 15.350 0.007
2573.65118 15.137 0.006
2574.63507 14.921 0.006
2577.62074 15.154 0.006
2578.61905 15.275 0.007
2579.62845 15.340 0.007
2580.64052 14.947 0.005
2583.61187 15.113 0.007
2584.61939 15.210 0.006
2587.60063 14.943 0.006
2588.62949 15.006 0.006
2589.59062 15.059 0.006
2590.60539 15.169 0.006
2591.60660 15.293 0.006
2593.59713 14.937 0.006
2594.60091 14.964 0.006
2596.57706 15.109 0.006
2597.56443 15.215 0.006
2598.61736 15.355 0.007
2599.59755 15.122 0.006
2607.61738 14.975 0.006
2610.53771 15.230 0.007
2613.52972 14.924 0.005
2615.56157 15.058 0.006
2621.55781 15.039 0.006
2623.60558 15.242 0.006
2626.54915 14.934 0.006
2629.55510 15.172 0.007
2635.55618 15.131 0.006
2639.53663 14.942 0.006
2641.58283 15.076 0.006
2646.56163 14.986 0.006
2650.58125 15.349 0.007
2654.54800 15.083 0.006
2656.59604 15.338 0.007
2660.54592 15.060 0.006
2664.56668 15.000 0.006
2669.54385 15.340 0.006
2673.55634 15.062 0.006
2675.57225 15.281 0.006
2682.53291 15.347 0.007
2777.89541 15.159 0.007
2804.90136 15.289 0.007
2810.93370 15.231 0.007
2814.93126 15.026 0.006
2817.91926 15.316 0.007
2825.89495 15.096 0.007
2831.77365 15.327 0.007
2832.73913 14.949 0.006
2833.85720 14.974 0.006
2834.92643 15.058 0.006
2837.86740 15.376 0.008
2839.89890 14.940 0.006
2841.87960 15.071 0.006
2844.86483 15.270 0.006
2845.91085 14.927 0.006
2848.94781 15.157 0.008
2850.88095 15.357 0.007
2851.92424 15.027 0.006
2852.79484 14.936 0.005
2853.93477 15.034 0.005
2856.80792 15.314 0.007
2858.90198 14.914 0.005
2860.86801 15.048 0.006
2861.73900 15.126 0.006
2862.91799 15.269 0.007
2863.82711 15.357 0.007
2866.87374 15.039 0.006
2867.85468 15.079 0.006
2868.79838 15.193 0.006
2870.80809 15.219 0.006
2872.76550 14.985 0.006
2876.76825 15.370 0.007
2877.79011 15.020 0.006
2879.79886 15.024 0.006
2883.81729 15.164 0.006
2885.75242 14.990 0.006
2888.80073 15.269 0.006
2892.79228 15.041 0.006
2894.75859 15.199 0.006
2896.75570 15.165 0.006
2898.77659 14.999 0.006
2900.73855 15.162 0.006
2902.73808 15.345 0.006
2905.74528 15.044 0.006
2907.74652 15.205 0.006
2909.73551 15.145 0.006
2911.72699 14.998 0.005
2915.69836 15.346 0.006
2917.72435 14.953 0.005
2921.72227 15.352 0.007
2923.74355 14.935 0.006
2925.70714 15.057 0.006
2927.70454 15.288 0.006
2930.72240 14.971 0.006
2932.72877 15.116 0.006
2934.70888 15.355 0.006
2937.62942 15.006 0.006
2939.72299 15.173 0.006
2940.62600 15.293 0.006
2941.61965 15.330 0.006
2942.62580 14.945 0.005
2943.57821 14.958 0.006
2944.58167 15.044 0.006
2945.59840 15.111 0.006
2947.59525 15.353 0.007
2949.58938 14.929 0.006
2951.62115 15.062 0.006
2952.64854 15.178 0.006
2954.67506 15.294 0.007
2956.62110 14.969 0.005
2958.61062 15.120 0.006
2961.58662 15.113 0.007
2965.62492 15.179 0.006
2968.58613 14.935 0.006
2970.60550 15.049 0.006
2972.58962 15.237 0.006
2974.58395 15.085 0.006
2976.53988 15.018 0.006
2977.60693 15.077 0.006
2979.57122 15.309 0.007
2981.61623 14.937 0.006
2984.56483 15.141 0.007
2987.63994 15.042 0.006
2989.56222 15.032 0.006
2995.60687 14.988 0.005
2998.56898 15.254 0.006
3001.56621 14.950 0.006
3004.55814 15.197 0.006
3007.56582 14.925 0.005
3010.56339 15.164 0.006
3016.58055 15.090 0.006
3019.59399 15.151 0.006
3021.60793 14.998 0.005
3023.56324 15.155 0.006
3025.56223 15.345 0.006
3027.59590 14.958 0.006
3029.56779 15.102 0.006
3031.57217 15.351 0.006
3033.57463 14.934 0.005
3036.59190 15.168 0.006
3040.55490 14.963 0.006
3160.85236 15.356 0.007
3183.90427 15.050 0.006
3193.87200 15.279 0.006
3195.93102 14.987 0.005
3197.90658 15.130 0.006
3201.86403 14.937 0.005
3203.87116 15.066 0.005
3204.93958 15.190 0.006
3210.88579 15.149 0.006
3211.91402 15.257 0.006
3215.69248 15.013 0.006
3216.71670 15.065 0.006
3217.78979 15.184 0.006
3223.82728 15.150 0.006
3226.81580 15.025 0.006
3229.82488 15.073 0.005
3231.77555 15.331 0.007
3239.78509 15.008 0.005
3240.77440 14.955 0.006
3241.84362 15.052 0.006
3242.70614 15.075 0.006
3243.83872 15.211 0.006
3244.81982 15.327 0.006
3245.76527 15.168 0.006
3246.76151 14.906 0.005
3247.75287 14.993 0.005
3249.72002 15.155 0.006
3251.73274 15.355 0.006
3254.72010 15.036 0.005
3256.78595 15.210 0.006
3258.72201 15.165 0.006
3260.69606 14.991 0.005
3262.73204 15.158 0.005
3264.68376 15.342 0.006
3266.75471 14.960 0.005
3268.68800 15.088 0.005
3270.66834 15.336 0.006
3271.65584 15.147 0.006
3272.71270 14.930 0.005
3274.69480 15.057 0.006
3276.70365 15.296 0.006
3277.73650 15.337 0.006
3279.66910 14.958 0.005
3281.62854 15.095 0.005
3283.63433 15.341 0.005
3287.60045 15.046 0.005
3289.61139 15.271 0.005
3293.58840 15.039 0.005
3295.60715 15.210 0.005
3297.58839 15.130 0.005
3299.64529 15.031 0.005
3301.61944 15.177 0.006
3303.68163 15.306 0.006
3306.61422 15.045 0.005
3308.60205 15.226 0.006
3310.60124 15.114 0.005
3312.64326 15.029 0.005
3314.55592 15.166 0.006
3320.59364 15.109 0.005
3321.58934 15.235 0.006
3323.53722 15.108 0.006
3327.54842 15.168 0.006
3330.54239 14.930 0.005
3335.58347 15.355 0.006
3338.59047 15.033 0.005
3349.58759 15.031 0.005
3353.56487 15.190 0.006
3360.57573 15.253 0.006
3363.54542 14.949 0.005
3367.60861 15.342 0.006
3375.54162 14.993 0.005
3378.58714 15.091 0.005
3386.55355 15.275 0.005
3390.56198 15.055 0.006
3398.54900 15.165 0.005
3402.53711 14.960 0.005
3538.94584 15.018 0.006
3547.90711 15.250 0.006
3554.91530 15.320 0.006
3556.87095 14.936 0.005
3558.88889 15.046 0.005
3559.87716 15.136 0.005
3560.89533 15.255 0.005
3561.88500 15.360 0.006
3561.93448 15.348 0.005
3562.85790 15.040 0.005
3562.88671 15.031 0.005
3562.92060 15.015 0.005
3562.94738 14.988 0.005
3563.84279 14.952 0.005
3563.87946 14.955 0.005
3563.94125 14.948 0.005
3564.82304 15.033 0.005
3564.86429 15.037 0.005
3564.90256 15.027 0.005
3564.93667 15.025 0.005
3568.82272 15.237 0.005
3568.85614 15.223 0.005
3568.88958 15.192 0.005
3568.91210 15.193 0.005
3568.93521 15.182 0.005
3569.84461 14.914 0.005
3569.87073 14.918 0.005
3569.90537 14.918 0.005
3569.92443 14.920 0.005
3570.77026 14.987 0.006
3570.82779 14.977 0.006
3570.85907 14.988 0.005
3570.89429 14.994 0.005
3570.91810 14.996 0.005
3571.81916 15.064 0.006
3571.86036 15.068 0.006
3571.88675 15.052 0.006
3572.84463 15.146 0.006
3572.88523 15.143 0.006
3572.92528 15.154 0.006
3572.94595 15.156 0.006
3573.81166 15.248 0.006
3573.84959 15.270 0.006
3573.94172 15.291 0.006
3574.80852 15.361 0.006
3574.83670 15.357 0.006
3574.85873 15.367 0.006
3574.89971 15.358 0.006
3575.82048 15.035 0.005
3575.84305 15.026 0.005
3575.86534 15.017 0.005
3575.88782 15.007 0.005
3576.79604 14.945 0.005
3576.81900 14.940 0.005
3576.90632 14.957 0.005
3577.81684 15.031 0.005
3577.85431 15.036 0.005
3577.87670 15.042 0.005
3577.92217 15.035 0.005
3577.94432 15.052 0.006
3578.85349 15.091 0.005
3578.87534 15.087 0.005
3578.91299 15.091 0.005
3578.93537 15.090 0.005
3579.79511 15.186 0.005
3579.81776 15.196 0.005
3579.84061 15.196 0.005
3579.86305 15.195 0.005
3579.88535 15.202 0.005
3579.91664 15.211 0.006
3580.80190 15.328 0.006
3580.82444 15.339 0.006
3580.91325 15.341 0.006
3581.79993 15.208 0.005
3581.82180 15.195 0.005
3581.84024 15.184 0.006
3581.86276 15.174 0.006
3581.88718 15.166 0.006
3581.90956 15.153 0.006
3582.73735 14.929 0.005
3582.76020 14.908 0.005
3582.78288 14.926 0.005
3582.82516 14.924 0.005
3583.77818 14.980 0.005
3583.84241 14.989 0.005
3583.87609 14.998 0.005
3583.90330 15.000 0.005
3584.78089 15.050 0.005
3585.80189 15.153 0.005
3585.82444 15.155 0.005
3585.85175 15.155 0.005
3585.90992 15.155 0.005
3586.78490 15.260 0.005
3586.80394 15.264 0.005
3586.82659 15.266 0.005
3586.85286 15.265 0.005
3586.86737 15.262 0.005
3586.89341 15.273 0.005
3588.78813 15.015 0.005
3588.80084 15.007 0.005
3588.84478 14.985 0.005
3588.86765 14.986 0.005
3588.89253 14.969 0.005
3589.77385 14.938 0.005
3589.81464 14.946 0.005
3589.83904 14.949 0.005
3589.86522 14.946 0.005
3589.90563 14.950 0.005
3590.80139 15.039 0.005
3590.82794 15.034 0.005
3590.85066 15.042 0.005
3590.87305 15.034 0.005
3591.77949 15.079 0.005
3591.80278 15.089 0.005
3591.82937 15.095 0.005
3591.86930 15.096 0.005
3592.76493 15.192 0.005
3592.78834 15.193 0.005
3592.81480 15.197 0.005
3592.83690 15.199 0.005
3593.82307 15.340 0.006
3593.84339 15.333 0.006
3593.86428 15.347 0.006
3593.89532 15.345 0.006
3594.77531 15.182 0.005
3594.79787 15.169 0.005
3594.82869 15.165 0.005
3594.85163 15.153 0.005
3596.69046 14.984 0.005
3596.72312 14.996 0.005
3596.73690 14.985 0.005
3596.76836 15.000 0.005
3596.86128 15.002 0.005
3596.88753 15.010 0.005
3596.90987 14.999 0.005
3597.80457 15.056 0.005
3597.84469 15.061 0.005
3597.86968 15.059 0.005
3600.87399 15.350 0.006
3600.91758 15.331 0.006
3601.73912 14.997 0.005
3601.76129 14.986 0.005
3601.78688 14.981 0.005
3601.80519 14.968 0.005
3601.82730 14.965 0.005
3602.66903 14.941 0.005
3602.74248 14.945 0.005
3602.77203 14.953 0.005
3603.69844 15.043 0.005
3603.74121 15.043 0.005
3603.76352 15.031 0.005
3603.78580 15.045 0.005
3607.76408 15.152 0.005
3607.78650 15.148 0.005
3607.83332 15.133 0.005
3607.85602 15.120 0.005
3608.74791 14.924 0.005
3608.77409 14.921 0.005
3608.79781 14.925 0.005
3608.82023 14.928 0.005
3614.75397 14.970 0.005
3614.78136 14.959 0.005
3614.80481 14.964 0.005
3614.82839 14.948 0.005
3614.85357 14.956 0.005
3615.73135 14.958 0.005
3615.85691 14.962 0.005
3615.88106 14.968 0.005
3615.88555 14.965 0.005
3617.69121 15.091 0.005
3617.73800 15.095 0.005
3617.76071 15.090 0.005
3617.81229 15.110 0.005
3618.71229 15.205 0.005
3618.76425 15.202 0.005
3618.81221 15.222 0.005
3618.84436 15.220 0.005
3619.66832 15.344 0.006
3619.69043 15.350 0.006
3619.72150 15.344 0.006
3619.76685 15.350 0.005
3620.70015 15.144 0.005
3620.77876 15.121 0.005
3620.84005 15.124 0.005
3620.88357 15.102 0.005
3621.69144 14.924 0.005
3621.73923 14.932 0.005
3621.78355 14.930 0.005
3621.85459 14.933 0.005
3622.76751 15.012 0.005
3622.79358 15.011 0.005
3622.81728 15.017 0.005
3625.68780 15.285 0.006
3625.73903 15.280 0.006
3625.76521 15.294 0.005
3625.82754 15.302 0.005
3626.66833 15.350 0.006
3626.69261 15.339 0.006
3626.73318 15.332 0.006
3628.70673 14.956 0.005
3628.78601 14.969 0.005
3628.84966 14.975 0.005
3629.66330 15.046 0.006
3629.69505 15.036 0.005
3629.72042 15.049 0.005
3629.74337 15.048 0.006
3630.67372 15.109 0.006
3630.69984 15.101 0.005
3630.72401 15.095 0.006
3630.74785 15.105 0.006
3630.79788 15.115 0.006
3631.66990 15.216 0.006
3631.70125 15.214 0.006
3631.72508 15.216 0.006
3631.74910 15.215 0.006
3632.63537 15.343 0.007
3632.74838 15.348 0.006
3633.67026 15.136 0.006
3633.69069 15.140 0.006
3633.72890 15.126 0.006
3633.80455 15.108 0.005
3634.67757 14.919 0.005
3634.69684 14.926 0.005
3634.73142 14.928 0.005
3634.77126 14.924 0.005
3636.71410 15.061 0.005
3637.64555 15.162 0.006
3637.66794 15.166 0.005
3637.69030 15.165 0.005
3637.71263 15.174 0.006
3638.64847 15.275 0.006
3638.67080 15.298 0.006
3638.71122 15.296 0.005
3638.74973 15.303 0.006
3639.68017 15.330 0.005
3639.71793 15.318 0.005
3639.74259 15.310 0.005
3640.65542 14.952 0.005
3640.68261 14.949 0.005
3640.70497 14.941 0.005
3640.72918 14.931 0.005
3641.64392 14.959 0.005
3641.65535 14.970 0.005
3641.67761 14.961 0.005
3641.71465 14.973 0.005
3643.71668 15.123 0.005
3643.73903 15.127 0.005
3644.65052 15.209 0.005
3644.69103 15.220 0.005
3644.71338 15.221 0.005
3644.73569 15.234 0.005
3646.63143 15.131 0.005
3646.65159 15.129 0.005
3646.66681 15.125 0.005
3646.67797 15.130 0.005
3646.70717 15.118 0.005
3650.63644 15.183 0.006
3650.65490 15.160 0.006
3650.67893 15.169 0.005
3650.70122 15.167 0.005
3651.65714 15.288 0.005
3651.68845 15.303 0.005
3651.71044 15.300 0.005
3651.72878 15.316 0.005
3652.64069 15.313 0.006
3652.66348 15.322 0.006
3652.69087 15.308 0.005
3652.71346 15.305 0.005
3653.63230 14.946 0.005
3653.65485 14.938 0.005
3653.67671 14.935 0.005
3653.69994 14.929 0.005
3654.64163 14.964 0.005
3654.66422 14.972 0.005
3654.68686 14.981 0.005
3654.71642 14.973 0.005
3655.65024 15.042 0.005
3655.67220 15.051 0.005
3655.69116 15.045 0.005
3655.71348 15.046 0.005
3656.69484 15.126 0.005
3656.73815 15.122 0.005
3656.78285 15.132 0.005
3657.61971 15.216 0.005
3657.66717 15.230 0.005
3657.69259 15.234 0.006
3657.72302 15.239 0.005
3658.62771 15.351 0.006
3658.64634 15.356 0.006
3658.66279 15.349 0.006
3658.71896 15.360 0.006
3659.68069 15.099 0.006
3659.70317 15.090 0.006
3659.72561 15.090 0.006
3659.75284 15.073 0.005
3660.66009 14.937 0.005
3660.68677 14.943 0.005
3660.70878 14.940 0.005
3660.72060 14.940 0.005
3661.60707 15.020 0.006
3661.62939 15.012 0.005
3661.67738 15.018 0.005
3661.72005 15.025 0.005
3663.59350 15.165 0.006
3663.62999 15.171 0.006
3663.65238 15.174 0.006
3663.67725 15.181 0.006
3664.60965 15.293 0.005
3664.63632 15.287 0.005
3664.69992 15.299 0.005
3664.74319 15.315 0.005
3665.65397 15.296 0.006
3665.70554 15.273 0.006
3665.72777 15.261 0.006
3666.65581 14.924 0.005
3666.72117 14.924 0.005
3666.74617 14.915 0.005
3668.56808 15.043 0.005
3668.61132 15.035 0.005
3668.63411 15.054 0.005
3668.65654 15.050 0.005
3668.67906 15.052 0.005
3669.63382 15.124 0.006
3670.70528 15.254 0.006
3671.57911 15.352 0.006
3671.60472 15.356 0.006
3671.62354 15.346 0.006
3671.68723 15.359 0.006
3672.57792 15.114 0.006
3672.60039 15.109 0.005
3672.62400 15.088 0.005
3672.64642 15.057 0.005
3673.69216 14.944 0.005
3674.62437 15.022 0.005
3674.71937 15.025 0.005
3674.79665 15.042 0.005
3674.82210 15.033 0.005
3675.59419 15.055 0.005
3675.65426 15.068 0.005
3675.76234 15.080 0.005
3676.62344 15.180 0.005
3676.64887 15.165 0.005
3676.67720 15.179 0.005
3676.69920 15.170 0.005
3682.57754 15.129 0.005
3682.59995 15.127 0.005
3682.62264 15.133 0.005
3682.64769 15.146 0.005
3683.57141 15.238 0.006
3683.59874 15.246 0.005
3683.62507 15.241 0.006
3683.64356 15.243 0.005
3684.61341 15.353 0.006
3684.69009 15.366 0.006
3684.72535 15.357 0.006
3684.75122 15.352 0.006
3685.59532 15.070 0.005
3685.61760 15.047 0.005
3685.64877 15.050 0.005
3685.67595 15.038 0.005
3686.56015 14.934 0.005
3686.60554 14.940 0.005
3686.62815 14.939 0.005
3686.65045 14.949 0.005
3687.57533 15.028 0.005
3687.60029 15.030 0.005
3687.62272 15.032 0.005
3687.64343 15.031 0.005
3688.53329 15.065 0.005
3688.55583 15.071 0.005
3688.57854 15.069 0.005
3688.60085 15.075 0.005
3689.55357 15.180 0.005
3689.57564 15.183 0.005
3689.59581 15.187 0.006
3689.62559 15.189 0.005
3690.53917 15.307 0.006
3690.56481 15.312 0.006
3690.59222 15.307 0.006
3690.64961 15.330 0.006
3691.54450 15.283 0.006
3691.58283 15.265 0.006
3692.54716 14.924 0.005
3692.56694 14.932 0.005
3692.61398 14.919 0.005
3693.53420 14.980 0.005
3693.55892 14.994 0.005
3693.61280 14.976 0.005
3694.57849 15.042 0.005
3694.62337 15.051 0.005
3695.56248 15.142 0.005
3695.58616 15.136 0.005
3695.63607 15.145 0.005
3696.51461 15.237 0.006
3696.55137 15.241 0.005
3696.59733 15.255 0.005
3696.64361 15.252 0.005
3699.55705 14.944 0.005
3699.59910 14.945 0.005
3699.62979 14.939 0.005
3699.65497 14.949 0.005
3700.55414 15.025 0.005
3700.64068 15.017 0.005
3701.53733 15.081 0.005
3701.58614 15.064 0.005
3701.63330 15.074 0.005
3701.68106 15.084 0.005
3702.56096 15.190 0.006
3702.58006 15.191 0.006
3702.60474 15.193 0.005
3702.65363 15.196 0.005
3703.59278 15.330 0.005
3703.63816 15.338 0.006
3703.70310 15.338 0.006
3704.51859 15.244 0.006
3704.58302 15.215 0.006
3704.65328 15.183 0.005
3705.52182 14.919 0.005
3705.56252 14.925 0.005
3705.62589 14.918 0.005
3705.67168 14.923 0.005
3706.52763 14.984 0.005
3706.57210 14.987 0.005
3706.60718 14.988 0.005
3706.66816 14.991 0.005
3707.54787 15.048 0.005
3707.56998 15.042 0.005
3707.59249 15.060 0.005
3708.59475 15.150 0.006
3708.60620 15.149 0.006
3708.62845 15.154 0.006
3708.63642 15.158 0.006
3711.56775 15.029 0.006
3711.58612 15.028 0.006
3711.60862 15.002 0.005
3711.61657 15.005 0.006
3712.55774 14.950 0.005
3712.58503 14.951 0.005
3712.60720 14.953 0.005
3712.65321 14.948 0.005
3713.54321 15.040 0.006
3713.56835 15.035 0.005
3713.59016 15.036 0.005
3713.60868 15.030 0.005
3714.56537 15.084 0.006
3714.58763 15.085 0.005
3714.61385 15.084 0.006
3714.62156 15.086 0.005
3715.54318 15.184 0.006
3715.56604 15.191 0.006
3715.59415 15.201 0.006
3715.61670 15.205 0.006
3716.55097 15.334 0.007
3717.59500 15.173 0.006
3717.62094 15.154 0.005
3717.62852 15.157 0.006
3718.54823 14.929 0.005
3718.57120 14.916 0.005
3718.60055 14.928 0.005
3718.62289 14.923 0.005
3719.54708 14.998 0.006
3719.57582 14.988 0.006
3719.59109 14.998 0.005
3719.62216 14.998 0.005
3720.53948 15.053 0.006
3720.56155 15.051 0.006
3720.58669 15.054 0.006
3720.60861 15.046 0.006
3721.54083 15.149 0.006
3721.55779 15.152 0.006
3721.57657 15.160 0.006
3721.60334 15.155 0.006
3722.54733 15.261 0.006
3722.56920 15.264 0.006
3722.59132 15.270 0.006
3722.59907 15.273 0.006
3724.60021 14.969 0.005
3724.62518 14.965 0.005
3725.55619 14.947 0.005
3725.60983 14.950 0.005
3725.67153 14.960 0.005
3726.54330 15.039 0.005
3726.57748 15.039 0.005
3726.62066 15.042 0.005
3726.65186 15.054 0.006
3727.55049 15.093 0.006
3727.57270 15.087 0.005
3728.54877 15.201 0.006
3728.57541 15.206 0.006
3728.60063 15.208 0.006
3730.53401 15.166 0.006
3730.59999 15.138 0.005
3731.53268 14.925 0.006
3731.53765 14.928 0.005
3732.59545 15.002 0.006
3732.61775 15.010 0.005
3734.60464 15.169 0.006
3734.62722 15.161 0.005
3734.63956 15.167 0.005
3735.55474 15.277 0.006
3735.57724 15.276 0.006
3735.59954 15.280 0.006
3736.56225 15.340 0.006
3736.60727 15.328 0.006
3737.57184 14.964 0.005
3737.59424 14.957 0.005
3739.53342 15.044 0.006
3739.56197 15.036 0.005
3739.57698 15.035 0.005
3740.53654 15.097 0.006
3740.57342 15.103 0.005
3741.55276 15.214 0.006
3741.57459 15.208 0.006
3742.55294 15.361 0.007
3742.57654 15.351 0.007
3743.55275 15.140 0.006
3743.57600 15.136 0.006
3745.55253 15.000 0.006
3745.57833 15.013 0.005
3746.55203 15.048 0.006
3746.57813 15.059 0.006
3747.55392 15.162 0.006
3747.57724 15.166 0.006
3748.55737 15.298 0.007
3748.57957 15.285 0.007
3749.55386 15.326 0.007
3749.57585 15.327 0.007
3750.55188 14.960 0.006
3751.53968 14.968 0.006
3751.56268 14.967 0.006
3751.58510 14.972 0.006
3753.55430 15.108 0.006
3753.57665 15.118 0.006
3755.55320 15.356 0.007
3756.54857 15.125 0.006
3756.57467 15.123 0.006
3758.57620 15.010 0.006
3759.55892 15.053 0.006
3759.58145 15.066 0.006
3760.55507 15.171 0.006
3761.58360 15.304 0.006
3762.58524 15.308 0.006
3763.54327 14.941 0.005
3763.56731 14.935 0.005
3764.57483 14.972 0.005
3765.54970 15.047 0.005
3765.56801 15.045 0.005
3766.54597 15.120 0.005
3766.56886 15.128 0.005
3768.54275 15.365 0.007
3769.54419 15.096 0.006
3769.56597 15.103 0.005
3771.53966 15.030 0.006
3771.56164 15.026 0.005
3772.57194 15.078 0.006
3773.53981 15.178 0.006
3774.52393 15.315 0.007
3775.54477 15.297 0.006
3775.56657 15.287 0.006
3776.52105 14.932 0.006
3776.53964 14.930 0.005
3777.54355 14.969 0.005
3777.56563 14.980 0.005
3778.52262 15.048 0.006
3778.56365 15.048 0.005
3779.53696 15.132 0.006
3780.52707 15.237 0.006
3786.51812 15.193 0.006
3786.52695 15.187 0.006
3787.52401 15.317 0.006
3787.52834 15.320 0.006
3788.51403 15.278 0.006
3788.52260 15.274 0.006
3789.51426 14.925 0.005
3789.51847 14.924 0.005
3791.51486 15.053 0.006
3791.51872 15.059 0.006
3900.90750 15.024 0.005
3901.92244 15.076 0.005
3904.91600 15.238 0.005
3906.93532 14.997 0.005
3908.93285 15.146 0.005
3909.91847 15.254 0.005
3912.93985 14.947 0.005
3913.88984 15.029 0.005
3915.90182 15.190 0.005
3917.88985 15.211 0.005
3918.89805 14.921 0.005
3920.93384 15.050 0.005
3931.86292 14.922 0.005
3933.83089 15.059 0.005
3934.91273 15.170 0.005
3935.86775 15.271 0.005
3936.92116 15.350 0.006
3944.91683 14.931 0.005
3945.89789 15.007 0.005
3946.88795 15.071 0.005
3950.89656 14.961 0.005
3958.86279 15.003 0.005
3959.85883 15.064 0.005
3960.84903 15.167 0.005
3961.86037 15.293 0.006
3963.84179 14.966 0.006
3964.84000 14.962 0.005
3965.83735 15.048 0.005
3966.83617 15.113 0.005
3967.87950 15.231 0.005
3968.82930 15.350 0.006
3969.82888 15.138 0.005
3970.82687 14.933 0.005
3971.79935 15.010 0.005
3973.79421 15.181 0.005
3974.80104 15.297 0.006
3975.80892 15.326 0.006
3979.75857 15.114 0.005
3980.73759 15.227 0.005
3981.73749 15.354 0.006
3982.80333 15.113 0.005
3983.89511 14.950 0.005
3986.77529 15.175 0.005
3987.80079 15.305 0.006
3988.85703 15.287 0.006
3990.71600 14.965 0.005
3994.73939 15.358 0.006
3995.76379 15.101 0.005
3998.86187 15.071 0.005
3999.77283 15.176 0.005
4001.67868 15.318 0.005
4002.74402 14.938 0.005
4003.69029 14.964 0.005
4004.71571 15.057 0.005
4005.76498 15.136 0.005
4006.72133 15.232 0.005
4007.68234 15.359 0.006
4008.68874 15.107 0.005
4011.71832 15.070 0.005
4013.72332 15.313 0.006
4016.69626 14.980 0.005
4018.69201 15.136 0.005
4019.76025 15.258 0.005
4020.73434 15.367 0.006
4021.70052 15.089 0.005
4023.68160 15.023 0.005
4025.72994 15.193 0.005
4026.65138 15.317 0.005
4027.66978 15.279 0.005
4031.63901 15.133 0.005
4036.69756 15.027 0.005
4037.71337 15.071 0.005
4039.62658 15.322 0.006
4040.61044 15.273 0.006
4041.66466 14.930 0.005
4042.67835 14.974 0.005
4043.65505 15.060 0.005
4046.63873 15.358 0.006
4047.63199 15.046 0.005
4048.60733 14.945 0.005
4049.64622 15.039 0.005
4050.63025 15.092 0.005
4052.62251 15.330 0.005
4053.64765 15.207 0.005
4054.63920 14.925 0.005
4058.58836 15.264 0.005
4059.53605 15.369 0.006
4060.57865 15.042 0.005
4063.62348 15.093 0.005
4064.57699 15.198 0.005
4066.59386 15.191 0.005
4067.56720 14.919 0.005
4068.53158 14.990 0.005
4070.56722 15.153 0.005
4071.56669 15.265 0.006
4074.58220 14.942 0.005
4077.57285 15.215 0.006
4079.60032 15.153 0.005
4082.63452 15.059 0.005
4087.58154 14.951 0.005
4093.55234 14.935 0.005
4095.62553 15.060 0.005
4096.60335 15.172 0.005
4097.63695 15.296 0.006
4098.55960 15.339 0.006
4100.60601 14.973 0.005
4103.57453 15.213 0.005
4105.61567 15.111 0.005
4108.57689 15.066 0.005
4112.54443 14.944 0.005
4115.57400 15.131 0.005
4119.56137 14.942 0.005
4124.60028 15.291 0.005
4128.58732 15.140 0.005
4132.58098 14.949 0.005
4255.84175 14.980 0.006
4268.91607 14.985 0.006
4272.94548 15.362 0.007
4279.78148 15.249 0.007
4282.89799 15.049 0.006
4283.93055 15.156 0.006
4285.93765 15.350 0.007
4289.92191 15.097 0.006
4293.87100 14.917 0.005
4295.85625 15.051 0.006
4297.87032 15.280 0.006
4298.90269 15.343 0.007
4299.94672 14.958 0.006
4301.84528 15.036 0.005
4307.82204 14.993 0.005
4307.93747 14.985 0.005
4308.77796 15.054 0.006
4308.94063 15.060 0.006
4310.92910 15.295 0.006
4312.82018 14.960 0.005
4314.86384 15.048 0.006
4316.92079 15.227 0.006
4332.88543 14.925 0.006
4333.88938 15.022 0.006
4338.89338 14.923 0.006
4340.76509 15.038 0.006
4342.78548 15.225 0.006
4343.75450 15.352 0.006
4344.73669 15.122 0.006
4345.78268 14.938 0.006
4347.77155 15.063 0.006
4349.78479 15.303 0.006
4351.72137 14.940 0.006
4354.75199 15.125 0.006
4357.69249 15.112 0.006
4359.69047 15.013 0.006
4362.65801 15.296 0.007
4363.61737 15.336 0.007
4369.64476 15.359 0.007
4372.66822 15.015 0.006
4377.74723 14.923 0.006
4379.63868 15.053 0.006
4380.73457 15.145 0.006
4382.67884 15.358 0.007
4386.65382 15.070 0.006
4388.65468 15.319 0.007
4390.66367 14.923 0.005
4392.68815 15.049 0.005
4395.67213 15.361 0.007
4397.71012 14.953 0.006
4400.66055 15.197 0.006
4403.64913 14.917 0.006
4407.62634 15.249 0.006
4408.65160 15.360 0.006
4410.73514 14.955 0.006
4412.69617 15.090 0.006
4416.68128 14.921 0.005
4418.69019 15.053 0.006
4421.62378 15.355 0.007
4423.70543 14.961 0.006
4427.64892 15.340 0.007
4429.55704 14.921 0.006
4431.56163 15.053 0.006
4433.56758 15.265 0.006
4435.55154 14.992 0.006
4437.64480 15.044 0.006
4439.55672 15.207 0.007
4441.59251 15.137 0.006
4443.61954 14.996 0.006
4449.63732 14.962 0.006
4451.59212 15.104 0.006
4453.57448 15.346 0.006
4456.57600 15.008 0.006
4458.57686 15.167 0.006
4464.56811 15.110 0.006
4472.56225 15.303 0.006
4475.58168 14.972 0.005
4478.58831 15.235 0.006
4481.57002 14.932 0.005
4484.58014 15.173 0.006
4486.61883 15.243 0.007
4502.57052 15.048 0.006
4609.88358 15.068 0.006
4638.94851 15.081 0.006
4643.87337 15.003 0.005
4648.93944 14.961 0.006
4652.93268 15.216 0.006
4656.91339 14.999 0.005
4662.76961 14.942 0.005
4663.74125 15.043 0.006
4665.81418 15.203 0.006
4666.90198 15.350 0.007
4670.89629 15.062 0.006
4671.88255 15.166 0.006
4672.87050 15.284 0.006
4681.86779 14.930 0.005
4683.86637 15.064 0.006
4685.84909 15.303 0.006
4688.80035 14.966 0.005
4689.75812 15.049 0.005
4690.72576 15.099 0.006
4691.72877 15.220 0.006
4693.88388 15.088 0.006
4696.83374 15.069 0.006
4698.74560 15.290 0.006
4700.77702 14.928 0.005
4701.78220 14.969 0.006
4702.84229 15.054 0.006
4703.74154 15.122 0.006
4704.76040 15.229 0.006
4705.76761 15.363 0.007
4707.75974 14.929 0.005
4708.82846 15.023 0.005
4710.74438 15.175 0.005
4716.74604 15.126 0.005
4719.73817 15.075 0.005
4721.72686 15.029 0.006
4725.71432 15.281 0.006
4728.74239 15.056 0.006
4731.74791 15.348 0.006
4734.73061 15.028 0.005
4741.69677 15.059 0.005
4747.57413 15.026 0.005
4749.58268 15.187 0.006
4753.65198 14.993 0.006
4755.64073 15.138 0.006
4757.63027 15.360 0.006
4759.64290 14.950 0.005
4761.60813 15.083 0.005
4763.62570 15.330 0.006
4766.59361 14.983 0.006
4769.63198 15.269 0.006
4771.67693 14.991 0.005
4773.66814 15.039 0.005
4777.58668 15.186 0.006
4779.60720 14.990 0.006
4781.57408 15.154 0.006
4783.55598 15.351 0.007
4785.58858 14.954 0.006
4786.64585 15.047 0.006
4788.60398 15.205 0.006
4790.60627 15.143 0.005
4792.58440 14.998 0.005
4794.56484 15.149 0.006
4796.63484 15.339 0.006
4798.58155 14.959 0.006
4800.62871 15.111 0.006
4802.60620 15.354 0.006
4804.62938 14.937 0.006
4806.61530 15.060 0.006
4808.53676 15.281 0.006
4810.60204 14.951 0.005
4813.58734 15.107 0.006
4815.55956 15.355 0.006
4817.58001 14.926 0.005
4819.57394 15.065 0.006
4821.65762 15.304 0.006
4824.56204 14.975 0.006
4826.61180 15.126 0.006
4832.57925 15.068 0.006
4834.60419 15.321 0.006
4837.59546 14.982 0.006
4841.57168 15.368 0.007
4843.56597 14.953 0.006
4846.57075 15.190 0.006
4848.61131 15.230 0.006
4850.59863 14.994 0.006
4854.57984 15.371 0.006
4866.56273 15.261 0.006
