 621.84900 16.741 0.013
 626.93198 16.846 0.010
 627.89765 16.637 0.009
 631.91312 16.770 0.010
 632.90787 16.511 0.009
 635.88379 16.847 0.010
 643.85318 16.502 0.009
 645.87931 16.583 0.009
 649.84200 16.695 0.010
 656.89450 16.611 0.008
 657.89837 16.883 0.011
 658.90713 16.698 0.011
 665.87416 16.582 0.008
 666.87625 16.834 0.008
 667.89528 16.672 0.007
 668.86604 16.917 0.008
 670.83171 16.898 0.010
 671.85417 16.745 0.007
 672.85912 16.563 0.007
 673.77217 16.764 0.009
 684.78713 16.799 0.009
 685.78764 16.536 0.008
 686.74371 16.817 0.010
 687.90501 16.645 0.008
 688.87292 16.893 0.009
 689.73946 16.650 0.008
 697.70532 16.838 0.010
 698.72056 16.625 0.010
 699.73138 16.874 0.009
 700.71646 16.687 0.008
 701.68814 16.907 0.010
 704.68272 16.769 0.010
 706.68107 16.809 0.012
 706.77555 16.804 0.012
 707.71163 16.605 0.010
 708.70915 16.832 0.012
 712.70950 16.820 0.012
 713.72369 16.763 0.008
 714.74025 16.488 0.007
 715.78111 16.820 0.009
 716.76363 16.562 0.007
 720.67065 16.655 0.008
 726.73081 16.838 0.009
 728.72392 16.859 0.009
 729.66830 16.628 0.008
 730.61964 16.874 0.010
 733.67925 16.750 0.011
 739.70146 16.871 0.010
 741.66506 16.910 0.010
 742.65886 16.725 0.009
 744.62738 16.761 0.009
 745.66728 16.499 0.008
 746.61208 16.790 0.009
 747.56984 16.534 0.009
 748.56652 16.811 0.011
 749.57295 16.607 0.012
 750.54717 16.853 0.012
 751.57728 16.669 0.011
 752.78105 16.704 0.009
 753.72080 16.776 0.009
 754.75233 16.505 0.009
 755.57603 16.776 0.009
 759.57866 16.847 0.009
 760.58299 16.632 0.008
 761.57824 16.882 0.010
 762.57624 16.681 0.010
 762.70650 16.739 0.011
 762.78491 16.767 0.012
 763.59523 16.873 0.011
 763.73949 16.630 0.009
 764.67327 16.812 0.014
 765.55859 16.614 0.011
 766.59551 16.805 0.012
 766.66206 16.816 0.012
 767.56995 16.523 0.011
 767.72359 16.590 0.012
 769.55487 16.588 0.009
 770.65117 16.859 0.010
 771.62733 16.669 0.008
 772.55540 16.878 0.010
 773.57799 16.732 0.009
 774.64781 16.619 0.008
 775.60071 16.791 0.009
 776.68166 16.536 0.008
 777.59859 16.824 0.009
 778.57175 16.581 0.010
 778.66324 16.608 0.010
 779.63113 16.844 0.011
 780.63093 16.645 0.010
 780.72505 16.671 0.010
 781.60750 16.888 0.010
 782.60515 16.714 0.010
 783.58491 16.875 0.009
 784.62450 16.774 0.009
 785.59535 16.545 0.008
 786.60007 16.797 0.009
 787.68047 16.561 0.008
 788.61208 16.814 0.009
 790.56209 16.845 0.010
 795.57385 16.784 0.010
 796.62345 16.499 0.009
 797.69394 16.838 0.010
 798.61135 16.579 0.008
 800.60926 16.639 0.008
 802.58979 16.711 0.010
 805.59584 16.559 0.009
 806.60661 16.810 0.012
 817.63405 16.814 0.010
 819.67515 16.876 0.009
 820.67415 16.655 0.008
 822.59410 16.695 0.009
 823.67137 16.731 0.009
 824.61950 16.737 0.011
 824.68233 16.778 0.012
 825.69269 16.526 0.012
 828.65273 16.828 0.010
 829.61933 16.610 0.009
 832.62625 16.908 0.010
 833.64636 16.723 0.008
 834.66054 16.588 0.009
 836.59393 16.486 0.009
 838.56705 16.530 0.010
 840.58248 16.636 0.009
 845.58814 16.571 0.007
 850.55560 16.822 0.011
 855.56227 16.767 0.012
 856.55015 16.500 0.009
 859.54978 16.855 0.011
 860.58209 16.654 0.010
 866.56939 16.770 0.011
 876.53794 16.508 0.007
 962.91852 16.790 0.011
 986.88480 16.838 0.011
 987.89710 16.652 0.009
 991.91099 16.781 0.010
 996.87874 16.615 0.006
 998.88442 16.665 0.009
1003.81560 16.488 0.009
1005.84102 16.576 0.009
1008.87417 16.876 0.011
1020.83707 16.697 0.009
1025.81671 16.555 0.010
1035.79159 16.795 0.009
1037.81885 16.853 0.011
1038.91787 16.539 0.010
1041.88830 16.661 0.008
1045.78944 16.530 0.007
1049.80985 16.687 0.008
1052.82025 16.607 0.009
1055.68999 16.780 0.008
1058.84179 16.672 0.010
1059.82065 16.922 0.012
1064.76380 16.801 0.011
1068.75566 16.869 0.009
1071.78365 16.744 0.009
1075.80079 16.831 0.009
1078.72257 16.621 0.007
1080.66861 16.671 0.009
1083.76091 16.562 0.007
1086.61147 16.814 0.009
1090.69456 16.902 0.011
1092.69466 16.849 0.011
1094.69081 16.535 0.007
1102.65942 16.725 0.008
1107.62775 16.538 0.007
1112.73394 16.752 0.009
1117.60936 16.820 0.009
1122.62095 16.700 0.009
1128.56954 16.815 0.011
1132.59990 16.911 0.010
1135.66858 16.809 0.009
1138.62137 16.593 0.008
1140.65374 16.653 0.009
1144.65676 16.784 0.010
1151.59123 16.668 0.009
1154.61082 16.663 0.009
1157.65657 16.849 0.011
1160.64807 16.663 0.009
1163.73000 16.603 0.008
1166.69705 16.831 0.009
1170.62596 16.880 0.010
1175.68709 16.817 0.012
1179.68479 16.830 0.010
1183.69367 16.681 0.009
1186.68750 16.821 0.009
1189.57605 16.599 0.007
1192.62064 16.896 0.010
1202.56720 16.683 0.010
1206.57082 16.789 0.011
1212.56239 16.913 0.012
1216.56843 16.491 0.009
1220.56462 16.642 0.009
1227.56021 16.536 0.009
1233.54775 16.690 0.011
1329.80909 16.697 0.012
1330.91924 16.728 0.011
1335.86438 16.826 0.012
1341.92522 16.584 0.009
1347.92159 16.638 0.011
1355.91048 16.849 0.012
1365.91139 16.606 0.009
1367.88895 16.658 0.011
1369.87662 16.695 0.010
1374.87554 16.543 0.009
1395.84114 16.838 0.010
1397.86451 16.869 0.011
1401.87818 16.660 0.008
1407.88549 16.647 0.010
1412.78345 16.647 0.009
1418.82354 16.664 0.009
1430.71755 16.897 0.011
1432.78242 16.661 0.009
1438.73530 16.631 0.008
1441.84242 16.723 0.009
1447.69888 16.589 0.010
1451.66494 16.701 0.009
1454.63916 16.598 0.009
1459.68475 16.864 0.012
1461.65958 16.871 0.010
1462.71795 16.735 0.009
1470.60681 16.878 0.012
1475.63090 16.791 0.011
1478.57948 16.567 0.009
1479.59565 16.851 0.011
1484.59489 16.762 0.010
1487.62194 16.541 0.008
1490.65767 16.883 0.010
1492.56044 16.893 0.012
1495.60972 16.783 0.010
1499.57838 16.822 0.011
1502.59883 16.687 0.010
1505.66591 16.496 0.009
1509.57684 16.635 0.009
1512.67899 16.848 0.012
1516.57871 16.489 0.008
1518.64864 16.609 0.009
1520.67649 16.664 0.010
1523.59383 16.833 0.013
1526.57674 16.816 0.010
1531.68403 16.681 0.009
1546.60015 16.808 0.009
1551.56316 16.685 0.009
1556.60390 16.528 0.010
1567.60026 16.546 0.011
1571.59477 16.679 0.009
1576.58361 16.493 0.009
1580.58836 16.658 0.009
1583.59044 16.836 0.010
1587.57950 16.536 0.008
1592.57153 16.906 0.012
1599.54990 16.820 0.012
1602.53971 16.692 0.012
1607.53383 16.504 0.010
1716.91221 16.617 0.010
1728.90366 16.905 0.011
1731.89023 16.774 0.008
1740.87889 16.739 0.012
1742.90335 16.795 0.011
1743.87672 16.487 0.010
1744.89581 16.803 0.011
1749.84615 16.704 0.008
1750.87266 16.792 0.010
1751.82992 16.745 0.009
1752.84569 16.559 0.009
1753.84674 16.796 0.010
1754.81895 16.529 0.009
1755.83883 16.817 0.013
1756.86796 16.644 0.012
1757.81736 16.862 0.012
1758.82201 16.649 0.009
1759.81187 16.914 0.011
1761.85124 16.674 0.009
1762.83364 16.776 0.010
1763.83929 16.480 0.007
1764.82906 16.791 0.009
1765.82524 16.571 0.008
1766.77850 16.836 0.012
1768.78949 16.886 0.012
1769.69835 16.682 0.011
1771.79167 16.767 0.013
1772.81156 16.601 0.008
1773.77879 16.788 0.009
1775.86267 16.838 0.010
1784.84703 16.814 0.011
1788.75036 16.862 0.010
1803.80451 16.488 0.007
1808.81342 16.894 0.011
1811.79658 16.733 0.008
1814.84343 16.537 0.008
1817.80930 16.845 0.008
1821.61120 16.910 0.012
1823.76871 16.520 0.007
1828.85516 16.900 0.011
1829.78000 16.673 0.009
1847.80366 16.638 0.008
1854.78604 16.497 0.007
1859.75004 16.877 0.011
1863.73373 16.557 0.009
1871.79449 16.744 0.009
2086.91788 16.867 0.012
2104.84997 16.808 0.011
2106.90981 16.851 0.012
2115.90479 16.826 0.012
2116.89092 16.616 0.010
2117.89659 16.877 0.012
2123.83959 16.486 0.010
2128.84414 16.919 0.014
2129.87626 16.714 0.011
2130.82514 16.861 0.012
2131.81866 16.726 0.012
2132.82488 16.553 0.011
2133.91343 16.824 0.015
2134.82976 16.519 0.011
2135.86420 16.841 0.012
2136.86411 16.617 0.012
2137.90908 16.897 0.015
2140.83398 16.724 0.011
2142.88122 16.780 0.012
2143.83528 16.482 0.009
2144.80679 16.798 0.010
2155.89748 16.848 0.016
2156.84401 16.603 0.011
2160.77372 16.692 0.011
2162.78028 16.761 0.010
2166.77505 16.828 0.010
2167.74587 16.596 0.009
2168.73237 16.861 0.012
2171.75844 16.717 0.010
2172.76501 16.666 0.011
2173.72710 16.782 0.011
2177.65875 16.821 0.012
2184.72010 16.799 0.012
2185.68358 16.485 0.010
2187.66619 16.567 0.012
2190.71010 16.882 0.012
2191.65193 16.688 0.012
2192.68069 16.785 0.010
2193.70166 16.775 0.010
2194.67294 16.509 0.009
2201.73902 16.847 0.011
2206.62485 16.802 0.015
2211.66350 16.703 0.010
2212.66257 16.838 0.012
2213.67355 16.756 0.013
2214.65992 16.511 0.011
2215.67521 16.816 0.012
2217.65287 16.791 0.013
2219.69602 16.886 0.014
2222.74525 16.747 0.012
2223.68499 16.625 0.011
2225.61452 16.474 0.009
2226.66086 16.784 0.012
2228.57626 16.826 0.012
2230.51353 16.889 0.017
2232.52733 16.892 0.013
2234.56941 16.663 0.010
2236.55890 16.462 0.009
2238.56428 16.565 0.010
2241.55111 16.891 0.014
2243.58935 16.796 0.011
2248.63379 16.818 0.011
2250.59981 16.869 0.012
2253.58770 16.733 0.011
2256.56998 16.505 0.011
2258.61041 16.576 0.009
2263.60167 16.781 0.012
2265.62769 16.484 0.008
2270.58588 16.856 0.012
2272.58395 16.898 0.012
2274.56780 16.650 0.012
2276.53139 16.466 0.012
2280.54787 16.651 0.013
2285.58638 16.496 0.010
2289.58329 16.606 0.010
2291.58400 16.667 0.011
2293.58450 16.726 0.012
2295.58081 16.775 0.012
2297.58399 16.815 0.013
2299.58047 16.822 0.012
2301.57316 16.901 0.015
2448.90478 16.883 0.016
2460.90484 16.778 0.014
2463.93393 16.524 0.010
2466.85579 16.843 0.014
2467.91966 16.653 0.011
2469.91896 16.729 0.011
2471.90850 16.771 0.012
2472.89857 16.477 0.007
2473.92476 16.830 0.010
2481.88403 16.605 0.012
2483.90769 16.531 0.009
2486.90780 16.839 0.014
2488.90976 16.914 0.015
2492.92209 16.484 0.010
2496.92186 16.640 0.011
2498.79311 16.662 0.011
2499.87810 16.885 0.012
2500.88653 16.735 0.012
2501.87328 16.587 0.010
2502.85344 16.770 0.012
2508.76406 16.872 0.018
2516.79550 16.600 0.012
2517.84227 16.889 0.012
2518.81456 16.673 0.011
2519.81284 16.918 0.012
2520.81101 16.731 0.012
2521.79929 16.724 0.011
2524.80269 16.814 0.013
2526.79652 16.824 0.009
2529.79274 16.684 0.010
2534.85334 16.539 0.011
2535.79098 16.815 0.012
2537.72106 16.820 0.014
2538.82214 16.665 0.012
2539.71930 16.890 0.012
2540.76180 16.726 0.013
2541.73118 16.849 0.012
2542.70100 16.738 0.011
2544.68093 16.788 0.011
2545.69446 16.528 0.010
2547.71245 16.612 0.011
2548.73044 16.856 0.012
2550.72571 16.911 0.012
2551.71224 16.726 0.011
2552.72825 16.702 0.010
2554.72135 16.487 0.009
2555.72929 16.807 0.011
2556.70836 16.561 0.010
2557.72088 16.837 0.010
2558.67736 16.621 0.010
2559.63441 16.861 0.012
2560.66734 16.679 0.010
2561.71296 16.876 0.013
2562.68572 16.736 0.011
2563.69365 16.595 0.011
2564.71001 16.790 0.012
2565.70601 16.514 0.011
2566.68095 16.806 0.012
2568.75000 16.875 0.013
2571.66655 16.692 0.011
2572.74181 16.669 0.012
2573.67988 16.768 0.014
2574.65986 16.508 0.010
2576.69460 16.542 0.011
2577.65966 16.836 0.013
2578.64716 16.598 0.012
2579.65768 16.865 0.012
2580.66582 16.667 0.010
2583.63787 16.708 0.012
2584.64432 16.768 0.012
2586.64552 16.823 0.011
2587.62740 16.566 0.010
2589.61831 16.620 0.011
2590.63505 16.881 0.012
2591.66123 16.702 0.012
2593.62450 16.753 0.012
2594.63052 16.532 0.012
2596.60414 16.511 0.011
2597.59131 16.824 0.013
2598.67151 16.627 0.012
2599.62558 16.861 0.015
2607.64568 16.596 0.012
2610.56701 16.845 0.013
2613.56101 16.729 0.012
2615.59140 16.793 0.011
2619.57591 16.824 0.012
2621.58490 16.892 0.014
2625.56764 16.519 0.012
2627.53833 16.533 0.012
2630.55276 16.849 0.016
2635.56647 16.788 0.011
2640.53168 16.637 0.012
2642.57143 16.717 0.012
2646.58278 16.804 0.012
2651.55685 16.660 0.013
2654.57706 16.667 0.013
2657.53693 16.808 0.016
2661.53346 16.879 0.011
2664.57393 16.795 0.014
2672.55188 16.926 0.019
2676.54208 16.499 0.011
2679.55678 16.853 0.012
2683.53515 16.858 0.018
2777.92190 16.909 0.015
2804.85045 16.817 0.017
2805.86773 16.612 0.016
2811.92285 16.784 0.014
2815.89647 16.832 0.012
2817.94510 16.930 0.016
2830.83565 16.804 0.012
2831.80530 16.736 0.013
2832.76599 16.611 0.012
2832.94386 16.516 0.011
2833.88382 16.816 0.015
2834.93447 16.582 0.012
2838.83584 16.679 0.012
2840.84353 16.733 0.012
2843.84485 16.496 0.009
2844.89057 16.825 0.011
2845.93760 16.629 0.012
2849.87410 16.741 0.012
2850.90685 16.691 0.012
2852.83544 16.513 0.012
2854.84679 16.568 0.012
2857.85421 16.862 0.013
2858.92783 16.702 0.011
2860.89376 16.750 0.011
2861.76519 16.766 0.011
2862.88863 16.805 0.012
2865.81300 16.563 0.011
2866.89972 16.879 0.017
2867.80240 16.631 0.011
2868.80602 16.907 0.012
2869.79255 16.696 0.011
2870.83404 16.815 0.012
2871.87716 16.766 0.012
2872.83399 16.497 0.009
2875.82483 16.830 0.013
2876.79424 16.599 0.010
2879.72076 16.910 0.012
2883.84398 16.482 0.009
2885.77933 16.555 0.009
2890.71021 16.916 0.018
2893.76166 16.801 0.012
2895.81088 16.825 0.011
2897.71437 16.854 0.012
2899.75206 16.891 0.011
2903.76784 16.472 0.007
2906.72005 16.838 0.011
2908.69706 16.861 0.012
2910.69195 16.907 0.013
2912.69729 16.734 0.011
2916.71004 16.572 0.009
2918.68693 16.640 0.011
2922.68690 16.759 0.012
2924.62789 16.768 0.012
2926.62189 16.810 0.012
2929.68310 16.650 0.011
2931.65902 16.710 0.010
2933.66948 16.769 0.010
2935.63383 16.796 0.012
2937.65942 16.821 0.012
2939.67488 16.885 0.012
2940.65205 16.668 0.009
2941.62729 16.901 0.011
2942.65210 16.736 0.012
2943.62343 16.699 0.012
2944.60779 16.768 0.012
2946.56257 16.811 0.012
2946.60253 16.825 0.012
2947.63414 16.575 0.011
2949.61524 16.643 0.011
2950.56678 16.878 0.012
2951.64736 16.712 0.012
2953.59527 16.755 0.012
2955.58041 16.791 0.013
2957.59399 16.810 0.011
2960.60844 16.670 0.012
2962.64828 16.726 0.012
2965.65094 16.490 0.010
2968.61328 16.841 0.013
2970.63211 16.877 0.012
2972.63667 16.833 0.012
2975.54474 16.804 0.012
2977.64055 16.839 0.014
2979.58044 16.855 0.012
2983.56125 16.797 0.012
2986.57784 16.798 0.012
2988.54983 16.819 0.012
2991.57597 16.673 0.012
2994.56171 16.625 0.012
2997.57710 16.838 0.012
3000.56823 16.677 0.011
3003.55109 16.834 0.013
3006.53839 16.803 0.012
3009.53367 16.605 0.013
3013.53610 16.740 0.012
3015.57133 16.791 0.012
3018.54843 16.585 0.012
3020.58414 16.658 0.011
3022.53702 16.712 0.014
3024.53679 16.774 0.014
3025.59639 16.484 0.010
3027.62189 16.584 0.010
3029.59359 16.632 0.011
3031.59841 16.703 0.010
3034.52866 16.687 0.012
3037.54783 16.846 0.015
3183.92985 16.534 0.011
3193.89773 16.824 0.012
3196.86979 16.629 0.009
3197.93221 16.897 0.013
3202.85771 16.801 0.012
3203.89774 16.529 0.008
3206.83557 16.854 0.013
3210.91158 16.644 0.011
3211.86619 16.772 0.011
3215.80130 16.813 0.015
3217.79717 16.858 0.013
3223.85333 16.532 0.010
3228.77203 16.866 0.013
3229.85386 16.727 0.010
3231.83533 16.761 0.012
3238.77219 16.651 0.010
3239.81573 16.890 0.012
3240.80846 16.743 0.012
3241.79193 16.710 0.012
3242.73593 16.768 0.012
3243.86853 16.535 0.011
3244.84712 16.807 0.014
3245.79486 16.553 0.012
3246.78762 16.834 0.012
3247.79600 16.639 0.012
3249.74630 16.685 0.012
3251.75986 16.741 0.009
3254.74755 16.512 0.009
3259.68459 16.882 0.012
3261.72064 16.828 0.010
3263.71786 16.531 0.008
3265.73920 16.547 0.010
3267.72596 16.615 0.009
3269.82047 16.715 0.012
3270.67941 16.876 0.012
3271.68234 16.726 0.011
3273.64065 16.768 0.013
3275.62651 16.821 0.012
3276.72991 16.574 0.012
3277.76855 16.847 0.012
3279.70017 16.876 0.011
3281.65874 16.903 0.010
3283.66041 16.601 0.007
3287.62654 16.599 0.011
3289.64152 16.659 0.009
3293.61508 16.733 0.010
3295.63301 16.822 0.008
3298.57091 16.629 0.008
3300.57321 16.658 0.011
3302.55018 16.712 0.012
3305.65020 16.491 0.010
3307.56249 16.557 0.011
3309.58759 16.641 0.010
3311.53920 16.694 0.011
3314.58215 16.605 0.012
3320.61995 16.666 0.010
3323.56739 16.793 0.012
3327.57491 16.557 0.009
3330.57040 16.900 0.014
3335.61440 16.788 0.012
3338.56007 16.584 0.010
3350.53438 16.844 0.010
3353.59297 16.749 0.010
3359.57002 16.858 0.011
3363.57693 16.750 0.011
3367.63652 16.591 0.010
3372.56999 16.896 0.012
3376.54611 16.493 0.008
3380.53252 16.629 0.014
3386.57950 16.794 0.009
3395.52729 16.779 0.019
3398.57501 16.598 0.011
3402.57225 16.728 0.010
3543.88591 16.534 0.010
3551.90940 16.823 0.014
3554.94062 16.614 0.010
3561.94786 16.498 0.010
3564.92553 16.849 0.009
3568.87116 16.889 0.011
3570.83216 16.784 0.013
3571.82311 16.748 0.014
3573.86881 16.839 0.014
3575.82459 16.867 0.012
3577.88097 16.917 0.012
3578.91699 16.713 0.009
3579.82205 16.921 0.010
3581.89113 16.524 0.010
3582.84743 16.798 0.012
3583.85766 16.526 0.008
3585.87875 16.598 0.008
3586.83092 16.875 0.009
3588.84922 16.923 0.011
3590.80526 16.810 0.009
3592.77001 16.556 0.008
3594.80950 16.539 0.008
3597.84945 16.866 0.012
3600.88561 16.739 0.013
3602.74651 16.762 0.013
3607.83761 16.660 0.009
3617.79363 16.858 0.010
3619.77173 16.903 0.010
3621.76422 16.753 0.009
3628.79109 16.904 0.013
3630.64295 16.966 0.014
3632.64031 16.792 0.013
3634.71321 16.508 0.009
3637.67204 16.854 0.011
3639.72195 16.895 0.009
3641.71873 16.789 0.011
3643.81714 16.521 0.010
3644.75780 16.832 0.009
3646.68884 16.831 0.011
3650.71007 16.923 0.010
3652.64523 16.772 0.009
3654.61568 16.538 0.009
3656.64723 16.547 0.010
3657.70494 16.845 0.010
3658.67986 16.648 0.010
3659.66256 16.905 0.013
3661.61124 16.919 0.013
3663.63418 16.652 0.012
3665.66652 16.528 0.009
3668.61568 16.869 0.012
3670.56638 16.891 0.013
3672.60581 16.856 0.011
3674.63507 16.500 0.008
3676.59289 16.534 0.009
3682.58183 16.730 0.011
3684.57469 16.787 0.010
3686.56458 16.842 0.012
3688.53766 16.868 0.011
3690.54357 16.832 0.013
3692.59612 16.853 0.012
3694.58270 16.574 0.009
3696.57883 16.542 0.009
3698.61253 16.640 0.012
3700.62258 16.672 0.010
3702.61350 16.756 0.011
3704.61402 16.772 0.010
3706.62888 16.827 0.010
3708.61028 16.844 0.012
3712.56681 16.876 0.011
3714.56948 16.586 0.010
3718.55296 16.536 0.010
3721.58516 16.899 0.013
3725.61403 16.491 0.008
3730.53829 16.886 0.010
3734.60896 16.520 0.009
3738.56103 16.603 0.011
3742.55821 16.706 0.012
3747.55798 16.587 0.012
3751.56677 16.690 0.012
3762.54475 16.751 0.014
3766.55000 16.820 0.010
3772.57675 16.867 0.012
3777.52409 16.833 0.014
3871.89614 16.799 0.014
3902.91644 16.816 0.012
3907.91130 16.680 0.011
3913.93685 16.821 0.009
3918.90664 16.733 0.009
3931.93820 16.831 0.012
3934.87617 16.575 0.008
3936.88445 16.675 0.010
3938.86851 16.679 0.010
3945.87547 16.618 0.009
3950.82042 16.757 0.009
3957.77596 16.905 0.016
3959.76543 16.893 0.012
3961.75956 16.723 0.012
3964.76779 16.816 0.009
3966.76004 16.861 0.010
3968.75372 16.880 0.010
3970.74541 16.876 0.009
3973.71474 16.788 0.012
3975.72698 16.834 0.011
3980.66221 16.702 0.011
3981.66195 16.892 0.011
3982.72633 16.770 0.012
3986.69968 16.832 0.012
3991.72887 16.756 0.011
3994.64129 16.526 0.011
3998.67166 16.654 0.010
4001.64248 16.871 0.010
4003.61392 16.675 0.010
4004.69372 16.810 0.011
4005.68785 16.540 0.008
4007.58110 16.576 0.009
4008.59000 16.871 0.009
4011.64048 16.702 0.009
4014.62292 16.501 0.011
4016.61971 16.552 0.009
4018.61612 16.615 0.010
4020.61956 16.629 0.011
4023.60541 16.669 0.011
4025.60578 16.498 0.009
4027.59390 16.573 0.009
4029.57620 16.636 0.010
4031.56328 16.675 0.010
4033.65756 16.775 0.009
4040.53300 16.660 0.012
4042.56089 16.730 0.011
4044.58389 16.803 0.014
4046.61698 16.821 0.012
4049.52892 16.620 0.009
4051.57850 16.695 0.011
4053.62593 16.766 0.009
4055.51857 16.818 0.014
4057.59394 16.822 0.012
4059.59237 16.876 0.011
4063.53741 16.783 0.011
4065.58704 16.490 0.008
4067.58031 16.574 0.009
4069.53318 16.634 0.010
4071.54400 16.686 0.010
4074.54011 16.621 0.010
4077.54182 16.837 0.010
4079.54200 16.832 0.011
4082.54336 16.731 0.009
4085.62069 16.501 0.010
4092.57619 16.879 0.010
4097.61878 16.814 0.012
4100.61020 16.681 0.010
4105.57419 16.501 0.009
4111.61065 16.705 0.009
4115.53011 16.811 0.012
4120.56100 16.671 0.009
4124.57249 16.802 0.011
4128.59647 16.850 0.012
4252.94414 16.529 0.012
4255.86414 16.837 0.013
4268.92311 16.856 0.012
4275.93802 16.843 0.013
4279.83488 16.879 0.016
4282.82628 16.806 0.012
4283.84533 16.520 0.012
4284.87573 16.828 0.013
4285.94115 16.649 0.012
4292.88361 16.501 0.009
4295.87707 16.841 0.012
4296.90756 16.662 0.010
4297.93949 16.908 0.012
4299.87436 16.822 0.010
4300.89610 16.766 0.011
4301.91467 16.491 0.009
4302.93655 16.812 0.012
4306.93326 16.882 0.012
4307.84785 16.683 0.010
4308.67605 16.856 0.012
4308.88395 16.903 0.012
4310.85613 16.693 0.012
4311.85598 16.770 0.015
4312.91815 16.502 0.009
4314.93723 16.612 0.012
4316.84512 16.640 0.012
4320.87243 16.757 0.011
4326.85465 16.874 0.012
4327.83061 16.671 0.013
4328.84636 16.918 0.013
4329.84769 16.723 0.012
4330.87702 16.658 0.011
4332.89323 16.505 0.010
4334.87019 16.582 0.011
4338.92266 16.716 0.012
4340.79350 16.749 0.012
4341.78636 16.656 0.012
4342.86055 16.786 0.012
4343.77992 16.501 0.010
4344.76199 16.814 0.012
4346.71830 16.821 0.012
4348.72407 16.880 0.012
4350.70071 16.898 0.011
4352.80288 16.493 0.011
4353.65885 16.784 0.012
4354.78018 16.532 0.010
4357.76390 16.864 0.013
4359.71785 16.928 0.013
4362.66551 16.714 0.014
4363.62481 16.626 0.012
4365.68317 16.541 0.012
4369.67713 16.689 0.012
4371.66608 16.717 0.012
4376.66957 16.588 0.010
4378.63617 16.634 0.012
4379.66748 16.883 0.015
4381.62663 16.886 0.015
4382.70518 16.772 0.011
4386.67945 16.837 0.012
4388.68017 16.885 0.012
4390.68899 16.910 0.011
4393.68355 16.804 0.012
4396.65811 16.577 0.011
4398.66309 16.653 0.011
4400.68761 16.717 0.011
4404.66459 16.802 0.012
4407.65248 16.618 0.010
4410.68241 16.923 0.012
4415.66874 16.825 0.011
4418.61426 16.620 0.010
4421.67204 16.852 0.012
4423.67651 16.535 0.011
4426.55272 16.819 0.013
4428.56942 16.830 0.014
4430.62964 16.922 0.012
4432.61551 16.784 0.011
4434.62079 16.499 0.010
4436.59710 16.543 0.010
4438.65976 16.653 0.012
4440.59287 16.686 0.012
4442.55437 16.725 0.013
4444.57918 16.795 0.014
4450.61160 16.907 0.015
4452.58914 16.826 0.012
4454.52620 16.605 0.018
4455.59830 16.797 0.012
4457.53381 16.829 0.016
4459.55392 16.855 0.012
4462.58536 16.723 0.012
4466.60949 16.838 0.012
4471.54414 16.684 0.012
4475.53680 16.791 0.012
4480.57922 16.668 0.011
4482.58618 16.743 0.013
4485.58926 16.510 0.012
4488.59149 16.828 0.014
4609.91387 16.757 0.012
4643.89803 16.558 0.011
4650.93691 16.547 0.010
4655.91632 16.866 0.011
4662.79470 16.795 0.010
4662.91153 16.809 0.011
4663.76632 16.503 0.012
4663.91414 16.568 0.010
4665.83940 16.603 0.011
4665.93323 16.645 0.012
4666.92850 16.895 0.013
4666.93239 16.880 0.014
4670.92150 16.555 0.010
4671.89140 16.807 0.012
4673.87344 16.810 0.011
4674.80185 16.566 0.011
4674.86205 16.581 0.011
4676.92169 16.676 0.012
4677.83729 16.889 0.011
4682.81176 16.792 0.012
4684.84962 16.824 0.012
4686.80960 16.861 0.010
4688.82556 16.931 0.011
4690.75115 16.846 0.011
4691.75417 16.759 0.012
4693.90918 16.824 0.013
4696.88282 16.683 0.013
4697.82134 16.910 0.014
4698.77094 16.685 0.009
4699.76504 16.913 0.012
4700.79978 16.757 0.011
4701.80767 16.597 0.011
4703.76688 16.500 0.010
4704.78564 16.833 0.010
4705.79312 16.597 0.011
4707.78554 16.646 0.009
4709.74133 16.693 0.010
4710.76990 16.822 0.010
4715.74991 16.826 0.012
4716.77560 16.632 0.009
4717.70037 16.860 0.012
4719.78965 16.917 0.012
4721.78330 16.647 0.012
4724.66589 16.788 0.012
4725.74535 16.577 0.010
4728.75092 16.912 0.012
4733.72748 16.788 0.011
4740.66908 16.699 0.011
4741.70446 16.759 0.010
4747.60865 16.618 0.011
4749.60833 16.658 0.013
4753.67932 16.792 0.013
4755.67131 16.840 0.012
4757.65583 16.855 0.012
4759.67052 16.912 0.011
4761.63889 16.862 0.010
4763.65132 16.538 0.011
4767.59707 16.590 0.011
4770.66561 16.914 0.012
4772.60337 16.792 0.011
4774.55792 16.548 0.009
4776.54951 16.521 0.010
4777.65146 16.837 0.013
4780.52014 16.651 0.012
4781.61430 16.883 0.013
4783.58323 16.662 0.011
4785.61859 16.510 0.012
4789.54971 16.643 0.010
4791.53126 16.693 0.012
4793.53867 16.749 0.012
4795.55134 16.800 0.011
4797.54359 16.839 0.012
4798.60694 16.623 0.011
4800.65432 16.713 0.011
4803.54545 16.737 0.011
4804.60055 16.799 0.013
4805.58740 16.495 0.009
4807.52518 16.579 0.015
4809.55453 16.646 0.010
4811.57643 16.698 0.011
4813.55337 16.776 0.013
4815.58928 16.814 0.013
4816.53637 16.521 0.010
4818.58665 16.611 0.011
4820.52814 16.649 0.014
4822.58489 16.735 0.011
4824.56971 16.772 0.013
4826.61935 16.825 0.012
4833.56875 16.759 0.010
4835.59200 16.813 0.013
4837.60295 16.863 0.015
4841.57929 16.897 0.013
4843.57354 16.688 0.012
4846.58263 16.821 0.011
4848.61887 16.846 0.011
4850.60635 16.884 0.012
4854.59759 16.489 0.010
4856.61483 16.572 0.009
4862.56274 16.730 0.010
4868.55309 16.840 0.012
