2104.88382 17.140 0.013
2112.92411 17.041 0.012
2115.90016 17.144 0.016
2116.92802 17.139 0.014
2117.89107 17.058 0.013
2123.88200 17.003 0.013
2128.88191 16.999 0.016
2130.82071 17.033 0.014
2131.81371 17.156 0.015
2132.85845 17.118 0.016
2133.87095 17.086 0.017
2134.86408 16.974 0.015
2135.90143 16.817 0.010
2136.90475 17.154 0.017
2140.86748 16.861 0.012
2141.77773 17.145 0.017
2142.87730 17.172 0.016
2143.88635 17.111 0.015
2144.80196 16.991 0.011
2156.72804 16.839 0.013
2160.80728 16.988 0.014
2162.81760 16.989 0.012
2166.80841 16.934 0.011
2167.74168 17.007 0.012
2168.76625 17.167 0.014
2172.81714 16.838 0.011
2173.76054 17.146 0.012
2174.74428 17.111 0.012
2177.69240 16.808 0.012
2184.75372 17.137 0.017
2187.66201 16.876 0.016
2190.74372 17.137 0.014
2191.64784 17.032 0.013
2192.71142 16.962 0.010
2193.73862 16.809 0.009
2194.70346 17.147 0.013
2200.71786 17.154 0.014
2203.60610 16.882 0.012
2206.65584 17.122 0.016
2208.69991 16.952 0.013
2211.70786 17.157 0.014
2212.69442 17.095 0.014
2214.69448 16.857 0.014
2215.73046 17.002 0.015
2217.68960 17.113 0.016
2219.72660 16.957 0.014
2222.77589 17.142 0.016
2223.68096 17.035 0.015
2227.53930 17.098 0.020
2228.60689 17.055 0.013
2230.54499 16.853 0.013
2232.55797 17.135 0.014
2234.60004 16.999 0.012
2236.58926 17.160 0.014
2239.53680 16.994 0.014
2241.58160 16.958 0.012
2243.61995 17.140 0.015
2249.57997 17.079 0.012
2251.63010 16.886 0.012
2254.58388 17.116 0.013
2256.60122 16.935 0.014
2259.62207 17.117 0.014
2262.62855 16.829 0.013
2266.62045 17.005 0.014
2271.59537 17.046 0.014
2273.59460 16.940 0.016
2276.58931 17.031 0.014
2280.58323 17.155 0.015
2285.57920 17.177 0.013
2289.61504 16.850 0.011
2291.62032 17.135 0.012
2293.60998 16.958 0.012
2295.60669 17.180 0.015
2297.61125 17.093 0.014
2299.60590 16.895 0.012
2301.59743 17.125 0.017
2453.89165 17.093 0.019
2460.93831 16.968 0.016
2464.89565 17.055 0.012
2466.88913 16.822 0.014
2468.88339 17.174 0.015
2470.87435 17.007 0.012
2472.89448 17.027 0.011
2481.87993 16.969 0.016
2483.94138 17.058 0.015
2486.94209 17.056 0.018
2489.82411 17.115 0.014
2490.82035 17.087 0.018
2496.80404 17.045 0.013
2497.82634 16.937 0.014
2498.82670 16.800 0.011
2499.91168 17.124 0.013
2500.92005 17.163 0.015
2501.90658 17.092 0.013
2502.88682 17.002 0.014
2508.79741 16.907 0.018
2516.82978 17.125 0.015
2517.87682 17.106 0.014
2518.85105 17.013 0.014
2519.80234 16.827 0.011
2520.84450 17.081 0.014
2521.79510 17.144 0.014
2524.79803 16.877 0.015
2526.83001 17.136 0.011
2529.78850 16.931 0.012
2535.74811 16.799 0.012
2537.75462 17.145 0.020
2539.74341 16.977 0.013
2540.79528 16.902 0.014
2541.75543 17.093 0.014
2542.72506 17.135 0.013
2544.71435 16.996 0.012
2545.72948 16.897 0.011
2547.73671 17.165 0.014
2548.76397 17.120 0.014
2550.75911 16.954 0.012
2551.74621 16.780 0.011
2552.76160 17.123 0.013
2553.70238 17.117 0.016
2554.75472 17.084 0.013
2555.76271 16.974 0.012
2556.74195 16.840 0.011
2557.75427 17.103 0.013
2558.71082 17.129 0.013
2559.66775 17.079 0.014
2560.70086 16.997 0.013
2561.74643 16.898 0.014
2562.71906 16.975 0.014
2563.72711 17.137 0.014
2564.74352 17.116 0.014
2565.73134 17.049 0.014
2566.71029 16.923 0.013
2571.70566 16.969 0.016
2572.76603 16.879 0.015
2573.70419 17.143 0.017
2574.68392 17.126 0.013
2576.72837 17.008 0.013
2577.68661 16.868 0.013
2578.67166 17.106 0.015
2579.68183 17.152 0.016
2580.69011 17.105 0.014
2583.66634 16.897 0.013
2584.66864 17.164 0.014
2587.66101 16.957 0.013
2588.67293 16.815 0.012
2589.66602 17.151 0.015
2590.67387 17.134 0.015
2591.70163 17.088 0.014
2593.65845 16.848 0.013
2594.66496 17.097 0.016
2596.63764 17.092 0.017
2597.62650 16.988 0.017
2598.70522 16.925 0.013
2599.66577 16.906 0.016
2608.56643 16.936 0.014
2610.60304 17.153 0.015
2613.59437 17.002 0.018
2615.63004 16.994 0.015
2620.60038 16.845 0.012
2622.54817 17.110 0.015
2625.60159 16.815 0.015
2629.53440 16.945 0.015
2632.57245 17.153 0.013
2636.56891 16.939 0.014
2639.56816 17.055 0.013
2643.54114 17.134 0.015
2649.55362 17.108 0.014
2651.59147 16.906 0.016
2655.54428 17.033 0.016
2658.55611 17.156 0.020
2661.56868 16.987 0.012
2665.53569 17.098 0.017
2669.56184 17.129 0.015
2674.54594 17.131 0.015
2676.56678 17.087 0.013
2680.53723 17.180 0.018
2683.56849 16.921 0.014
2804.84638 17.140 0.022
2805.90279 17.127 0.019
2812.91931 16.979 0.015
2815.92960 17.154 0.014
2818.94217 16.904 0.012
2829.87623 16.820 0.012
2831.87664 17.157 0.018
2832.81975 17.080 0.015
2833.91834 16.999 0.015
2835.90708 16.928 0.013
2840.89617 16.792 0.011
2843.88220 17.075 0.013
2844.92349 16.971 0.012
2849.90819 17.028 0.014
2850.93973 16.933 0.016
2852.86837 17.162 0.018
2854.87970 17.033 0.014
2857.88699 17.145 0.016
2859.87430 17.066 0.013
2860.92667 16.998 0.012
2861.79839 16.814 0.011
2862.88447 17.118 0.016
2863.88637 17.135 0.019
2865.80884 16.961 0.014
2867.79827 17.142 0.014
2868.83890 17.136 0.014
2869.85247 17.100 0.014
2870.86700 17.027 0.013
2872.79106 17.016 0.012
2875.85823 17.048 0.013
2876.88423 16.958 0.015
2877.85662 16.812 0.011
2879.82138 17.135 0.012
2884.77146 17.143 0.013
2886.78424 17.009 0.013
2890.74737 17.126 0.017
2893.79475 16.812 0.012
2895.80557 17.119 0.013
2897.75318 16.959 0.013
2899.78543 17.124 0.013
2903.80417 16.880 0.009
2906.75290 17.096 0.012
2908.72993 16.878 0.012
2910.72483 17.134 0.014
2912.73074 17.040 0.011
2916.74340 17.134 0.012
2918.72044 16.975 0.013
2922.72297 17.115 0.015
2924.71930 16.916 0.012
2926.65498 17.148 0.017
2929.71634 16.967 0.013
2931.69373 17.132 0.013
2933.70441 17.064 0.011
2935.66734 16.817 0.014
2937.69242 17.142 0.015
2939.67065 16.987 0.013
2940.68492 16.867 0.011
2941.66065 17.096 0.012
2942.68822 17.145 0.014
2943.65694 17.089 0.014
2944.64071 16.997 0.016
2946.63929 16.950 0.013
2947.66724 17.151 0.017
2949.64814 17.028 0.013
2950.59964 16.915 0.012
2951.68052 16.807 0.013
2953.62840 17.120 0.015
2955.61329 16.978 0.016
2957.62701 17.132 0.013
2965.68390 17.055 0.013
2968.64642 17.136 0.016
2971.65421 16.980 0.013
2973.64271 17.108 0.014
2975.53951 17.067 0.013
2977.63517 16.921 0.016
2979.61545 17.142 0.018
2982.57005 16.907 0.013
2984.60125 17.141 0.019
2986.61138 17.070 0.013
2988.58383 16.830 0.012
2990.60265 17.157 0.014
2993.60544 16.878 0.011
2997.55323 17.007 0.012
3000.60872 17.131 0.014
3003.58422 16.947 0.013
3006.57380 17.120 0.013
3009.56719 16.859 0.014
3013.57380 17.013 0.014
3017.56825 17.114 0.013
3020.54342 16.804 0.011
3022.57087 17.140 0.016
3024.57009 17.005 0.014
3026.54010 17.142 0.014
3028.54101 17.105 0.015
3030.54413 16.905 0.012
3032.56207 17.128 0.016
3034.56163 17.054 0.012
3038.55244 17.152 0.017
3179.94374 17.114 0.013
3184.90755 17.114 0.016
3193.93060 17.083 0.012
3196.90265 17.033 0.013
3202.89512 16.957 0.012
3203.93500 16.816 0.008
3206.87789 17.093 0.014
3210.94437 17.146 0.014
3211.86049 17.078 0.014
3216.78019 17.076 0.016
3217.83005 17.032 0.017
3224.82701 16.807 0.010
3228.80485 16.978 0.013
3230.77834 17.147 0.011
3238.80942 17.046 0.014
3239.84852 16.964 0.011
3242.77830 17.116 0.015
3243.90145 17.129 0.015
3244.88015 17.034 0.016
3245.82764 16.878 0.011
3246.82451 17.114 0.014
3247.82876 17.150 0.014
3249.78219 17.011 0.013
3251.79474 16.982 0.011
3254.78087 17.034 0.011
3257.80796 17.156 0.011
3261.75383 16.787 0.010
3263.75081 17.144 0.011
3265.83071 17.013 0.012
3267.75886 17.115 0.012
3270.71256 17.008 0.012
3271.71524 16.913 0.012
3273.67377 17.178 0.015
3275.66855 17.054 0.016
3276.76257 16.956 0.015
3277.80143 16.863 0.012
3279.73297 17.154 0.013
3281.69877 16.970 0.011
3283.69319 17.144 0.010
3287.65949 16.882 0.011
3289.67432 17.149 0.012
3291.61706 17.033 0.014
3294.62925 17.146 0.013
3298.60344 16.849 0.009
3300.60601 17.137 0.014
3302.58706 16.960 0.013
3305.68305 17.171 0.014
3307.59958 17.018 0.016
3309.62035 17.003 0.012
3311.57587 17.116 0.012
3314.61955 16.820 0.012
3320.65284 17.111 0.012
3323.60523 17.013 0.011
3327.63334 17.131 0.013
3330.60463 16.827 0.012
3335.64924 16.857 0.016
3338.55607 17.088 0.013
3350.56743 16.960 0.011
3357.60617 17.034 0.013
3361.60799 16.947 0.011
3363.61027 17.128 0.016
3369.58722 17.159 0.013
3376.57922 17.019 0.012
3380.56557 17.147 0.014
3386.61245 17.094 0.012
3395.56448 17.206 0.019
3399.59304 16.823 0.012
3402.60522 17.116 0.014
3543.92130 17.062 0.014
3551.94391 17.097 0.018
3558.92583 17.106 0.013
3562.91657 17.184 0.011
3568.90808 17.140 0.012
3570.86974 17.013 0.014
3571.85622 16.839 0.013
3573.90160 17.131 0.017
3575.86140 17.029 0.012
3577.91797 16.867 0.011
3579.85885 17.112 0.011
3581.92779 16.987 0.012
3582.88018 16.792 0.011
3583.89929 17.158 0.011
3586.88952 16.976 0.009
3588.88770 17.128 0.013
3590.84629 17.084 0.012
3592.80658 16.854 0.009
3594.84739 17.145 0.011
3600.93639 17.117 0.017
3603.75947 16.876 0.011
3608.81609 16.840 0.009
3614.84788 16.829 0.009
3615.85271 17.138 0.011
3618.83234 16.953 0.010
3620.85880 17.135 0.011
3622.81282 17.072 0.012
3625.75877 17.139 0.011
3628.78031 17.006 0.013
3630.69576 17.139 0.014
3632.67293 17.125 0.018
3634.70787 16.911 0.011
3637.70867 17.124 0.014
3640.67497 16.867 0.009
3644.70947 16.995 0.010
3650.74279 16.913 0.010
3652.68423 17.159 0.011
3654.66004 17.002 0.011
3656.71326 16.814 0.010
3657.74140 17.161 0.012
3658.71494 17.136 0.014
3659.69933 17.083 0.016
3660.70498 16.976 0.013
3663.69577 17.145 0.014
3665.72403 17.029 0.015
3668.65256 17.169 0.012
3668.67511 17.149 0.012
3670.66374 17.026 0.013
3672.59645 17.055 0.013
3674.75578 17.164 0.012
3676.64205 16.950 0.011
3682.61869 16.814 0.011
3684.63603 17.181 0.012
3686.60172 16.985 0.012
3688.57470 17.085 0.012
3690.58841 17.129 0.014
3693.58553 16.849 0.012
3695.58110 17.118 0.012
3698.56251 16.826 0.014
3701.60525 17.063 0.013
3703.61587 16.914 0.010
3705.58809 17.168 0.011
3707.58855 17.042 0.012
3712.60348 17.073 0.012
3715.56172 17.145 0.012
3719.64070 16.902 0.013
3722.58765 17.136 0.014
3725.66774 16.847 0.012
3730.57094 16.797 0.009
3735.57361 16.886 0.011
3739.57329 17.060 0.011
3743.54899 17.111 0.014
3748.55288 17.143 0.018
3753.55059 17.179 0.018
3758.57250 17.163 0.016
3762.57905 16.832 0.011
3768.53906 17.125 0.014
3773.53590 16.947 0.013
3777.56184 16.962 0.012
3871.93233 17.063 0.019
3902.94910 16.933 0.024
3907.94409 16.957 0.015
3915.91991 17.136 0.012
3918.93915 16.886 0.011
3933.82684 16.916 0.011
3934.90879 16.868 0.010
3936.91703 17.140 0.012
3938.90122 17.044 0.012
3945.87096 16.810 0.010
3950.85263 16.824 0.010
3957.80826 17.132 0.017
3959.80670 17.019 0.013
3961.79292 16.984 0.013
3964.80004 17.055 0.010
3966.79227 16.820 0.009
3968.78581 17.154 0.012
3970.77745 16.977 0.009
3973.74840 17.139 0.013
3975.76169 17.020 0.013
3980.69421 17.041 0.013
3981.69408 16.903 0.010
3982.75842 16.851 0.012
3986.73558 16.960 0.012
3989.83266 17.183 0.015
3991.77385 17.021 0.012
3994.67487 17.143 0.013
4001.67456 17.019 0.010
4003.64622 16.911 0.010
4004.73478 17.159 0.011
4005.72004 17.156 0.011
4007.61324 16.963 0.011
4008.62231 16.797 0.009
4011.67270 17.082 0.011
4014.67066 17.060 0.013
4016.65192 17.140 0.013
4018.64827 16.899 0.011
4020.68719 17.130 0.014
4023.63765 16.965 0.014
4025.63800 17.151 0.012
4027.62616 17.089 0.011
4029.60835 16.830 0.010
4031.59536 17.138 0.012
4036.63074 17.148 0.011
4038.58507 17.035 0.011
4040.56505 16.913 0.012
4042.63442 17.129 0.012
4045.51567 16.864 0.015
4047.58849 17.185 0.015
4049.56108 16.979 0.010
4051.61067 17.009 0.012
4053.62164 17.138 0.011
4055.55084 16.904 0.013
4057.58993 17.165 0.017
4059.62449 17.089 0.012
4063.61588 17.140 0.011
4066.53078 16.862 0.010
4068.59813 17.163 0.012
4071.53928 16.899 0.012
4074.57446 17.121 0.013
4077.62720 16.853 0.013
4079.57429 17.124 0.013
4083.58178 17.004 0.014
4087.60371 16.918 0.011
4095.56759 17.133 0.012
4095.60464 17.135 0.012
4098.58666 16.875 0.013
4102.55883 17.011 0.014
4107.56295 17.053 0.011
4112.56341 17.091 0.012
4119.55301 16.910 0.012
4122.57931 17.116 0.013
4128.57947 17.075 0.012
4253.90273 17.002 0.018
4255.92136 16.842 0.014
4258.93792 17.039 0.018
4273.92421 17.151 0.019
4279.77736 17.032 0.019
4282.75065 17.163 0.018
4282.91494 17.040 0.014
4283.84168 17.145 0.018
4284.90947 17.104 0.016
4289.88053 17.133 0.016
4292.91381 16.818 0.011
4295.90771 17.074 0.013
4296.94199 17.009 0.012
4298.86099 17.095 0.016
4299.90450 17.162 0.012
4300.92634 17.095 0.013
4301.94513 17.030 0.014
4303.83587 17.056 0.013
4307.73287 16.847 0.012
4308.70666 17.116 0.015
4308.91450 16.817 0.011
4310.88656 17.148 0.017
4311.88807 17.085 0.019
4314.81705 17.141 0.015
4316.87672 17.106 0.016
4320.86039 17.155 0.014
4326.88477 17.147 0.016
4327.90846 17.078 0.017
4328.87847 16.985 0.015
4329.87771 16.845 0.013
4330.90911 17.035 0.014
4332.92535 17.112 0.015
4334.91864 16.946 0.017
4339.87336 16.974 0.015
4340.82559 16.820 0.013
4341.81846 17.125 0.016
4342.89271 17.141 0.015
4343.81199 17.041 0.014
4344.79418 16.931 0.012
4346.77046 17.124 0.015
4348.75617 17.072 0.012
4350.73296 16.808 0.011
4353.69107 17.066 0.014
4355.74963 16.885 0.013
4358.69297 17.095 0.015
4362.70054 17.146 0.016
4365.67453 16.935 0.014
4369.73132 17.076 0.019
4371.69829 16.839 0.013
4376.70165 16.924 0.013
4378.66837 17.174 0.014
4379.69964 17.128 0.016
4381.65885 16.912 0.014
4383.68731 17.144 0.014
4386.71192 16.978 0.013
4388.71222 17.095 0.014
4390.72115 17.114 0.014
4394.60877 17.166 0.014
4396.69218 17.064 0.014
4398.69529 16.825 0.014
4402.68034 16.977 0.013
4404.69679 17.114 0.018
4407.70531 17.030 0.015
4409.72091 16.853 0.013
4411.71601 17.139 0.014
4415.71987 17.156 0.016
4417.66987 17.084 0.013
4420.65630 17.138 0.015
4422.68835 16.899 0.013
4424.68542 16.922 0.014
4427.57117 17.091 0.015
4429.61426 16.898 0.017
4431.60139 17.138 0.016
4433.60727 17.076 0.014
4435.59564 16.815 0.012
4438.65570 17.081 0.016
4440.62522 16.869 0.013
4442.58669 17.146 0.016
4444.61139 17.003 0.017
4452.62163 17.123 0.015
4454.64183 17.078 0.015
4455.58391 16.989 0.015
4457.59280 17.131 0.019
4460.54722 16.979 0.013
4463.61077 17.166 0.016
4467.59359 16.817 0.014
4470.59299 17.068 0.015
4474.63956 17.121 0.016
4476.61789 17.010 0.012
4481.62561 17.086 0.016
4483.64425 16.810 0.013
4485.62573 17.160 0.019
4488.62635 16.895 0.018
4492.61661 17.005 0.014
4643.93028 16.992 0.015
4655.91242 16.831 0.011
4661.92618 16.963 0.013
4662.84975 17.142 0.012
4662.94763 17.139 0.015
4663.79849 17.074 0.016
4665.87164 16.914 0.015
4671.85001 16.838 0.012
4677.86938 17.126 0.014
4682.84380 16.962 0.012
4684.88180 17.128 0.013
4686.84176 16.933 0.010
4688.85799 17.124 0.012
4690.78329 17.046 0.013
4691.78664 16.956 0.013
4694.83291 17.150 0.017
4697.77724 16.868 0.014
4699.79826 17.146 0.013
4700.83216 17.106 0.012
4701.83984 17.047 0.013
4703.79905 16.871 0.012
4704.81774 17.151 0.012
4705.82536 17.155 0.016
4707.84278 16.991 0.012
4709.77357 17.153 0.012
4715.78214 17.149 0.014
4717.73675 17.014 0.011
4720.71561 17.150 0.014
4722.73084 17.027 0.012
4725.73603 17.174 0.014
4730.72660 17.136 0.011
4730.78929 17.074 0.011
4733.76151 17.015 0.012
4740.70409 16.884 0.011
4743.70079 17.055 0.012
4748.68956 17.101 0.013
4750.72240 16.873 0.017
4754.64798 16.989 0.013
4756.65754 17.003 0.013
4758.63777 17.099 0.012
4760.62444 16.927 0.011
4762.61425 17.166 0.014
4767.64985 17.136 0.015
4770.69813 17.083 0.017
4772.63547 17.079 0.015
4774.61097 17.083 0.013
4776.58276 16.918 0.013
4778.58413 17.164 0.014
4780.58136 17.081 0.014
4782.55428 16.837 0.012
4783.61588 17.157 0.015
4786.53618 16.961 0.014
4789.58202 17.170 0.013
4791.56360 17.003 0.012
4793.57093 17.006 0.013
4795.58381 17.138 0.013
4797.57599 16.968 0.014
4798.63921 16.820 0.012
4801.54047 17.041 0.012
4802.62794 17.033 0.014
4803.59985 16.871 0.011
4805.53487 17.103 0.016
4807.56162 17.021 0.015
4809.58676 16.958 0.012
4811.60867 17.156 0.015
4814.56649 16.816 0.012
4816.56870 17.144 0.014
4818.58264 16.994 0.015
4820.56064 17.174 0.015
4822.61745 17.118 0.013
4824.60229 16.907 0.014
4831.57389 17.152 0.016
4833.60179 17.077 0.013
4835.62453 16.897 0.014
4839.62755 17.035 0.016
4842.59421 17.134 0.017
4844.60467 17.059 0.015
4849.61890 17.073 0.014
4853.61617 17.163 0.016
4855.62942 17.063 0.015
4862.60323 16.804 0.011
4868.58537 17.094 0.014
