 621.84866 16.855 0.014
 626.93164 16.845 0.010
 627.89731 16.714 0.010
 631.91279 16.828 0.010
 632.90753 16.727 0.010
 635.88346 16.579 0.008
 643.85284 16.335 0.008
 645.87898 16.613 0.009
 649.84167 16.775 0.012
 656.89416 16.358 0.007
 657.89803 16.758 0.010
 658.90680 16.456 0.009
 665.87383 16.625 0.008
 666.87592 16.208 0.007
 667.89494 16.676 0.007
 668.86571 16.461 0.007
 670.83138 16.622 0.008
 671.85384 16.208 0.007
 672.85879 16.750 0.007
 673.77184 16.413 0.007
 684.78680 16.827 0.009
 685.78730 16.640 0.008
 686.74338 16.352 0.007
 687.90468 16.764 0.009
 688.87259 16.520 0.007
 689.73913 16.821 0.008
 697.70499 16.763 0.009
 698.72023 16.467 0.009
 699.73105 16.837 0.009
 700.71613 16.644 0.008
 701.68781 16.267 0.007
 704.68238 16.831 0.011
 706.68073 16.230 0.008
 706.77522 16.230 0.009
 707.71129 16.778 0.011
 708.70881 16.492 0.009
 712.70917 16.760 0.011
 713.72336 16.500 0.007
 714.73992 16.858 0.008
 715.78077 16.687 0.008
 716.76330 16.274 0.007
 720.67032 16.671 0.009
 726.73047 16.302 0.007
 728.72358 16.556 0.008
 729.66797 16.866 0.009
 730.61931 16.686 0.009
 733.67891 16.570 0.010
 739.70113 16.811 0.010
 741.66473 16.311 0.007
 742.65853 16.782 0.009
 744.62705 16.851 0.010
 745.66695 16.737 0.009
 746.61174 16.266 0.007
 747.56951 16.771 0.011
 748.56619 16.520 0.009
 749.57262 16.857 0.014
 750.54683 16.671 0.011
 751.57695 16.273 0.008
 752.78072 16.837 0.010
 753.72047 16.609 0.008
 754.75200 16.288 0.008
 755.57569 16.711 0.009
 759.57832 16.861 0.009
 760.58266 16.714 0.009
 761.57790 16.313 0.007
 762.57591 16.787 0.011
 762.70617 16.811 0.011
 762.78458 16.850 0.013
 763.59490 16.590 0.009
 763.73915 16.651 0.009
 764.67293 16.468 0.012
 765.55826 16.735 0.012
 766.59518 16.365 0.009
 766.66173 16.432 0.009
 767.56962 16.797 0.012
 767.72326 16.832 0.014
 769.55454 16.820 0.010
 770.65083 16.753 0.010
 771.62700 16.399 0.007
 772.55507 16.795 0.010
 773.57766 16.597 0.008
 774.64747 16.295 0.007
 775.60038 16.758 0.009
 776.68133 16.477 0.008
 777.59826 16.823 0.010
 778.57141 16.612 0.010
 778.66290 16.643 0.011
 779.63079 16.260 0.008
 780.63059 16.764 0.011
 780.72472 16.787 0.010
 781.60716 16.433 0.007
 782.60482 16.831 0.011
 783.58458 16.634 0.008
 784.62417 16.221 0.007
 785.59502 16.741 0.009
 786.59974 16.443 0.007
 787.68014 16.854 0.010
 788.61175 16.654 0.008
 790.56176 16.763 0.009
 795.57352 16.764 0.010
 796.62312 16.508 0.009
 797.69360 16.889 0.010
 798.61102 16.677 0.008
 800.60893 16.775 0.009
 802.58946 16.854 0.011
 805.59551 16.777 0.011
 806.60628 16.537 0.010
 817.63372 16.847 0.010
 819.67481 16.373 0.007
 820.67382 16.806 0.009
 822.59376 16.852 0.009
 823.67104 16.756 0.009
 824.61917 16.327 0.008
 824.68199 16.399 0.009
 825.69236 16.818 0.014
 828.65240 16.783 0.010
 829.61900 16.371 0.008
 832.62592 16.677 0.009
 833.64602 16.753 0.008
 834.66021 16.437 0.009
 836.59359 16.605 0.009
 838.56672 16.756 0.012
 840.58215 16.817 0.011
 845.58781 16.812 0.009
 850.55527 16.818 0.011
 855.56194 16.818 0.012
 856.54981 16.604 0.010
 859.54945 16.465 0.008
 860.58176 16.821 0.012
 866.56906 16.660 0.010
 876.53761 16.658 0.008
 962.91819 16.739 0.010
 986.88447 16.475 0.008
 987.89676 16.764 0.009
 991.91065 16.216 0.007
 996.87841 16.247 0.005
 998.88409 16.470 0.008
1003.81527 16.423 0.009
1005.84069 16.635 0.010
1008.87384 16.488 0.009
1020.83674 16.683 0.009
1025.81638 16.679 0.011
1035.79126 16.712 0.009
1037.81851 16.765 0.010
1038.91754 16.589 0.010
1041.88796 16.382 0.007
1045.78911 16.711 0.008
1049.80952 16.847 0.009
1052.81991 16.795 0.010
1055.68966 16.687 0.008
1058.84146 16.609 0.010
1059.82032 16.657 0.010
1064.76346 16.773 0.011
1068.75533 16.581 0.008
1071.78332 16.434 0.008
1075.80046 16.760 0.008
1078.72223 16.601 0.007
1080.66827 16.718 0.009
1083.76058 16.615 0.007
1086.61114 16.325 0.007
1090.69423 16.749 0.010
1092.69433 16.816 0.010
1094.69048 16.408 0.007
1102.65909 16.823 0.009
1107.62742 16.827 0.009
1112.73361 16.864 0.010
1117.60902 16.815 0.009
1122.62062 16.830 0.010
1128.56921 16.662 0.010
1132.59957 16.856 0.009
1135.66825 16.802 0.009
1138.62103 16.705 0.008
1140.65340 16.772 0.009
1144.65643 16.317 0.007
1151.59090 16.558 0.008
1154.61048 16.355 0.007
1157.65623 16.685 0.009
1160.64774 16.782 0.010
1163.72967 16.767 0.009
1166.69671 16.640 0.008
1170.62563 16.821 0.009
1175.68675 16.869 0.012
1179.68446 16.483 0.008
1183.69333 16.770 0.010
1186.68716 16.688 0.008
1189.57571 16.462 0.007
1192.62031 16.223 0.007
1202.56686 16.185 0.007
1206.57049 16.675 0.010
1212.56205 16.228 0.008
1216.56809 16.712 0.011
1220.56428 16.859 0.011
1227.55988 16.310 0.008
1233.54742 16.771 0.012
1329.80876 16.809 0.013
1330.91890 16.655 0.011
1335.86405 16.656 0.011
1341.92489 16.239 0.007
1347.92126 16.782 0.012
1355.91015 16.717 0.011
1365.91106 16.726 0.010
1367.88862 16.828 0.012
1369.87629 16.815 0.011
1374.87521 16.749 0.011
1395.84081 16.756 0.010
1397.86418 16.813 0.011
1401.87785 16.476 0.008
1407.88516 16.844 0.011
1412.78311 16.831 0.011
1418.82321 16.666 0.009
1430.71722 16.752 0.010
1432.78209 16.855 0.010
1438.73497 16.667 0.008
1441.84209 16.575 0.008
1447.69855 16.857 0.012
1451.66461 16.499 0.008
1454.63883 16.222 0.008
1459.68442 16.277 0.008
1461.65924 16.547 0.009
1462.71762 16.843 0.010
1470.60648 16.758 0.012
1475.63057 16.768 0.011
1478.57915 16.707 0.010
1479.59532 16.274 0.008
1484.59455 16.307 0.008
1487.62161 16.824 0.009
1490.65734 16.796 0.010
1492.56010 16.856 0.012
1495.60939 16.790 0.010
1499.57805 16.372 0.009
1502.59849 16.608 0.010
1505.66558 16.832 0.011
1509.57651 16.413 0.008
1512.67866 16.187 0.008
1516.57838 16.623 0.008
1518.64831 16.747 0.010
1520.67616 16.872 0.011
1523.59350 16.765 0.013
1526.57641 16.648 0.009
1531.68370 16.725 0.010
1546.59982 16.694 0.009
1551.56283 16.712 0.009
1556.60357 16.720 0.012
1567.59993 16.395 0.010
1571.59444 16.759 0.009
1576.58328 16.734 0.010
1580.58803 16.346 0.007
1583.59010 16.828 0.010
1587.57917 16.443 0.008
1592.57120 16.467 0.009
1599.54957 16.651 0.011
1602.53938 16.482 0.010
1607.53350 16.490 0.010
1716.91187 16.436 0.009
1728.90333 16.646 0.010
1731.88990 16.475 0.007
1740.87856 16.737 0.011
1742.90301 16.871 0.011
1743.87638 16.679 0.011
1744.89548 16.227 0.008
1749.84581 16.196 0.007
1750.87233 16.775 0.010
1751.82959 16.508 0.007
1752.84536 16.860 0.010
1753.84640 16.700 0.009
1754.81862 16.203 0.007
1755.83850 16.762 0.013
1756.86763 16.556 0.012
1757.81703 16.847 0.012
1758.82167 16.675 0.009
1759.81153 16.218 0.007
1761.85091 16.560 0.008
1762.83330 16.855 0.010
1763.83896 16.703 0.008
1764.82873 16.286 0.007
1765.82490 16.767 0.009
1766.77816 16.512 0.011
1768.78916 16.717 0.010
1769.69802 16.187 0.008
1771.79134 16.557 0.012
1772.81122 16.833 0.010
1773.77846 16.700 0.009
1775.86234 16.801 0.009
1784.84669 16.410 0.008
1788.75003 16.740 0.009
1803.80418 16.746 0.009
1808.81309 16.773 0.010
1811.79625 16.656 0.007
1814.84309 16.503 0.007
1817.80896 16.193 0.006
1821.61086 16.583 0.011
1823.76838 16.766 0.008
1828.85483 16.775 0.010
1829.77966 16.501 0.008
1847.80333 16.340 0.007
1854.78571 16.579 0.008
1859.74971 16.562 0.009
1863.73340 16.818 0.010
1871.79415 16.757 0.009
2086.91788 16.575 0.011
2104.84997 16.341 0.008
2106.90981 16.620 0.011
2115.90479 16.807 0.012
2116.89092 16.620 0.010
2117.89659 16.303 0.008
2123.83959 16.762 0.012
2128.84414 16.757 0.012
2129.87626 16.457 0.009
2130.82514 16.821 0.012
2131.81866 16.637 0.011
2132.82488 16.288 0.009
2133.91343 16.773 0.014
2134.82976 16.446 0.011
2135.86420 16.841 0.012
2136.86411 16.652 0.012
2137.90908 16.233 0.010
2140.83398 16.830 0.012
2142.88122 16.216 0.008
2143.83528 16.774 0.011
2144.80679 16.440 0.008
2155.89748 16.863 0.016
2156.84401 16.678 0.011
2160.77372 16.835 0.012
2162.78028 16.221 0.008
2166.77505 16.681 0.009
2167.74587 16.203 0.008
2168.73237 16.770 0.011
2171.75844 16.688 0.010
2172.76501 16.254 0.008
2173.72710 16.784 0.011
2177.65875 16.188 0.008
2184.72010 16.568 0.011
2185.68358 16.859 0.012
2187.66619 16.222 0.010
2190.71010 16.874 0.012
2191.65193 16.679 0.012
2192.68069 16.266 0.007
2193.70166 16.792 0.010
2194.67294 16.545 0.009
2201.73902 16.738 0.010
2206.62485 16.703 0.014
2211.66350 16.729 0.011
2212.66257 16.348 0.010
2213.67355 16.805 0.014
2214.65992 16.603 0.012
2215.67521 16.660 0.012
2217.65287 16.377 0.011
2219.69602 16.618 0.012
2222.74525 16.472 0.011
2223.68499 16.813 0.012
2225.61452 16.710 0.010
2226.66086 16.743 0.012
2228.57626 16.789 0.012
2230.51353 16.852 0.017
2232.52733 16.324 0.010
2234.56941 16.597 0.010
2236.55890 16.758 0.011
2238.56428 16.788 0.012
2241.55111 16.742 0.012
2243.58935 16.797 0.011
2248.63379 16.869 0.011
2250.59981 16.185 0.008
2253.58770 16.840 0.012
2256.56998 16.767 0.012
2258.61041 16.839 0.011
2263.60167 16.838 0.012
2265.62769 16.238 0.007
2270.58588 16.213 0.008
2272.58395 16.526 0.010
2274.56780 16.690 0.012
2276.53139 16.768 0.015
2280.54787 16.239 0.010
2285.58638 16.303 0.009
2289.58329 16.711 0.011
2291.58400 16.811 0.012
2293.58450 16.800 0.013
2295.58081 16.367 0.010
2297.58399 16.592 0.012
2299.58047 16.758 0.012
2301.57316 16.817 0.014
2448.90478 16.741 0.014
2460.90484 16.856 0.015
2463.93393 16.759 0.012
2466.85579 16.644 0.012
2467.91966 16.223 0.009
2469.91896 16.496 0.009
2471.90850 16.682 0.011
2472.89857 16.240 0.007
2473.92476 16.796 0.010
2481.88403 16.701 0.013
2483.90769 16.786 0.011
2486.90780 16.732 0.013
2488.90976 16.772 0.013
2492.92209 16.360 0.010
2496.92186 16.738 0.011
2498.79311 16.780 0.011
2499.87810 16.587 0.010
2500.88653 16.745 0.012
2501.87328 16.716 0.010
2502.85344 16.320 0.010
2508.76406 16.775 0.017
2516.79550 16.747 0.013
2517.84227 16.404 0.010
2518.81456 16.806 0.012
2519.81284 16.589 0.010
2520.81101 16.673 0.012
2521.79929 16.743 0.011
2524.80269 16.605 0.012
2526.79652 16.737 0.009
2529.79274 16.602 0.010
2534.85334 16.652 0.012
2535.79098 16.332 0.009
2537.72106 16.370 0.011
2538.82214 16.844 0.013
2539.71930 16.603 0.011
2540.76180 16.369 0.011
2541.73118 16.736 0.011
2542.70100 16.379 0.009
2544.68093 16.595 0.010
2545.69446 16.617 0.010
2547.71245 16.421 0.010
2548.73044 16.813 0.012
2550.72571 16.283 0.009
2551.71224 16.744 0.011
2552.72825 16.448 0.008
2554.72135 16.645 0.010
2555.72929 16.206 0.008
2556.70836 16.776 0.011
2557.72088 16.477 0.009
2558.67736 16.815 0.012
2559.63441 16.616 0.011
2560.66734 16.339 0.008
2561.71296 16.754 0.012
2562.68572 16.441 0.010
2563.69365 16.802 0.012
2564.71001 16.667 0.012
2565.70601 16.180 0.009
2566.68095 16.760 0.012
2568.75000 16.843 0.013
2571.66655 16.764 0.012
2572.74181 16.521 0.011
2573.67988 16.816 0.015
2574.65986 16.652 0.011
2576.69460 16.767 0.012
2577.65966 16.499 0.012
2578.64716 16.866 0.013
2579.65768 16.674 0.012
2580.66582 16.196 0.008
2583.63787 16.854 0.013
2584.64432 16.669 0.011
2586.64552 16.756 0.011
2587.62740 16.496 0.010
2589.61831 16.659 0.011
2590.63505 16.232 0.009
2591.66123 16.788 0.012
2593.62450 16.865 0.012
2594.63052 16.688 0.012
2596.60414 16.766 0.013
2597.59131 16.520 0.012
2598.67151 16.851 0.013
2599.62558 16.709 0.014
2607.64568 16.547 0.012
2610.56701 16.251 0.010
2613.56101 16.851 0.012
2615.59140 16.302 0.009
2619.57591 16.711 0.012
2621.58490 16.779 0.014
2625.56764 16.356 0.012
2627.53833 16.550 0.012
2630.55276 16.368 0.012
2635.56647 16.378 0.009
2637.56136 16.627 0.012
2640.53168 16.381 0.011
2642.57143 16.622 0.012
2646.58278 16.824 0.013
2651.55685 16.838 0.015
2654.57706 16.767 0.015
2657.53693 16.648 0.014
2661.53346 16.817 0.011
2664.57393 16.790 0.014
2672.55188 16.666 0.015
2676.54208 16.870 0.013
2679.55678 16.780 0.012
2683.53515 16.284 0.012
2777.92190 16.259 0.010
2804.85045 16.506 0.013
2805.86773 16.828 0.019
2811.92285 16.704 0.014
2815.89647 16.865 0.012
2817.94510 16.346 0.011
2830.83565 16.863 0.012
2831.80530 16.695 0.013
2832.76599 16.234 0.009
2832.94386 16.420 0.010
2833.88382 16.790 0.015
2834.93447 16.627 0.012
2838.83584 16.795 0.013
2840.84353 16.767 0.012
2843.84485 16.801 0.012
2844.89057 16.626 0.010
2845.93760 16.216 0.010
2849.87410 16.609 0.011
2850.90685 16.224 0.010
2852.83544 16.428 0.012
2854.84679 16.616 0.012
2857.85421 16.453 0.011
2858.92783 16.857 0.012
2860.89376 16.193 0.008
2861.76519 16.732 0.011
2862.88863 16.494 0.011
2865.81300 16.253 0.009
2866.89972 16.789 0.017
2867.80240 16.435 0.010
2868.80602 16.813 0.012
2869.79255 16.641 0.011
2870.83404 16.184 0.008
2871.87716 16.777 0.012
2872.83399 16.482 0.009
2875.82483 16.196 0.009
2876.79424 16.758 0.012
2879.72076 16.621 0.011
2883.84398 16.862 0.012
2885.77933 16.190 0.008
2890.71021 16.223 0.011
2893.76166 16.852 0.012
2895.81088 16.262 0.008
2897.71437 16.478 0.010
2899.75206 16.688 0.010
2903.76784 16.849 0.009
2906.72005 16.771 0.011
2908.69706 16.841 0.012
2910.69195 16.235 0.009
2912.69729 16.527 0.010
2916.71004 16.775 0.010
2918.68693 16.872 0.012
2922.68690 16.538 0.011
2924.62789 16.660 0.011
2926.62189 16.765 0.012
2929.68310 16.714 0.012
2931.65902 16.787 0.011
2933.66948 16.834 0.011
2935.63383 16.296 0.009
2937.65942 16.583 0.011
2939.67488 16.728 0.012
2940.65205 16.337 0.008
2941.62729 16.785 0.011
2942.65210 16.587 0.011
2943.62343 16.848 0.012
2944.60779 16.712 0.011
2946.56257 16.776 0.012
2946.60253 16.788 0.012
2947.63414 16.574 0.011
2949.61524 16.733 0.011
2950.56678 16.302 0.009
2951.64736 16.796 0.012
2953.59527 16.793 0.012
2955.58041 16.342 0.010
2957.59399 16.597 0.010
2960.60844 16.395 0.010
2962.64828 16.628 0.011
2965.65094 16.439 0.009
2968.61328 16.366 0.010
2970.63211 16.458 0.010
2972.63667 16.658 0.011
2975.54474 16.410 0.009
2977.64055 16.650 0.013
2979.58044 16.769 0.012
2983.56125 16.239 0.009
2986.57784 16.838 0.012
2988.54983 16.224 0.009
2991.57597 16.852 0.012
2994.56171 16.776 0.012
2997.57710 16.679 0.011
3000.56823 16.518 0.010
3003.55109 16.228 0.010
3006.53839 16.862 0.012
3009.53367 16.763 0.015
3013.53610 16.236 0.010
3015.57133 16.565 0.011
3018.54843 16.315 0.011
3020.58414 16.572 0.010
3022.53702 16.710 0.014
3024.53679 16.788 0.014
3025.59639 16.587 0.011
3027.62189 16.751 0.012
3029.59359 16.802 0.012
3031.59841 16.561 0.009
3034.52866 16.792 0.013
3037.54783 16.707 0.013
3183.92985 16.837 0.012
3193.89773 16.841 0.013
3196.86979 16.774 0.010
3197.93221 16.506 0.011
3202.85771 16.488 0.010
3203.89774 16.860 0.010
3206.83557 16.755 0.012
3210.91158 16.290 0.009
3211.86619 16.771 0.012
3215.80130 16.197 0.011
3217.79717 16.504 0.011
3223.85333 16.855 0.012
3228.77203 16.872 0.013
3229.85386 16.714 0.010
3231.83533 16.790 0.012
3238.77219 16.861 0.012
3239.81573 16.728 0.011
3240.80846 16.371 0.010
3241.79193 16.791 0.012
3242.73593 16.563 0.011
3243.86853 16.543 0.011
3244.84712 16.731 0.014
3245.79486 16.347 0.010
3246.78762 16.784 0.012
3247.79600 16.580 0.012
3249.74630 16.707 0.012
3251.75986 16.773 0.010
3254.74755 16.729 0.010
3259.68459 16.706 0.011
3261.72064 16.767 0.010
3263.71786 16.776 0.009
3265.73920 16.369 0.009
3267.72596 16.620 0.009
3269.82047 16.759 0.012
3270.67941 16.353 0.009
3271.68234 16.795 0.012
3273.64065 16.836 0.013
3275.62651 16.338 0.009
3276.72991 16.811 0.013
3277.76855 16.644 0.010
3279.70017 16.757 0.010
3281.65874 16.783 0.009
3283.66041 16.560 0.007
3287.62654 16.609 0.011
3289.64152 16.761 0.009
3293.61508 16.570 0.009
3295.63301 16.402 0.007
3298.57091 16.663 0.009
3300.57321 16.399 0.010
3302.55018 16.589 0.011
3305.65020 16.478 0.010
3307.56249 16.606 0.012
3309.58759 16.750 0.011
3311.53920 16.786 0.012
3314.58215 16.732 0.014
3320.61995 16.497 0.009
3323.56739 16.201 0.008
3327.57491 16.680 0.010
3330.57040 16.531 0.012
3335.61440 16.543 0.011
3338.56007 16.236 0.008
3350.53438 16.527 0.008
3353.59297 16.353 0.008
3359.57002 16.792 0.011
3363.57693 16.377 0.009
3367.63652 16.766 0.011
3372.56999 16.723 0.011
3376.54611 16.489 0.008
3380.53252 16.577 0.014
3386.57950 16.180 0.007
3395.52729 16.654 0.017
3398.57501 16.524 0.010
3402.57225 16.781 0.011
3543.88591 16.866 0.012
3551.90940 16.779 0.014
3554.94062 16.750 0.011
3561.94786 16.807 0.012
3564.92553 16.745 0.009
3568.87116 16.711 0.010
3570.83216 16.365 0.010
3571.82311 16.808 0.014
3573.86881 16.609 0.012
3575.82459 16.370 0.009
3577.88097 16.634 0.011
3578.91699 16.229 0.007
3579.82205 16.745 0.009
3581.89113 16.840 0.012
3582.84743 16.632 0.011
3583.85766 16.360 0.008
3585.87875 16.457 0.007
3586.83092 16.842 0.009
3588.84922 16.263 0.007
3590.80526 16.420 0.008
3592.77001 16.622 0.008
3594.80950 16.765 0.009
3597.84945 16.690 0.011
3600.88561 16.507 0.012
3602.74651 16.646 0.012
3607.83761 16.688 0.009
3617.79363 16.689 0.009
3619.77173 16.770 0.010
3621.76422 16.843 0.009
3628.79109 16.271 0.009
3630.64295 16.442 0.010
3632.64031 16.639 0.012
3634.71321 16.774 0.010
3637.67204 16.657 0.010
3639.72195 16.778 0.008
3641.71873 16.865 0.011
3643.81714 16.374 0.009
3644.75780 16.781 0.009
3646.68884 16.869 0.011
3650.71007 16.543 0.008
3652.64523 16.691 0.009
3654.61568 16.771 0.010
3656.64723 16.874 0.012
3657.70494 16.732 0.010
3658.67986 16.312 0.008
3659.66256 16.792 0.012
3661.61124 16.889 0.013
3663.63418 16.312 0.010
3665.66652 16.581 0.009
3668.61568 16.296 0.008
3670.56638 16.545 0.011
3672.60581 16.736 0.011
3674.63507 16.805 0.010
3676.59289 16.872 0.011
3682.58183 16.726 0.011
3684.57469 16.799 0.010
3686.56458 16.876 0.012
3688.53766 16.333 0.008
3690.54357 16.569 0.012
3692.59612 16.757 0.012
3694.58270 16.815 0.010
3696.57883 16.627 0.009
3698.61253 16.451 0.011
3700.62258 16.623 0.010
3702.61350 16.751 0.011
3704.61402 16.823 0.010
3706.62888 16.203 0.007
3708.61028 16.466 0.010
3712.56681 16.764 0.011
3714.56948 16.824 0.012
3718.55296 16.463 0.010
3721.58516 16.190 0.009
3725.61403 16.686 0.009
3730.53829 16.675 0.009
3734.60896 16.867 0.012
3738.56103 16.544 0.010
3742.55821 16.766 0.013
3747.55798 16.779 0.013
3751.56677 16.310 0.010
3762.54475 16.797 0.015
3766.55000 16.377 0.008
3772.57675 16.814 0.011
3777.52409 16.795 0.014
3871.89614 16.777 0.013
3902.91644 16.630 0.012
3907.91130 16.636 0.011
3913.93685 16.191 0.007
3918.90664 16.189 0.007
3931.93820 16.872 0.012
3934.87617 16.787 0.010
3936.88445 16.878 0.012
3938.86851 16.240 0.008
3945.87547 16.543 0.009
3950.82042 16.529 0.008
3957.77596 16.687 0.013
3959.76543 16.801 0.012
3961.75956 16.906 0.013
3964.76779 16.777 0.009
3966.76004 16.854 0.010
3968.75372 16.276 0.007
3970.74541 16.550 0.008
3973.71474 16.252 0.008
3975.72698 16.557 0.009
3980.66221 16.535 0.010
3981.66195 16.864 0.011
3982.72633 16.708 0.012
3986.69968 16.876 0.012
3991.72887 16.773 0.011
3994.64129 16.778 0.012
3998.67166 16.340 0.008
4001.64248 16.835 0.010
4003.61392 16.324 0.008
4004.69372 16.816 0.011
4005.68785 16.617 0.009
4007.58110 16.718 0.010
4008.59000 16.306 0.007
4011.64048 16.716 0.010
4014.62292 16.805 0.013
4016.61971 16.720 0.010
4018.61612 16.405 0.009
4020.61956 16.627 0.011
4023.60541 16.385 0.009
4025.60578 16.615 0.010
4027.59390 16.714 0.010
4029.57620 16.808 0.011
4031.56328 16.647 0.009
4033.65756 16.479 0.008
4040.53300 16.603 0.011
4042.56089 16.770 0.011
4044.58389 16.814 0.014
4046.61698 16.203 0.008
4049.52892 16.829 0.010
4051.57850 16.203 0.008
4053.62593 16.524 0.008
4055.51857 16.703 0.013
4057.59394 16.778 0.012
4059.59237 16.870 0.011
4063.53741 16.512 0.009
4065.58704 16.700 0.010
4067.58031 16.773 0.010
4069.53318 16.854 0.012
4071.54400 16.234 0.008
4074.54011 16.878 0.012
4077.54182 16.799 0.010
4079.54200 16.864 0.011
4082.54336 16.775 0.010
4085.62069 16.736 0.011
4092.57619 16.804 0.009
4097.61878 16.814 0.012
4100.61020 16.749 0.011
4105.57419 16.744 0.011
4111.61065 16.500 0.008
4115.53011 16.771 0.012
4120.56100 16.769 0.010
4124.57249 16.207 0.008
4128.59647 16.701 0.011
4252.94414 16.664 0.012
4255.86414 16.453 0.011
4268.92311 16.269 0.009
4275.93802 16.582 0.012
4279.83488 16.797 0.015
4282.82628 16.695 0.012
4283.84533 16.280 0.010
4284.87573 16.818 0.013
4285.94115 16.602 0.012
4292.88361 16.730 0.010
4295.87707 16.593 0.010
4296.90756 16.594 0.010
4297.93949 16.756 0.011
4299.87436 16.804 0.010
4300.89610 16.604 0.010
4301.91467 16.377 0.008
4302.93655 16.750 0.012
4306.93326 16.208 0.009
4307.84785 16.755 0.010
4308.67605 16.234 0.009
4308.88395 16.449 0.010
4310.85613 16.630 0.011
4311.85598 16.450 0.012
4312.91815 16.764 0.010
4314.93723 16.869 0.015
4316.84512 16.348 0.011
4320.87243 16.660 0.011
4326.85465 16.199 0.009
4327.83061 16.772 0.014
4328.84636 16.462 0.010
4329.84769 16.854 0.012
4330.87702 16.695 0.011
4332.89323 16.778 0.012
4334.87019 16.867 0.013
4338.92266 16.565 0.011
4340.79350 16.646 0.011
4341.78636 16.208 0.009
4342.86055 16.796 0.012
4343.77992 16.495 0.010
4344.76199 16.817 0.012
4346.71830 16.243 0.009
4348.72407 16.465 0.010
4350.70071 16.643 0.010
4352.80288 16.772 0.012
4353.65885 16.431 0.011
4354.78018 16.857 0.012
4357.76390 16.766 0.012
4359.71785 16.837 0.013
4362.66551 16.750 0.014
4363.62481 16.452 0.011
4365.68317 16.678 0.012
4369.67713 16.875 0.014
4371.66608 16.200 0.009
4376.66957 16.246 0.009
4378.63617 16.507 0.011
4379.66748 16.889 0.015
4381.62663 16.224 0.010
4382.70518 16.785 0.011
4386.67945 16.304 0.009
4388.68017 16.553 0.010
4390.68899 16.721 0.010
4393.68355 16.561 0.011
4396.65811 16.309 0.009
4398.66309 16.588 0.011
4400.68761 16.719 0.012
4404.66459 16.742 0.012
4407.65248 16.816 0.012
4410.68241 16.748 0.011
4415.66874 16.751 0.011
4418.61426 16.606 0.010
4421.67204 16.464 0.010
4423.67651 16.657 0.012
4426.55272 16.376 0.011
4428.56942 16.590 0.012
4430.62964 16.739 0.011
4432.61551 16.812 0.011
4434.62079 16.216 0.008
4436.59710 16.453 0.009
4438.65976 16.662 0.012
4440.59287 16.762 0.012
4442.55437 16.804 0.014
4444.57918 16.240 0.010
4450.61160 16.779 0.014
4452.58914 16.870 0.012
4454.52620 16.233 0.013
4455.59830 16.780 0.012
4457.53381 16.845 0.016
4459.55392 16.206 0.009
4462.58536 16.892 0.013
4466.60949 16.549 0.011
4471.54414 16.528 0.011
4475.53680 16.784 0.013
4480.57922 16.788 0.012
4482.58618 16.811 0.014
4485.58926 16.785 0.014
4488.59149 16.731 0.013
4609.91387 16.794 0.012
4643.89803 16.463 0.011
4650.93691 16.666 0.010
4655.91632 16.669 0.010
4662.79470 16.766 0.010
4662.91153 16.767 0.011
4663.76632 16.435 0.012
4663.91414 16.526 0.010
4665.83940 16.668 0.012
4665.93323 16.717 0.012
4666.92850 16.276 0.010
4666.93239 16.281 0.010
4670.92150 16.706 0.011
4671.89140 16.283 0.009
4673.87344 16.533 0.009
4674.80185 16.872 0.013
4674.86205 16.887 0.013
4676.92169 16.327 0.010
4677.83729 16.767 0.011
4682.81176 16.772 0.012
4684.84962 16.884 0.012
4686.80960 16.265 0.007
4688.82556 16.547 0.009
4690.75115 16.690 0.010
4691.75417 16.219 0.009
4693.90918 16.615 0.012
4696.88282 16.397 0.011
4697.82134 16.791 0.013
4698.77094 16.545 0.009
4699.76504 16.872 0.012
4700.79978 16.730 0.011
4701.80767 16.346 0.009
4703.76688 16.576 0.010
4704.78564 16.839 0.010
4705.79312 16.734 0.012
4707.78554 16.801 0.010
4709.74133 16.830 0.011
4710.76990 16.755 0.010
4715.74991 16.726 0.011
4716.77560 16.381 0.008
4717.70037 16.777 0.012
4719.78965 16.570 0.010
4721.78330 16.409 0.011
4724.66589 16.870 0.013
4725.74535 16.767 0.011
4728.75092 16.631 0.010
4733.72748 16.591 0.010
4740.66908 16.748 0.011
4741.70446 16.430 0.008
4747.60865 16.814 0.012
4749.60833 16.700 0.013
4753.67932 16.632 0.012
4755.67131 16.749 0.011
4757.65583 16.827 0.012
4759.67052 16.203 0.007
4761.63889 16.454 0.008
4763.65132 16.655 0.012
4767.59707 16.839 0.012
4770.66561 16.782 0.012
4772.60337 16.840 0.011
4774.55792 16.307 0.008
4776.54951 16.441 0.010
4777.65146 16.862 0.014
4780.52014 16.772 0.013
4781.61430 16.503 0.011
4783.58323 16.668 0.012
4785.61859 16.771 0.014
4789.54971 16.204 0.008
4791.53126 16.491 0.010
4793.53867 16.674 0.011
4795.55134 16.803 0.011
4797.54359 16.879 0.012
4798.60694 16.716 0.012
4800.65432 16.795 0.011
4803.54545 16.707 0.011
4804.60055 16.341 0.010
4805.58740 16.791 0.011
4807.52518 16.895 0.020
4809.55453 16.285 0.008
4811.57643 16.563 0.010
4813.55337 16.729 0.013
4815.58928 16.806 0.013
4816.53637 16.565 0.010
4818.58665 16.754 0.012
4820.52814 16.806 0.016
4822.58489 16.678 0.010
4824.56971 16.388 0.011
4826.61935 16.625 0.010
4833.56875 16.745 0.011
4835.59200 16.826 0.013
4837.60295 16.220 0.010
4841.57929 16.660 0.012
4843.57354 16.740 0.012
4846.58263 16.655 0.010
4848.61887 16.765 0.011
4850.60635 16.853 0.012
4854.59759 16.540 0.010
4856.61483 16.682 0.010
4862.56274 16.228 0.007
4868.55309 16.791 0.012
