 621.87708 15.111 0.006
 625.93735 15.350 0.006
 627.92628 15.753 0.006
 628.93561 15.286 0.006
 632.93593 15.480 0.006
 635.93552 15.430 0.006
 643.90428 15.744 0.006
 645.90779 15.493 0.006
 649.87708 15.633 0.006
 656.92285 15.752 0.006
 657.86407 15.258 0.006
 664.82704 15.399 0.006
 664.91556 15.413 0.006
 665.90258 15.616 0.006
 666.91311 15.284 0.005
 667.92393 15.359 0.005
 668.89448 15.564 0.006
 670.86014 15.288 0.005
 671.88273 15.529 0.006
 673.73845 15.168 0.005
 684.81525 15.531 0.006
 685.75381 15.722 0.006
 686.79621 15.226 0.005
 688.90104 15.705 0.006
 689.79105 15.138 0.005
 697.75704 15.548 0.006
 698.90308 15.732 0.006
 699.75953 15.255 0.005
 700.76818 15.495 0.006
 701.74063 15.683 0.006
 704.71290 15.633 0.006
 706.73663 15.387 0.006
 707.77264 15.597 0.006
 708.74017 15.532 0.006
 712.74055 15.268 0.005
 713.77822 15.524 0.006
 714.79365 15.725 0.006
 716.72726 15.459 0.006
 720.70284 15.601 0.006
 722.66809 15.345 0.006
 726.76020 15.538 0.006
 728.65901 15.202 0.005
 729.72592 15.484 0.006
 730.65005 15.663 0.006
 733.71204 15.621 0.006
 739.77701 15.557 0.006
 741.70355 15.249 0.005
 742.79402 15.521 0.006
 744.74583 15.182 0.005
 745.69712 15.442 0.006
 747.63603 15.126 0.005
 748.59755 15.365 0.006
 749.60524 15.585 0.006
 750.59984 15.654 0.006
 751.60697 15.324 0.006
 752.80952 15.569 0.006
 753.75014 15.731 0.006
 754.71670 15.284 0.006
 755.60576 15.493 0.006
 759.61178 15.644 0.006
 760.61818 15.093 0.005
 761.61512 15.395 0.005
 762.60571 15.599 0.006
 762.74026 15.626 0.006
 763.62469 15.425 0.006
 763.70530 15.229 0.005
 763.79396 15.101 0.006
 764.71194 15.370 0.006
 765.65602 15.555 0.006
 766.55221 15.763 0.008
 766.69286 15.700 0.006
 767.60132 15.280 0.006
 767.66005 15.305 0.006
 767.75468 15.326 0.006
 769.58426 15.717 0.006
 770.57204 15.193 0.005
 771.58659 15.464 0.006
 772.58531 15.659 0.006
 772.76651 15.704 0.006
 773.64716 15.136 0.005
 775.62951 15.625 0.006
 776.61875 15.209 0.005
 776.77135 15.095 0.005
 777.56340 15.357 0.006
 778.60125 15.578 0.006
 778.69217 15.601 0.006
 779.58160 15.706 0.006
 779.73638 15.453 0.006
 780.58558 15.321 0.006
 780.75454 15.349 0.006
 781.63624 15.554 0.006
 782.57084 15.734 0.006
 782.67046 15.762 0.006
 783.61663 15.245 0.005
 784.66210 15.511 0.006
 785.55848 15.673 0.006
 786.56470 15.139 0.005
 787.64640 15.446 0.006
 788.57464 15.633 0.006
 790.61420 15.386 0.006
 795.60211 15.768 0.006
 796.58931 15.271 0.006
 796.71671 15.313 0.006
 797.57018 15.507 0.006
 798.63963 15.721 0.006
 800.57476 15.451 0.006
 802.66642 15.129 0.006
 806.57249 15.358 0.006
 808.59076 15.731 0.006
 816.66706 15.450 0.006
 817.66233 15.654 0.006
 819.64147 15.387 0.005
 822.62784 15.335 0.005
 824.64784 15.745 0.006
 825.63553 15.284 0.006
 828.68090 15.211 0.005
 829.64754 15.462 0.006
 830.56501 15.637 0.007
 832.65435 15.415 0.006
 834.55664 15.501 0.006
 836.62203 15.577 0.006
 838.64088 15.295 0.006
 840.63379 15.733 0.006
 842.64519 15.488 0.006
 843.63605 15.679 0.006
 845.62690 15.428 0.005
 850.60891 15.671 0.006
 855.61367 15.499 0.006
 856.57839 15.698 0.007
 858.54634 15.450 0.006
 860.54811 15.112 0.005
 867.54425 15.275 0.006
 874.54304 15.408 0.006
 963.92643 15.103 0.005
 986.91282 15.274 0.005
 987.92505 15.505 0.006
 996.91164 15.360 0.005
 998.84401 15.749 0.006
1003.84608 15.470 0.006
1005.87031 15.120 0.005
1008.90329 15.132 0.005
1020.86653 15.641 0.006
1025.85214 15.339 0.006
1035.81986 15.403 0.005
1037.84702 15.316 0.005
1038.86514 15.359 0.006
1041.85329 15.306 0.005
1045.81765 15.480 0.006
1049.84658 15.638 0.006
1053.73787 15.727 0.006
1058.80599 15.503 0.006
1059.85154 15.708 0.006
1061.83800 15.454 0.006
1064.79449 15.397 0.006
1069.70788 15.747 0.006
1074.68907 15.431 0.006
1077.68352 15.395 0.005
1079.69379 15.519 0.006
1081.73283 15.562 0.006
1084.67173 15.518 0.006
1087.69117 15.461 0.005
1090.65916 15.405 0.006
1092.72322 15.212 0.005
1095.74945 15.673 0.006
1102.68831 15.136 0.005
1107.65651 15.572 0.005
1112.69968 15.275 0.005
1117.63820 15.646 0.006
1122.65258 15.340 0.005
1128.60269 15.180 0.005
1132.62857 15.414 0.006
1138.67370 15.324 0.005
1140.68205 15.749 0.006
1144.70869 15.175 0.005
1151.61997 15.325 0.005
1154.57713 15.249 0.005
1157.58683 15.170 0.005
1160.61164 15.083 0.005
1163.69006 15.222 0.006
1164.73563 15.383 0.006
1170.59060 15.210 0.005
1178.71315 15.603 0.006
1182.71159 15.744 0.006
1185.65430 15.707 0.006
1187.69085 15.469 0.006
1190.56024 15.369 0.005
1202.63586 15.119 0.005
1208.60640 15.690 0.006
1211.60883 15.742 0.006
1216.59678 15.433 0.006
1235.54622 15.354 0.006
1329.83853 15.515 0.006
1335.91887 15.428 0.006
1355.93883 15.559 0.006
1366.89499 15.235 0.006
1367.91700 15.369 0.006
1369.90993 15.679 0.006
1374.90375 15.491 0.006
1395.87002 15.360 0.006
1397.89284 15.576 0.006
1401.90720 15.741 0.006
1402.90495 15.242 0.005
1407.91533 15.635 0.006
1412.81396 15.307 0.006
1418.78792 15.128 0.005
1430.84921 15.723 0.006
1432.81043 15.458 0.006
1435.73614 15.400 0.006
1439.83391 15.566 0.006
1442.79831 15.532 0.006
1447.72725 15.106 0.006
1451.71789 15.359 0.006
1454.71619 15.307 0.006
1460.66032 15.112 0.006
1462.68422 15.623 0.006
1470.63549 15.241 0.006
1475.68324 15.647 0.006
1478.60954 15.590 0.006
1481.62263 15.546 0.006
1484.62430 15.499 0.006
1487.58339 15.441 0.006
1489.60679 15.084 0.005
1491.66896 15.610 0.006
1494.71691 15.585 0.006
1495.57007 15.752 0.006
1499.54220 15.190 0.006
1502.62709 15.120 0.006
1506.62215 15.369 0.006
1509.60569 15.317 0.006
1514.68201 15.710 0.006
1517.59872 15.632 0.006
1520.64154 15.598 0.006
1522.67024 15.359 0.006
1525.56589 15.272 0.006
1528.66389 15.229 0.005
1544.59667 15.141 0.005
1546.65311 15.642 0.006
1551.61510 15.338 0.006
1555.59324 15.511 0.006
1562.62745 15.616 0.006
1568.60097 15.533 0.006
1573.59593 15.130 0.006
1579.57953 15.662 0.006
1581.60678 15.542 0.006
1584.59162 15.498 0.006
1586.60274 15.180 0.005
1588.57626 15.643 0.007
1590.57336 15.387 0.006
1597.57481 15.515 0.006
1602.57200 15.107 0.005
1607.56223 15.570 0.006
1706.93222 15.445 0.006
1738.89949 15.385 0.006
1740.90717 15.609 0.006
1744.92404 15.279 0.006
1745.91723 15.511 0.006
1749.89777 15.645 0.006
1750.90111 15.085 0.005
1751.88162 15.393 0.006
1752.87401 15.594 0.006
1753.87481 15.433 0.006
1754.87072 15.355 0.006
1755.86701 15.559 0.006
1756.89668 15.729 0.008
1757.84576 15.274 0.006
1758.85032 15.514 0.006
1759.86341 15.719 0.006
1761.87956 15.473 0.006
1762.86200 15.652 0.006
1763.86750 15.108 0.005
1764.85723 15.416 0.005
1765.85358 15.616 0.006
1766.82735 15.330 0.006
1768.84116 15.569 0.006
1769.75629 15.752 0.006
1773.81724 15.223 0.005
1775.82879 15.668 0.006
1785.80584 15.762 0.006
1788.84097 15.712 0.006
1789.77365 15.164 0.005
1803.87726 15.487 0.006
1809.80102 15.368 0.005
1812.77489 15.300 0.005
1815.83132 15.250 0.005
1821.72793 15.176 0.005
1823.79718 15.588 0.006
1829.72228 15.494 0.006
1830.78929 15.719 0.006
1864.73364 15.391 0.006
1865.73968 15.586 0.006
1873.71227 15.191 0.005
2104.86893 15.674 0.006
2112.90925 15.330 0.006
2114.86864 15.752 0.007
2115.88530 15.277 0.006
2116.90965 15.515 0.006
2117.87158 15.709 0.006
2123.86163 15.596 0.006
2128.86705 15.300 0.006
2130.80588 15.704 0.006
2131.79887 15.186 0.006
2132.84364 15.487 0.007
2133.85465 15.674 0.007
2135.88360 15.428 0.006
2136.88995 15.623 0.007
2140.85269 15.642 0.007
2141.76288 15.290 0.006
2142.85738 15.532 0.006
2143.86078 15.732 0.006
2144.78859 15.218 0.006
2156.71325 15.742 0.007
2160.79248 15.195 0.006
2162.80283 15.659 0.006
2165.79026 15.602 0.007
2166.79366 15.339 0.006
2167.72690 15.327 0.006
2168.75147 15.566 0.006
2172.78359 15.747 0.007
2173.74576 15.201 0.006
2174.72951 15.457 0.006
2177.67763 15.391 0.006
2184.73896 15.540 0.007
2185.70239 15.729 0.008
2187.64725 15.469 0.007
2189.72882 15.151 0.006
2190.72891 15.418 0.006
2191.63918 15.621 0.007
2192.69813 15.115 0.005
2193.71907 15.374 0.006
2194.69015 15.564 0.006
2200.70457 15.508 0.006
2203.59279 15.418 0.006
2206.64251 15.393 0.006
2208.68660 15.415 0.006
2211.69452 15.745 0.007
2212.68113 15.271 0.006
2214.68112 15.726 0.007
2215.71713 15.219 0.006
2217.67628 15.654 0.008
2219.71326 15.407 0.006
2222.76258 15.384 0.006
2223.66767 15.552 0.006
2225.63187 15.281 0.006
2227.52601 15.728 0.008
2228.59359 15.214 0.006
2230.53167 15.648 0.007
2232.54469 15.399 0.006
2234.58670 15.205 0.006
2236.57594 15.574 0.006
2239.52346 15.539 0.008
2241.56825 15.228 0.006
2243.60662 15.692 0.006
2249.56276 15.580 0.006
2251.61287 15.344 0.006
2254.55604 15.263 0.006
2256.58785 15.717 0.007
2259.60873 15.658 0.006
2262.61522 15.613 0.007
2266.60706 15.682 0.006
2271.58199 15.469 0.006
2273.58124 15.130 0.006
2276.57588 15.117 0.006
2280.56984 15.320 0.006
2285.56577 15.696 0.006
2289.60164 15.100 0.006
2291.60688 15.633 0.006
2293.60315 15.354 0.006
2295.59986 15.711 0.007
2297.60443 15.526 0.006
2299.59907 15.229 0.006
2301.59061 15.698 0.008
2453.87676 15.346 0.007
2460.92341 15.255 0.007
2464.88078 15.416 0.006
2466.87431 15.123 0.006
2468.86857 15.587 0.006
2470.85951 15.313 0.006
2472.87959 15.758 0.006
2474.85038 15.517 0.006
2481.86388 15.595 0.008
2483.92648 15.366 0.006
2486.92728 15.308 0.006
2489.80806 15.178 0.005
2490.80555 15.466 0.007
2497.80189 15.562 0.006
2498.81183 15.719 0.007
2499.89685 15.327 0.006
2500.90525 15.560 0.006
2501.89178 15.757 0.007
2502.87203 15.250 0.006
2508.78263 15.159 0.006
2516.81503 15.502 0.007
2517.86201 15.725 0.007
2518.83627 15.195 0.006
2519.78757 15.436 0.006
2520.82973 15.660 0.007
2521.78032 15.082 0.006
2524.78327 15.460 0.006
2526.81522 15.565 0.006
2529.77375 15.520 0.006
2535.73336 15.400 0.006
2537.73986 15.335 0.006
2538.84030 15.386 0.006
2539.73671 15.571 0.006
2540.78054 15.696 0.007
2541.74875 15.300 0.006
2542.71837 15.523 0.006
2544.69961 15.210 0.006
2545.71188 15.477 0.006
2547.73000 15.141 0.006
2548.74917 15.431 0.006
2550.74434 15.117 0.006
2551.73092 15.382 0.006
2552.74686 15.585 0.006
2553.68764 15.717 0.008
2554.74001 15.334 0.006
2555.74797 15.556 0.006
2556.72719 15.742 0.007
2557.73953 15.265 0.006
2558.69608 15.496 0.006
2559.65299 15.696 0.007
2560.68613 15.151 0.006
2562.70433 15.652 0.007
2563.71234 15.086 0.006
2564.72875 15.396 0.006
2565.72465 15.601 0.007
2566.70361 15.472 0.006
2568.77140 15.570 0.007
2571.69088 15.502 0.006
2572.75934 15.740 0.008
2573.69748 15.191 0.006
2574.67722 15.453 0.006
2576.72169 15.110 0.006
2577.67993 15.407 0.006
2578.66498 15.606 0.007
2579.67512 15.331 0.006
2580.68340 15.355 0.006
2583.65963 15.295 0.006
2584.66194 15.521 0.006
2587.64623 15.478 0.006
2588.65812 15.674 0.007
2589.63710 15.122 0.006
2590.65409 15.426 0.006
2591.68687 15.639 0.007
2593.64365 15.379 0.006
2594.64932 15.589 0.007
2596.62285 15.307 0.006
2597.61011 15.519 0.006
2598.69044 15.763 0.008
2599.65094 15.251 0.006
2608.55159 15.656 0.007
2610.58827 15.552 0.007
2613.57984 15.503 0.007
2615.61096 15.188 0.006
2620.58584 15.597 0.007
2622.53355 15.341 0.006
2625.58699 15.312 0.007
2629.52762 15.458 0.007
2632.56569 15.405 0.006
2636.56212 15.595 0.007
2639.56139 15.546 0.006
2643.53435 15.693 0.007
2649.53902 15.582 0.006
2651.57560 15.356 0.006
2655.53292 15.540 0.008
2658.54930 15.452 0.007
2661.56186 15.408 0.006
2665.52880 15.573 0.008
2669.55497 15.742 0.007
2674.53847 15.428 0.007
2676.55992 15.104 0.006
2678.64248 15.613 0.006
2680.52963 15.330 0.006
2683.55379 15.278 0.006
2804.83169 15.692 0.008
2805.88811 15.170 0.006
2811.94114 15.272 0.006
2815.91496 15.298 0.006
2818.92286 15.232 0.006
2829.86160 15.536 0.006
2831.85182 15.221 0.006
2832.80514 15.462 0.006
2833.90371 15.686 0.008
2835.89245 15.432 0.006
2838.87637 15.400 0.007
2840.88159 15.461 0.006
2843.86755 15.733 0.006
2844.90892 15.283 0.006
2848.81557 15.460 0.008
2849.89360 15.666 0.007
2850.92515 15.110 0.006
2852.85378 15.605 0.007
2854.86513 15.364 0.006
2857.87244 15.310 0.006
2859.85556 15.733 0.007
2860.91208 15.239 0.006
2861.78382 15.464 0.006
2862.86991 15.666 0.007
2863.87183 15.137 0.006
2865.79423 15.608 0.007
2867.78374 15.353 0.006
2868.82438 15.566 0.006
2869.84574 15.601 0.007
2870.85242 15.319 0.006
2872.77654 15.726 0.007
2875.84369 15.691 0.007
2876.81264 15.143 0.006
2877.84213 15.432 0.006
2879.80688 15.072 0.006
2884.75690 15.549 0.006
2886.76270 15.263 0.006
2890.72865 15.450 0.007
2893.78019 15.405 0.006
2895.79104 15.305 0.006
2897.73864 15.553 0.007
2899.77094 15.282 0.006
2903.78965 15.464 0.006
2906.73842 15.402 0.006
2908.71543 15.263 0.006
2910.71027 15.577 0.007
2912.71555 15.311 0.005
2916.72891 15.473 0.006
2918.70595 15.136 0.006
2922.70548 15.373 0.006
2924.64631 15.643 0.006
2926.64042 15.543 0.007
2929.70185 15.515 0.006
2931.67771 15.164 0.006
2933.68998 15.644 0.006
2935.65286 15.395 0.006
2937.67801 15.411 0.006
2939.65620 15.555 0.006
2940.67049 15.725 0.006
2941.64615 15.275 0.006
2942.67377 15.527 0.007
2943.64249 15.717 0.007
2944.62625 15.189 0.006
2946.62483 15.649 0.007
2947.65283 15.110 0.006
2949.63369 15.595 0.006
2950.58518 15.404 0.006
2951.66609 15.357 0.006
2953.61389 15.713 0.007
2955.59889 15.534 0.007
2957.61255 15.224 0.006
2965.66943 15.575 0.006
2968.63197 15.548 0.007
2971.63975 15.512 0.006
2973.62828 15.179 0.006
2975.52504 15.623 0.007
2977.62069 15.411 0.006
2979.60097 15.430 0.006
2982.55556 15.738 0.007
2984.58677 15.527 0.008
2986.59690 15.204 0.006
2988.56934 15.649 0.007
2990.58817 15.406 0.006
2993.59020 15.366 0.006
2997.53396 15.527 0.007
3000.58963 15.488 0.006
3003.56967 15.429 0.006
3006.55930 15.374 0.006
3009.55264 15.330 0.006
3013.55927 15.501 0.006
3017.55372 15.656 0.007
3020.52884 15.590 0.007
3022.55635 15.357 0.006
3024.55548 15.735 0.007
3026.52557 15.502 0.008
3028.52643 15.240 0.008
3030.52954 15.660 0.007
3032.54752 15.420 0.007
3034.54706 15.172 0.006
3038.53788 15.319 0.007
3179.92918 15.126 0.006
3184.89307 15.589 0.007
3193.91608 15.445 0.006
3196.88807 15.379 0.006
3202.87601 15.264 0.006
3203.92049 15.514 0.005
3206.86340 15.459 0.006
3210.92988 15.586 0.006
3211.84597 15.422 0.006
3215.82003 15.305 0.007
3216.76569 15.492 0.007
3217.81555 15.708 0.007
3224.81248 15.282 0.006
3228.79038 15.305 0.006
3230.76389 15.737 0.006
3238.79496 15.378 0.006
3239.83411 15.600 0.006
3240.83124 15.537 0.007
3241.77320 15.319 0.006
3242.76389 15.538 0.006
3244.86571 15.285 0.006
3245.81321 15.504 0.006
3246.81004 15.695 0.007
3247.81429 15.186 0.006
3249.76777 15.640 0.007
3251.78032 15.395 0.006
3254.76641 15.352 0.006
3257.79349 15.286 0.006
3259.70375 15.726 0.007
3261.73943 15.461 0.006
3263.73634 15.101 0.005
3265.76174 15.635 0.006
3267.74444 15.362 0.005
3270.69815 15.295 0.006
3271.70083 15.532 0.006
3273.65933 15.219 0.006
3275.65412 15.662 0.008
3276.74817 15.146 0.006
3277.78707 15.429 0.006
3279.71858 15.150 0.006
3281.68436 15.576 0.006
3283.67877 15.321 0.005
3287.64505 15.478 0.006
3289.65987 15.150 0.005
3291.59824 15.627 0.006
3294.61478 15.581 0.006
3296.58117 15.316 0.005
3298.58903 15.757 0.006
3300.59164 15.508 0.006
3302.57262 15.163 0.006
3305.66862 15.091 0.006
3307.58519 15.586 0.007
3309.60593 15.351 0.006
3311.56148 15.744 0.006
3314.60050 15.726 0.008
3320.63842 15.625 0.006
3323.59078 15.573 0.006
3327.61889 15.752 0.006
3330.59012 15.694 0.007
3335.63476 15.390 0.006
3338.54163 15.326 0.006
3350.55292 15.418 0.006
3357.59002 15.233 0.006
3361.58944 15.432 0.006
3363.59573 15.121 0.006
3369.57269 15.750 0.006
3372.58869 15.702 0.006
3376.56470 15.083 0.006
3380.55105 15.330 0.006
3386.59788 15.209 0.006
3395.54989 15.714 0.007
3399.57376 15.264 0.006
3402.59063 15.160 0.006
3530.94180 15.758 0.006
3543.90686 15.709 0.006
3551.92763 15.444 0.006
3558.91138 15.560 0.006
3562.89827 15.712 0.006
3568.89373 15.613 0.006
3570.85157 15.342 0.006
3571.84183 15.561 0.007
3573.88723 15.304 0.006
3575.84703 15.719 0.006
3577.90361 15.477 0.006
3579.84446 15.092 0.005
3581.91342 15.622 0.006
3582.86583 15.239 0.005
3583.88487 15.358 0.006
3586.87519 15.307 0.005
3588.87334 15.764 0.006
3590.83195 15.480 0.006
3592.79223 15.117 0.005
3594.83302 15.626 0.006
3600.92207 15.554 0.006
3602.78089 15.252 0.006
3603.74512 15.489 0.006
3608.80171 15.089 0.005
3614.83355 15.754 0.006
3615.81927 15.318 0.006
3618.81798 15.221 0.006
3620.84447 15.688 0.006
3622.79850 15.428 0.006
3625.74443 15.366 0.006
3628.76600 15.304 0.006
3630.68146 15.730 0.007
3632.65860 15.471 0.007
3634.68912 15.098 0.006
3637.69439 15.269 0.006
3640.65950 15.741 0.006
3642.70292 15.567 0.006
3644.69522 15.241 0.005
3646.71272 15.691 0.006
3650.72847 15.098 0.006
3652.66993 15.586 0.006
3654.64573 15.333 0.006
3656.69895 15.757 0.006
3657.72709 15.282 0.006
3658.70066 15.525 0.006
3659.68498 15.703 0.007
3660.69070 15.186 0.006
3663.68141 15.094 0.006
3665.70969 15.626 0.006
3668.63828 15.573 0.006
3668.66082 15.568 0.006
3670.64943 15.296 0.006
3672.58213 15.712 0.007
3674.74143 15.484 0.006
3676.62772 15.105 0.006
3682.60442 15.735 0.006
3684.62171 15.537 0.006
3686.58740 15.222 0.006
3688.56036 15.679 0.006
3690.57405 15.421 0.006
3693.57119 15.384 0.006
3695.56679 15.665 0.006
3698.54237 15.752 0.007
3701.59092 15.714 0.006
3703.60152 15.460 0.006
3705.57374 15.083 0.005
3707.57420 15.605 0.006
3712.58918 15.291 0.006
3715.54742 15.200 0.006
3719.62634 15.433 0.006
3722.57331 15.375 0.006
3725.65334 15.333 0.006
3730.55654 15.681 0.006
3735.55919 15.391 0.006
3738.58032 15.353 0.006
3743.53457 15.693 0.007
3748.53847 15.409 0.007
3753.53611 15.732 0.007
3758.55806 15.506 0.007
3762.56462 15.638 0.007
3768.52458 15.555 0.008
3773.52141 15.164 0.007
3777.54738 15.407 0.006
3871.91468 15.579 0.007
3902.93466 15.309 0.006
3907.92965 15.685 0.006
3915.90550 15.316 0.006
3918.92477 15.263 0.006
3932.87619 15.504 0.006
3934.89438 15.184 0.006
3936.90263 15.659 0.006
3938.88683 15.405 0.006
3945.85657 15.517 0.006
3950.83848 15.122 0.005
3957.79408 15.318 0.006
3959.78818 15.741 0.007
3961.77875 15.502 0.006
3964.78589 15.438 0.006
3966.77812 15.117 0.005
3968.77168 15.585 0.006
3970.76330 15.330 0.006
3973.73264 15.248 0.006
3975.74488 15.696 0.006
3980.68010 15.386 0.006
3981.67996 15.582 0.006
3982.74428 15.462 0.006
3986.72148 15.274 0.006
3989.81851 15.220 0.006
3991.75970 15.669 0.006
3994.66070 15.610 0.007
3998.69184 15.743 0.007
4001.66039 15.726 0.006
4003.63216 15.454 0.006
4004.72067 15.688 0.006
4005.70594 15.150 0.005
4007.59917 15.594 0.006
4008.60817 15.331 0.006
4011.65860 15.697 0.006
4014.64102 15.759 0.007
4016.63780 15.499 0.006
4018.63413 15.165 0.006
4020.66683 15.644 0.006
4023.62355 15.591 0.006
4025.62390 15.331 0.006
4027.61199 15.754 0.006
4029.59427 15.509 0.006
4031.58126 15.168 0.006
4036.61664 15.615 0.006
4038.57095 15.361 0.006
4040.55094 15.757 0.007
4042.62027 15.533 0.006
4044.66292 15.249 0.006
4047.57121 15.110 0.006
4049.54699 15.611 0.006
4051.59653 15.379 0.006
4053.60749 15.667 0.006
4055.53669 15.554 0.006
4057.57582 15.246 0.006
4059.61035 15.689 0.006
4063.60174 15.088 0.005
4066.51659 15.679 0.007
4068.58338 15.561 0.006
4071.52507 15.537 0.008
4074.56035 15.457 0.006
4077.61304 15.430 0.006
4079.56013 15.361 0.006
4083.56762 15.318 0.006
4087.58952 15.492 0.006
4095.55344 15.653 0.006
4095.59042 15.571 0.006
4098.57249 15.752 0.006
4102.54463 15.145 0.006
4107.54877 15.593 0.006
4112.54917 15.295 0.006
4119.53874 15.417 0.006
4122.56503 15.378 0.006
4128.56255 15.271 0.006
4253.88619 15.092 0.006
4255.90703 15.598 0.007
4258.92455 15.565 0.007
4273.91086 15.308 0.006
4278.93452 15.699 0.008
4281.76178 15.618 0.007
4282.90164 15.104 0.006
4283.82833 15.378 0.006
4284.89281 15.593 0.007
4289.86723 15.249 0.006
4292.90051 15.189 0.006
4295.89443 15.093 0.006
4296.92866 15.406 0.006
4298.84773 15.464 0.006
4299.89120 15.346 0.006
4300.91304 15.559 0.006
4301.93190 15.711 0.006
4303.82258 15.529 0.006
4307.71959 15.646 0.007
4308.69339 15.109 0.006
4308.90124 15.139 0.006
4310.87332 15.634 0.007
4311.87481 15.182 0.006
4312.93510 15.387 0.006
4314.80375 15.733 0.008
4316.86347 15.543 0.007
4320.84716 15.696 0.007
4326.87154 15.599 0.007
4327.89427 15.424 0.007
4328.86435 15.347 0.006
4329.86447 15.564 0.007
4330.89495 15.758 0.007
4332.91117 15.543 0.006
4334.88815 15.235 0.006
4339.85917 15.619 0.007
4340.81145 15.394 0.006
4341.80428 15.345 0.006
4342.87856 15.575 0.007
4343.79790 15.751 0.007
4344.78004 15.285 0.006
4346.75629 15.724 0.007
4348.74202 15.453 0.006
4350.71876 15.097 0.006
4353.67693 15.484 0.006
4355.73549 15.557 0.007
4358.67884 15.532 0.007
4359.73609 15.739 0.007
4365.64367 15.616 0.008
4369.71718 15.659 0.007
4371.68416 15.549 0.007
4376.68754 15.153 0.006
4378.65421 15.634 0.007
4379.68551 15.097 0.006
4381.64468 15.579 0.007
4383.67320 15.335 0.006
4386.69779 15.276 0.006
4388.69811 15.728 0.007
4390.70706 15.467 0.006
4394.59464 15.598 0.006
4396.67800 15.357 0.006
4398.68113 15.721 0.007
4402.66622 15.235 0.006
4404.68266 15.689 0.007
4407.69117 15.637 0.007
4409.70675 15.394 0.006
4411.70188 15.557 0.006
4415.70574 15.277 0.006
4417.65573 15.699 0.006
4420.64215 15.658 0.007
4422.67417 15.403 0.006
4424.67126 15.406 0.006
4427.55702 15.740 0.007
4429.60009 15.522 0.008
4431.58723 15.192 0.006
4433.59314 15.651 0.007
4435.58146 15.393 0.006
4438.64156 15.366 0.006
4440.61104 15.733 0.007
4442.57252 15.526 0.007
4444.59724 15.232 0.006
4452.60739 15.573 0.006
4454.62760 15.334 0.006
4455.56968 15.551 0.007
4457.57862 15.254 0.006
4460.53302 15.141 0.006
4463.59654 15.079 0.006
4467.57933 15.346 0.006
4470.57876 15.275 0.006
4474.62883 15.464 0.006
4476.60714 15.121 0.006
4481.60284 15.575 0.006
4483.63004 15.335 0.006
4485.61495 15.759 0.008
4488.61211 15.710 0.008
4492.60228 15.090 0.006
4609.93185 15.432 0.006
4643.91597 15.610 0.007
4652.94007 15.657 0.007
4655.89817 15.583 0.006
4661.91195 15.533 0.006
4662.83557 15.695 0.006
4662.93341 15.724 0.006
4663.78426 15.159 0.006
4665.85740 15.659 0.007
4670.93933 15.372 0.006
4671.83579 15.566 0.006
4673.93786 15.319 0.006
4677.85523 15.472 0.006
4682.82959 15.155 0.006
4684.86761 15.580 0.006
4686.82755 15.317 0.006
4688.84377 15.745 0.006
4690.76916 15.490 0.006
4691.77245 15.689 0.007
4694.81873 15.644 0.008
4697.76309 15.577 0.007
4699.78412 15.342 0.006
4700.81800 15.561 0.006
4701.82570 15.746 0.007
4703.78487 15.518 0.006
4704.80361 15.712 0.006
4705.81119 15.208 0.006
4707.82861 15.675 0.006
4709.75941 15.402 0.006
4715.76797 15.311 0.006
4717.72257 15.728 0.006
4720.70148 15.672 0.007
4722.71667 15.422 0.006
4725.72188 15.383 0.006
4730.71244 15.742 0.006
4730.77520 15.758 0.006
4733.74740 15.708 0.006
4740.68994 15.621 0.006
4743.68668 15.749 0.006
4748.67543 15.452 0.006
4750.70829 15.099 0.006
4754.63385 15.335 0.006
4756.64343 15.749 0.007
4758.62364 15.521 0.006
4760.61030 15.195 0.006
4762.60009 15.670 0.006
4767.63571 15.366 0.006
4770.68398 15.344 0.007
4772.62138 15.737 0.007
4774.59684 15.471 0.006
4776.56865 15.095 0.006
4778.56999 15.617 0.006
4780.56725 15.379 0.006
4782.54015 15.713 0.007
4783.60173 15.324 0.006
4789.56787 15.162 0.006
4791.54943 15.648 0.007
4793.55677 15.402 0.006
4795.56970 15.504 0.006
4797.56186 15.582 0.006
4798.62506 15.735 0.007
4801.52632 15.717 0.006
4802.61377 15.221 0.006
4803.58567 15.477 0.006
4805.52068 15.104 0.006
4807.54741 15.626 0.007
4809.57262 15.370 0.006
4811.59448 15.685 0.007
4814.55237 15.746 0.007
4816.55446 15.474 0.006
4818.56847 15.156 0.006
4820.54648 15.674 0.006
4822.60321 15.391 0.006
4824.58803 15.533 0.006
4831.55970 15.176 0.006
4833.58752 15.672 0.006
4835.61027 15.411 0.006
4839.61329 15.588 0.007
4842.57997 15.542 0.007
4844.59044 15.232 0.006
4847.64462 15.147 0.006
4849.60461 15.640 0.006
4853.60188 15.565 0.006
4855.61507 15.565 0.007
4859.60735 15.723 0.007
4862.58889 15.641 0.006
4868.57111 15.571 0.006
