2104.88767 15.542 0.006
2112.88129 15.839 0.007
2115.84972 15.850 0.008
2116.93213 15.558 0.007
2117.84885 15.729 0.007
2123.88620 15.732 0.007
2125.77122 15.531 0.008
2128.88581 15.549 0.007
2129.91370 15.740 0.007
2130.89077 15.799 0.007
2131.77972 15.533 0.006
2132.86261 15.730 0.007
2133.83554 15.847 0.008
2134.86812 15.559 0.007
2136.90886 15.762 0.007
2137.86743 15.570 0.008
2140.87149 15.573 0.007
2141.78171 15.707 0.008
2142.84013 15.828 0.007
2143.89115 15.569 0.007
2144.77115 15.725 0.006
2156.73197 15.732 0.007
2160.81159 15.818 0.007
2161.69043 15.534 0.006
2162.82389 15.738 0.007
2166.65190 15.876 0.008
2167.70798 15.536 0.006
2168.77030 15.737 0.007
2171.77734 15.737 0.006
2172.82107 15.770 0.007
2173.76457 15.555 0.006
2174.69095 15.718 0.007
2177.69643 15.721 0.007
2184.75769 15.794 0.008
2186.74600 15.727 0.008
2189.74761 15.738 0.008
2190.74773 15.802 0.007
2191.62172 15.530 0.006
2192.71543 15.727 0.006
2193.74265 15.803 0.006
2194.70734 15.537 0.006
2200.72236 15.554 0.006
2203.61028 15.531 0.006
2208.70678 15.793 0.008
2211.71333 15.790 0.007
2212.69916 15.555 0.006
2217.69372 15.776 0.008
2219.73049 15.737 0.008
2221.58238 15.553 0.007
2223.63245 15.835 0.008
2225.65008 15.727 0.007
2227.54333 15.538 0.008
2228.61131 15.732 0.007
2230.59841 15.552 0.006
2232.61869 15.836 0.007
2234.60403 15.735 0.007
2236.59316 15.551 0.006
2239.54204 15.541 0.007
2241.58563 15.829 0.007
2243.62385 15.754 0.007
2249.58473 15.731 0.006
2251.58632 15.564 0.006
2254.58770 15.559 0.006
2256.60590 15.782 0.008
2263.54437 15.557 0.007
2265.57973 15.772 0.007
2270.60412 15.754 0.006
2274.58499 15.740 0.008
2276.59569 15.767 0.008
2278.57238 15.561 0.006
2283.60250 15.686 0.007
2290.55570 15.569 0.007
2292.61545 15.641 0.007
2294.62002 15.757 0.008
2296.58030 15.572 0.008
2298.58883 15.672 0.008
2300.58406 15.747 0.007
2303.56784 15.774 0.008
2453.89625 15.858 0.008
2462.90003 15.876 0.008
2464.90063 15.698 0.007
2466.89304 15.500 0.007
2468.88906 15.873 0.008
2470.87826 15.697 0.007
2472.86067 15.502 0.006
2483.94583 15.853 0.008
2488.76591 15.692 0.008
2489.82819 15.874 0.007
2490.82421 15.516 0.008
2496.80802 15.510 0.006
2497.83077 15.694 0.007
2498.83094 15.867 0.007
2499.91866 15.525 0.006
2500.92439 15.724 0.007
2501.91505 15.840 0.007
2502.89093 15.526 0.006
2511.75530 15.495 0.007
2516.88066 15.833 0.008
2517.88117 15.533 0.006
2518.85706 15.725 0.007
2519.76845 15.869 0.007
2520.84878 15.513 0.006
2521.73861 15.700 0.007
2524.76424 15.694 0.008
2529.74608 15.517 0.006
2535.75240 15.514 0.007
2537.75890 15.855 0.008
2537.77786 15.856 0.008
2538.85556 15.532 0.007
2538.86357 15.536 0.007
2539.75416 15.688 0.007
2540.80108 15.855 0.008
2541.76953 15.506 0.007
2542.73595 15.698 0.007
2544.71853 15.505 0.006
2545.73333 15.701 0.007
2547.74735 15.513 0.006
2548.76803 15.707 0.007
2550.76308 15.518 0.006
2551.75051 15.700 0.007
2552.76564 15.839 0.008
2553.70641 15.510 0.007
2554.75890 15.708 0.007
2555.76685 15.834 0.007
2556.74601 15.513 0.006
2557.75840 15.714 0.007
2558.71485 15.856 0.007
2559.67198 15.495 0.006
2560.70502 15.688 0.007
2561.75047 15.844 0.008
2562.72321 15.517 0.006
2563.73118 15.707 0.007
2564.75856 15.840 0.008
2565.74872 15.521 0.006
2566.72356 15.706 0.007
2573.71515 15.827 0.008
2574.70263 15.524 0.006
2576.74181 15.824 0.007
2577.70029 15.521 0.007
2578.68226 15.697 0.008
2579.69284 15.850 0.008
2580.70443 15.514 0.006
2583.68122 15.519 0.007
2584.68389 15.706 0.007
2587.66546 15.700 0.007
2588.67807 15.843 0.008
2589.67022 15.518 0.006
2590.67867 15.704 0.007
2591.70595 15.819 0.008
2593.66300 15.704 0.007
2594.66996 15.840 0.008
2596.64393 15.708 0.008
2597.63094 15.846 0.008
2598.70932 15.516 0.006
2599.67292 15.705 0.008
2609.53326 15.879 0.008
2611.58250 15.710 0.008
2614.54742 15.716 0.008
2618.57899 15.876 0.008
2622.55575 15.526 0.006
2629.56539 15.714 0.008
2640.54918 15.540 0.007
2643.55184 15.555 0.006
2649.55804 15.560 0.006
2655.55505 15.559 0.007
2665.54633 15.751 0.007
2670.53266 15.539 0.008
2678.68220 15.624 0.007
2804.81291 15.460 0.008
2805.90829 15.698 0.009
2812.92327 15.865 0.008
2815.93368 15.869 0.008
2818.94600 15.864 0.008
2829.88032 15.688 0.007
2831.88117 15.489 0.007
2832.84518 15.689 0.007
2833.92227 15.887 0.008
2836.91140 15.878 0.008
2837.92567 15.497 0.008
2838.91330 15.704 0.008
2840.86203 15.488 0.006
2843.88617 15.498 0.006
2844.92741 15.714 0.007
2848.85333 15.868 0.009
2851.83909 15.883 0.008
2852.87225 15.489 0.007
2857.89097 15.892 0.008
2859.87826 15.715 0.007
2860.93062 15.885 0.008
2861.80252 15.458 0.006
2862.85125 15.684 0.008
2863.89027 15.864 0.008
2865.77558 15.670 0.007
2866.77157 15.856 0.008
2867.86211 15.499 0.007
2869.82827 15.868 0.008
2870.87111 15.498 0.006
2872.79503 15.874 0.007
2877.80401 15.693 0.007
2884.77547 15.870 0.007
2886.78834 15.704 0.007
2888.73154 15.485 0.006
2890.77001 15.871 0.008
2893.79874 15.877 0.008
2897.75716 15.512 0.007
2899.78950 15.883 0.007
2903.80849 15.505 0.006
2906.75686 15.495 0.006
2908.73463 15.872 0.008
2910.72888 15.711 0.008
2912.73472 15.508 0.006
2916.74758 15.716 0.006
2918.72459 15.501 0.006
2922.72752 15.722 0.008
2926.65919 15.863 0.008
2929.72057 15.910 0.008
2931.69806 15.710 0.007
2933.70861 15.516 0.006
2935.67273 15.882 0.008
2937.70220 15.699 0.008
2939.63751 15.483 0.006
2941.66473 15.879 0.007
2943.66093 15.698 0.007
2944.66341 15.860 0.008
2946.64350 15.696 0.007
2947.67129 15.884 0.008
2949.65217 15.704 0.007
2951.68471 15.507 0.007
2953.63270 15.880 0.008
2955.61731 15.690 0.008
2957.63356 15.510 0.006
2960.65119 15.512 0.006
2964.66383 15.717 0.007
2966.60761 15.502 0.006
2969.63290 15.519 0.006
2971.65973 15.879 0.008
2974.53449 15.858 0.008
2976.56758 15.698 0.008
2978.55544 15.504 0.007
2980.61027 15.904 0.008
2982.57499 15.708 0.007
2984.60583 15.521 0.007
2986.61838 15.898 0.008
2989.56988 15.890 0.008
2992.58602 15.897 0.008
2996.59137 15.530 0.006
2999.58820 15.541 0.007
3003.53243 15.727 0.008
3006.57932 15.720 0.007
3009.57140 15.723 0.008
3013.58386 15.872 0.008
3017.57255 15.526 0.006
3020.54730 15.526 0.006
3022.57492 15.885 0.008
3024.57402 15.729 0.007
3026.54425 15.536 0.006
3028.54503 15.894 0.008
3030.54877 15.732 0.007
3032.56591 15.551 0.007
3038.55650 15.545 0.007
3180.91941 15.875 0.007
3184.91124 15.467 0.006
3193.93543 15.474 0.006
3196.90640 15.473 0.006
3202.89893 15.474 0.006
3204.86899 15.877 0.008
3206.88181 15.677 0.007
3211.83016 15.460 0.006
3216.78405 15.831 0.008
3217.83415 15.482 0.007
3222.87684 15.860 0.007
3224.83081 15.685 0.006
3228.80874 15.856 0.008
3230.78629 15.691 0.006
3238.81330 15.484 0.006
3241.75486 15.471 0.006
3242.79077 15.670 0.007
3245.83161 15.684 0.007
3246.82857 15.863 0.007
3248.73338 15.712 0.006
3250.79432 15.485 0.006
3253.74796 15.481 0.006
3256.73101 15.467 0.006
3260.70371 15.675 0.007
3262.73960 15.477 0.006
3264.69136 15.841 0.006
3266.76228 15.685 0.007
3268.69575 15.480 0.006
3270.75960 15.855 0.007
3271.72337 15.458 0.006
3273.68219 15.857 0.007
3275.67265 15.682 0.008
3276.76670 15.884 0.008
3280.67881 15.478 0.006
3282.66953 15.858 0.006
3286.63257 15.522 0.006
3288.64627 15.858 0.006
3291.62141 15.868 0.007
3294.63326 15.844 0.006
3296.60054 15.679 0.006
3298.60946 15.454 0.006
3300.61000 15.860 0.007
3302.59111 15.672 0.007
3305.68707 15.708 0.006
3307.60361 15.463 0.007
3309.62434 15.860 0.007
3311.57997 15.673 0.006
3315.61344 15.863 0.007
3320.65688 15.706 0.006
3323.61359 15.663 0.006
3324.62334 15.869 0.007
3329.55680 15.694 0.006
3334.57305 15.488 0.006
3336.56893 15.863 0.007
3350.57158 15.679 0.006
3354.60359 15.883 0.007
3360.58346 15.912 0.007
3366.62304 15.894 0.007
3372.60755 15.890 0.007
3376.58331 15.521 0.006
3379.60072 15.514 0.006
3387.53617 15.868 0.008
3399.55534 15.877 0.008
3403.54645 15.527 0.007
3552.87607 15.424 0.006
3558.92966 15.437 0.006
3562.92416 15.651 0.006
3568.91568 15.653 0.006
3570.87546 15.425 0.006
3571.86406 15.647 0.007
3573.90992 15.432 0.007
3575.86900 15.820 0.007
3578.93919 15.843 0.006
3579.86681 15.440 0.005
3581.93576 15.851 0.007
3582.76410 15.402 0.006
3589.84655 15.652 0.006
3590.87684 15.837 0.006
3592.81848 15.648 0.006
3594.85580 15.432 0.006
3603.76733 15.418 0.006
3607.86000 15.654 0.006
3617.81627 15.836 0.006
3619.79220 15.652 0.006
3621.78930 15.439 0.006
3621.83474 15.465 0.006
3625.78767 15.658 0.006
3628.73787 15.648 0.007
3630.70444 15.419 0.006
3632.73337 15.838 0.007
3634.64690 15.650 0.006
3637.72111 15.649 0.006
3640.68651 15.660 0.006
3642.68446 15.432 0.006
3644.71730 15.845 0.006
3646.73105 15.638 0.006
3650.74673 15.849 0.006
3652.69519 15.642 0.006
3654.66844 15.441 0.006
3656.74207 15.857 0.007
3657.74546 15.461 0.006
3659.70721 15.846 0.008
3661.63379 15.654 0.006
3664.70390 15.662 0.006
3666.70291 15.459 0.006
3668.68719 15.840 0.007
3670.66783 15.657 0.006
3672.62802 15.426 0.006
3674.75988 15.859 0.006
3676.65324 15.660 0.006
3682.62678 15.659 0.007
3684.64037 15.434 0.006
3686.60990 15.826 0.007
3688.58275 15.646 0.006
3690.59630 15.450 0.006
3693.59448 15.432 0.006
3695.59052 15.843 0.007
3697.58100 15.666 0.007
3699.58078 15.442 0.006
3701.61482 15.855 0.007
3703.61988 15.669 0.006
3705.63021 15.472 0.006
3707.59675 15.845 0.006
3712.65738 15.679 0.006
3715.59832 15.665 0.006
3717.57698 15.456 0.006
3720.61273 15.459 0.006
3724.58202 15.667 0.006
3726.60238 15.462 0.006
3731.54224 15.846 0.008
3735.58124 15.461 0.006
3739.54373 15.667 0.007
3743.55780 15.861 0.008
3748.56140 15.672 0.008
3753.55842 15.465 0.006
3759.56326 15.474 0.006
3763.54807 15.683 0.006
3769.52589 15.679 0.007
3773.55180 15.857 0.007
3778.52654 15.666 0.007
3903.91027 15.619 0.006
3908.92829 15.409 0.006
3915.92364 15.620 0.006
3918.94296 15.646 0.006
3933.83470 15.629 0.006
3935.83112 15.398 0.006
3937.86903 15.789 0.007
3945.83844 15.633 0.006
3950.85647 15.412 0.006
3957.81195 15.624 0.007
3959.81176 15.400 0.006
3961.79675 15.798 0.007
3964.80385 15.802 0.006
3966.79638 15.638 0.006
3968.78967 15.384 0.006
3970.78122 15.804 0.006
3973.75220 15.794 0.006
3975.76550 15.635 0.006
3980.69799 15.384 0.006
3981.69793 15.611 0.006
3982.76228 15.807 0.007
3986.73934 15.398 0.006
3989.84205 15.420 0.006
3991.78023 15.804 0.006
3994.69200 15.790 0.006
3998.81948 15.424 0.006
4001.68657 15.399 0.006
4003.65014 15.776 0.006
4005.72511 15.638 0.006
4007.61903 15.391 0.006
4008.64902 15.632 0.006
4011.67667 15.626 0.006
4014.67472 15.627 0.006
4016.65584 15.390 0.006
4018.65224 15.795 0.007
4020.69152 15.641 0.006
4023.64167 15.626 0.006
4025.64200 15.389 0.006
4027.63016 15.800 0.006
4029.61232 15.622 0.006
4031.59928 15.388 0.006
4036.65807 15.809 0.007
4038.63119 15.637 0.006
4040.56947 15.388 0.006
4042.63833 15.808 0.006
4045.52089 15.789 0.008
4047.59246 15.626 0.006
4049.56510 15.389 0.006
4051.61472 15.811 0.006
4053.58912 15.632 0.006
4055.55471 15.414 0.006
4057.55779 15.782 0.007
4060.53604 15.786 0.006
4064.58124 15.409 0.006
4066.53857 15.791 0.007
4068.60268 15.641 0.006
4071.57063 15.630 0.006
4073.57754 15.409 0.006
4075.62259 15.827 0.006
4077.59504 15.644 0.006
4079.57846 15.409 0.006
4083.54960 15.638 0.006
4087.60765 15.827 0.006
4095.57174 15.652 0.006
4100.54916 15.432 0.006
4105.62583 15.845 0.006
4107.56693 15.657 0.006
4108.61301 15.850 0.006
4112.56729 15.442 0.006
4119.56933 15.641 0.006
4120.60012 15.839 0.006
4122.58873 15.652 0.006
4127.58096 15.467 0.006
4253.90653 15.592 0.008
4255.92663 15.435 0.007
4258.90763 15.450 0.007
4273.92774 15.407 0.007
4279.75670 15.532 0.008
4282.84327 15.454 0.006
4283.81139 15.601 0.007
4284.91315 15.785 0.008
4289.88401 15.616 0.007
4292.91747 15.626 0.006
4295.91131 15.618 0.006
4296.94560 15.800 0.008
4298.86466 15.614 0.007
4299.90808 15.790 0.007
4300.93034 15.396 0.006
4302.83082 15.767 0.007
4303.83958 15.405 0.006
4307.78017 15.610 0.007
4308.71132 15.764 0.007
4308.91872 15.796 0.007
4310.89043 15.631 0.007
4314.82095 15.775 0.008
4316.88081 15.609 0.007
4320.81252 15.794 0.008
4326.89074 15.803 0.008
4327.91239 15.407 0.007
4328.88230 15.615 0.008
4329.89850 15.810 0.008
4330.93128 15.424 0.007
4331.88029 15.646 0.008
4333.91447 15.398 0.006
4336.87691 15.401 0.007
4339.88476 15.412 0.007
4340.86964 15.633 0.007
4342.84244 15.402 0.006
4344.80292 15.790 0.007
4346.77629 15.621 0.007
4348.76000 15.395 0.006
4350.73682 15.789 0.007
4353.69505 15.765 0.008
4355.75370 15.621 0.007
4358.69688 15.610 0.007
4362.70465 15.782 0.008
4363.71193 15.400 0.006
4365.70135 15.780 0.008
4369.73544 15.388 0.007
4370.69551 15.606 0.007
4373.70716 15.615 0.007
4376.70558 15.629 0.007
4378.67246 15.389 0.006
4379.70406 15.612 0.008
4381.66275 15.400 0.007
4383.69138 15.791 0.007
4386.71751 15.792 0.007
4388.71617 15.627 0.007
4391.53930 15.586 0.006
4394.63354 15.607 0.007
4396.69639 15.387 0.006
4398.69925 15.802 0.008
4402.68423 15.392 0.006
4404.70086 15.795 0.008
4409.68846 15.636 0.007
4412.63316 15.630 0.007
4415.72425 15.642 0.008
4417.67423 15.405 0.006
4420.66103 15.415 0.006
4423.65117 15.405 0.006
4426.53272 15.410 0.007
4426.70472 15.412 0.007
4428.59166 15.789 0.008
4430.61158 15.621 0.007
4432.59747 15.394 0.006
4434.63890 15.807 0.007
4436.61553 15.625 0.007
4438.62341 15.403 0.006
4440.62928 15.808 0.008
4442.59072 15.635 0.007
4444.61525 15.396 0.007
4450.59353 15.408 0.007
4452.62545 15.800 0.007
4454.60665 15.637 0.007
4456.60153 15.413 0.007
4457.63037 15.638 0.007
4460.57901 15.643 0.007
4462.60392 15.404 0.006
4464.59852 15.821 0.007
4471.57180 15.395 0.006
4473.55975 15.814 0.008
4475.62307 15.649 0.007
4480.60705 15.421 0.006
4482.60925 15.821 0.008
4484.61953 15.661 0.008
4486.63132 15.439 0.007
4490.56050 15.647 0.007
4643.93391 15.765 0.007
4651.91033 15.599 0.007
4655.83128 15.762 0.007
4661.92997 15.786 0.007
4662.85359 15.517 0.006
4663.80224 15.584 0.007
4665.87537 15.469 0.007
4671.90931 15.425 0.006
4674.81408 15.538 0.007
4677.87314 15.454 0.006
4682.84751 15.771 0.008
4682.85852 15.781 0.007
4684.88560 15.605 0.006
4686.84565 15.445 0.006
4688.86179 15.770 0.006
4690.78730 15.576 0.006
4691.79054 15.759 0.007
4694.76518 15.758 0.008
4697.78128 15.777 0.008
4699.80213 15.594 0.006
4700.83611 15.776 0.007
4701.84385 15.415 0.006
4702.74990 15.603 0.007
4703.80314 15.773 0.007
4704.82151 15.434 0.006
4705.82923 15.611 0.007
4707.81042 15.435 0.006
4709.78107 15.769 0.006
4715.78603 15.773 0.007
4717.74067 15.591 0.006
4720.71969 15.589 0.006
4724.68399 15.756 0.008
4726.67804 15.587 0.007
4730.73244 15.772 0.006
4740.70985 15.447 0.006
4743.70756 15.447 0.006
4748.69371 15.775 0.007
4750.72641 15.616 0.008
4754.65198 15.752 0.007
4756.68213 15.609 0.007
4758.64172 15.472 0.006
4760.62844 15.772 0.007
4762.61842 15.592 0.007
4767.67470 15.417 0.006
4771.56895 15.593 0.006
4772.63953 15.778 0.007
4774.63599 15.600 0.007
4776.58642 15.490 0.007
4778.58871 15.763 0.007
4780.60640 15.604 0.007
4782.55818 15.516 0.006
4783.61989 15.594 0.007
4786.54088 15.580 0.007
4789.60400 15.599 0.006
4791.56820 15.460 0.006
4793.57492 15.772 0.007
4795.60919 15.613 0.006
4797.58230 15.457 0.007
4799.58873 15.765 0.008
4801.56534 15.608 0.006
4802.63208 15.788 0.007
4803.60452 15.416 0.006
4805.54700 15.777 0.007
4807.56556 15.604 0.007
4809.59063 15.413 0.006
4811.61256 15.786 0.007
4814.57030 15.779 0.007
4816.57252 15.604 0.006
4818.55037 15.434 0.006
4820.56454 15.774 0.007
4822.63733 15.622 0.006
4824.60624 15.395 0.006
4831.58235 15.624 0.007
4834.61592 15.625 0.007
4838.61517 15.803 0.007
4841.59769 15.798 0.008
4843.59515 15.620 0.007
4846.60087 15.645 0.007
4848.63717 15.408 0.006
4850.62467 15.804 0.007
4853.62038 15.793 0.007
4856.59611 15.809 0.007
4864.57375 15.631 0.006
4868.59351 15.834 0.007
4870.53299 15.627 0.007
4873.54864 15.653 0.007
