2104.87278 16.839 0.011
2112.91310 16.912 0.012
2115.88914 16.785 0.012
2116.91702 16.908 0.013
2117.87540 16.834 0.012
2123.87100 16.928 0.013
2128.87091 16.853 0.015
2130.80969 16.936 0.013
2131.80271 16.899 0.013
2132.84744 16.781 0.013
2133.85849 16.684 0.013
2134.85306 16.936 0.016
2135.88740 16.852 0.011
2136.89375 16.771 0.014
2140.85651 16.696 0.013
2141.76669 16.931 0.016
2142.86349 16.874 0.013
2143.86408 16.763 0.012
2144.79191 16.713 0.010
2156.71706 16.890 0.013
2160.79627 16.906 0.013
2162.80662 16.673 0.011
2165.79408 16.769 0.012
2166.79744 16.664 0.010
2167.73069 16.919 0.013
2168.75525 16.849 0.013
2172.79356 16.817 0.012
2172.81303 16.825 0.011
2173.74958 16.680 0.011
2174.73333 16.909 0.011
2177.68143 16.798 0.012
2184.74276 16.682 0.013
2185.70619 16.914 0.016
2187.65102 16.738 0.015
2189.73264 16.925 0.017
2190.73273 16.831 0.013
2192.70142 16.926 0.011
2193.72234 16.916 0.011
2194.69344 16.797 0.012
2200.70785 16.893 0.013
2203.59609 16.901 0.013
2206.64580 16.674 0.013
2211.69781 16.921 0.013
2212.68442 16.832 0.013
2214.68442 16.912 0.018
2215.72044 16.883 0.014
2217.67959 16.660 0.012
2219.71656 16.883 0.013
2222.76587 16.929 0.016
2223.67096 16.796 0.013
2225.63517 16.922 0.012
2228.59688 16.688 0.011
2230.53499 16.824 0.013
2232.54798 16.909 0.013
2234.58999 16.809 0.011
2236.57925 16.920 0.013
2239.52677 16.767 0.013
2241.57156 16.855 0.013
2243.60994 16.827 0.013
2249.56609 16.768 0.011
2251.61618 16.923 0.013
2254.56495 16.881 0.014
2256.59116 16.831 0.013
2259.61205 16.893 0.012
2262.61853 16.959 0.015
2266.61040 16.918 0.014
2271.58533 16.802 0.013
2273.58457 16.894 0.015
2276.57923 16.830 0.014
2280.57316 16.953 0.014
2285.56912 16.868 0.011
2289.60500 16.847 0.012
2291.61024 16.924 0.012
2293.60656 16.812 0.012
2295.60327 16.949 0.013
2297.60784 16.772 0.012
2299.60249 16.913 0.013
2301.59402 16.725 0.014
2460.92727 16.735 0.016
2464.88465 16.676 0.011
2466.87816 16.855 0.015
2468.87241 16.825 0.013
2470.86334 16.822 0.012
2472.88343 16.900 0.011
2481.86891 16.807 0.016
2483.93030 16.917 0.012
2486.93111 16.688 0.013
2489.81187 16.714 0.011
2497.80833 16.689 0.012
2498.81563 16.934 0.014
2499.90067 16.890 0.013
2500.90908 16.760 0.013
2501.89560 16.749 0.012
2502.87587 16.921 0.013
2508.78646 16.742 0.019
2516.81882 16.914 0.014
2517.86582 16.896 0.013
2518.84009 16.782 0.013
2519.79137 16.723 0.011
2520.83355 16.928 0.015
2521.78414 16.854 0.013
2524.78705 16.905 0.015
2526.81901 16.695 0.010
2529.77755 16.756 0.011
2535.73716 16.893 0.013
2537.74363 16.679 0.013
2538.84413 16.924 0.015
2539.74006 16.875 0.013
2540.78432 16.776 0.013
2541.75210 16.728 0.012
2542.72173 16.916 0.013
2544.70339 16.709 0.011
2545.71523 16.914 0.012
2547.73337 16.804 0.012
2548.75299 16.674 0.012
2550.74811 16.871 0.013
2551.73528 16.785 0.012
2552.75066 16.714 0.011
2553.69144 16.928 0.016
2554.74379 16.835 0.012
2555.75177 16.737 0.012
2556.73099 16.915 0.013
2557.74333 16.912 0.012
2558.69987 16.804 0.012
2559.65678 16.696 0.012
2560.68991 16.908 0.012
2562.70812 16.775 0.012
2563.71614 16.742 0.012
2564.73253 16.944 0.015
2565.72798 16.853 0.013
2566.70696 16.701 0.012
2571.69468 16.914 0.013
2572.76270 16.896 0.015
2573.70082 16.761 0.013
2574.68056 16.776 0.011
2576.72503 16.838 0.012
2577.68326 16.720 0.013
2578.66833 16.945 0.014
2579.67847 16.896 0.013
2580.68676 16.788 0.012
2583.66298 16.863 0.014
2584.66529 16.752 0.012
2587.65004 16.837 0.013
2588.66191 16.690 0.012
2589.64091 16.933 0.013
2590.65788 16.887 0.013
2591.69067 16.796 0.013
2593.64746 16.917 0.014
2594.65399 16.865 0.014
2596.62665 16.840 0.014
2597.61549 16.942 0.016
2598.69423 16.852 0.014
2599.65474 16.725 0.014
2610.59208 16.671 0.013
2613.58361 16.792 0.015
2615.61918 16.914 0.013
2620.58958 16.832 0.013
2622.53734 16.916 0.013
2625.59074 16.722 0.015
2629.53101 16.891 0.014
2632.56907 16.674 0.010
2636.56551 16.700 0.013
2639.56478 16.715 0.011
2643.53775 16.677 0.012
2649.54282 16.834 0.012
2651.57940 16.821 0.015
2655.53632 16.935 0.018
2658.55271 16.696 0.014
2661.56527 16.727 0.010
2665.53227 16.680 0.013
2669.55840 16.672 0.012
2674.54252 16.904 0.013
2676.56335 16.695 0.011
2680.53305 16.691 0.013
2683.55759 16.745 0.016
2804.83551 16.889 0.018
2805.89192 16.767 0.018
2811.94494 16.926 0.017
2815.91877 16.892 0.013
2818.92663 16.901 0.013
2829.86539 16.944 0.015
2831.85794 16.736 0.013
2832.80890 16.914 0.013
2833.90749 16.916 0.017
2838.88017 16.806 0.014
2840.88536 16.920 0.013
2843.87133 16.840 0.012
2844.91266 16.919 0.014
2848.81933 16.895 0.018
2849.89738 16.799 0.013
2850.92892 16.662 0.012
2852.85755 16.858 0.017
2854.86890 16.826 0.013
2857.87620 16.696 0.013
2860.91585 16.786 0.011
2861.78757 16.754 0.011
2862.87367 16.930 0.014
2863.87556 16.876 0.018
2865.79800 16.930 0.018
2867.78749 16.805 0.012
2868.82811 16.675 0.011
2869.84910 16.921 0.013
2870.85619 16.891 0.013
2872.78030 16.744 0.011
2875.84742 16.740 0.013
2876.81638 16.873 0.013
2877.84585 16.913 0.012
2879.81061 16.667 0.010
2884.76068 16.920 0.012
2886.76644 16.707 0.013
2890.73240 16.688 0.016
2893.78394 16.767 0.012
2895.79479 16.902 0.012
2897.74236 16.710 0.013
2899.77466 16.915 0.012
2903.79339 16.896 0.011
2906.74215 16.934 0.012
2908.71917 16.692 0.011
2910.71401 16.890 0.013
2912.71929 16.670 0.010
2916.73261 16.749 0.010
2918.70967 16.828 0.013
2922.70921 16.779 0.013
2924.65004 16.906 0.012
2926.64415 16.719 0.013
2929.70557 16.851 0.013
2931.68145 16.915 0.012
2933.69364 16.783 0.010
2935.65654 16.920 0.014
2937.68167 16.730 0.013
2939.65987 16.927 0.013
2940.67415 16.831 0.011
2942.67742 16.926 0.014
2943.64617 16.884 0.013
2944.62992 16.759 0.014
2946.62850 16.931 0.013
2947.65651 16.854 0.013
2949.63736 16.827 0.013
2950.58885 16.911 0.013
2951.66977 16.821 0.013
2953.61756 16.921 0.013
2955.60257 16.779 0.015
2957.61621 16.917 0.012
2965.67312 16.899 0.013
2968.63567 16.914 0.014
2971.64343 16.791 0.013
2973.63196 16.832 0.013
2975.52874 16.903 0.013
2977.62439 16.788 0.014
2979.60467 16.913 0.016
2982.55927 16.901 0.014
2986.60059 16.920 0.013
2988.57306 16.755 0.012
2990.59186 16.918 0.013
2993.59390 16.832 0.012
2997.53768 16.872 0.013
3000.59788 16.676 0.011
3003.57340 16.742 0.013
3006.56301 16.814 0.012
3009.55637 16.886 0.015
3013.56299 16.850 0.013
3017.55747 16.813 0.013
3020.53257 16.884 0.014
3022.56005 16.703 0.013
3024.55923 16.841 0.013
3026.52929 16.879 0.016
3028.53017 16.808 0.019
3030.53328 16.904 0.013
3032.55128 16.795 0.014
3034.55079 16.896 0.011
3038.54163 16.913 0.016
3179.93291 16.891 0.012
3184.89677 16.730 0.013
3193.91979 16.911 0.013
3196.89180 16.823 0.011
3202.87973 16.763 0.012
3203.92421 16.633 0.007
3206.86711 16.728 0.011
3210.93357 16.715 0.010
3211.84970 16.931 0.013
3216.76937 16.864 0.016
3217.81927 16.705 0.014
3224.81619 16.741 0.010
3228.79409 16.686 0.012
3230.76760 16.890 0.011
3238.79866 16.836 0.013
3239.83779 16.723 0.012
3240.83493 16.855 0.014
3241.77686 16.900 0.013
3242.76756 16.818 0.013
3243.89071 16.669 0.013
3244.86939 16.932 0.015
3245.81688 16.891 0.013
3246.81371 16.756 0.011
3247.81794 16.684 0.012
3249.77143 16.829 0.013
3251.78400 16.901 0.011
3254.77009 16.665 0.010
3257.79715 16.767 0.010
3261.74310 16.714 0.010
3263.74001 16.904 0.010
3265.76541 16.680 0.011
3267.74811 16.882 0.011
3270.70182 16.912 0.013
3271.70449 16.829 0.013
3273.66301 16.914 0.016
3275.65777 16.765 0.014
3276.75182 16.678 0.014
3277.79073 16.920 0.013
3279.72224 16.732 0.011
3281.68804 16.924 0.011
3283.68244 16.672 0.008
3287.64873 16.686 0.010
3289.66354 16.829 0.010
3291.60191 16.891 0.012
3294.61846 16.669 0.010
3296.58483 16.877 0.013
3298.59269 16.762 0.010
3300.59530 16.814 0.013
3302.57629 16.915 0.013
3305.67230 16.692 0.011
3307.58885 16.880 0.015
3309.60959 16.716 0.011
3311.56513 16.838 0.012
3314.60417 16.882 0.014
3320.64208 16.662 0.010
3323.59447 16.750 0.011
3327.62256 16.661 0.011
3330.59381 16.754 0.012
3335.63846 16.816 0.015
3338.54531 16.665 0.012
3350.55663 16.907 0.012
3357.59373 16.849 0.012
3361.59313 16.931 0.013
3363.59944 16.762 0.014
3369.57641 16.898 0.011
3372.59240 16.930 0.011
3376.56842 16.919 0.013
3380.55479 16.907 0.013
3386.60162 16.671 0.009
3395.55362 16.905 0.015
3399.57748 16.885 0.014
3402.59437 16.903 0.012
3543.91056 16.895 0.013
3551.93133 16.802 0.012
3558.91508 16.884 0.011
3562.90585 16.852 0.010
3568.89740 16.913 0.012
3570.85525 16.728 0.013
3571.84551 16.891 0.016
3573.89089 16.798 0.015
3575.85071 16.918 0.012
3577.90728 16.779 0.011
3579.84815 16.939 0.011
3581.91708 16.741 0.010
3582.86949 16.855 0.011
3583.88856 16.919 0.012
3586.87885 16.922 0.009
3588.87699 16.785 0.012
3590.83561 16.928 0.010
3592.79589 16.701 0.008
3594.83667 16.918 0.011
3600.92574 16.672 0.011
3602.78455 16.826 0.015
3603.74877 16.704 0.011
3608.80538 16.943 0.011
3614.83722 16.734 0.010
3615.82293 16.876 0.011
3618.82163 16.675 0.009
3620.84809 16.886 0.010
3622.80213 16.692 0.012
3625.74806 16.704 0.010
3628.76964 16.797 0.013
3630.68510 16.933 0.015
3632.66225 16.731 0.015
3634.69275 16.923 0.011
3637.69802 16.950 0.013
3640.66314 16.714 0.009
3644.69886 16.825 0.009
3646.71636 16.826 0.012
3650.73213 16.790 0.011
3652.67357 16.923 0.011
3654.64937 16.714 0.010
3656.70259 16.925 0.012
3657.73073 16.861 0.011
3658.70427 16.659 0.012
3659.68862 16.922 0.014
3660.69431 16.895 0.013
3663.68506 16.934 0.013
3665.71333 16.758 0.012
3668.64193 16.836 0.012
3668.66445 16.830 0.010
3670.65307 16.926 0.013
3672.58577 16.776 0.013
3674.74507 16.904 0.011
3676.63138 16.748 0.010
3682.60803 16.870 0.013
3684.62532 16.689 0.010
3686.59103 16.837 0.012
3688.56401 16.918 0.012
3690.57769 16.826 0.013
3693.57483 16.903 0.013
3695.57043 16.748 0.010
3698.54603 16.729 0.013
3701.59457 16.791 0.011
3703.60518 16.923 0.011
3705.57742 16.768 0.009
3707.57783 16.891 0.012
3712.59284 16.809 0.011
3715.55106 16.883 0.012
3719.63001 16.858 0.013
3722.57698 16.911 0.013
3725.65703 16.890 0.013
3730.56022 16.837 0.010
3735.56288 16.657 0.010
3738.58403 16.773 0.013
3743.53825 16.896 0.013
3748.54216 16.864 0.015
3753.53982 16.715 0.013
3758.56175 16.940 0.013
3762.56833 16.911 0.014
3768.52831 16.672 0.013
3773.52516 16.896 0.019
3777.55111 16.930 0.013
3871.92152 16.829 0.014
3902.93837 16.819 0.013
3907.93335 16.900 0.014
3915.90919 16.801 0.010
3918.92845 16.920 0.011
3934.89808 16.730 0.011
3936.90631 16.908 0.011
3938.89051 16.718 0.011
3945.86027 16.740 0.010
3950.84208 16.904 0.010
3957.79771 16.911 0.017
3959.79616 16.813 0.013
3961.78236 16.943 0.013
3964.78950 16.755 0.009
3966.78173 16.837 0.010
3968.77528 16.903 0.011
3970.76690 16.783 0.009
3973.73625 16.845 0.011
3975.75118 16.814 0.011
3980.68371 16.899 0.014
3981.68356 16.775 0.010
3982.74788 16.665 0.013
3986.72505 16.848 0.012
3989.82210 16.738 0.013
3991.76331 16.897 0.013
3994.66429 16.939 0.013
4001.66398 16.909 0.010
4003.63573 16.788 0.010
4004.72425 16.676 0.009
4005.70952 16.908 0.010
4007.60275 16.714 0.011
4008.61176 16.934 0.010
4011.66218 16.659 0.010
4014.66012 16.783 0.013
4016.64139 16.923 0.012
4018.63771 16.734 0.011
4020.67043 16.911 0.011
4023.62713 16.919 0.013
4025.62746 16.768 0.011
4027.61560 16.935 0.012
4029.59787 16.683 0.010
4031.58484 16.914 0.012
4036.62023 16.753 0.010
4038.57454 16.940 0.012
4040.55452 16.683 0.012
4042.62387 16.869 0.012
4044.66650 16.666 0.014
4047.57481 16.769 0.011
4049.55058 16.914 0.011
4051.60010 16.694 0.010
4053.61107 16.898 0.010
4055.54030 16.699 0.013
4057.57941 16.883 0.013
4059.61393 16.686 0.010
4063.60532 16.890 0.011
4066.52022 16.665 0.012
4068.58757 16.874 0.011
4071.52869 16.922 0.015
4074.56395 16.910 0.013
4077.61667 16.712 0.013
4079.56374 16.875 0.012
4083.57125 16.814 0.013
4087.59314 16.835 0.011
4095.55705 16.721 0.010
4095.59407 16.721 0.010
4098.57612 16.796 0.012
4102.54824 16.728 0.012
4107.55242 16.920 0.013
4112.55283 16.885 0.012
4119.54241 16.933 0.013
4122.56869 16.970 0.014
4128.56885 16.713 0.011
4253.89212 16.874 0.018
4255.91072 16.863 0.015
4258.92789 16.709 0.015
4273.91420 16.706 0.014
4278.94066 16.894 0.014
4281.76511 16.922 0.014
4282.90497 16.885 0.013
4283.83167 16.754 0.013
4284.89613 16.684 0.013
4289.87056 16.904 0.014
4292.90383 16.921 0.012
4295.89775 16.691 0.011
4296.93199 16.922 0.011
4298.85103 16.712 0.012
4299.89453 16.851 0.011
4300.91636 16.897 0.012
4301.93521 16.827 0.011
4303.82590 16.958 0.013
4307.72291 16.915 0.013
4308.69670 16.792 0.013
4308.90456 16.874 0.012
4310.87664 16.858 0.013
4311.87811 16.913 0.018
4312.93839 16.862 0.012
4314.80706 16.918 0.014
4316.86676 16.777 0.012
4320.85045 16.746 0.011
4326.87482 16.893 0.014
4327.89789 16.808 0.015
4328.86795 16.683 0.013
4329.86776 16.916 0.013
4330.89858 16.871 0.013
4332.91480 16.745 0.012
4334.89174 16.860 0.016
4339.86279 16.668 0.012
4340.81506 16.927 0.013
4342.88217 16.732 0.012
4343.80148 16.912 0.013
4344.78365 16.900 0.013
4346.75987 16.667 0.011
4348.74561 16.879 0.013
4350.72237 16.841 0.012
4353.68052 16.682 0.013
4355.73907 16.897 0.014
4358.68245 16.940 0.013
4359.73968 16.862 0.012
4362.69004 16.911 0.016
4365.66400 16.916 0.016
4369.72079 16.917 0.015
4371.68775 16.734 0.013
4376.69113 16.934 0.013
4378.65780 16.768 0.013
4379.68909 16.685 0.013
4381.64828 16.842 0.014
4383.67678 16.857 0.012
4386.70138 16.695 0.012
4388.70170 16.893 0.013
4390.71063 16.674 0.011
4394.59821 16.938 0.013
4396.68161 16.843 0.013
4398.68474 16.935 0.015
4402.66979 16.892 0.013
4404.68626 16.731 0.015
4407.69476 16.837 0.012
4409.71034 16.924 0.013
4411.70548 16.804 0.012
4415.70933 16.795 0.015
4417.65933 16.914 0.012
4420.64577 16.904 0.013
4422.67778 16.769 0.013
4424.67484 16.925 0.013
4427.56061 16.928 0.013
4429.60371 16.828 0.016
4431.59083 16.940 0.015
4433.59674 16.770 0.013
4435.58507 16.927 0.013
4438.64516 16.834 0.013
4440.61464 16.821 0.013
4442.57612 16.955 0.017
4452.61103 16.674 0.011
4454.63125 16.886 0.013
4455.57332 16.778 0.013
4457.58224 16.907 0.016
4460.53664 16.925 0.014
4462.54299 16.819 0.014
4462.55188 16.816 0.015
4462.58085 16.803 0.013
4463.53161 16.672 0.014
4463.60018 16.678 0.012
4464.54673 16.913 0.013
4465.56494 16.874 0.013
4465.59827 16.911 0.013
4466.57068 16.748 0.013
4466.60503 16.800 0.013
4467.55904 16.725 0.013
4467.58298 16.710 0.013
4468.58457 16.931 0.013
4468.61945 16.926 0.013
4469.56751 16.856 0.013
4469.60469 16.860 0.012
4470.55149 16.699 0.013
4470.58241 16.729 0.012
4471.53990 16.907 0.013
4471.56751 16.888 0.013
4472.54427 16.907 0.013
4472.57332 16.886 0.011
4473.55546 16.807 0.013
4473.57804 16.845 0.014
4474.55712 16.671 0.013
4474.58438 16.667 0.013
4474.61956 16.690 0.012
4474.64329 16.699 0.012
4475.55319 16.909 0.013
4475.59625 16.923 0.013
4475.65981 16.910 0.015
4476.57049 16.893 0.013
4476.59802 16.886 0.012
4476.64499 16.896 0.012
4477.60317 16.793 0.013
4477.64902 16.795 0.013
4478.57335 16.695 0.012
4479.56648 16.924 0.014
4479.62302 16.885 0.015
4480.55113 16.841 0.013
4480.59811 16.849 0.013
4481.55542 16.720 0.013
4481.60650 16.751 0.012
4481.63189 16.723 0.013
4482.56351 16.898 0.014
4482.62793 16.776 0.014
4483.58917 16.918 0.014
4483.63367 16.896 0.013
4484.58793 16.797 0.014
4485.58466 16.695 0.013
4486.57294 16.884 0.016
4486.57701 16.923 0.016
4486.62667 16.926 0.017
4487.61434 16.898 0.018
4487.61830 16.873 0.017
4487.64162 16.890 0.018
4488.57799 16.754 0.015
4488.58216 16.784 0.016
4488.61576 16.771 0.015
4489.61478 16.681 0.015
4490.61543 16.908 0.014
4491.61392 16.877 0.014
4492.58016 16.739 0.013
4492.60596 16.735 0.012
4498.54290 16.890 0.015
4502.55681 16.842 0.013
4519.51844 16.950 0.015
4519.52433 16.932 0.014
4519.52808 16.946 0.016
4519.53169 16.946 0.015
4609.93554 16.887 0.017
4643.91962 16.827 0.013
4652.94373 16.815 0.013
4655.90180 16.686 0.011
4661.91561 16.855 0.012
4662.83919 16.707 0.010
4662.93706 16.742 0.010
4663.78790 16.940 0.017
4665.86106 16.830 0.013
4670.94296 16.670 0.013
4671.83944 16.896 0.013
4673.94149 16.737 0.015
4677.85883 16.686 0.010
4682.83322 16.920 0.013
4684.87125 16.727 0.011
4686.83118 16.907 0.010
4688.84741 16.688 0.010
4690.77276 16.865 0.012
4691.77606 16.747 0.012
4694.82237 16.821 0.015
4699.78772 16.674 0.011
4700.82161 16.925 0.013
4701.82929 16.891 0.013
4703.78851 16.777 0.012
4704.80720 16.929 0.012
4705.81480 16.894 0.014
4707.83221 16.892 0.011
4709.76302 16.788 0.011
4715.77158 16.920 0.013
4717.72617 16.717 0.011
4720.70507 16.775 0.012
4722.72029 16.920 0.012
4725.72547 16.825 0.013
4730.71605 16.885 0.010
4730.77879 16.898 0.010
4733.75099 16.918 0.012
4740.69352 16.915 0.012
4743.69026 16.688 0.010
4748.67901 16.901 0.012
4750.71187 16.685 0.012
4754.63743 16.730 0.013
4755.61317 16.925 0.013
4756.64702 16.839 0.013
4758.62723 16.916 0.012
4760.61389 16.817 0.012
4762.60368 16.916 0.013
4767.63932 16.855 0.012
4770.68757 16.913 0.014
4772.62495 16.666 0.011
4774.60045 16.874 0.013
4776.57224 16.812 0.013
4778.57359 16.863 0.012
4780.57085 16.929 0.014
4782.54374 16.791 0.013
4783.60535 16.673 0.012
4789.57147 16.837 0.011
4791.55302 16.950 0.013
4793.56040 16.773 0.013
4795.57328 16.924 0.012
4797.56545 16.754 0.013
4798.62869 16.688 0.011
4801.52992 16.691 0.010
4802.61738 16.868 0.013
4803.58930 16.886 0.011
4805.52429 16.701 0.014
4807.55105 16.844 0.014
4809.57623 16.746 0.011
4811.59810 16.847 0.013
4814.55597 16.909 0.013
4816.55810 16.665 0.010
4818.57208 16.855 0.013
4820.55011 16.773 0.013
4822.60684 16.858 0.012
4824.59168 16.864 0.013
4831.56332 16.724 0.011
4833.59116 16.866 0.012
4835.61391 16.831 0.013
4839.61694 16.940 0.014
4842.58359 16.678 0.013
4844.59410 16.841 0.013
4847.64829 16.888 0.018
4849.60826 16.701 0.011
4853.60555 16.665 0.011
4855.61876 16.857 0.014
4862.59258 16.886 0.012
4868.57477 16.823 0.012
4869.53688 16.900 0.015
