2104.88382 14.206 0.005
2112.92411 14.228 0.005
2115.90016 14.317 0.005
2116.92802 14.425 0.005
2117.89107 14.491 0.005
2123.88200 14.265 0.005
2128.88191 14.264 0.005
2130.82071 14.221 0.005
2131.81371 14.234 0.005
2132.85845 14.283 0.005
2133.87095 14.349 0.005
2134.86408 14.437 0.005
2135.90143 14.483 0.005
2136.90475 14.387 0.005
2140.86748 14.238 0.005
2141.77773 14.277 0.005
2142.87730 14.356 0.005
2143.88635 14.458 0.005
2144.80196 14.482 0.005
2156.72804 14.236 0.005
2160.80728 14.395 0.005
2162.81760 14.454 0.005
2166.80841 14.206 0.005
2167.74168 14.261 0.005
2168.76625 14.316 0.005
2172.81714 14.291 0.005
2173.76054 14.201 0.005
2174.74428 14.221 0.005
2177.69240 14.317 0.005
2184.75372 14.224 0.005
2187.66201 14.419 0.005
2190.74372 14.239 0.005
2191.64784 14.204 0.005
2192.71142 14.211 0.005
2193.73862 14.234 0.005
2194.70346 14.277 0.005
2200.71786 14.224 0.005
2203.60610 14.288 0.005
2206.65584 14.483 0.005
2208.69991 14.206 0.005
2211.70786 14.251 0.005
2212.69442 14.294 0.005
2214.69448 14.471 0.005
2215.73046 14.471 0.005
2217.68960 14.198 0.005
2219.72660 14.214 0.005
2222.77589 14.414 0.005
2223.68096 14.483 0.005
2227.53930 14.240 0.005
2228.60689 14.209 0.005
2230.54499 14.306 0.005
2232.55797 14.486 0.005
2234.60004 14.291 0.005
2236.58926 14.226 0.005
2239.53680 14.323 0.005
2241.58160 14.490 0.005
2243.61995 14.265 0.005
2249.57997 14.432 0.005
2251.63010 14.370 0.005
2254.58388 14.217 0.005
2256.60122 14.286 0.005
2259.62207 14.482 0.005
2262.62855 14.235 0.005
2266.62045 14.368 0.005
2271.59537 14.224 0.005
2273.59460 14.264 0.005
2276.58931 14.466 0.005
2280.58323 14.230 0.005
2285.57920 14.487 0.005
2289.61504 14.224 0.005
2291.62032 14.264 0.005
2293.60998 14.426 0.005
2295.60669 14.397 0.005
2297.61125 14.212 0.005
2299.60590 14.221 0.005
2301.59743 14.351 0.005
2453.89165 14.471 0.005
2460.93831 14.390 0.005
2464.89565 14.209 0.005
2466.88913 14.213 0.005
2468.88339 14.314 0.005
2470.87435 14.478 0.005
2472.89448 14.286 0.005
2481.87993 14.256 0.005
2483.94138 14.217 0.005
2486.94209 14.351 0.005
2489.82411 14.382 0.005
2490.82035 14.252 0.005
2496.80404 14.440 0.005
2497.82634 14.483 0.005
2498.82670 14.364 0.005
2499.91168 14.219 0.005
2500.92005 14.224 0.005
2501.90658 14.200 0.005
2502.88682 14.246 0.005
2508.79741 14.207 0.005
2516.82978 14.314 0.005
2517.87682 14.205 0.005
2518.85105 14.227 0.005
2519.80234 14.201 0.005
2520.84450 14.262 0.005
2521.79510 14.304 0.005
2524.79803 14.438 0.005
2526.83001 14.204 0.005
2529.78850 14.267 0.005
2535.74811 14.209 0.005
2537.75462 14.229 0.005
2539.74341 14.334 0.005
2540.79528 14.432 0.005
2541.75543 14.484 0.005
2542.72506 14.397 0.005
2544.71435 14.217 0.005
2545.72948 14.220 0.005
2547.73671 14.279 0.005
2548.76397 14.355 0.005
2550.75911 14.486 0.005
2551.74621 14.374 0.005
2552.76160 14.223 0.005
2553.70238 14.228 0.005
2554.75472 14.211 0.005
2555.76271 14.242 0.005
2556.74195 14.280 0.005
2557.75427 14.365 0.005
2558.71082 14.452 0.005
2559.66775 14.474 0.005
2560.70086 14.355 0.005
2561.74643 14.220 0.005
2562.71906 14.227 0.005
2563.72711 14.207 0.005
2564.74352 14.255 0.005
2565.73134 14.293 0.005
2566.71029 14.371 0.005
2571.70566 14.232 0.005
2572.76603 14.209 0.005
2573.70419 14.259 0.005
2574.68392 14.302 0.005
2576.72837 14.483 0.005
2577.68661 14.450 0.005
2578.67166 14.309 0.005
2579.68183 14.204 0.005
2580.69011 14.234 0.005
2583.66634 14.315 0.005
2584.66864 14.397 0.005
2587.66101 14.290 0.005
2588.67293 14.209 0.005
2589.66602 14.230 0.005
2590.67387 14.223 0.005
2591.70163 14.277 0.005
2593.65845 14.429 0.005
2594.66496 14.488 0.005
2596.63764 14.257 0.005
2597.62650 14.206 0.005
2598.70522 14.217 0.005
2599.66577 14.234 0.005
2608.56643 14.243 0.005
2610.60304 14.364 0.005
2613.59437 14.372 0.005
2615.63004 14.238 0.005
2620.60038 14.458 0.005
2622.54817 14.350 0.005
2625.60159 14.210 0.005
2629.53440 14.482 0.005
2632.57245 14.198 0.005
2636.56891 14.319 0.005
2639.56816 14.436 0.005
2643.54114 14.217 0.005
2649.55362 14.256 0.005
2651.59147 14.223 0.005
2655.54428 14.436 0.005
2658.55611 14.225 0.005
2661.56868 14.233 0.005
2665.53569 14.476 0.005
2669.56184 14.219 0.005
2674.54594 14.473 0.005
2676.56678 14.200 0.005
2680.53723 14.302 0.005
2683.56849 14.451 0.005
2804.84638 14.377 0.005
2805.90279 14.467 0.005
2812.91931 14.304 0.005
2815.92960 14.457 0.005
2818.94217 14.227 0.005
2829.87623 14.270 0.005
2831.87664 14.423 0.005
2832.81975 14.496 0.005
2833.91834 14.413 0.005
2835.90708 14.213 0.005
2840.89617 14.442 0.005
2843.88220 14.243 0.005
2844.92349 14.225 0.005
2849.90819 14.451 0.005
2850.93973 14.479 0.005
2852.86837 14.221 0.005
2854.87970 14.207 0.005
2857.88699 14.371 0.005
2859.87430 14.474 0.005
2860.92667 14.333 0.005
2861.79839 14.219 0.005
2862.88447 14.233 0.005
2863.88637 14.204 0.005
2865.80884 14.301 0.005
2867.79827 14.477 0.005
2868.83890 14.459 0.005
2869.85247 14.327 0.005
2870.86700 14.205 0.005
2872.79106 14.211 0.005
2875.85823 14.409 0.005
2876.88423 14.504 0.005
2877.85662 14.438 0.005
2879.82138 14.202 0.005
2884.77146 14.423 0.005
2886.78424 14.432 0.005
2890.74737 14.227 0.005
2893.79475 14.434 0.005
2895.80557 14.390 0.005
2897.75318 14.222 0.005
2899.78543 14.237 0.005
2903.80417 14.491 0.005
2906.75290 14.232 0.005
2908.72993 14.251 0.005
2910.72483 14.363 0.005
2912.73074 14.491 0.005
2916.74340 14.216 0.005
2918.72044 14.303 0.005
2922.72297 14.336 0.005
2924.71930 14.231 0.005
2926.65498 14.262 0.005
2929.71634 14.483 0.005
2931.69373 14.316 0.005
2933.70441 14.231 0.005
2935.66734 14.273 0.005
2937.69242 14.421 0.005
2939.67065 14.437 0.005
2940.68492 14.289 0.005
2941.66065 14.220 0.005
2942.68822 14.228 0.005
2943.65694 14.222 0.005
2944.64071 14.275 0.005
2946.63929 14.418 0.005
2947.66724 14.495 0.005
2949.64814 14.265 0.005
2950.59964 14.217 0.005
2951.68052 14.227 0.005
2953.62840 14.280 0.005
2955.61329 14.447 0.005
2957.62701 14.394 0.005
2965.68390 14.489 0.005
2968.64642 14.230 0.005
2971.65421 14.293 0.005
2973.64271 14.473 0.005
2975.53951 14.360 0.005
2977.63517 14.236 0.005
2979.61545 14.261 0.005
2982.57005 14.489 0.005
2984.60125 14.328 0.005
2986.61138 14.238 0.005
2988.58383 14.268 0.005
2990.60265 14.411 0.005
2993.60544 14.301 0.005
2997.55323 14.279 0.005
3000.60872 14.497 0.005
3003.58422 14.215 0.005
3006.57380 14.273 0.005
3009.56719 14.492 0.005
3013.57380 14.221 0.005
3017.56825 14.457 0.005
3020.54342 14.233 0.005
3022.57087 14.216 0.005
3024.57009 14.298 0.005
3026.54010 14.467 0.005
3028.54101 14.345 0.005
3030.54413 14.238 0.005
3032.56207 14.275 0.005
3034.56163 14.399 0.005
3038.55244 14.208 0.005
3179.94374 14.220 0.005
3184.90755 14.427 0.005
3193.93060 14.433 0.005
3196.90265 14.245 0.005
3202.89512 14.456 0.005
3203.93500 14.495 0.005
3206.87789 14.237 0.005
3210.94437 14.376 0.005
3211.86049 14.470 0.005
3216.78019 14.213 0.005
3217.83005 14.270 0.005
3224.82701 14.241 0.005
3228.80485 14.416 0.005
3230.77834 14.461 0.005
3238.80942 14.502 0.005
3239.84852 14.421 0.005
3242.77830 14.226 0.005
3243.90145 14.230 0.005
3244.88015 14.289 0.005
3245.82764 14.346 0.005
3246.82451 14.436 0.005
3247.82876 14.500 0.005
3249.78219 14.257 0.005
3251.79474 14.226 0.005
3254.78087 14.363 0.005
3257.80796 14.379 0.005
3261.75383 14.257 0.005
3263.75081 14.373 0.005
3265.83071 14.497 0.005
3267.75886 14.221 0.005
3270.71256 14.267 0.005
3271.71524 14.306 0.005
3273.67377 14.475 0.005
3275.66855 14.363 0.005
3276.76257 14.217 0.005
3277.80143 14.239 0.005
3279.73297 14.281 0.005
3281.69877 14.398 0.005
3283.69319 14.471 0.005
3287.65949 14.230 0.005
3289.67432 14.329 0.005
3291.61706 14.509 0.005
3294.62925 14.230 0.005
3298.60344 14.340 0.005
3300.60601 14.492 0.005
3302.58706 14.286 0.005
3305.68305 14.237 0.005
3307.59958 14.353 0.005
3309.62035 14.502 0.005
3311.57587 14.256 0.005
3314.61955 14.247 0.005
3320.65284 14.216 0.005
3323.60523 14.257 0.005
3327.63334 14.488 0.005
3330.60463 14.234 0.005
3335.64924 14.457 0.005
3338.55607 14.222 0.005
3350.56743 14.284 0.005
3357.60617 14.229 0.005
3361.60799 14.447 0.005
3363.61027 14.387 0.005
3369.58722 14.363 0.005
3376.57922 14.256 0.005
3380.56557 14.480 0.005
3386.61245 14.314 0.005
3395.56448 14.319 0.005
3399.59304 14.300 0.005
3402.60522 14.218 0.005
3543.92130 14.221 0.005
3551.94391 14.219 0.005
3558.92583 14.226 0.005
3562.91657 14.296 0.005
3568.90808 14.232 0.005
3570.86974 14.250 0.005
3571.85622 14.309 0.005
3573.90160 14.483 0.005
3575.86140 14.328 0.005
3577.91797 14.228 0.005
3579.85885 14.264 0.005
3581.92779 14.404 0.005
3582.88018 14.488 0.005
3583.89929 14.435 0.005
3586.88952 14.221 0.005
3588.88770 14.275 0.005
3590.84629 14.410 0.005
3592.80658 14.419 0.005
3594.84739 14.215 0.005
3600.93639 14.493 0.005
3603.75947 14.218 0.005
3608.81609 14.443 0.005
3614.84788 14.253 0.005
3615.85271 14.288 0.005
3618.83234 14.478 0.005
3620.85880 14.216 0.005
3622.81282 14.208 0.005
3625.75877 14.382 0.005
3628.78031 14.330 0.005
3630.69576 14.227 0.005
3632.67293 14.266 0.005
3634.70787 14.387 0.005
3637.70867 14.319 0.005
3640.67497 14.208 0.005
3644.70947 14.488 0.005
3650.74279 14.276 0.005
3652.68423 14.421 0.005
3654.66004 14.411 0.005
3656.71326 14.223 0.005
3657.74140 14.223 0.005
3658.71494 14.241 0.005
3659.69933 14.293 0.005
3660.70498 14.350 0.005
3663.69577 14.381 0.005
3665.72403 14.233 0.005
3668.65256 14.289 0.005
3668.67511 14.294 0.005
3670.66374 14.453 0.005
3672.59645 14.378 0.005
3674.75578 14.242 0.005
3676.64205 14.257 0.005
3682.61869 14.207 0.005
3684.63603 14.199 0.005
3686.60172 14.305 0.005
3688.57470 14.464 0.005
3690.58841 14.331 0.005
3693.58553 14.219 0.005
3695.58110 14.305 0.005
3698.56251 14.459 0.005
3701.60525 14.239 0.005
3703.61587 14.272 0.005
3705.58809 14.413 0.005
3707.58855 14.417 0.005
3712.60348 14.277 0.005
3715.56172 14.495 0.005
3719.64070 14.224 0.005
3722.58765 14.361 0.005
3725.66774 14.361 0.005
3730.57094 14.284 0.005
3735.57361 14.215 0.005
3739.57329 14.297 0.005
3743.54899 14.331 0.005
3748.55288 14.314 0.005
3753.55059 14.222 0.005
3758.57250 14.426 0.005
3762.57905 14.217 0.005
3768.53906 14.492 0.005
3773.53590 14.240 0.005
3777.56184 14.480 0.005
3871.93233 14.299 0.005
3902.94910 14.254 0.005
3907.94409 14.373 0.005
3915.91991 14.294 0.005
3918.93915 14.477 0.005
3933.82684 14.312 0.005
3934.90879 14.392 0.005
3936.91703 14.446 0.005
3938.90122 14.216 0.005
3945.87096 14.421 0.005
3950.85263 14.274 0.005
3957.80826 14.225 0.005
3959.80670 14.280 0.005
3961.79292 14.449 0.005
3964.80004 14.242 0.005
3966.79227 14.216 0.005
3968.78581 14.293 0.005
3970.77745 14.466 0.005
3973.74840 14.236 0.005
3975.76169 14.217 0.005
3980.69421 14.485 0.005
3981.69408 14.362 0.005
3982.75842 14.218 0.005
3986.73558 14.317 0.005
3989.83266 14.457 0.005
3991.77385 14.218 0.005
3994.67487 14.271 0.005
4001.67456 14.237 0.005
4003.64622 14.285 0.005
4004.73478 14.333 0.005
4005.72004 14.424 0.005
4007.61324 14.427 0.005
4008.62231 14.285 0.005
4011.67270 14.231 0.005
4014.67066 14.446 0.005
4016.65192 14.387 0.005
4018.64827 14.233 0.005
4020.68719 14.248 0.005
4023.63765 14.447 0.005
4025.63800 14.367 0.005
4027.62616 14.230 0.005
4029.60835 14.250 0.005
4031.59536 14.370 0.005
4036.63074 14.233 0.005
4038.58507 14.262 0.005
4040.56505 14.381 0.005
4042.63442 14.474 0.005
4045.51567 14.252 0.005
4047.58849 14.266 0.005
4049.56108 14.404 0.005
4051.61067 14.459 0.005
4053.62164 14.201 0.005
4055.55084 14.224 0.005
4057.58993 14.338 0.005
4059.62449 14.485 0.005
4063.61588 14.227 0.005
4066.53078 14.341 0.005
4068.59813 14.486 0.005
4071.53928 14.222 0.005
4074.57446 14.281 0.005
4077.62720 14.498 0.005
4079.57429 14.231 0.005
4083.58178 14.283 0.005
4087.60371 14.346 0.005
4095.56759 14.467 0.005
4095.60464 14.457 0.005
4098.58666 14.243 0.005
4102.55883 14.415 0.005
4107.56295 14.227 0.005
4112.56341 14.491 0.005
4119.55301 14.346 0.005
4122.57931 14.384 0.005
4128.57947 14.354 0.005
4253.90273 14.488 0.005
4255.92136 14.251 0.005
4258.93792 14.236 0.005
4273.92421 14.224 0.005
4279.77736 14.473 0.005
4282.75065 14.217 0.005
4282.91494 14.217 0.005
4283.84168 14.238 0.005
4284.90947 14.210 0.005
4289.88053 14.457 0.005
4292.91381 14.229 0.005
4295.90771 14.325 0.005
4296.94199 14.414 0.005
4298.86099 14.432 0.005
4299.90450 14.270 0.005
4300.92634 14.210 0.005
4301.94513 14.228 0.005
4303.83587 14.274 0.005
4307.73287 14.423 0.005
4308.70666 14.285 0.005
4308.91450 14.247 0.005
4310.88656 14.217 0.005
4311.88807 14.238 0.005
4314.81705 14.443 0.005
4316.87672 14.365 0.005
4320.86039 14.250 0.005
4326.88477 14.214 0.005
4327.90846 14.232 0.005
4328.87847 14.212 0.005
4329.87771 14.250 0.005
4330.90911 14.305 0.005
4332.92535 14.475 0.005
4334.91864 14.322 0.005
4339.87336 14.311 0.005
4340.82559 14.394 0.005
4341.81846 14.484 0.005
4342.89271 14.441 0.005
4343.81199 14.311 0.005
4344.79418 14.209 0.005
4346.77046 14.215 0.005
4348.75617 14.308 0.005
4350.73296 14.488 0.005
4353.69107 14.214 0.005
4355.74963 14.219 0.005
4358.69297 14.416 0.005
4362.70054 14.219 0.005
4365.67453 14.273 0.005
4369.73132 14.385 0.005
4371.69829 14.227 0.005
4376.70165 14.447 0.005
4378.66837 14.367 0.005
4379.69964 14.227 0.005
4381.65885 14.218 0.005
4383.68731 14.287 0.005
4386.71192 14.478 0.005
4388.71222 14.218 0.005
4390.72115 14.203 0.005
4394.60877 14.472 0.005
4396.69218 14.325 0.005
4398.69529 14.231 0.005
4402.68034 14.397 0.005
4404.69679 14.443 0.005
4407.70531 14.227 0.005
4409.72091 14.276 0.005
4411.71601 14.434 0.005
4415.71987 14.224 0.005
4417.66987 14.227 0.005
4420.65630 14.437 0.005
4422.68835 14.391 0.005
4424.68542 14.228 0.005
4427.57117 14.274 0.005
4429.61426 14.450 0.005
4431.60139 14.369 0.005
4433.60727 14.225 0.005
4435.59564 14.246 0.005
4438.65570 14.459 0.005
4440.62522 14.359 0.005
4442.58669 14.222 0.005
4444.61139 14.265 0.005
4452.62163 14.211 0.005
4454.64183 14.309 0.005
4455.58391 14.400 0.005
4457.59280 14.455 0.005
4460.54722 14.232 0.005
4463.61077 14.324 0.005
4467.59359 14.284 0.005
4470.59299 14.227 0.005
4474.63956 14.488 0.005
4476.61789 14.241 0.005
4481.62561 14.360 0.005
4483.64425 14.488 0.005
4485.62573 14.220 0.005
4488.62635 14.248 0.005
4492.61661 14.470 0.005
4643.93028 14.311 0.005
4655.91242 14.235 0.005
4661.92618 14.257 0.005
4662.84975 14.228 0.005
4662.94763 14.224 0.005
4663.79849 14.232 0.005
4665.87164 14.280 0.005
4671.85001 14.231 0.005
4677.86938 14.491 0.005
4682.84380 14.261 0.005
4684.88180 14.385 0.005
4686.84176 14.467 0.005
4688.85799 14.219 0.005
4690.78329 14.214 0.005
4691.78664 14.258 0.005
4694.83291 14.489 0.005
4697.77724 14.218 0.005
4699.79826 14.212 0.005
4700.83216 14.277 0.005
4701.83984 14.329 0.005
4703.79905 14.486 0.005
4704.81774 14.433 0.005
4705.82536 14.298 0.005
4707.84278 14.231 0.005
4709.77357 14.282 0.005
4715.78214 14.230 0.005
4717.73675 14.223 0.005
4720.71561 14.446 0.005
4722.73084 14.393 0.005
4725.73603 14.220 0.005
4730.72660 14.490 0.005
4730.78929 14.485 0.005
4733.76151 14.234 0.005
4740.70409 14.353 0.005
4743.70079 14.213 0.005
4748.68956 14.471 0.005
4750.72240 14.214 0.005
4754.64798 14.309 0.005
4756.65754 14.486 0.005
4758.63777 14.322 0.005
4760.62444 14.233 0.005
4762.61425 14.269 0.005
4767.64985 14.279 0.005
4770.69813 14.235 0.005
4772.63547 14.337 0.005
4774.61097 14.487 0.005
4776.58276 14.254 0.005
4778.58413 14.217 0.005
4780.58136 14.279 0.005
4782.55428 14.430 0.005
4783.61588 14.477 0.005
4786.53618 14.231 0.005
4789.58202 14.287 0.005
4791.56360 14.450 0.005
4793.57093 14.359 0.005
4795.58381 14.228 0.005
4797.57599 14.262 0.005
4798.63921 14.297 0.005
4801.54047 14.479 0.005
4802.62794 14.324 0.005
4803.59985 14.207 0.005
4805.53487 14.219 0.005
4807.56162 14.306 0.005
4809.58676 14.489 0.005
4811.60867 14.303 0.005
4814.56649 14.211 0.005
4816.56870 14.328 0.005
4818.58264 14.482 0.005
4820.56064 14.282 0.005
4822.61745 14.224 0.005
4824.60229 14.282 0.005
4831.57389 14.230 0.005
4833.60179 14.276 0.005
4835.62453 14.458 0.005
4839.62755 14.226 0.005
4842.59421 14.287 0.005
4844.60467 14.472 0.005
4849.61890 14.213 0.005
4853.61617 14.478 0.005
4855.62942 14.321 0.005
4862.60323 14.487 0.005
4868.58537 14.266 0.005
