 627.84911 16.546 0.010
 628.89020 17.025 0.012
 629.88800 16.683 0.011
 631.91895 16.795 0.011
 632.85946 17.066 0.014
 633.89488 16.840 0.011
 635.88975 16.895 0.011
 643.85876 17.050 0.013
 645.83048 17.091 0.014
 647.78819 17.127 0.019
 649.78560 17.067 0.016
 652.83280 17.027 0.013
 656.84595 17.061 0.012
 657.81821 16.837 0.012
 658.85851 17.144 0.017
 663.76477 16.992 0.015
 664.86969 16.661 0.009
 665.81698 17.039 0.009
 666.82753 16.746 0.010
 667.84676 17.064 0.011
 668.81757 16.802 0.008
 670.78316 16.841 0.012
 671.80520 17.158 0.011
 672.81075 16.933 0.009
 673.77812 16.945 0.011
 684.73851 17.177 0.013
 685.79337 16.970 0.011
 686.69463 16.886 0.014
 687.77598 17.000 0.011
 688.71803 16.585 0.008
 689.74517 17.031 0.010
 697.71130 17.025 0.012
 698.78241 16.998 0.011
 699.68145 16.561 0.008
 700.72222 17.015 0.011
 701.69446 16.648 0.010
 704.72243 17.060 0.013
 706.68809 17.116 0.016
 707.72566 16.906 0.013
 708.74980 17.060 0.013
 712.75035 16.655 0.009
 713.73172 17.041 0.010
 714.74670 16.747 0.009
 715.71226 17.065 0.013
 716.68034 16.776 0.009
 726.66295 17.045 0.012
 728.67366 17.041 0.012
 729.67580 16.840 0.011
 730.66017 17.114 0.012
 733.62666 16.917 0.013
 739.64662 17.043 0.013
 741.61242 17.080 0.010
 742.58867 16.837 0.011
 744.63579 16.926 0.011
 745.58672 17.100 0.013
 746.77753 17.017 0.012
 747.64800 16.547 0.009
 748.60973 17.012 0.012
 749.61511 16.653 0.011
 750.60896 17.051 0.014
 751.61736 16.748 0.011
 752.73178 17.104 0.013
 753.66742 16.846 0.012
 759.62526 17.004 0.011
 760.65093 16.643 0.009
 761.62698 17.041 0.012
 761.73224 17.032 0.015
 762.61836 16.735 0.012
 762.64792 16.749 0.011
 763.63458 17.039 0.012
 763.74532 17.080 0.014
 764.72128 16.838 0.015
 765.56665 17.077 0.018
 766.60409 16.860 0.014
 766.70698 16.904 0.014
 767.61163 17.163 0.018
 767.67325 17.143 0.019
 767.77387 16.866 0.016
 769.59446 16.936 0.013
 769.66817 16.653 0.010
 770.60059 16.974 0.012
 771.63366 16.576 0.009
 772.59551 17.026 0.013
 773.60060 16.667 0.009
 773.75282 16.775 0.013
 774.59361 17.035 0.012
 775.55151 16.741 0.010
 776.63241 17.096 0.013
 777.60668 16.851 0.010
 778.61007 17.150 0.015
 779.63695 16.897 0.011
 779.74727 16.945 0.012
 780.63682 16.977 0.013
 781.55115 16.957 0.011
 781.72949 17.003 0.013
 782.61454 16.528 0.010
 782.74051 16.630 0.011
 783.53370 16.984 0.011
 784.57563 16.607 0.009
 785.60250 17.020 0.012
 785.74807 17.052 0.012
 786.60617 16.747 0.009
 787.68661 17.069 0.012
 788.61945 16.828 0.012
 788.64499 16.846 0.011
 790.56814 16.872 0.012
 792.54610 16.915 0.012
 795.61079 16.597 0.010
 796.53968 16.994 0.016
 796.72506 17.023 0.016
 797.69984 16.775 0.010
 798.56249 17.044 0.012
 799.70044 16.826 0.011
 800.61542 17.096 0.012
 802.67548 17.138 0.017
 805.60280 16.992 0.015
 806.61299 16.567 0.011
 808.54440 16.649 0.012
 816.67539 16.994 0.012
 817.58547 16.617 0.009
 819.54827 16.583 0.010
 820.62457 17.045 0.013
 822.54514 17.024 0.015
 824.57093 17.082 0.016
 825.64406 16.884 0.013
 828.60423 16.770 0.009
 829.57082 16.978 0.012
 832.57773 16.694 0.010
 833.59760 17.093 0.014
 834.56720 16.775 0.012
 836.54533 16.815 0.012
 838.57830 16.909 0.013
 840.58806 16.958 0.013
 845.53978 16.742 0.011
 850.56292 17.158 0.015
 855.56793 17.031 0.016
 859.55573 17.077 0.014
 866.52030 17.004 0.014
 962.92415 17.198 0.015
 966.92364 16.575 0.009
 970.90004 16.781 0.011
 976.88068 16.924 0.014
 986.83503 17.157 0.016
 987.84867 16.921 0.012
 991.91669 17.033 0.011
 996.92061 16.873 0.011
 998.89172 16.909 0.012
1004.79030 17.032 0.014
1006.81891 17.071 0.016
1020.88837 16.880 0.012
1025.92616 16.622 0.010
1035.74109 16.911 0.012
1037.77029 16.985 0.012
1041.77846 17.016 0.011
1045.74017 17.119 0.013
1048.72135 16.939 0.012
1052.76422 17.033 0.012
1055.63751 16.772 0.011
1058.84947 16.988 0.015
1059.76745 16.945 0.014
1061.72023 16.973 0.013
1064.80412 16.748 0.012
1068.70552 16.840 0.011
1072.68565 16.967 0.010
1076.66345 17.000 0.011
1078.67400 17.087 0.012
1081.68655 16.882 0.010
1084.62472 17.040 0.011
1087.64462 17.008 0.011
1090.70101 16.792 0.011
1092.73311 16.858 0.012
1094.63980 16.881 0.011
1102.60997 17.053 0.011
1106.70482 17.135 0.010
1110.62393 16.583 0.012
1116.58241 16.823 0.010
1120.57099 16.974 0.013
1126.64633 17.053 0.012
1129.54479 16.853 0.012
1132.52785 17.032 0.014
1135.57791 17.026 0.012
1138.62760 16.784 0.010
1140.60503 16.870 0.010
1144.66258 16.982 0.013
1151.54217 16.831 0.011
1155.54379 16.941 0.011
1159.53924 17.050 0.014
1162.57164 16.808 0.009
1164.68520 16.885 0.012
1170.54362 16.996 0.011
1178.65366 16.821 0.011
1182.66557 16.703 0.010
1183.70392 17.054 0.014
1185.68706 17.110 0.013
1188.68641 16.936 0.013
1191.57015 16.749 0.012
1202.58524 16.906 0.014
1205.53668 17.023 0.013
1217.56778 16.624 0.010
1220.57025 17.032 0.014
1229.52298 17.013 0.016
1238.51927 16.982 0.020
1327.90352 16.804 0.017
1330.82021 16.995 0.015
1335.87196 16.820 0.015
1340.89146 16.545 0.010
1348.92751 16.902 0.012
1354.90111 17.037 0.014
1360.92084 17.155 0.016
1365.91704 17.027 0.016
1367.84055 17.036 0.016
1374.91260 16.966 0.013
1394.84878 16.844 0.013
1395.88026 17.149 0.014
1397.80197 17.167 0.015
1401.82900 16.627 0.010
1402.91389 17.047 0.013
1407.83697 16.875 0.012
1412.73227 16.533 0.010
1417.89061 17.088 0.013
1430.72323 17.071 0.016
1432.73392 17.163 0.012
1435.69037 16.959 0.014
1439.65678 17.021 0.013
1442.66046 16.803 0.011
1447.73568 16.541 0.012
1451.67189 16.704 0.010
1455.69161 16.864 0.012
1460.73234 16.576 0.010
1462.63796 16.632 0.011
1470.64418 16.930 0.012
1471.77099 16.563 0.010
1472.63140 16.986 0.013
1475.63714 16.708 0.011
1477.56621 16.726 0.013
1481.58398 16.903 0.013
1484.63287 16.528 0.009
1487.62801 17.040 0.012
1490.66674 16.851 0.012
1492.56640 16.870 0.014
1495.52319 16.981 0.014
1499.55183 16.687 0.013
1502.54996 17.069 0.016
1505.61651 16.930 0.015
1508.55187 16.533 0.009
1509.52816 16.999 0.013
1512.63004 16.782 0.013
1515.60468 17.144 0.014
1517.60815 17.084 0.014
1520.59540 17.008 0.013
1524.54311 17.044 0.015
1526.58325 17.094 0.012
1531.63481 17.004 0.015
1543.59229 16.537 0.010
1546.60713 17.041 0.012
1551.56890 16.880 0.012
1555.60243 17.007 0.013
1562.58101 16.872 0.013
1569.56013 16.675 0.010
1575.58595 16.916 0.011
1580.56097 16.663 0.010
1583.56364 17.061 0.012
1587.54343 17.166 0.015
1597.52891 16.858 0.015
1603.53702 17.020 0.014
1608.51274 16.828 0.014
1701.89454 17.008 0.013
1703.89768 16.516 0.010
1705.90317 16.682 0.011
1716.86358 16.588 0.011
1717.87394 17.031 0.014
1718.85995 16.740 0.016
1729.90961 16.701 0.009
1732.87939 17.086 0.015
1740.83046 16.608 0.010
1742.87823 16.759 0.011
1744.84733 16.819 0.012
1745.87158 17.109 0.012
1749.85201 16.813 0.009
1750.82396 16.982 0.013
1751.83577 16.557 0.008
1752.79713 17.008 0.013
1753.79816 16.647 0.010
1754.82486 17.055 0.014
1755.79022 16.738 0.013
1756.81969 17.031 0.019
1757.76887 16.807 0.013
1758.77338 17.141 0.013
1759.81773 16.899 0.011
1761.79875 16.972 0.013
1762.78516 16.654 0.012
1763.78817 17.005 0.013
1764.78065 16.601 0.008
1765.77516 17.018 0.012
1766.71619 16.669 0.013
1768.79527 16.779 0.012
1769.70465 17.066 0.014
1771.82073 17.180 0.020
1772.76311 16.894 0.011
1773.73041 17.056 0.014
1776.75321 16.988 0.011
1784.72987 17.155 0.014
1788.79536 16.655 0.009
1803.75567 16.801 0.011
1806.74982 17.146 0.014
1808.81943 16.782 0.013
1811.74781 17.016 0.010
1814.79465 16.767 0.009
1817.76031 17.141 0.011
1822.63776 16.969 0.012
1826.78885 17.047 0.013
1829.73110 16.849 0.012
1846.77910 17.020 0.014
1850.73589 17.033 0.015
1854.79193 17.103 0.011
1858.71581 16.564 0.010
1862.71469 16.774 0.010
1867.73912 16.941 0.014
1871.74568 16.687 0.009
2090.90645 16.617 0.012
2105.90431 16.779 0.011
2106.86900 17.058 0.015
2113.84931 16.986 0.013
2116.85251 16.711 0.010
2123.79926 17.045 0.013
2127.81422 16.680 0.014
2128.80717 17.046 0.015
2129.83914 16.759 0.010
2130.86372 17.058 0.013
2131.85700 16.843 0.013
2133.87603 16.908 0.016
2134.79108 17.175 0.017
2135.82375 17.012 0.012
2136.84410 16.527 0.010
2137.79775 17.004 0.013
2140.79271 16.706 0.011
2141.82752 17.060 0.017
2142.76949 16.774 0.010
2143.80029 17.092 0.013
2144.84635 16.849 0.011
2155.86014 16.869 0.016
2156.80676 17.122 0.015
2160.73173 16.802 0.012
2162.74263 16.605 0.009
2166.73725 16.775 0.010
2167.78340 17.102 0.013
2171.72201 16.998 0.011
2172.72763 16.970 0.012
2173.70817 16.523 0.009
2177.59917 16.687 0.013
2184.68234 16.794 0.013
2185.64629 16.969 0.013
2187.70370 17.038 0.016
2188.66169 16.686 0.013
2190.67272 16.789 0.010
2191.68098 17.075 0.014
2192.64577 16.827 0.010
2193.66687 17.150 0.012
2194.63500 16.901 0.011
2195.70179 16.895 0.009
2200.61254 17.043 0.014
2201.64961 16.761 0.010
2203.70608 16.833 0.009
2211.62361 17.025 0.014
2212.62461 16.701 0.011
2213.63301 17.039 0.015
2214.61722 16.789 0.013
2215.63166 17.075 0.014
2217.61865 17.174 0.018
2219.66111 16.911 0.013
2222.62968 17.036 0.016
2224.69634 17.040 0.012
2226.61688 17.042 0.015
2228.54117 17.071 0.017
2229.59938 16.877 0.013
2231.55103 16.922 0.014
2233.59528 16.991 0.012
2235.64129 17.027 0.011
2238.52990 16.757 0.013
2240.63375 16.843 0.011
2242.60155 16.908 0.013
2244.61975 16.964 0.013
2248.58257 17.055 0.011
2250.54997 17.075 0.015
2252.60744 17.146 0.015
2255.58555 16.938 0.012
2257.60724 16.984 0.012
2262.59787 16.830 0.011
2266.58731 16.931 0.013
2272.56490 17.060 0.013
2274.55052 17.061 0.014
2277.58557 16.897 0.011
2283.58242 17.063 0.014
2290.57714 16.957 0.012
2292.58769 17.003 0.014
2294.59085 17.013 0.014
2298.56767 17.120 0.018
2300.56644 17.208 0.018
2303.54996 16.990 0.017
2445.89193 17.063 0.017
2458.93304 17.142 0.016
2463.89667 16.979 0.013
2465.90934 17.025 0.012
2467.88219 17.040 0.014
2469.88184 17.087 0.013
2470.91616 16.846 0.010
2471.92738 17.162 0.015
2473.86735 17.076 0.013
2483.83976 16.867 0.011
2486.85724 16.789 0.014
2489.90382 17.023 0.014
2492.88488 16.782 0.013
2496.88449 16.935 0.012
2497.90793 16.776 0.011
2498.91078 16.985 0.011
2499.84089 16.535 0.010
2500.84534 17.016 0.012
2501.83527 16.651 0.009
2502.81508 17.063 0.014
2503.83059 16.747 0.010
2516.75779 16.757 0.013
2517.80457 17.091 0.013
2518.77555 16.836 0.011
2519.85437 17.181 0.013
2520.77256 16.889 0.012
2521.84378 16.865 0.010
2524.84155 17.011 0.015
2526.75915 17.042 0.011
2534.81620 16.561 0.009
2535.83613 17.011 0.014
2537.68350 17.008 0.017
2538.77710 16.719 0.011
2539.68434 17.050 0.013
2541.69625 17.054 0.012
2542.66605 16.809 0.011
2544.64357 16.860 0.011
2545.65977 17.177 0.013
2547.67763 16.717 0.011
2548.69307 17.002 0.013
2550.68799 17.035 0.014
2551.67470 16.705 0.010
2552.69084 17.076 0.011
2554.68402 17.087 0.013
2555.69196 16.854 0.011
2556.67087 17.166 0.014
2557.68345 16.914 0.011
2558.63995 17.047 0.013
2559.59667 16.947 0.013
2560.62987 16.536 0.009
2561.65550 17.027 0.017
2562.64833 16.649 0.010
2563.65612 17.047 0.013
2564.67174 16.773 0.012
2565.65870 17.066 0.013
2566.64369 16.811 0.011
2568.67503 16.924 0.015
2571.62651 16.744 0.014
2572.72400 17.031 0.016
2573.64103 16.590 0.011
2574.62492 17.031 0.014
2576.62455 17.082 0.018
2577.61057 16.811 0.015
2578.60887 17.095 0.015
2579.61826 16.857 0.012
2580.63034 17.175 0.014
2583.60170 16.981 0.016
2584.60921 16.529 0.012
2587.58964 17.062 0.014
2588.61850 16.767 0.012
2589.57961 17.046 0.013
2590.59439 16.810 0.013
2591.59555 17.117 0.014
2593.58615 17.152 0.013
2594.58990 16.947 0.015
2596.56607 16.995 0.016
2597.55341 16.547 0.011
2598.60633 17.025 0.013
2599.58547 16.719 0.015
2607.60638 17.017 0.016
2610.52671 16.644 0.012
2613.51888 17.057 0.015
2615.55069 17.135 0.018
2619.53015 16.754 0.012
2621.54678 16.603 0.010
2623.59473 16.751 0.011
2626.53830 17.086 0.013
2629.54488 16.931 0.017
2635.54596 17.055 0.011
2639.52641 17.137 0.022
2641.57196 17.006 0.013
2646.55782 17.054 0.015
2650.57034 17.140 0.014
2654.53775 16.764 0.014
2656.58581 16.634 0.011
2660.53155 16.791 0.015
2664.55642 16.926 0.015
2669.52911 16.660 0.011
2673.54609 16.834 0.014
2675.56197 16.901 0.013
2678.56229 16.548 0.012
2682.52203 16.730 0.016
2777.88447 17.080 0.019
2804.89045 17.000 0.017
2810.92282 17.174 0.015
2814.92038 16.533 0.009
2817.90833 17.037 0.014
2825.88407 16.803 0.014
2830.92254 17.043 0.015
2831.76280 16.720 0.014
2832.72829 17.064 0.016
2833.84637 16.837 0.015
2834.85412 17.148 0.018
2837.85229 16.970 0.017
2839.88805 17.016 0.013
2841.86874 17.037 0.013
2844.85400 16.811 0.010
2845.89996 17.143 0.018
2848.93697 16.980 0.018
2850.87007 17.006 0.014
2851.91336 16.634 0.010
2852.78400 17.031 0.012
2853.92389 16.745 0.011
2856.79707 17.061 0.017
2858.89110 17.176 0.013
2860.85718 16.918 0.012
2861.72813 16.931 0.011
2862.90715 16.464 0.010
2863.81623 17.037 0.016
2865.85017 17.055 0.012
2866.86289 16.756 0.012
2867.84384 17.056 0.013
2868.78757 16.806 0.010
2870.79725 16.892 0.011
2872.75467 16.912 0.011
2876.75744 17.036 0.013
2877.77929 16.704 0.011
2879.78805 16.778 0.010
2883.80643 16.916 0.010
2885.74162 16.938 0.013
2888.78984 16.662 0.011
2892.78146 16.846 0.014
2894.74773 16.886 0.012
2896.74486 16.937 0.012
2898.76577 16.976 0.012
2900.72775 17.026 0.011
2902.72728 17.047 0.012
2905.73445 16.851 0.012
2907.73571 16.907 0.011
2909.72470 16.960 0.011
2911.71617 17.020 0.011
2915.68756 17.059 0.013
2917.71355 17.112 0.012
2921.71145 16.751 0.011
2923.73276 16.598 0.010
2925.69630 16.693 0.010
2927.69373 16.777 0.012
2930.71161 17.156 0.014
2932.71797 16.911 0.012
2934.69806 16.527 0.009
2937.61857 17.040 0.015
2939.71219 17.055 0.013
2940.61519 16.779 0.010
2941.60882 17.087 0.012
2942.61500 16.848 0.011
2943.56739 17.134 0.016
2944.57082 16.892 0.011
2945.58759 17.024 0.017
2947.58440 16.532 0.011
2949.57856 16.645 0.010
2951.61031 16.769 0.012
2952.63771 17.084 0.014
2954.66427 17.174 0.017
2956.61034 17.106 0.012
2958.59501 16.583 0.009
2961.57582 17.037 0.017
2965.60421 17.105 0.011
2968.57532 16.922 0.013
2970.59466 16.992 0.013
2974.57313 17.059 0.014
2976.52905 17.049 0.015
2977.59605 16.855 0.014
2979.56036 16.889 0.014
2981.60539 17.018 0.018
2987.62911 17.070 0.013
2989.55140 17.104 0.014
2992.55319 16.901 0.014
2995.59605 16.607 0.009
2998.55403 17.060 0.016
3001.55533 16.850 0.012
3004.54730 17.022 0.014
3007.55342 17.027 0.012
3010.55256 16.753 0.010
3016.56968 16.943 0.014
3019.58313 16.644 0.011
3021.59706 16.756 0.009
3023.55240 16.819 0.012
3025.54974 16.888 0.013
3027.58503 16.930 0.012
3029.55695 16.995 0.013
3031.56130 17.058 0.015
3033.56379 17.040 0.013
3036.58099 16.870 0.014
3040.54401 16.971 0.014
3160.84150 17.083 0.018
3183.89340 16.809 0.011
3193.86117 17.057 0.015
3195.92015 17.101 0.014
3197.89573 17.148 0.016
3201.85317 16.539 0.009
3203.86033 16.665 0.009
3204.92393 17.062 0.014
3210.87494 17.081 0.013
3211.90321 16.967 0.012
3215.68167 16.995 0.016
3216.70294 16.632 0.014
3217.77892 17.050 0.015
3218.88896 16.806 0.016
3223.81647 16.980 0.015
3226.80497 17.038 0.015
3229.81405 16.766 0.010
3231.76471 16.822 0.014
3239.77426 17.024 0.013
3240.76361 16.720 0.012
3241.83281 17.084 0.015
3242.69530 16.745 0.011
3243.82793 17.102 0.015
3244.80901 16.861 0.012
3245.75445 17.163 0.014
3246.75073 16.920 0.012
3247.74207 17.049 0.015
3249.70918 16.578 0.010
3251.72192 16.645 0.009
3254.70926 17.052 0.013
3256.77512 17.136 0.014
3260.68530 16.909 0.013
3262.72124 16.598 0.008
3264.67293 16.683 0.009
3266.74393 16.801 0.012
3268.67724 16.853 0.010
3270.65758 16.903 0.013
3271.64504 17.148 0.015
3272.70187 16.989 0.012
3274.68403 17.037 0.014
3276.69288 17.024 0.013
3277.72570 16.783 0.012
3279.65830 16.831 0.010
3281.61774 16.855 0.009
3283.62356 16.928 0.009
3287.58963 17.009 0.013
3289.60060 17.054 0.011
3293.57761 17.107 0.011
3295.59635 17.150 0.009
3297.57764 16.730 0.008
3299.63453 16.643 0.008
3301.60864 16.746 0.013
3303.67078 16.817 0.012
3306.60342 17.160 0.011
3308.59130 16.865 0.014
3310.59043 16.566 0.011
3312.59271 16.677 0.010
3314.54508 16.748 0.014
3320.58283 16.945 0.011
3321.57855 16.555 0.010
3327.53764 16.816 0.013
3330.53156 17.176 0.016
3335.57260 17.003 0.014
3338.57963 16.777 0.010
3349.57673 16.764 0.008
3353.55408 16.891 0.012
3360.56269 16.745 0.012
3363.53457 17.115 0.016
3367.59776 16.694 0.010
3375.53075 16.834 0.013
3378.57631 16.996 0.012
3386.54267 16.818 0.009
3390.55112 16.942 0.013
3398.53811 17.075 0.013
3402.52621 17.015 0.013
3538.93504 16.766 0.011
3547.89635 17.133 0.014
3554.90454 17.047 0.015
3561.87072 16.921 0.009
3561.92372 16.949 0.009
3564.88706 16.604 0.008
3569.90914 17.085 0.012
3570.72262 16.782 0.014
3571.77940 17.130 0.019
3573.81609 17.146 0.015
3574.86256 16.971 0.012
3577.82114 16.608 0.009
3578.87931 17.040 0.011
3581.82567 16.797 0.009
3582.81005 17.097 0.013
3583.81890 16.872 0.010
3584.79054 17.158 0.012
3586.78900 16.967 0.009
3588.79298 16.544 0.007
3591.85446 17.057 0.010
3593.82864 17.065 0.012
3596.80232 16.908 0.012
3601.79071 16.643 0.009
3607.76809 16.869 0.009
3614.76595 16.687 0.008
3617.74292 17.064 0.011
3619.67427 17.125 0.013
3621.70129 17.166 0.012
3624.80284 17.012 0.012
3626.69822 17.030 0.012
3633.67595 16.920 0.014
3636.75898 16.611 0.011
3638.65246 16.654 0.009
3641.68150 17.056 0.011
3643.70219 17.160 0.012
3646.63543 16.927 0.011
3650.64026 17.005 0.012
3651.71426 16.739 0.009
3653.68544 16.792 0.010
3655.67665 16.849 0.010
3657.60506 16.876 0.011
3658.63180 17.032 0.013
3659.62102 16.952 0.014
3661.59212 16.992 0.017
3663.57883 17.020 0.016
3665.59549 17.067 0.012
3668.55345 16.861 0.011
3669.65591 17.120 0.014
3671.60873 16.732 0.011
3673.65726 16.628 0.011
3675.63963 16.722 0.009
3683.62901 16.980 0.012
3685.63043 17.028 0.011
3687.62874 17.037 0.012
3689.57971 17.041 0.012
3692.55166 16.878 0.011
3694.54504 16.927 0.013
3696.53684 16.957 0.010
3698.57890 17.024 0.015
3700.55810 17.036 0.012
3702.56523 17.057 0.013
3704.56638 17.133 0.015
3706.57590 16.895 0.010
3708.56488 16.548 0.009
3711.57153 17.061 0.013
3713.59401 17.085 0.012
3717.56195 17.113 0.017
3721.52618 16.615 0.016
3724.53127 17.069 0.013
3726.52768 17.086 0.013
3728.53419 17.169 0.014
3734.54534 16.705 0.010
3740.55873 16.911 0.010
3746.53946 17.046 0.016
3761.58737 17.131 0.013
3765.55348 16.858 0.009
3771.56542 16.785 0.011
3776.52483 17.135 0.018
3780.54912 16.672 0.012
3871.86172 17.030 0.017
3900.94809 16.956 0.016
3905.94263 16.719 0.010
3913.90154 16.947 0.010
3917.93852 17.063 0.011
3931.88474 16.795 0.012
3933.92955 16.876 0.011
3936.85132 17.064 0.011
3938.83532 16.546 0.010
3944.88302 16.814 0.010
3946.84757 16.882 0.009
3951.87013 16.613 0.008
3955.83091 16.818 0.013
3958.81232 17.141 0.015
3960.81241 17.016 0.011
3963.80913 17.036 0.015
3965.80103 17.041 0.009
3967.82072 17.068 0.010
3969.78656 17.136 0.012
3971.76223 17.176 0.011
3974.76441 17.005 0.012
3979.71982 16.759 0.010
3980.60247 17.071 0.016
3981.62950 16.790 0.009
3983.89915 16.967 0.012
3987.76770 17.018 0.011
3990.77559 16.761 0.009
3993.71850 17.107 0.012
3995.72422 17.163 0.011
3999.73442 16.578 0.008
4002.70713 17.036 0.009
4004.65882 17.060 0.010
4006.68514 17.130 0.010
4007.54651 16.820 0.010
4008.55737 17.152 0.012
4009.68088 16.934 0.011
4013.68176 17.014 0.013
4015.66616 17.066 0.017
4017.68047 17.061 0.012
4018.71980 16.891 0.011
4019.66929 17.166 0.014
4021.66269 16.863 0.009
4024.63610 17.041 0.011
4026.61506 17.055 0.011
4028.61087 17.062 0.011
4030.62001 17.129 0.011
4032.67515 17.023 0.013
4037.63539 17.060 0.011
4039.58967 17.042 0.011
4041.58195 17.074 0.014
4043.57488 17.157 0.015
4046.56770 16.948 0.012
4048.55010 17.014 0.014
4050.59238 17.034 0.011
4052.54423 17.069 0.012
4054.59858 17.163 0.013
4056.57055 17.167 0.015
4058.57207 16.623 0.010
4061.56759 17.021 0.011
4065.51713 17.052 0.014
4068.51724 16.920 0.013
4070.53581 16.972 0.013
4073.56171 16.692 0.011
4076.62889 17.134 0.015
4078.58888 17.190 0.012
4080.59951 16.930 0.012
4085.54704 17.040 0.013
4092.54199 16.949 0.010
4096.55352 17.077 0.013
4099.59664 16.803 0.011
4104.58751 16.869 0.013
4111.57548 17.083 0.010
4120.53254 17.037 0.012
4126.55741 17.162 0.015
4252.91154 16.946 0.015
4255.82730 16.566 0.013
4268.94014 16.721 0.010
4275.90759 16.906 0.014
4279.78530 16.572 0.014
4282.79591 17.049 0.015
4283.87929 16.827 0.014
4283.93413 16.827 0.013
4285.90307 16.903 0.013
4291.92358 17.051 0.015
4293.89165 17.071 0.012
4296.87616 16.870 0.010
4297.90876 17.162 0.014
4299.84378 16.972 0.011
4300.86516 16.975 0.011
4301.88320 16.558 0.008
4302.89920 17.024 0.013
4306.84685 17.070 0.013
4307.88311 16.845 0.010
4308.64468 17.047 0.015
4308.85110 17.163 0.014
4310.82475 17.142 0.016
4311.81211 16.933 0.016
4312.88598 16.512 0.008
4314.90531 16.667 0.011
4316.81231 16.706 0.011
4319.84426 17.114 0.014
4320.90807 16.914 0.013
4326.82031 17.032 0.014
4327.79820 16.679 0.013
4328.81384 17.050 0.014
4329.81731 16.776 0.012
4330.91317 17.136 0.015
4333.87875 16.927 0.013
4338.88277 16.692 0.012
4340.75448 16.687 0.011
4341.75059 17.034 0.015
4342.77491 16.797 0.012
4343.74392 17.082 0.012
4344.72612 16.852 0.011
4345.77211 17.178 0.016
4347.76101 16.920 0.011
4349.77421 16.568 0.009
4354.74141 17.039 0.015
4356.74449 17.140 0.015
4357.68196 16.873 0.011
4359.67990 16.945 0.014
4362.64743 16.547 0.013
4365.71965 17.046 0.017
4369.63419 17.150 0.021
4372.65763 16.948 0.011
4375.62008 16.626 0.013
4377.73666 16.774 0.010
4379.62814 16.800 0.013
4380.72397 17.151 0.013
4382.66829 17.167 0.015
4386.64329 16.584 0.010
4388.64411 16.703 0.011
4390.65312 16.793 0.010
4392.67756 16.852 0.011
4395.65876 16.932 0.014
4397.69953 16.575 0.010
4400.64995 17.038 0.015
4403.63856 16.819 0.012
4407.61578 16.936 0.013
4408.64102 16.616 0.010
4410.72455 16.665 0.010
4412.68556 16.752 0.012
4416.67068 16.867 0.011
4418.67958 16.938 0.011
4421.61319 16.553 0.011
4423.69485 16.721 0.011
4425.62571 16.765 0.015
4427.63758 16.850 0.011
4429.54647 16.877 0.016
4431.55102 16.923 0.013
4433.55699 16.983 0.013
4435.54096 17.008 0.014
4437.61311 17.068 0.015
4439.54615 17.077 0.016
4441.58189 17.171 0.016
4443.60898 16.794 0.012
4449.62587 16.783 0.010
4451.58151 16.839 0.010
4453.56385 16.890 0.013
4456.56538 16.556 0.011
4458.56629 16.613 0.010
4464.55748 16.875 0.012
4472.55162 17.035 0.012
4475.57107 16.835 0.010
4478.57770 16.946 0.014
4481.55933 17.020 0.014
4484.55987 16.752 0.014
4486.60823 16.820 0.014
4502.56048 16.846 0.013
4609.87294 16.772 0.011
4638.93787 16.684 0.010
4643.86269 17.080 0.015
4648.92879 16.939 0.012
4652.92199 17.040 0.013
4656.90275 17.062 0.011
4662.75900 17.119 0.014
4663.73061 16.943 0.013
4665.80358 17.026 0.014
4666.89136 16.721 0.012
4670.88564 16.828 0.011
4671.87193 17.160 0.015
4672.85988 16.903 0.011
4675.86622 16.536 0.010
4681.85720 16.823 0.010
4683.83138 16.886 0.014
4685.83852 16.927 0.014
4687.87412 17.020 0.011
4688.78974 16.536 0.008
4689.74749 17.030 0.011
4690.71516 16.614 0.008
4691.71819 17.047 0.014
4693.87325 17.109 0.015
4696.79487 16.916 0.017
4698.73499 16.943 0.012
4700.76642 17.005 0.011
4701.72060 16.583 0.011
4701.77162 16.625 0.009
4702.83173 17.039 0.012
4703.73096 16.716 0.010
4704.74984 17.052 0.011
4705.75701 16.815 0.011
4707.74914 16.844 0.010
4708.81790 17.137 0.012
4710.73153 16.955 0.010
4716.73546 16.766 0.009
4719.72758 17.146 0.015
4721.71627 17.122 0.017
4725.70371 16.603 0.010
4728.73182 17.059 0.012
4731.73296 16.864 0.010
4734.72004 16.846 0.010
4741.68620 17.061 0.011
4747.56355 17.025 0.013
4749.57211 16.532 0.011
4753.64142 16.775 0.013
4755.63017 16.851 0.011
4757.61966 16.900 0.011
4759.63232 16.993 0.012
4761.59751 16.998 0.010
4763.61510 17.020 0.014
4766.58304 16.812 0.014
4769.62141 17.135 0.016
4771.66635 16.545 0.008
4773.65753 16.647 0.010
4775.64415 16.733 0.013
4777.57607 16.783 0.012
4779.59661 16.853 0.011
4781.56352 16.885 0.012
4783.54541 16.971 0.014
4785.57802 17.038 0.014
4786.63527 16.700 0.011
4788.59339 16.751 0.011
4790.59566 16.818 0.009
4792.57381 16.895 0.011
4794.55427 16.933 0.011
4796.62422 17.031 0.012
4798.57097 17.019 0.015
4800.61815 17.072 0.012
4802.59561 17.141 0.014
4804.61874 17.158 0.017
4806.60465 16.739 0.012
4808.52613 16.533 0.012
4810.59144 16.699 0.011
4813.57669 17.078 0.015
4815.54900 17.109 0.015
4817.56942 17.062 0.012
4819.56336 16.541 0.010
4821.64699 16.704 0.009
4824.55142 17.060 0.014
4826.60118 17.134 0.014
4832.56861 16.617 0.009
4834.59359 16.731 0.012
4837.58485 17.074 0.016
4841.56102 16.909 0.013
4843.55532 16.528 0.012
4845.55283 16.681 0.011
4846.56011 17.048 0.014
4848.60068 17.077 0.012
4850.58797 17.172 0.016
4854.56907 16.546 0.010
4862.55120 16.890 0.010
4866.55206 16.981 0.013
