2086.89212 16.460 0.011
2103.89894 16.378 0.008
2105.92907 16.323 0.009
2106.89468 16.594 0.010
2112.84706 16.473 0.009
2116.87482 16.395 0.009
2123.82175 16.518 0.010
2128.82925 16.647 0.011
2129.86123 16.403 0.010
2130.84761 16.628 0.010
2131.84169 16.357 0.010
2132.81000 16.602 0.010
2133.89832 16.330 0.010
2135.84783 16.284 0.009
2137.89546 16.508 0.011
2140.81508 16.464 0.010
2142.75544 16.412 0.009
2143.82093 16.660 0.010
2144.82762 16.376 0.008
2155.88236 16.452 0.011
2156.82895 16.679 0.011
2162.76516 16.557 0.010
2166.75976 16.496 0.009
2167.76821 16.725 0.010
2168.71739 16.444 0.010
2171.74329 16.643 0.009
2172.74992 16.357 0.009
2177.64342 16.524 0.010
2184.70505 16.640 0.011
2185.66858 16.366 0.010
2186.69341 16.621 0.013
2187.68858 16.296 0.010
2190.69514 16.564 0.010
2192.66667 16.519 0.008
2193.68773 16.735 0.010
2194.65785 16.456 0.009
2203.55431 16.542 0.010
2206.61061 16.718 0.014
2211.64470 16.406 0.009
2212.64853 16.632 0.010
2213.65435 16.344 0.010
2214.64555 16.618 0.011
2215.65251 16.283 0.009
2217.63922 16.383 0.010
2219.68209 16.593 0.010
2222.73065 16.503 0.010
2224.71696 16.442 0.009
2228.56173 16.295 0.009
2231.64666 16.576 0.010
2232.51339 16.711 0.013
2233.61680 16.528 0.010
2235.66692 16.493 0.009
2238.55046 16.631 0.011
2240.65476 16.627 0.010
2242.62229 16.637 0.012
2248.61159 16.498 0.009
2250.58026 16.446 0.009
2253.57389 16.626 0.010
2255.61054 16.617 0.010
2258.57683 16.353 0.008
2263.58757 16.473 0.009
2266.56354 16.661 0.011
2271.56792 16.267 0.008
2273.56725 16.493 0.011
2275.60218 16.718 0.011
2276.56174 16.503 0.011
2278.59433 16.466 0.010
2280.59016 16.430 0.010
2284.59304 16.303 0.009
2290.60701 16.729 0.011
2293.56930 16.453 0.010
2295.56208 16.380 0.010
2297.56538 16.348 0.010
2299.56448 16.290 0.010
2301.55676 16.509 0.011
2445.91531 16.378 0.010
2460.88253 16.565 0.013
2463.91886 16.490 0.010
2465.93162 16.448 0.009
2467.90462 16.400 0.010
2469.90399 16.341 0.009
2471.89345 16.270 0.009
2472.92292 16.578 0.008
2473.89484 16.380 0.009
2481.90712 16.636 0.012
2483.89236 16.620 0.010
2486.88935 16.304 0.010
2488.88159 16.563 0.012
2489.92672 16.541 0.010
2492.90709 16.733 0.012
2496.90682 16.626 0.010
2497.93022 16.349 0.009
2498.77750 16.577 0.010
2499.86311 16.273 0.008
2500.86864 16.575 0.010
2501.85763 16.472 0.009
2502.83783 16.546 0.011
2508.74912 16.391 0.012
2516.78041 16.693 0.012
2517.82715 16.513 0.010
2518.79856 16.735 0.011
2519.83550 16.458 0.009
2520.79487 16.686 0.011
2521.82700 16.430 0.009
2524.82526 16.617 0.012
2526.78146 16.592 0.009
2534.83784 16.449 0.010
2535.81805 16.667 0.010
2537.70582 16.617 0.012
2538.80180 16.345 0.010
2539.70530 16.593 0.010
2541.71721 16.566 0.010
2542.68700 16.625 0.010
2544.66584 16.729 0.010
2545.68057 16.467 0.009
2547.69857 16.435 0.010
2548.71532 16.659 0.010
2550.71045 16.616 0.010
2552.71316 16.599 0.009
2554.70631 16.579 0.010
2555.71424 16.435 0.009
2556.69327 16.533 0.010
2557.70580 16.695 0.010
2558.66229 16.499 0.010
2559.61920 16.694 0.011
2560.65225 16.436 0.009
2562.67069 16.438 0.010
2563.67865 16.668 0.010
2564.69400 16.369 0.010
2565.68463 16.611 0.010
2566.66490 16.283 0.009
2568.69589 16.317 0.010
2571.64887 16.492 0.011
2573.66199 16.481 0.011
2574.64581 16.702 0.011
2576.65896 16.667 0.012
2577.63269 16.381 0.011
2578.63276 16.620 0.010
2579.63942 16.313 0.010
2580.65155 16.597 0.010
2583.62286 16.582 0.011
2584.63021 16.538 0.010
2586.62811 16.472 0.009
2587.61212 16.707 0.010
2588.72054 16.467 0.010
2589.60208 16.657 0.010
2591.64032 16.618 0.010
2593.60935 16.613 0.010
2594.61311 16.275 0.010
2596.58865 16.507 0.011
2597.57581 16.518 0.011
2598.64966 16.658 0.011
2599.60914 16.492 0.011
2607.63035 16.309 0.010
2610.55013 16.542 0.011
2613.54399 16.731 0.011
2615.57285 16.696 0.011
2619.56051 16.634 0.011
2621.56947 16.600 0.010
2625.55207 16.522 0.012
2628.54520 16.710 0.016
2632.55162 16.632 0.010
2636.54702 16.578 0.011
2639.54727 16.695 0.010
2642.55626 16.471 0.011
2646.56883 16.384 0.010
2651.54112 16.577 0.012
2654.55866 16.726 0.013
2657.56154 16.440 0.010
2660.55731 16.630 0.011
2671.55497 16.682 0.011
2673.56676 16.648 0.013
2676.52813 16.292 0.010
2679.54150 16.549 0.010
2777.90653 16.383 0.011
2804.87353 16.642 0.012
2811.90798 16.570 0.012
2814.94365 16.491 0.010
2817.93020 16.669 0.012
2831.78504 16.376 0.010
2832.75103 16.621 0.011
2832.92898 16.645 0.010
2833.86895 16.350 0.010
2835.87758 16.297 0.009
2837.87866 16.340 0.011
2838.93584 16.588 0.013
2840.82858 16.515 0.010
2843.83003 16.692 0.010
2844.87583 16.430 0.010
2845.92182 16.657 0.011
2849.85927 16.605 0.010
2850.89202 16.270 0.010
2851.93559 16.570 0.011
2852.80626 16.609 0.011
2853.94568 16.551 0.014
2854.83200 16.741 0.012
2856.81895 16.715 0.013
2858.91300 16.686 0.010
2860.87899 16.642 0.010
2861.75017 16.306 0.009
2862.92917 16.632 0.011
2863.83841 16.285 0.010
2865.83527 16.401 0.009
2866.88493 16.552 0.011
2867.82496 16.688 0.010
2868.77261 16.487 0.010
2869.90560 16.729 0.011
2870.81920 16.461 0.009
2871.86213 16.697 0.010
2875.80850 16.625 0.011
2876.77940 16.281 0.009
2879.74292 16.547 0.010
2883.82909 16.480 0.009
2885.76388 16.420 0.009
2888.81219 16.618 0.011
2892.80358 16.594 0.012
2894.73275 16.518 0.010
2896.72983 16.465 0.010
2898.75079 16.437 0.010
2900.74966 16.402 0.008
2902.74918 16.346 0.008
2905.75637 16.593 0.010
2907.75776 16.548 0.009
2909.74687 16.532 0.007
2911.73824 16.458 0.008
2915.70971 16.347 0.009
2917.73582 16.309 0.008
2921.73358 16.561 0.010
2923.75551 16.729 0.012
2925.71850 16.714 0.010
2927.71599 16.648 0.011
2930.73409 16.345 0.010
2932.74060 16.274 0.009
2934.72040 16.454 0.009
2937.64443 16.469 0.010
2939.69708 16.450 0.010
2940.63717 16.649 0.010
2941.68702 16.409 0.009
2942.63717 16.634 0.010
2943.60836 16.324 0.010
2944.59297 16.593 0.010
2945.60974 16.271 0.011
2947.61923 16.491 0.010
2949.60053 16.734 0.011
2950.64530 16.500 0.010
2951.63247 16.734 0.012
2952.66138 16.459 0.010
2954.68631 16.428 0.010
2956.63229 16.367 0.008
2958.62669 16.306 0.010
2961.59780 16.544 0.012
2965.63620 16.485 0.009
2968.59754 16.641 0.011
2970.61679 16.636 0.011
2972.60128 16.598 0.010
2974.60201 16.582 0.010
2976.55172 16.527 0.010
2978.57781 16.476 0.010
2980.59466 16.466 0.011
2982.53987 16.367 0.010
2984.63077 16.372 0.010
2986.64088 16.303 0.010
2988.53325 16.534 0.011
2991.60632 16.511 0.010
2994.58863 16.690 0.011
2997.56080 16.369 0.009
3001.57728 16.297 0.009
3005.53533 16.714 0.013
3008.56164 16.447 0.012
3011.56503 16.627 0.012
3016.59169 16.373 0.010
3018.57813 16.689 0.011
3020.60619 16.740 0.011
3021.61901 16.479 0.008
3023.57491 16.409 0.009
3025.57339 16.370 0.009
3027.60691 16.320 0.009
3029.57880 16.294 0.009
3031.58336 16.530 0.010
3033.58571 16.740 0.011
3037.53274 16.629 0.011
3164.93313 16.736 0.011
3183.91512 16.634 0.010
3193.88290 16.491 0.010
3195.94210 16.433 0.009
3197.91757 16.387 0.009
3201.87501 16.298 0.007
3203.88297 16.508 0.008
3206.82083 16.487 0.010
3210.89688 16.412 0.009
3211.88828 16.636 0.010
3215.66442 16.540 0.012
3216.73243 16.635 0.012
3217.93293 16.552 0.011
3218.91758 16.583 0.014
3223.83842 16.429 0.010
3226.82868 16.644 0.010
3229.83583 16.304 0.008
3231.81795 16.636 0.012
3239.79634 16.607 0.010
3240.79359 16.332 0.010
3241.81795 16.608 0.010
3242.71728 16.373 0.010
3243.85373 16.606 0.010
3244.83092 16.445 0.010
3245.78006 16.540 0.010
3246.77250 16.737 0.012
3247.76629 16.483 0.010
3249.73097 16.440 0.010
3251.74449 16.411 0.008
3254.73162 16.613 0.010
3257.74804 16.460 0.008
3259.66723 16.744 0.011
3261.70531 16.719 0.010
3263.68801 16.668 0.009
3265.72242 16.641 0.009
3267.71125 16.600 0.008
3269.78767 16.601 0.011
3270.74450 16.328 0.009
3271.66732 16.550 0.010
3272.72452 16.641 0.010
3274.71039 16.749 0.010
3276.71483 16.695 0.011
3277.75362 16.442 0.009
3279.68517 16.378 0.009
3281.64393 16.289 0.008
3283.64540 16.353 0.007
3287.61161 16.732 0.010
3289.62268 16.705 0.010
3293.59946 16.635 0.009
3295.61825 16.610 0.008
3297.60003 16.565 0.007
3299.65638 16.548 0.007
3301.63060 16.476 0.010
3303.69287 16.458 0.009
3306.62541 16.619 0.008
3308.61315 16.619 0.011
3310.61228 16.586 0.010
3312.65632 16.552 0.010
3314.56711 16.505 0.011
3320.60497 16.379 0.008
3323.54845 16.616 0.010
3327.55993 16.509 0.009
3330.55418 16.708 0.010
3335.59899 16.339 0.010
3338.60260 16.594 0.009
3349.59890 16.628 0.009
3353.57801 16.557 0.010
3359.55452 16.453 0.010
3363.56188 16.336 0.009
3367.62118 16.382 0.009
3372.55193 16.458 0.009
3376.53124 16.347 0.009
3378.59816 16.328 0.009
3386.56462 16.714 0.009
3390.57818 16.637 0.011
3398.55995 16.493 0.010
3402.54833 16.411 0.008
3528.94050 16.698 0.012
3541.93329 16.589 0.009
3547.91789 16.666 0.010
3554.92610 16.456 0.009
3560.94825 16.695 0.010
3564.91042 16.626 0.009
3568.84127 16.546 0.009
3570.78198 16.477 0.010
3571.80432 16.738 0.014
3573.84180 16.663 0.010
3574.88082 16.436 0.009
3577.83947 16.633 0.010
3578.89804 16.319 0.007
3579.80287 16.602 0.009
3581.84782 16.571 0.010
3581.87054 16.573 0.010
3582.83269 16.641 0.010
3583.83713 16.532 0.009
3586.81146 16.691 0.009
3588.82936 16.651 0.009
3589.82217 16.405 0.008
3591.87696 16.342 0.007
3593.81453 16.275 0.008
3596.89498 16.566 0.009
3601.81260 16.683 0.010
3607.81804 16.596 0.009
3614.78944 16.677 0.008
3617.76894 16.369 0.007
3619.70186 16.276 0.007
3621.72033 16.404 0.008
3624.86862 16.578 0.010
3626.71801 16.483 0.009
3629.67159 16.630 0.010
3631.73398 16.630 0.010
3633.71023 16.603 0.010
3637.65323 16.510 0.009
3639.70330 16.475 0.007
3641.69985 16.449 0.009
3643.72422 16.413 0.007
3646.65916 16.609 0.010
3650.66243 16.556 0.010
3650.68648 16.543 0.009
3651.73641 16.625 0.009
3653.73257 16.737 0.010
3655.69874 16.692 0.009
3657.64953 16.625 0.010
3658.65396 16.378 0.009
3659.64199 16.629 0.010
3660.67214 16.305 0.009
3663.56363 16.527 0.011
3665.63720 16.527 0.010
3668.57565 16.673 0.010
3669.70650 16.466 0.010
3671.63255 16.379 0.008
3673.67741 16.340 0.009
3675.66199 16.275 0.008
3683.65130 16.665 0.009
3685.65646 16.642 0.009
3687.65509 16.607 0.010
3689.60351 16.582 0.010
3692.57931 16.710 0.010
3694.56330 16.713 0.011
3696.56381 16.667 0.009
3698.59749 16.621 0.010
3700.57842 16.588 0.010
3702.58773 16.598 0.010
3704.59399 16.562 0.009
3706.61444 16.526 0.008
3708.58731 16.483 0.010
3711.59390 16.646 0.010
3714.52763 16.305 0.010
3718.60816 16.437 0.010
3721.56174 16.480 0.009
3724.56673 16.671 0.010
3726.58727 16.636 0.010
3728.56038 16.615 0.010
3734.56384 16.525 0.009
3737.57951 16.716 0.010
3742.53814 16.323 0.010
3746.56340 16.514 0.010
3751.54328 16.425 0.011
3756.55603 16.587 0.010
3761.60627 16.573 0.010
3766.53109 16.429 0.009
3772.55392 16.278 0.008
3776.55397 16.724 0.011
3871.87986 16.384 0.011
3901.94239 16.311 0.009
3906.94269 16.527 0.009
3913.91962 16.641 0.009
3918.88313 16.435 0.009
3931.91846 16.268 0.008
3934.86150 16.528 0.008
3936.86968 16.467 0.009
3938.85371 16.424 0.009
3944.90109 16.283 0.007
3946.86923 16.448 0.008
3951.88858 16.472 0.008
3955.85373 16.372 0.010
3958.83324 16.626 0.012
3960.83041 16.544 0.009
3963.82712 16.734 0.012
3965.81899 16.689 0.008
3967.83884 16.656 0.009
3969.80449 16.604 0.010
3971.78068 16.585 0.008
3974.78243 16.602 0.009
3979.73780 16.442 0.009
3980.62114 16.644 0.011
3981.64740 16.344 0.007
3983.83774 16.361 0.008
3987.78626 16.466 0.009
3990.79361 16.492 0.008
3993.73842 16.665 0.010
3995.74370 16.618 0.009
3999.75300 16.593 0.009
4002.72511 16.695 0.008
4004.67688 16.722 0.009
4006.70313 16.675 0.009
4007.56650 16.365 0.008
4008.57543 16.623 0.009
4009.74377 16.387 0.009
4013.70198 16.323 0.008
4015.68427 16.589 0.017
4015.70052 16.613 0.012
4018.69968 16.490 0.009
4019.68825 16.724 0.010
4021.68072 16.642 0.009
4024.65421 16.299 0.007
4026.63309 16.303 0.007
4028.62905 16.565 0.008
4030.64160 16.739 0.010
4032.69370 16.730 0.011
4037.66988 16.367 0.007
4039.60781 16.273 0.008
4041.60735 16.488 0.010
4043.59306 16.716 0.011
4046.60238 16.459 0.009
4048.56830 16.422 0.010
4050.61040 16.358 0.008
4052.56249 16.288 0.008
4054.61667 16.332 0.008
4058.62231 16.742 0.010
4060.52114 16.669 0.010
4064.51877 16.614 0.009
4066.56024 16.589 0.009
4069.51861 16.665 0.011
4073.60218 16.715 0.011
4077.52552 16.627 0.010
4079.52747 16.603 0.012
4082.52740 16.491 0.010
4085.56513 16.506 0.009
4092.56117 16.635 0.009
4096.58713 16.577 0.010
4100.58992 16.467 0.010
4105.55771 16.637 0.010
4108.53396 16.272 0.008
4113.61185 16.514 0.009
4120.58269 16.624 0.010
4126.58051 16.532 0.010
4252.92975 16.306 0.010
4255.84907 16.552 0.012
4268.90236 16.566 0.010
4275.92451 16.678 0.011
4279.80223 16.611 0.016
4282.81273 16.437 0.010
4283.86567 16.549 0.011
4285.92000 16.520 0.010
4291.94079 16.406 0.010
4292.85932 16.631 0.010
4295.86335 16.263 0.008
4296.89311 16.590 0.010
4297.92597 16.386 0.009
4299.86081 16.740 0.010
4300.88229 16.494 0.009
4301.90029 16.729 0.010
4302.92192 16.467 0.010
4307.90082 16.619 0.009
4308.66197 16.432 0.010
4308.86997 16.278 0.009
4310.84231 16.396 0.010
4311.82986 16.542 0.014
4312.90373 16.552 0.009
4314.92320 16.718 0.012
4316.82974 16.693 0.011
4319.86692 16.394 0.010
4320.89381 16.631 0.011
4326.83769 16.517 0.010
4327.81618 16.732 0.013
4328.83182 16.468 0.010
4329.83410 16.726 0.010
4330.86261 16.452 0.009
4333.86389 16.632 0.010
4338.90427 16.291 0.010
4340.77674 16.718 0.010
4341.77191 16.485 0.010
4342.82779 16.736 0.012
4343.76542 16.452 0.010
4344.74756 16.660 0.010
4345.79352 16.393 0.009
4347.78245 16.354 0.009
4349.79565 16.291 0.009
4351.82288 16.309 0.009
4353.75595 16.680 0.011
4357.70482 16.679 0.011
4359.70276 16.611 0.009
4361.70532 16.614 0.011
4362.72805 16.293 0.009
4364.58709 16.568 0.012
4367.68460 16.497 0.010
4370.67626 16.685 0.011
4372.73970 16.655 0.010
4376.65508 16.606 0.010
4378.62167 16.555 0.010
4379.64964 16.562 0.011
4380.76248 16.539 0.010
4382.68995 16.486 0.010
4386.66500 16.402 0.009
4388.66549 16.353 0.009
4390.67447 16.278 0.008
4393.64827 16.537 0.010
4395.68313 16.499 0.010
4398.64858 16.675 0.011
4400.67145 16.649 0.011
4403.69725 16.313 0.009
4407.63733 16.605 0.010
4408.68352 16.526 0.010
4410.70644 16.486 0.010
4415.69059 16.634 0.010
4418.59725 16.282 0.009
4422.65845 16.675 0.010
4424.65553 16.732 0.011
4427.54220 16.382 0.010
4429.56815 16.335 0.012
4431.57262 16.277 0.009
4433.57845 16.419 0.010
4435.56679 16.690 0.010
4437.65585 16.737 0.013
4439.56769 16.679 0.012
4441.60354 16.652 0.010
4443.59425 16.627 0.011
4449.64828 16.546 0.010
4451.60341 16.480 0.010
4453.58538 16.439 0.010
4456.58680 16.635 0.012
4459.53933 16.275 0.010
4464.54257 16.486 0.010
4464.57900 16.497 0.010
4464.59443 16.515 0.010
4465.54495 16.707 0.011
4465.59436 16.727 0.010
4466.56666 16.453 0.010
4466.59627 16.455 0.010
4467.56304 16.694 0.012
4468.58828 16.423 0.009
4468.62316 16.416 0.009
4469.58202 16.639 0.010
4469.60822 16.637 0.010
4470.54760 16.368 0.010
4470.56385 16.349 0.010
4471.53571 16.619 0.011
4472.54790 16.286 0.008
4472.56954 16.291 0.008
4476.57848 16.534 0.010
4479.60329 16.487 0.010
4481.58796 16.435 0.009
4484.60464 16.632 0.014
4487.62618 16.283 0.011
4609.89945 16.761 0.011
4643.88417 16.603 0.010
4649.93437 16.540 0.010
4655.94586 16.410 0.009
4661.89753 16.338 0.008
4662.78023 16.541 0.009
4662.89717 16.566 0.010
4663.75193 16.734 0.011
4663.93583 16.553 0.011
4665.82490 16.733 0.012
4665.91883 16.739 0.012
4666.91270 16.462 0.010
4670.90713 16.381 0.009
4671.82138 16.621 0.010
4672.88111 16.320 0.009
4675.89873 16.567 0.010
4681.87847 16.453 0.009
4683.87371 16.402 0.008
4685.85982 16.342 0.009
4688.81121 16.581 0.009
4690.73673 16.523 0.009
4691.73963 16.710 0.013
4693.89470 16.729 0.012
4696.84464 16.400 0.010
4698.75645 16.333 0.008
4699.75045 16.608 0.010
4700.78795 16.282 0.008
4701.79316 16.590 0.010
4702.85331 16.282 0.009
4703.75236 16.540 0.009
4704.77121 16.673 0.010
4705.77846 16.519 0.010
4707.77113 16.458 0.008
4708.83935 16.706 0.010
4710.75536 16.628 0.009
4716.75687 16.555 0.009
4719.74902 16.720 0.011
4721.73799 16.682 0.014
4724.76768 16.408 0.009
4726.66336 16.321 0.010
4729.67438 16.549 0.010
4730.70298 16.518 0.008
4731.72747 16.543 0.009
4731.76460 16.548 0.009
4733.70945 16.493 0.009
4733.80495 16.512 0.009
4734.66637 16.691 0.010
4734.74691 16.730 0.010
4736.67069 16.653 0.011
4736.71168 16.669 0.010
4738.75240 16.644 0.011
4739.65299 16.323 0.009
4741.72755 16.277 0.007
4747.59416 16.700 0.010
4749.59377 16.652 0.011
4753.66287 16.617 0.010
4755.65682 16.583 0.010
4757.64128 16.557 0.009
4759.65387 16.514 0.009
4761.62416 16.467 0.008
4763.63679 16.439 0.010
4766.60499 16.622 0.011
4769.64307 16.278 0.010
4771.55412 16.633 0.011
4772.59926 16.518 0.009
4772.67595 16.545 0.010
4773.56342 16.737 0.010
4773.67897 16.683 0.010
4774.53234 16.466 0.010
4774.65539 16.483 0.009
4775.53198 16.702 0.011
4775.66582 16.716 0.012
4776.54130 16.415 0.010
4777.50938 16.644 0.013
4777.59955 16.645 0.010
4779.63515 16.631 0.010
4781.58504 16.599 0.010
4783.56867 16.569 0.010
4785.59977 16.555 0.010
4789.53519 16.456 0.010
4790.61740 16.690 0.009
4791.61568 16.417 0.008
4793.51981 16.345 0.009
4795.53687 16.276 0.008
4797.52907 16.399 0.009
4798.59236 16.570 0.011
4800.63966 16.533 0.009
4803.53098 16.690 0.011
4804.58117 16.445 0.010
4805.54289 16.629 0.010
4806.59018 16.379 0.009
4806.62668 16.406 0.010
4807.54336 16.621 0.012
4807.60545 16.642 0.013
4808.54841 16.322 0.010
4808.61620 16.339 0.009
4809.55051 16.609 0.010
4809.63039 16.607 0.010
4810.55883 16.263 0.009
4811.56374 16.562 0.010
4812.63156 16.358 0.012
4813.59818 16.541 0.010
4815.57433 16.486 0.010
4817.59084 16.456 0.009
4819.59045 16.417 0.009
4821.63235 16.382 0.008
4822.57254 16.615 0.010
4823.53713 16.292 0.010
4823.59314 16.311 0.009
4824.54550 16.587 0.010
4824.62841 16.605 0.010
4825.56977 16.323 0.009
4825.62160 16.278 0.009
4826.58470 16.561 0.010
4832.59470 16.461 0.010
4835.57652 16.648 0.012
4839.59804 16.585 0.011
4842.56509 16.708 0.011
4844.57356 16.726 0.010
4847.62986 16.435 0.012
4849.58972 16.365 0.009
4853.58713 16.274 0.008
4856.58110 16.528 0.009
4865.55420 16.611 0.010
4935.92066 16.406 0.010
4937.92098 16.370 0.010
4940.92254 16.585 0.010
4952.92202 16.346 0.009
