2086.89212 16.299 0.010
2103.89894 16.209 0.007
2105.92907 16.167 0.008
2106.89468 16.426 0.010
2112.84706 16.311 0.009
2116.87482 16.217 0.008
2123.82175 16.343 0.009
2128.82925 16.516 0.010
2129.86123 16.222 0.009
2130.84761 16.471 0.010
2131.84169 16.160 0.009
2132.81000 16.428 0.010
2133.89832 16.123 0.010
2135.84783 16.010 0.007
2137.89546 16.094 0.009
2140.81508 16.281 0.009
2142.75544 16.195 0.008
2143.82093 16.467 0.009
2144.82762 16.158 0.007
2155.88236 16.253 0.010
2156.82895 16.468 0.010
2162.76516 16.372 0.009
2166.75976 16.279 0.008
2167.76821 16.534 0.010
2168.71739 16.223 0.009
2171.74329 16.411 0.008
2172.74992 16.103 0.008
2177.64342 16.304 0.009
2184.70505 16.423 0.010
2185.66858 16.074 0.008
2186.69341 16.371 0.011
2187.68858 15.987 0.008
2190.69514 16.340 0.009
2192.66667 16.267 0.007
2193.68773 16.513 0.009
2194.65785 16.231 0.008
2203.55431 16.286 0.009
2206.61061 16.513 0.012
2211.64470 16.099 0.008
2212.64853 16.405 0.010
2213.65435 16.003 0.008
2214.64555 16.366 0.010
2215.65251 16.174 0.008
2217.63922 16.529 0.011
2219.68209 16.542 0.010
2222.73065 16.202 0.009
2224.71696 16.129 0.008
2228.56173 16.336 0.010
2231.64666 16.285 0.009
2232.51339 16.497 0.011
2233.61680 16.230 0.008
2235.66692 16.205 0.008
2238.55046 16.417 0.010
2240.65476 16.397 0.010
2242.62229 16.339 0.010
2248.61159 16.195 0.007
2250.58026 16.097 0.008
2253.57389 16.383 0.009
2255.61054 16.366 0.010
2258.57683 16.544 0.009
2263.58757 16.133 0.008
2266.56354 16.380 0.010
2271.56792 16.532 0.010
2273.56725 16.486 0.012
2275.60218 16.438 0.010
2276.56174 16.161 0.010
2278.59433 16.085 0.008
2280.59016 15.985 0.008
2284.59304 16.538 0.010
2290.60701 16.428 0.010
2293.56930 15.975 0.008
2295.56208 16.268 0.009
2297.56538 16.512 0.011
2299.56448 16.557 0.012
2301.55676 16.458 0.010
2445.91531 16.392 0.010
2460.88253 16.354 0.011
2463.91886 16.553 0.010
2465.93162 16.531 0.010
2467.90462 16.454 0.010
2469.90399 16.417 0.009
2471.89345 16.413 0.010
2472.92292 15.975 0.006
2473.89484 16.359 0.009
2481.90712 16.180 0.010
2483.89236 16.085 0.007
2486.88935 16.388 0.010
2488.88159 16.316 0.010
2489.92672 16.494 0.010
2492.90709 16.233 0.009
2496.90682 16.104 0.008
2497.93022 16.422 0.010
2498.77750 16.026 0.008
2499.86311 16.371 0.009
2500.86864 16.228 0.008
2501.85763 16.324 0.009
2502.83783 16.536 0.011
2508.74912 16.428 0.013
2516.78041 16.269 0.010
2517.82715 16.521 0.010
2518.79856 16.212 0.009
2519.83550 16.473 0.009
2520.79487 16.153 0.009
2521.82700 16.420 0.009
2524.82526 16.015 0.009
2526.78146 16.257 0.008
2534.83784 16.442 0.010
2535.81805 16.114 0.008
2537.70582 15.998 0.009
2538.80180 16.395 0.010
2539.70530 16.340 0.010
2541.71721 16.535 0.010
2542.68700 16.251 0.009
2544.66584 16.202 0.008
2545.68057 16.444 0.009
2547.69857 16.417 0.010
2548.71532 16.075 0.007
2550.71045 15.993 0.008
2552.71316 16.255 0.008
2554.70631 16.543 0.010
2555.71424 16.273 0.009
2556.69327 16.530 0.010
2557.70580 16.231 0.008
2558.66229 16.465 0.010
2559.61920 16.149 0.008
2560.65225 16.426 0.009
2562.67069 16.414 0.010
2563.67865 15.990 0.008
2564.69400 16.374 0.010
2565.68463 16.247 0.009
2566.66490 16.317 0.009
2568.69589 16.272 0.010
2571.64887 16.450 0.010
2573.66199 16.432 0.011
2574.64581 16.084 0.008
2576.65896 16.007 0.009
2577.63269 16.356 0.010
2578.63276 16.286 0.009
2579.63942 16.317 0.010
2580.65155 16.544 0.010
2583.62286 16.220 0.010
2584.63021 16.448 0.010
2586.62811 16.439 0.009
2587.61212 16.082 0.008
2588.72054 16.413 0.010
2589.60208 15.991 0.008
2591.64032 16.175 0.009
2593.60935 16.545 0.010
2594.61311 16.280 0.010
2596.58865 16.225 0.010
2597.57581 16.457 0.010
2598.64966 16.175 0.009
2599.60914 16.419 0.010
2607.63035 16.305 0.010
2610.55013 16.467 0.011
2613.54399 16.081 0.008
2615.57285 16.020 0.008
2619.56051 16.522 0.011
2621.56947 16.550 0.010
2625.55207 16.445 0.011
2628.54520 16.010 0.010
2632.55162 16.491 0.010
2636.54702 16.492 0.011
2639.54727 16.121 0.008
2642.55626 16.392 0.010
2646.56883 16.294 0.010
2651.54112 16.456 0.012
2654.55866 16.069 0.009
2657.56154 16.376 0.010
2660.55731 16.553 0.010
2671.55497 16.275 0.010
2673.56676 16.529 0.012
2676.52813 16.224 0.010
2679.54150 16.432 0.010
2777.90653 16.167 0.010
2804.87353 16.419 0.011
2811.90798 16.470 0.012
2814.94365 16.255 0.009
2817.93020 16.430 0.010
2831.78504 16.075 0.009
2832.75103 16.404 0.010
2832.92898 16.417 0.010
2833.86895 16.047 0.009
2835.87758 16.004 0.008
2837.87866 16.382 0.012
2838.93584 16.335 0.011
2840.82858 16.244 0.010
2843.83003 16.432 0.009
2844.87583 16.143 0.008
2845.92182 16.426 0.010
2849.85927 16.362 0.010
2850.89202 16.282 0.010
2851.93559 16.319 0.010
2852.80626 16.542 0.011
2853.94568 16.274 0.011
2854.83200 16.493 0.011
2856.81895 16.436 0.011
2858.91300 16.419 0.009
2860.87899 16.403 0.009
2861.75017 16.149 0.008
2862.92917 16.382 0.010
2863.83841 16.329 0.011
2865.83527 16.549 0.010
2866.88493 16.276 0.010
2867.82496 16.502 0.010
2868.77261 16.185 0.009
2869.90560 16.481 0.010
2870.81920 16.145 0.008
2871.86213 16.432 0.010
2875.80850 16.353 0.010
2876.77940 16.388 0.009
2879.74292 16.243 0.008
2883.82909 16.163 0.008
2885.76388 16.071 0.007
2888.81219 16.357 0.010
2892.80358 16.279 0.010
2894.73275 16.197 0.010
2896.72983 16.145 0.008
2898.75079 16.082 0.008
2900.74966 15.976 0.007
2902.74918 16.293 0.008
2905.75637 16.283 0.009
2907.75776 16.209 0.008
2909.74687 16.167 0.006
2911.73824 16.077 0.007
2915.70971 16.297 0.009
2917.73582 16.531 0.009
2921.73358 16.471 0.010
2923.75551 16.435 0.010
2925.71850 16.413 0.009
2927.71599 16.370 0.010
2930.73409 16.498 0.010
2932.74060 16.536 0.010
2934.72040 16.458 0.009
2937.64443 16.078 0.008
2939.69708 16.007 0.008
2940.63717 16.355 0.008
2941.68702 16.179 0.008
2942.63717 16.307 0.009
2943.60836 16.556 0.010
2944.59297 16.253 0.009
2945.60974 16.514 0.014
2947.61923 16.457 0.010
2949.60053 16.406 0.010
2950.64530 16.083 0.008
2951.63247 16.388 0.010
2952.66138 15.999 0.008
2954.68631 16.081 0.009
2956.63229 16.519 0.009
2958.62669 16.530 0.010
2961.59780 16.162 0.010
2965.63620 16.007 0.007
2968.59754 16.311 0.010
2970.61679 16.289 0.009
2972.60128 16.233 0.009
2974.60201 16.175 0.008
2976.55172 16.079 0.008
2978.57781 15.988 0.008
2980.59466 16.156 0.010
2982.53987 16.533 0.010
2984.63077 16.568 0.011
2986.64088 16.492 0.010
2988.53325 16.431 0.011
2991.60632 16.041 0.008
2994.58863 16.339 0.010
2997.56080 16.530 0.010
3001.57728 16.438 0.010
3005.53533 16.381 0.011
3008.56164 16.423 0.012
3011.56503 16.251 0.010
3016.59169 16.417 0.010
3018.57813 16.392 0.010
3020.60619 16.362 0.010
3021.61901 16.238 0.007
3023.57491 16.538 0.010
3025.57339 16.504 0.010
3027.60691 16.454 0.010
3029.57880 16.425 0.010
3031.58336 16.389 0.009
3033.58571 16.355 0.009
3037.53274 16.259 0.010
3164.93313 16.222 0.009
3183.91512 16.031 0.007
3193.88290 16.439 0.010
3195.94210 16.420 0.009
3197.91757 16.387 0.010
3201.87501 16.298 0.007
3203.88297 16.264 0.007
3206.82083 16.437 0.010
3210.89688 16.395 0.009
3211.88828 15.987 0.007
3215.66442 16.478 0.011
3216.73243 16.215 0.010
3217.93293 16.525 0.011
3218.91758 16.224 0.010
3223.83842 16.388 0.010
3226.82868 16.387 0.009
3229.83583 16.252 0.008
3231.81795 16.209 0.010
3239.79634 16.365 0.009
3240.79359 16.314 0.010
3241.81795 16.546 0.010
3242.71728 16.240 0.009
3243.85373 16.536 0.010
3244.83092 16.224 0.009
3245.78006 16.449 0.010
3246.77250 16.140 0.009
3247.76629 16.423 0.010
3249.73097 16.384 0.009
3251.74449 16.348 0.008
3254.73162 16.558 0.009
3257.74804 16.192 0.007
3259.66723 16.119 0.008
3261.70531 16.037 0.007
3263.68801 16.073 0.007
3265.72242 16.393 0.008
3267.71125 16.541 0.008
3269.78767 16.553 0.011
3270.74450 16.223 0.008
3271.66732 16.433 0.010
3272.72452 16.152 0.008
3274.71039 16.064 0.008
3276.71483 15.992 0.008
3277.75362 16.370 0.009
3279.68517 16.315 0.009
3281.64393 16.220 0.007
3283.64540 16.192 0.007
3287.61161 16.016 0.007
3289.62268 16.072 0.007
3293.59946 16.537 0.008
3295.61825 16.516 0.008
3297.60003 16.422 0.007
3299.65638 16.413 0.007
3301.63060 16.389 0.010
3303.69287 16.370 0.009
3306.62541 16.525 0.008
3308.61315 16.525 0.010
3310.61228 16.434 0.009
3312.65632 16.423 0.009
3314.56711 16.392 0.010
3320.60497 16.253 0.008
3323.54845 16.438 0.009
3327.55993 16.397 0.009
3330.55418 16.389 0.009
3335.59899 16.237 0.009
3338.60260 16.410 0.008
3349.59890 16.471 0.009
3353.57801 16.412 0.009
3359.55452 16.278 0.009
3363.56188 16.186 0.008
3367.62118 16.068 0.007
3372.55193 16.296 0.008
3376.53124 16.187 0.009
3378.59816 16.150 0.008
3386.56462 16.547 0.008
3390.57818 16.458 0.010
3398.55995 16.310 0.009
3402.54833 16.226 0.007
3528.94050 16.481 0.010
3541.93329 16.486 0.008
3547.91789 16.392 0.008
3554.92610 16.509 0.009
3560.94825 16.406 0.009
3564.91042 16.295 0.007
3568.84127 16.179 0.007
3570.78198 16.111 0.009
3571.80432 16.425 0.011
3573.84180 16.380 0.009
3574.88082 16.000 0.007
3577.83947 16.299 0.008
3578.89804 16.567 0.008
3579.80287 16.240 0.007
3581.84782 16.206 0.008
3581.87054 16.202 0.008
3582.83269 16.444 0.009
3583.83713 16.139 0.007
3586.81146 16.397 0.007
3588.82936 16.345 0.008
3589.82217 16.454 0.008
3591.87696 16.576 0.008
3593.81453 16.496 0.009
3596.89498 16.167 0.007
3601.81260 16.363 0.009
3607.81804 16.217 0.007
3614.78944 16.357 0.007
3617.76894 16.565 0.008
3619.70186 16.487 0.008
3621.72033 16.436 0.008
3624.86862 16.139 0.008
3626.71801 16.060 0.007
3629.67159 16.302 0.009
3631.73398 16.246 0.009
3633.71023 16.208 0.009
3637.65323 16.036 0.007
3639.70330 16.019 0.006
3641.69985 16.415 0.008
3643.72422 16.568 0.008
3646.65916 16.196 0.008
3650.66243 16.043 0.007
3650.68648 16.055 0.007
3651.73641 16.420 0.008
3653.73257 16.381 0.008
3655.69874 16.335 0.008
3657.64953 16.271 0.008
3658.65396 16.507 0.010
3659.64199 16.207 0.008
3660.67214 16.472 0.010
3663.56363 16.014 0.009
3665.63720 16.020 0.007
3668.57565 16.288 0.008
3669.70650 16.506 0.010
3671.63255 16.510 0.009
3673.67741 16.471 0.010
3675.66199 16.426 0.009
3683.65130 16.273 0.008
3685.65646 16.240 0.007
3687.65509 16.197 0.008
3689.60351 16.073 0.007
3692.57931 16.375 0.009
3694.56330 16.301 0.009
3696.56381 16.275 0.008
3698.59749 16.219 0.008
3700.57842 16.164 0.008
3702.58773 16.099 0.007
3704.59399 15.993 0.007
3706.61444 16.210 0.007
3708.58731 16.543 0.010
3711.59390 16.224 0.009
3714.52763 16.420 0.011
3718.60816 16.397 0.010
3721.56174 16.522 0.010
3724.56673 16.233 0.008
3726.58727 16.179 0.008
3728.56038 16.108 0.008
3734.56384 16.505 0.009
3737.57951 16.243 0.008
3742.53814 16.424 0.012
3746.56340 16.350 0.010
3751.54328 16.474 0.011
3756.55603 16.056 0.008
3761.60627 16.305 0.009
3766.53109 16.443 0.009
3772.55392 16.351 0.009
3776.55397 16.287 0.009
3871.87986 16.354 0.010
3901.94239 16.280 0.009
3906.94269 16.439 0.009
3913.91962 16.511 0.008
3918.88313 16.179 0.008
3931.91846 16.207 0.008
3934.86150 16.418 0.008
3936.86968 16.389 0.008
3938.85371 16.353 0.009
3944.90109 16.200 0.007
3946.86923 16.133 0.007
3951.88858 16.361 0.008
3955.85373 16.289 0.010
3958.83324 16.433 0.010
3960.83041 16.421 0.008
3963.82712 16.013 0.008
3965.81899 16.426 0.007
3967.83884 16.554 0.008
3969.80449 16.501 0.009
3971.78068 16.441 0.008
3974.78243 16.043 0.007
3979.73780 16.306 0.008
3980.62114 16.505 0.010
3981.64740 16.217 0.007
3983.83774 16.213 0.008
3987.78626 16.061 0.007
3990.79361 16.375 0.008
3993.73842 16.542 0.009
3995.74370 16.496 0.008
3999.75300 16.422 0.008
4002.72511 16.000 0.006
4004.67688 16.479 0.008
4006.70313 16.563 0.008
4007.56650 16.209 0.007
4008.57543 16.459 0.008
4009.74377 16.207 0.008
4013.70198 16.064 0.007
4015.68427 16.041 0.010
4015.70052 15.993 0.008
4018.69968 16.326 0.008
4019.68825 16.581 0.010
4021.68072 16.515 0.008
4024.65421 16.132 0.007
4026.63309 16.029 0.006
4028.62905 16.045 0.006
4030.64160 16.428 0.009
4032.69370 16.558 0.010
4037.66988 16.163 0.007
4039.60781 16.034 0.007
4041.60735 16.024 0.008
4043.59306 16.463 0.010
4046.60238 16.236 0.008
4048.56830 16.188 0.008
4050.61040 16.133 0.007
4052.56249 16.032 0.007
4054.61667 15.997 0.007
4058.62231 16.543 0.009
4060.52114 16.508 0.010
4064.51877 16.411 0.008
4066.56024 16.383 0.008
4069.51861 16.446 0.010
4073.60218 16.526 0.010
4077.52552 16.442 0.009
4079.52747 16.385 0.011
4082.52740 16.377 0.010
4085.56513 16.278 0.008
4092.56117 16.422 0.008
4096.58713 16.342 0.009
4100.58992 16.235 0.008
4105.55771 16.401 0.009
4108.53396 16.175 0.008
4113.61185 16.265 0.008
4120.58269 16.421 0.008
4126.58051 16.275 0.010
4252.92975 16.516 0.011
4255.84907 16.117 0.010
4268.90236 16.166 0.009
4275.92451 16.334 0.010
4279.80223 16.195 0.012
4282.81273 16.431 0.010
4283.86567 16.094 0.009
4285.92000 16.016 0.008
4291.94079 16.560 0.011
4292.85932 16.217 0.008
4295.86335 16.423 0.009
4296.89311 16.118 0.008
4297.92597 16.412 0.009
4299.86081 16.373 0.009
4300.88229 16.055 0.007
4301.90029 16.329 0.008
4302.92192 16.373 0.010
4307.90082 16.189 0.008
4308.66197 16.391 0.010
4308.86997 16.432 0.010
4310.84231 16.408 0.010
4311.82986 16.026 0.010
4312.90373 16.382 0.008
4314.92320 16.358 0.010
4316.82974 16.277 0.010
4319.86692 16.504 0.010
4320.89381 16.205 0.009
4326.83769 16.001 0.007
4327.81618 16.352 0.010
4328.83182 16.438 0.010
4329.83410 16.307 0.009
4330.86261 16.553 0.010
4333.86389 16.214 0.009
4338.90427 16.409 0.010
4340.77674 16.319 0.009
4341.77191 16.456 0.010
4342.82779 16.299 0.010
4343.76542 16.545 0.010
4344.74756 16.226 0.009
4345.79352 16.488 0.010
4347.78245 16.437 0.009
4349.79565 16.426 0.010
4351.82288 16.395 0.010
4353.75595 16.346 0.010
4357.70482 16.237 0.009
4359.70276 16.175 0.007
4361.70532 16.117 0.009
4362.72805 16.418 0.010
4364.58709 16.364 0.011
4367.68460 16.499 0.010
4370.67626 16.232 0.009
4372.73970 16.194 0.008
4376.65508 16.014 0.008
4378.62167 16.206 0.009
4379.64964 16.337 0.010
4380.76248 16.252 0.008
4382.68995 16.551 0.010
4386.66500 16.439 0.009
4388.66549 16.415 0.009
4390.67447 16.380 0.009
4393.64827 16.449 0.009
4395.68313 16.547 0.010
4398.64858 16.192 0.009
4400.67145 16.141 0.009
4403.69725 16.403 0.010
4407.63733 16.305 0.009
4408.68352 16.533 0.010
4410.70644 16.532 0.010
4415.69059 16.087 0.008
4418.59725 16.344 0.009
4422.65845 16.277 0.009
4424.65553 16.230 0.009
4427.54220 16.418 0.010
4429.56815 16.390 0.012
4431.57262 16.360 0.010
4433.57845 16.301 0.009
4435.56679 16.256 0.009
4437.65585 16.232 0.010
4439.56769 16.150 0.009
4441.60354 16.072 0.008
4443.59425 15.984 0.008
4449.64828 16.541 0.010
4451.60341 16.472 0.010
4453.58538 16.426 0.010
4456.58680 16.002 0.009
4459.53933 16.316 0.010
4464.54257 16.457 0.010
4464.57900 16.464 0.010
4464.59443 16.485 0.010
4465.54495 16.161 0.009
4465.59436 16.167 0.008
4466.56666 16.424 0.010
4466.59627 16.427 0.010
4467.56304 16.111 0.009
4468.58828 16.407 0.009
4468.62316 16.409 0.009
4469.58202 16.017 0.008
4469.60822 16.026 0.008
4470.54760 16.369 0.010
4470.56385 16.370 0.010
4471.53571 16.204 0.009
4472.54790 16.329 0.009
4472.56954 16.325 0.008
4476.57848 16.243 0.008
4479.60329 16.452 0.010
4481.58796 16.412 0.009
4484.60464 16.021 0.010
4487.62618 16.323 0.011
4609.89945 16.026 0.008
4643.88417 16.460 0.010
4649.93437 16.379 0.010
4655.94586 16.233 0.008
4661.89753 16.024 0.007
4662.78023 16.348 0.008
4662.89717 16.364 0.009
4663.75193 16.435 0.010
4663.93583 15.995 0.008
4665.82490 16.528 0.010
4665.91883 16.427 0.010
4666.91270 16.291 0.010
4670.90713 16.190 0.008
4671.82138 16.423 0.010
4672.88111 16.131 0.008
4675.89873 16.392 0.009
4681.87847 16.242 0.008
4683.87371 16.188 0.008
4685.85982 16.129 0.008
4688.81121 16.385 0.008
4690.73673 16.320 0.008
4691.73963 16.554 0.012
4693.89470 16.546 0.011
4696.84464 16.204 0.010
4698.75645 16.092 0.007
4699.75045 16.403 0.009
4700.78795 16.013 0.007
4701.79316 16.389 0.009
4702.85331 15.970 0.007
4703.75236 16.334 0.008
4704.77121 16.488 0.009
4705.77846 16.309 0.009
4707.77113 16.229 0.007
4708.83935 16.513 0.009
4710.75536 16.410 0.008
4716.75687 16.352 0.008
4719.74902 16.528 0.010
4721.73799 16.462 0.012
4724.76768 16.146 0.008
4726.66336 15.998 0.009
4729.67438 16.321 0.010
4730.70298 16.494 0.008
4731.72747 16.290 0.008
4731.76460 16.303 0.008
4733.70945 16.230 0.008
4733.80495 16.261 0.008
4734.66637 16.460 0.009
4734.74691 16.491 0.009
4736.67069 16.436 0.010
4736.71168 16.443 0.010
4738.75240 16.423 0.010
4739.65299 16.017 0.008
4741.72755 15.992 0.006
4747.59416 16.455 0.010
4749.59377 16.422 0.010
4753.66287 16.394 0.010
4755.65682 16.329 0.008
4757.64128 16.276 0.008
4759.65387 16.250 0.008
4761.62416 16.185 0.007
4763.63679 16.128 0.009
4766.60499 16.371 0.010
4769.64307 16.413 0.010
4771.55412 16.526 0.010
4772.59926 16.229 0.008
4772.67595 16.254 0.008
4773.56342 16.469 0.009
4773.67897 16.508 0.009
4774.53234 16.158 0.008
4774.65539 16.209 0.008
4775.53198 16.431 0.010
4775.66582 16.441 0.010
4776.54130 16.094 0.009
4777.50938 16.395 0.011
4777.59955 16.406 0.009
4779.63515 16.386 0.009
4781.58504 16.335 0.009
4783.56867 16.279 0.009
4785.59977 16.261 0.009
4789.53519 16.120 0.009
4790.61740 16.407 0.008
4791.61568 16.066 0.007
4793.51981 16.165 0.008
4795.53687 16.475 0.009
4797.52907 16.539 0.010
4798.59236 16.252 0.010
4800.63966 16.212 0.008
4803.53098 16.401 0.010
4804.58117 16.068 0.008
4805.54289 16.384 0.009
4806.59018 15.985 0.007
4806.62668 16.008 0.008
4807.54336 16.318 0.010
4807.60545 16.367 0.010
4808.54841 16.387 0.010
4808.61620 16.243 0.009
4809.55051 16.298 0.009
4809.63039 16.315 0.009
4810.55883 16.569 0.010
4811.56374 16.275 0.009
4812.63156 16.533 0.013
4813.59818 16.223 0.009
4815.57433 16.170 0.009
4817.59084 16.082 0.007
4819.59045 15.992 0.007
4821.63235 16.080 0.007
4822.57254 16.331 0.009
4823.53713 16.551 0.011
4823.59314 16.517 0.010
4824.54550 16.265 0.009
4824.62841 16.307 0.009
4825.56977 16.511 0.010
4825.62160 16.540 0.010
4826.58470 16.223 0.009
4832.59470 16.029 0.008
4835.57652 16.337 0.010
4839.59804 16.253 0.010
4842.56509 16.431 0.010
4844.57356 16.399 0.009
4847.62986 16.004 0.009
4849.58972 16.422 0.009
4853.58713 16.503 0.010
4856.58110 16.133 0.008
4865.55420 16.242 0.009
4935.92066 16.524 0.010
4937.92098 16.538 0.010
4940.92254 16.173 0.009
4952.92202 16.471 0.010
