2086.89595 15.709 0.007
2103.90274 15.625 0.006
2105.93288 15.411 0.006
2106.89851 15.632 0.007
2112.85090 15.667 0.007
2116.87865 15.167 0.006
2123.82559 15.537 0.007
2128.83308 15.273 0.006
2129.86507 15.571 0.007
2130.85146 15.781 0.007
2131.84555 15.318 0.006
2133.90217 15.799 0.007
2134.81762 15.336 0.007
2135.85167 15.610 0.007
2137.89885 15.384 0.007
2140.81893 15.389 0.006
2142.75883 15.803 0.007
2143.82431 15.423 0.006
2144.83102 15.645 0.007
2155.88621 15.521 0.007
2156.83283 15.713 0.007
2160.76221 15.234 0.006
2162.76904 15.745 0.007
2166.76361 15.298 0.006
2167.77210 15.576 0.007
2168.72127 15.775 0.007
2171.74714 15.800 0.007
2172.75380 15.359 0.006
2177.64731 15.810 0.007
2184.70893 15.443 0.007
2185.67243 15.647 0.007
2186.69728 15.322 0.007
2187.69245 15.445 0.007
2190.69904 15.488 0.007
2191.66960 15.674 0.007
2192.67007 15.147 0.005
2193.69113 15.496 0.006
2194.66127 15.697 0.007
2203.55773 15.735 0.007
2206.61402 15.776 0.008
2211.64811 15.601 0.007
2212.65193 15.786 0.007
2213.65776 15.378 0.006
2214.64895 15.618 0.007
2215.65592 15.710 0.007
2217.64262 15.631 0.007
2219.68549 15.459 0.007
2222.73404 15.481 0.007
2224.72034 15.153 0.006
2226.64324 15.677 0.007
2228.56514 15.475 0.007
2229.62340 15.683 0.007
2231.65005 15.524 0.007
2232.51680 15.684 0.007
2233.62020 15.235 0.006
2235.67030 15.756 0.007
2238.55386 15.740 0.007
2240.65814 15.593 0.007
2242.62567 15.345 0.007
2248.61498 15.391 0.006
2250.58362 15.758 0.007
2253.57727 15.613 0.007
2255.61392 15.659 0.007
2258.58020 15.673 0.006
2263.59094 15.507 0.006
2266.56690 15.529 0.007
2271.57128 15.271 0.006
2273.57061 15.787 0.007
2275.60553 15.579 0.007
2276.56511 15.796 0.008
2278.59768 15.596 0.007
2280.59351 15.372 0.007
2284.59640 15.644 0.007
2290.61035 15.658 0.007
2293.57263 15.678 0.007
2295.56548 15.478 0.007
2297.56878 15.174 0.006
2299.56785 15.720 0.007
2301.56013 15.552 0.007
2445.91870 15.347 0.007
2460.88634 15.280 0.007
2463.92265 15.320 0.006
2465.93545 15.811 0.007
2467.90844 15.602 0.007
2469.90781 15.383 0.006
2471.89728 15.790 0.007
2472.92672 15.419 0.006
2473.91360 15.665 0.005
2481.91095 15.468 0.007
2483.89619 15.155 0.006
2486.89319 15.176 0.006
2488.88711 15.711 0.007
2489.93058 15.245 0.006
2492.91096 15.267 0.006
2496.91065 15.576 0.007
2497.93406 15.801 0.007
2498.78132 15.288 0.006
2499.86697 15.590 0.007
2500.87250 15.806 0.007
2501.86149 15.342 0.006
2502.84166 15.587 0.007
2508.75298 15.618 0.008
2516.78426 15.461 0.007
2517.83102 15.687 0.007
2518.80243 15.215 0.006
2519.83936 15.497 0.007
2520.79873 15.689 0.007
2521.83085 15.172 0.006
2524.82913 15.205 0.007
2526.78534 15.725 0.007
2534.84173 15.597 0.007
2535.82191 15.803 0.007
2537.70967 15.584 0.007
2538.80568 15.813 0.007
2539.70876 15.348 0.007
2540.75035 15.619 0.007
2541.72067 15.818 0.007
2542.69046 15.375 0.006
2544.66971 15.812 0.007
2545.68403 15.398 0.006
2547.70201 15.740 0.007
2548.71919 15.432 0.006
2550.71433 15.527 0.007
2551.70097 15.453 0.006
2552.71703 15.679 0.006
2553.65768 15.475 0.007
2554.71018 15.480 0.007
2555.71812 15.679 0.007
2556.69716 15.178 0.006
2557.70969 15.502 0.006
2558.66615 15.688 0.007
2559.62306 15.166 0.006
2560.65612 15.505 0.007
2562.67456 15.204 0.006
2563.68252 15.529 0.007
2564.69787 15.728 0.007
2565.68809 15.245 0.006
2566.66836 15.546 0.007
2568.69938 15.299 0.007
2571.65275 15.298 0.007
2573.66544 15.795 0.008
2574.64927 15.348 0.006
2576.66256 15.805 0.007
2577.63615 15.365 0.007
2578.63623 15.611 0.007
2579.64287 15.802 0.007
2580.65499 15.392 0.006
2583.62630 15.421 0.007
2584.63367 15.654 0.007
2586.63252 15.449 0.006
2587.61599 15.667 0.007
2588.72439 15.183 0.006
2589.60687 15.457 0.007
2590.62107 15.658 0.007
2591.64418 15.177 0.006
2593.61321 15.686 0.007
2594.61699 15.158 0.006
2596.59251 15.701 0.007
2597.57967 15.183 0.006
2598.65353 15.531 0.007
2599.61299 15.729 0.007
2607.63421 15.587 0.007
2610.55396 15.595 0.007
2613.54776 15.611 0.007
2615.57663 15.393 0.007
2619.56428 15.653 0.007
2621.57331 15.444 0.007
2625.55586 15.672 0.008
2632.55505 15.194 0.006
2636.55079 15.543 0.007
2639.55069 15.565 0.007
2642.56002 15.587 0.007
2646.57224 15.822 0.007
2651.54486 15.636 0.007
2654.56616 15.646 0.007
2657.56494 15.673 0.007
2660.56465 15.679 0.007
2671.55835 15.564 0.007
2673.57015 15.311 0.007
2676.53151 15.319 0.007
2679.54590 15.365 0.006
2682.54778 15.394 0.007
2777.91025 15.521 0.007
2804.87723 15.359 0.007
2811.91173 15.656 0.008
2814.94739 15.676 0.007
2817.93394 15.671 0.007
2831.78880 15.553 0.007
2832.75478 15.755 0.007
2832.93272 15.800 0.007
2833.87270 15.327 0.007
2835.88137 15.802 0.007
2837.88243 15.599 0.008
2838.93959 15.777 0.009
2840.83235 15.607 0.007
2843.83379 15.638 0.007
2844.87960 15.585 0.007
2845.92561 15.445 0.007
2849.86306 15.665 0.007
2850.89581 15.164 0.006
2851.93937 15.497 0.007
2852.81001 15.684 0.007
2854.83577 15.494 0.007
2856.82273 15.174 0.007
2858.91679 15.742 0.007
2860.88277 15.548 0.007
2861.75397 15.729 0.007
2862.93297 15.303 0.007
2863.84219 15.564 0.007
2865.83904 15.307 0.006
2866.88873 15.581 0.007
2867.82873 15.788 0.007
2868.77641 15.309 0.006
2869.90995 15.612 0.007
2870.82299 15.802 0.007
2871.86593 15.370 0.006
2875.81228 15.622 0.007
2879.74672 15.742 0.007
2883.83287 15.454 0.007
2885.76768 15.306 0.006
2888.81600 15.161 0.006
2892.80738 15.520 0.007
2894.73654 15.197 0.006
2896.73363 15.730 0.007
2898.75461 15.538 0.007
2900.75346 15.285 0.006
2902.75299 15.778 0.007
2905.76018 15.804 0.007
2907.76157 15.609 0.007
2909.75069 15.379 0.005
2911.74203 15.782 0.006
2915.71354 15.415 0.006
2917.73964 15.475 0.006
2921.73740 15.470 0.007
2923.75933 15.157 0.006
2925.72232 15.684 0.007
2927.71983 15.511 0.007
2930.73790 15.541 0.007
2932.74443 15.265 0.006
2934.72423 15.759 0.007
2939.70090 15.579 0.007
2940.64099 15.788 0.007
2941.69084 15.340 0.006
2942.64098 15.586 0.007
2943.61217 15.796 0.007
2944.59678 15.345 0.006
2945.61356 15.592 0.007
2947.62306 15.377 0.007
2949.60432 15.786 0.007
2950.64910 15.414 0.006
2951.63628 15.644 0.007
2952.66522 15.561 0.007
2954.69012 15.669 0.007
2956.63608 15.456 0.006
2958.63048 15.203 0.006
2961.60159 15.173 0.007
2965.63998 15.519 0.007
2968.60132 15.518 0.007
2970.62058 15.276 0.006
2972.60506 15.767 0.007
2974.62664 15.575 0.007
2976.55549 15.316 0.006
2978.58159 15.814 0.008
2980.59847 15.604 0.007
2982.54365 15.373 0.007
2984.63456 15.706 0.007
2986.64467 15.627 0.007
2988.53701 15.429 0.007
2991.61008 15.454 0.007
2994.59280 15.476 0.007
2997.56587 15.496 0.007
3001.58104 15.712 0.007
3005.53908 15.256 0.007
3008.56540 15.310 0.007
3011.56879 15.343 0.007
3016.59542 15.784 0.007
3018.58187 15.627 0.007
3020.60993 15.422 0.007
3021.62273 15.644 0.006
3023.57864 15.436 0.006
3025.57713 15.315 0.006
3027.61064 15.680 0.007
3029.58252 15.480 0.007
3031.58708 15.165 0.006
3033.58943 15.702 0.007
3037.53647 15.228 0.006
3164.93685 15.791 0.007
3183.91885 15.480 0.007
3193.88663 15.746 0.007
3195.94584 15.569 0.007
3197.92134 15.323 0.006
3201.87876 15.574 0.005
3203.88672 15.346 0.006
3210.90063 15.650 0.007
3211.89205 15.584 0.007
3215.66817 15.399 0.007
3216.73621 15.649 0.007
3217.93669 15.149 0.006
3218.92611 15.513 0.007
3223.84218 15.185 0.006
3226.83247 15.216 0.006
3229.83962 15.257 0.006
3231.82173 15.752 0.007
3239.80013 15.611 0.007
3240.79737 15.805 0.007
3241.82174 15.379 0.006
3242.72110 15.597 0.007
3243.85752 15.727 0.007
3244.83473 15.399 0.007
3245.78386 15.623 0.007
3246.77628 15.731 0.007
3247.77007 15.427 0.006
3249.73476 15.646 0.007
3254.73543 15.659 0.007
3257.75185 15.677 0.006
3259.67103 15.480 0.006
3261.70910 15.174 0.005
3263.69180 15.707 0.006
3265.72622 15.535 0.006
3267.71503 15.275 0.005
3270.74832 15.318 0.006
3271.67112 15.576 0.007
3272.72833 15.790 0.007
3274.71421 15.587 0.007
3276.71864 15.353 0.006
3277.75741 15.621 0.007
3279.68899 15.380 0.006
3281.64774 15.786 0.007
3283.64922 15.631 0.006
3287.61539 15.594 0.006
3289.62648 15.647 0.006
3293.60324 15.188 0.005
3295.62205 15.689 0.006
3297.60385 15.493 0.005
3299.66019 15.214 0.005
3301.63441 15.740 0.007
3303.69667 15.567 0.007
3306.62921 15.570 0.005
3308.61696 15.315 0.006
3310.61607 15.819 0.007
3312.66011 15.607 0.007
3314.57091 15.359 0.007
3320.60877 15.423 0.006
3323.55224 15.426 0.006
3327.56371 15.666 0.007
3330.55797 15.686 0.007
3335.60278 15.535 0.007
3338.60638 15.538 0.006
3349.60268 15.381 0.006
3353.58180 15.639 0.007
3359.55830 15.651 0.007
3363.56565 15.147 0.006
3367.62496 15.519 0.006
3372.55568 15.255 0.006
3376.53500 15.561 0.006
3378.60190 15.349 0.006
3386.56837 15.744 0.006
3390.58191 15.438 0.006
3398.56367 15.168 0.006
3402.55205 15.515 0.005
3541.93700 15.396 0.006
3547.92158 15.458 0.006
3554.92979 15.696 0.007
3560.95196 15.765 0.007
3564.91411 15.315 0.005
3568.84499 15.575 0.006
3570.78569 15.338 0.007
3571.80804 15.596 0.007
3573.84553 15.372 0.006
3574.88455 15.637 0.007
3577.84320 15.634 0.006
3578.90176 15.588 0.006
3579.80661 15.419 0.006
3581.85156 15.492 0.006
3581.87612 15.429 0.006
3582.83643 15.453 0.007
3583.84645 15.656 0.006
3586.81520 15.678 0.006
3588.83307 15.490 0.006
3589.82798 15.689 0.006
3591.88071 15.527 0.006
3593.81826 15.208 0.006
3596.89873 15.285 0.005
3601.81635 15.793 0.007
3607.82179 15.809 0.007
3614.79320 15.420 0.005
3617.77564 15.443 0.006
3619.70562 15.526 0.006
3621.72409 15.663 0.006
3624.87238 15.711 0.007
3626.72177 15.500 0.006
3629.67536 15.503 0.007
3631.73775 15.241 0.006
3633.71404 15.747 0.007
3637.65701 15.275 0.006
3639.70708 15.778 0.006
3641.70363 15.594 0.006
3643.72800 15.373 0.006
3646.66294 15.379 0.006
3650.66619 15.611 0.007
3650.69027 15.637 0.006
3651.74017 15.522 0.006
3653.73634 15.653 0.006
3655.70250 15.462 0.006
3657.65620 15.279 0.005
3658.66833 15.466 0.006
3659.64772 15.659 0.007
3660.67591 15.184 0.006
3663.56740 15.190 0.006
3665.64309 15.730 0.007
3668.57944 15.707 0.007
3669.71027 15.280 0.006
3671.63906 15.756 0.006
3673.68117 15.584 0.007
3675.66576 15.328 0.006
3683.65507 15.764 0.007
3685.66022 15.647 0.006
3687.66051 15.440 0.006
3689.61206 15.488 0.006
3692.58306 15.379 0.006
3694.56706 15.685 0.007
3696.56758 15.479 0.006
3698.60124 15.183 0.006
3700.58216 15.711 0.007
3702.59148 15.526 0.006
3704.59775 15.274 0.006
3706.61821 15.763 0.006
3708.59106 15.581 0.007
3711.59766 15.597 0.007
3714.53138 15.590 0.007
3718.61190 15.763 0.007
3721.56549 15.702 0.007
3724.57048 15.499 0.006
3726.59100 15.671 0.007
3728.56412 15.472 0.006
3734.56755 15.522 0.007
3737.58323 15.550 0.006
3742.54187 15.287 0.006
3746.56710 15.587 0.007
3751.54698 15.387 0.007
3766.53479 15.492 0.006
3772.55762 15.556 0.007
3776.55766 15.785 0.007
3871.88353 15.611 0.007
3901.94609 15.797 0.007
3906.94641 15.627 0.007
3913.92444 15.440 0.006
3918.88686 15.673 0.006
3931.92218 15.301 0.006
3934.86522 15.316 0.005
3936.87342 15.796 0.007
3938.85743 15.606 0.006
3944.90483 15.646 0.006
3946.87297 15.428 0.006
3951.89229 15.190 0.005
3955.85742 15.486 0.007
3958.84295 15.511 0.006
3960.83410 15.209 0.005
3963.83085 15.240 0.006
3965.82268 15.753 0.006
3967.86502 15.575 0.006
3969.80822 15.313 0.006
3971.78439 15.795 0.006
3974.78615 15.810 0.007
3979.74737 15.624 0.006
3980.62485 15.799 0.007
3981.65114 15.378 0.006
3983.84147 15.425 0.006
3987.78999 15.478 0.006
3990.79732 15.492 0.006
3993.74216 15.494 0.006
3995.74741 15.189 0.005
3999.75673 15.544 0.006
4002.72884 15.548 0.006
4004.68061 15.275 0.005
4006.70686 15.795 0.006
4007.57021 15.272 0.005
4008.57919 15.563 0.006
4009.74901 15.808 0.007
4013.70571 15.386 0.006
4016.70031 15.390 0.006
4018.70703 15.633 0.006
4019.69768 15.434 0.006
4021.68446 15.475 0.006
4024.65795 15.299 0.005
4026.63683 15.671 0.006
4028.63278 15.480 0.006
4030.64534 15.159 0.005
4032.69744 15.716 0.007
4037.67362 15.547 0.006
4039.61153 15.281 0.005
4041.61110 15.759 0.007
4043.59677 15.572 0.006
4046.60608 15.594 0.007
4048.57201 15.368 0.006
4050.61410 15.781 0.006
4052.56622 15.630 0.006
4054.62038 15.443 0.006
4056.59244 15.591 0.007
4058.62602 15.665 0.006
4060.52482 15.450 0.006
4064.52249 15.672 0.006
4066.56397 15.499 0.006
4069.52231 15.521 0.006
4073.60586 15.767 0.007
4077.52923 15.301 0.006
4079.53117 15.799 0.007
4082.53109 15.813 0.007
4085.56880 15.794 0.007
4092.56486 15.442 0.006
4096.59080 15.671 0.007
4100.59357 15.189 0.006
4105.56139 15.739 0.007
4108.53763 15.757 0.006
4113.61552 15.600 0.006
4120.58634 15.757 0.006
4252.93338 15.499 0.007
4255.85269 15.495 0.007
4268.90567 15.806 0.007
4275.92780 15.397 0.007
4279.82448 15.646 0.008
4282.81603 15.666 0.007
4283.86899 15.396 0.007
4285.92330 15.676 0.007
4291.94412 15.738 0.008
4292.86263 15.199 0.006
4295.86669 15.238 0.006
4296.89641 15.560 0.007
4297.92929 15.782 0.007
4299.86414 15.571 0.007
4300.88564 15.794 0.007
4301.90363 15.326 0.006
4302.92524 15.604 0.007
4306.92239 15.803 0.007
4307.90414 15.385 0.006
4308.66530 15.582 0.007
4308.87330 15.618 0.007
4310.84566 15.395 0.007
4311.83321 15.642 0.008
4312.90708 15.614 0.007
4314.92654 15.657 0.007
4316.83308 15.451 0.007
4319.87026 15.490 0.007
4320.89715 15.683 0.007
4326.84105 15.717 0.007
4327.81987 15.229 0.007
4328.83551 15.528 0.007
4329.83745 15.734 0.007
4330.86633 15.257 0.006
4333.86761 15.311 0.006
4338.90798 15.812 0.007
4340.78046 15.592 0.007
4341.77563 15.804 0.007
4342.83151 15.371 0.007
4343.76913 15.615 0.007
4344.75128 15.799 0.007
4345.79723 15.392 0.007
4347.78617 15.740 0.007
4349.79936 15.646 0.007
4351.82660 15.453 0.007
4353.75966 15.426 0.007
4357.70854 15.481 0.007
4359.70648 15.170 0.005
4361.70904 15.691 0.007
4362.73386 15.186 0.006
4364.59079 15.694 0.007
4367.68831 15.737 0.007
4370.67999 15.762 0.007
4372.74342 15.586 0.007
4376.65880 15.797 0.007
4378.62539 15.584 0.007
4379.65336 15.814 0.008
4380.76622 15.403 0.006
4382.69365 15.780 0.007
4386.66871 15.425 0.007
4388.66921 15.538 0.007
4390.67819 15.662 0.007
4393.65199 15.677 0.007
4395.68687 15.498 0.007
4398.65231 15.519 0.007
4400.67516 15.217 0.006
4403.70098 15.274 0.006
4407.64105 15.573 0.007
4408.68724 15.803 0.007
4410.71015 15.608 0.007
4415.69431 15.398 0.006
4418.60096 15.395 0.006
4422.66218 15.654 0.007
4424.65925 15.464 0.007
4427.54593 15.445 0.007
4429.57188 15.232 0.007
4431.57634 15.701 0.007
4433.58218 15.510 0.007
4435.57049 15.185 0.006
4437.65954 15.751 0.007
4439.57139 15.549 0.007
4441.60725 15.295 0.006
4443.59796 15.784 0.007
4449.65198 15.798 0.007
4451.60709 15.630 0.007
4453.58907 15.413 0.007
4456.59046 15.445 0.007
4459.54303 15.453 0.007
4464.58268 15.161 0.006
4465.54863 15.495 0.007
4470.56754 15.203 0.006
4474.60401 15.574 0.007
4476.58217 15.295 0.006
4479.60695 15.340 0.007
4481.59163 15.807 0.007
4484.60831 15.795 0.008
4487.62981 15.686 0.008
4609.90308 15.768 0.007
4643.88780 15.634 0.007
4649.93801 15.664 0.007
4655.94978 15.705 0.007
4661.90120 15.751 0.007
4662.78390 15.192 0.006
4662.90085 15.258 0.006
4663.75560 15.528 0.007
4663.93950 15.565 0.007
4665.82860 15.266 0.006
4665.92253 15.303 0.007
4666.91639 15.575 0.007
4670.91082 15.809 0.007
4671.82506 15.333 0.006
4672.88480 15.604 0.007
4675.90243 15.623 0.007
4681.88217 15.653 0.006
4683.87741 15.456 0.006
4685.86351 15.283 0.006
4688.81488 15.208 0.006
4690.74042 15.668 0.007
4691.74334 15.192 0.006
4693.89842 15.740 0.007
4696.84835 15.746 0.008
4698.76015 15.541 0.006
4699.75416 15.735 0.007
4700.79165 15.267 0.006
4701.79687 15.564 0.007
4702.85700 15.799 0.007
4703.75609 15.289 0.006
4704.77492 15.578 0.007
4705.78216 15.799 0.007
4707.77483 15.587 0.006
4708.84309 15.814 0.007
4710.75907 15.614 0.006
4716.76058 15.642 0.007
4719.75274 15.667 0.007
4721.74173 15.491 0.007
4724.77142 15.486 0.006
4726.66708 15.232 0.006
4729.67811 15.161 0.006
4731.76830 15.733 0.007
4734.75064 15.745 0.007
4739.65672 15.553 0.007
4741.73127 15.328 0.006
4747.59786 15.348 0.006
4749.59748 15.800 0.007
4753.66659 15.427 0.007
4755.66055 15.584 0.007
4757.64500 15.661 0.007
4759.65758 15.469 0.006
4761.62788 15.211 0.005
4763.64051 15.687 0.007
4766.60874 15.695 0.007
4769.64680 15.728 0.007
4771.55783 15.524 0.007
4773.68268 15.302 0.006
4775.66955 15.795 0.007
4777.60326 15.576 0.007
4779.63887 15.350 0.006
4781.58876 15.807 0.007
4783.57239 15.610 0.007
4785.60350 15.387 0.007
4789.53890 15.644 0.007
4790.62111 15.560 0.006
4791.61938 15.447 0.006
4793.52353 15.586 0.007
4795.54057 15.657 0.007
4797.53278 15.470 0.007
4798.59605 15.693 0.007
4800.64337 15.518 0.006
4803.53467 15.501 0.007
4804.58487 15.725 0.007
4806.59386 15.550 0.007
4808.55212 15.270 0.006
4810.56253 15.774 0.007
4813.60190 15.799 0.007
4815.57807 15.594 0.007
4817.59453 15.380 0.006
4819.59415 15.796 0.007
4821.63602 15.648 0.007
4823.59680 15.431 0.006
4825.62526 15.431 0.006
4833.55760 15.701 0.007
4835.58019 15.527 0.007
4839.60169 15.752 0.007
4842.56876 15.761 0.007
4844.57929 15.567 0.006
4847.63353 15.625 0.007
4849.59337 15.369 0.006
4853.59080 15.638 0.007
4856.58475 15.653 0.007
4865.55783 15.689 0.007
