2104.88015 14.169 0.005
2112.92050 14.197 0.005
2115.89654 14.398 0.005
2116.92441 14.450 0.005
2117.88280 14.267 0.005
2123.87839 14.452 0.005
2128.87832 14.288 0.005
2130.81712 14.443 0.005
2131.81013 14.358 0.005
2132.85489 14.170 0.005
2133.86739 14.187 0.005
2134.86050 14.231 0.005
2135.89742 14.276 0.005
2136.90121 14.344 0.005
2140.86393 14.173 0.005
2141.77415 14.227 0.005
2142.87404 14.263 0.005
2143.88310 14.331 0.005
2144.79872 14.412 0.005
2156.72451 14.238 0.005
2160.80374 14.300 0.005
2162.81406 14.193 0.005
2166.80491 14.445 0.005
2167.73814 14.349 0.005
2168.76273 14.177 0.005
2172.80103 14.342 0.005
2173.75706 14.432 0.005
2174.74079 14.389 0.005
2177.68892 14.227 0.005
2184.75021 14.217 0.005
2186.73851 14.317 0.005
2187.65851 14.403 0.005
2189.74013 14.273 0.005
2190.74023 14.169 0.005
2191.64436 14.206 0.005
2192.70825 14.231 0.005
2193.73545 14.303 0.005
2194.70029 14.379 0.005
2200.71467 14.288 0.005
2203.60292 14.353 0.005
2206.65263 14.229 0.005
2208.69672 14.345 0.005
2211.70464 14.181 0.005
2212.69125 14.170 0.005
2214.69127 14.244 0.005
2215.72725 14.320 0.005
2217.68642 14.422 0.005
2219.72340 14.184 0.005
2222.77270 14.333 0.005
2223.67776 14.401 0.005
2228.60369 14.240 0.005
2230.54177 14.376 0.005
2232.55478 14.310 0.005
2234.59680 14.197 0.005
2236.58602 14.282 0.005
2239.53357 14.351 0.005
2241.57835 14.177 0.005
2243.61670 14.268 0.005
2249.57288 14.223 0.005
2251.62684 14.333 0.005
2254.58061 14.226 0.005
2256.59795 14.223 0.005
2259.61878 14.404 0.005
2262.62526 14.162 0.005
2266.61713 14.379 0.005
2271.59206 14.232 0.005
2273.59129 14.368 0.005
2276.58597 14.159 0.005
2280.57988 14.343 0.005
2285.57584 14.219 0.005
2289.61168 14.400 0.005
2291.61693 14.178 0.005
2293.61336 14.258 0.005
2295.61006 14.421 0.005
2297.61462 14.238 0.005
2299.60926 14.212 0.005
2301.60080 14.321 0.005
2453.88795 14.431 0.005
2460.93465 14.432 0.005
2464.89199 14.221 0.005
2466.88549 14.306 0.005
2468.87974 14.442 0.005
2470.87073 14.165 0.005
2472.89082 14.242 0.005
2481.87633 14.370 0.005
2483.93777 14.311 0.005
2486.93850 14.230 0.005
2489.82052 14.452 0.005
2490.81676 14.377 0.005
2496.80048 14.413 0.005
2497.82277 14.410 0.005
2498.82307 14.215 0.005
2499.90810 14.175 0.005
2500.91648 14.221 0.005
2501.91118 14.253 0.005
2502.88328 14.326 0.005
2508.79388 14.241 0.005
2516.82627 14.288 0.005
2517.87328 14.371 0.005
2518.84754 14.450 0.005
2519.79884 14.308 0.005
2520.84100 14.159 0.005
2521.79160 14.190 0.005
2524.79451 14.357 0.005
2526.82647 14.336 0.005
2529.78500 14.223 0.005
2535.74461 14.168 0.005
2537.75111 14.258 0.005
2538.85159 14.329 0.005
2539.74700 14.407 0.005
2540.79179 14.443 0.005
2541.75901 14.240 0.005
2542.72867 14.161 0.005
2544.71085 14.237 0.005
2545.72215 14.299 0.005
2547.74029 14.444 0.005
2548.76046 14.281 0.005
2550.75560 14.196 0.005
2551.74273 14.237 0.005
2552.75810 14.295 0.005
2553.69890 14.385 0.005
2554.75125 14.450 0.005
2555.75922 14.305 0.005
2556.73845 14.158 0.005
2557.75078 14.189 0.005
2558.70733 14.224 0.005
2559.66429 14.277 0.005
2560.69739 14.346 0.005
2561.74295 14.452 0.005
2562.71559 14.346 0.005
2563.72363 14.167 0.005
2564.74001 14.181 0.005
2565.73491 14.224 0.005
2566.71390 14.265 0.005
2571.70216 14.180 0.005
2572.76963 14.237 0.005
2573.70779 14.256 0.005
2574.68749 14.313 0.005
2576.73195 14.418 0.005
2577.69019 14.244 0.005
2578.67524 14.159 0.005
2579.68541 14.212 0.005
2580.69368 14.244 0.005
2583.66992 14.447 0.005
2584.67222 14.274 0.005
2587.65751 14.237 0.005
2588.66941 14.302 0.005
2589.66249 14.364 0.005
2590.67036 14.452 0.005
2591.69812 14.291 0.005
2593.65493 14.203 0.005
2594.66146 14.239 0.005
2596.63413 14.358 0.005
2597.62298 14.441 0.005
2598.70168 14.330 0.005
2599.66221 14.162 0.005
2608.56289 14.226 0.005
2610.59948 14.314 0.005
2613.59088 14.253 0.005
2615.62649 14.224 0.005
2620.59687 14.266 0.005
2622.54465 14.200 0.005
2625.59803 14.382 0.005
2629.53785 14.183 0.005
2632.57591 14.344 0.005
2636.57235 14.185 0.005
2639.57162 14.338 0.005
2643.54459 14.171 0.005
2649.55003 14.234 0.005
2651.58786 14.212 0.005
2655.54767 14.448 0.005
2658.55950 14.213 0.005
2661.57617 14.379 0.005
2665.53905 14.187 0.005
2669.56520 14.452 0.005
2674.54997 14.280 0.005
2676.57011 14.432 0.005
2677.53331 14.372 0.005
2680.54056 14.224 0.005
2683.56478 14.433 0.005
2804.84270 14.345 0.005
2805.89912 14.445 0.005
2811.95213 14.345 0.005
2815.92597 14.180 0.005
2818.93855 14.326 0.005
2829.87262 14.164 0.005
2831.86515 14.235 0.005
2832.81614 14.293 0.005
2833.91475 14.382 0.005
2835.90349 14.304 0.005
2837.90922 14.210 0.005
2840.89262 14.363 0.005
2843.87863 14.169 0.005
2844.91992 14.193 0.005
2848.82660 14.451 0.005
2849.90464 14.368 0.005
2850.93618 14.188 0.005
2852.86483 14.233 0.005
2854.87617 14.329 0.005
2857.88348 14.215 0.005
2859.87077 14.228 0.005
2860.92313 14.258 0.005
2861.79488 14.310 0.005
2862.88097 14.410 0.005
2863.88287 14.455 0.005
2865.80530 14.164 0.005
2867.79478 14.240 0.005
2868.83541 14.300 0.005
2869.85601 14.391 0.005
2870.86351 14.458 0.005
2872.78757 14.167 0.005
2875.85476 14.299 0.005
2876.88074 14.384 0.005
2877.85314 14.453 0.005
2879.81793 14.159 0.005
2884.76798 14.444 0.005
2886.78076 14.196 0.005
2890.73969 14.336 0.005
2893.79129 14.224 0.005
2895.80215 14.230 0.005
2897.74972 14.327 0.005
2899.78203 14.449 0.005
2903.80074 14.248 0.005
2906.74949 14.462 0.005
2908.72650 14.164 0.005
2910.72139 14.241 0.005
2912.72731 14.372 0.005
2916.73996 14.195 0.005
2918.71701 14.280 0.005
2922.71660 14.190 0.005
2924.71588 14.220 0.005
2926.65153 14.326 0.005
2929.71289 14.222 0.005
2931.68882 14.223 0.005
2933.70097 14.319 0.005
2935.66390 14.449 0.005
2937.68902 14.164 0.005
2939.66722 14.237 0.005
2940.68149 14.298 0.005
2941.65720 14.380 0.005
2942.68480 14.455 0.005
2943.65353 14.287 0.005
2944.63726 14.165 0.005
2946.63586 14.236 0.005
2947.66383 14.290 0.005
2949.64469 14.438 0.005
2950.59619 14.318 0.005
2951.67708 14.168 0.005
2953.62491 14.229 0.005
2955.60987 14.351 0.005
2957.62355 14.366 0.005
2965.68043 14.202 0.005
2968.64295 14.253 0.005
2971.65073 14.439 0.005
2973.63924 14.173 0.005
2975.53604 14.236 0.005
2977.63169 14.396 0.005
2979.61197 14.291 0.005
2982.56656 14.238 0.005
2986.60784 14.319 0.005
2988.58030 14.199 0.005
2990.59915 14.289 0.005
2993.60193 14.364 0.005
2997.54793 14.269 0.005
3000.60514 14.408 0.005
3003.58064 14.232 0.005
3006.57024 14.419 0.005
3009.56358 14.176 0.005
3013.57023 14.410 0.005
3017.56465 14.219 0.005
3020.53981 14.381 0.005
3022.56724 14.319 0.005
3024.56644 14.201 0.005
3026.53648 14.287 0.005
3028.53739 14.449 0.005
3030.54048 14.180 0.005
3032.55843 14.234 0.005
3034.55795 14.347 0.005
3038.54878 14.176 0.005
3179.94009 14.427 0.005
3184.90394 14.316 0.005
3193.92701 14.450 0.005
3196.89901 14.194 0.005
3202.89156 14.173 0.005
3203.93144 14.188 0.005
3206.87433 14.339 0.005
3210.94082 14.181 0.005
3211.85695 14.222 0.005
3216.77663 14.263 0.005
3217.82652 14.174 0.005
3224.82348 14.171 0.005
3228.80135 14.384 0.005
3230.77484 14.321 0.005
3238.80595 14.183 0.005
3239.84507 14.175 0.005
3240.84224 14.244 0.005
3241.78420 14.277 0.005
3242.77484 14.353 0.005
3243.89800 14.462 0.005
3244.87669 14.387 0.005
3245.82419 14.195 0.005
3246.82106 14.185 0.005
3247.82528 14.231 0.005
3249.77873 14.330 0.005
3251.79130 14.426 0.005
3254.77742 14.223 0.005
3257.80449 14.402 0.005
3261.75039 14.215 0.005
3263.74738 14.305 0.005
3265.77500 14.458 0.005
3267.75544 14.169 0.005
3270.70913 14.290 0.005
3271.71183 14.358 0.005
3273.67034 14.365 0.005
3275.66513 14.189 0.005
3276.75916 14.240 0.005
3277.79803 14.283 0.005
3279.72955 14.437 0.005
3281.69535 14.206 0.005
3283.68978 14.233 0.005
3287.65607 14.447 0.005
3289.67090 14.173 0.005
3291.60927 14.264 0.005
3294.62585 14.464 0.005
3296.59218 14.174 0.005
3300.60260 14.374 0.005
3302.58362 14.323 0.005
3305.67963 14.246 0.005
3307.59618 14.364 0.005
3309.61692 14.350 0.005
3311.57244 14.195 0.005
3314.61610 14.349 0.005
3320.64939 14.274 0.005
3323.60180 14.435 0.005
3327.62986 14.259 0.005
3330.60116 14.460 0.005
3335.64575 14.325 0.005
3338.55259 14.319 0.005
3350.56392 14.356 0.005
3357.60213 14.344 0.005
3361.60041 14.182 0.005
3363.60672 14.267 0.005
3369.58365 14.215 0.005
3372.59961 14.389 0.005
3376.57564 14.214 0.005
3380.56197 14.461 0.005
3386.60882 14.358 0.005
3395.56081 14.410 0.005
3399.58462 14.265 0.005
3402.60155 14.434 0.005
3543.91768 14.302 0.005
3551.94034 14.380 0.005
3558.92226 14.371 0.005
3562.91301 14.202 0.005
3568.90457 14.215 0.005
3570.86619 14.233 0.005
3571.85269 14.269 0.005
3573.89807 14.427 0.005
3575.85790 14.265 0.005
3577.91446 14.227 0.005
3579.85536 14.321 0.005
3581.92430 14.457 0.005
3582.87668 14.294 0.005
3583.89577 14.174 0.005
3585.85657 14.244 0.005
3586.88604 14.311 0.005
3588.88421 14.455 0.005
3590.84281 14.170 0.005
3592.80312 14.243 0.005
3594.84391 14.359 0.005
3600.93294 14.278 0.005
3603.75602 14.414 0.005
3608.81265 14.331 0.005
3614.84444 14.258 0.005
3615.84927 14.321 0.005
3618.82891 14.284 0.005
3620.85538 14.216 0.005
3622.80940 14.311 0.005
3625.75535 14.328 0.005
3628.77691 14.249 0.005
3630.69236 14.357 0.005
3632.66953 14.388 0.005
3634.70451 14.204 0.005
3637.70529 14.340 0.005
3640.67160 14.218 0.005
3644.70610 14.325 0.005
3646.72366 14.452 0.005
3650.73940 14.257 0.005
3652.68087 14.403 0.005
3654.65664 14.297 0.005
3656.70987 14.215 0.005
3657.73801 14.251 0.005
3658.71155 14.312 0.005
3659.69593 14.387 0.005
3660.70158 14.459 0.005
3663.69235 14.199 0.005
3665.72062 14.304 0.005
3668.64917 14.372 0.005
3668.67173 14.360 0.005
3670.66036 14.199 0.005
3672.59307 14.281 0.005
3674.75237 14.458 0.005
3676.63864 14.217 0.005
3682.61528 14.454 0.005
3684.63261 14.188 0.005
3686.59829 14.262 0.005
3688.57126 14.399 0.005
3690.58498 14.290 0.005
3693.58210 14.242 0.005
3695.57768 14.373 0.005
3698.55910 14.170 0.005
3701.60180 14.298 0.005
3703.61243 14.449 0.005
3705.58462 14.187 0.005
3707.58509 14.245 0.005
3712.60004 14.201 0.005
3715.55827 14.258 0.005
3719.63723 14.227 0.005
3722.58415 14.253 0.005
3725.66423 14.453 0.005
3730.56743 14.296 0.005
3735.57007 14.207 0.005
3739.56976 14.455 0.005
3743.54543 14.238 0.005
3748.54931 14.207 0.005
3753.54697 14.438 0.005
3758.56888 14.259 0.005
3762.57544 14.262 0.005
3768.53542 14.454 0.005
3773.53226 14.302 0.005
3777.55821 14.169 0.005
3871.92860 14.205 0.005
3902.94547 14.304 0.005
3907.94047 14.212 0.005
3915.91631 14.245 0.005
3918.93557 14.448 0.005
3933.82326 14.452 0.005
3934.90525 14.266 0.005
3936.91349 14.229 0.005
3938.89769 14.312 0.005
3945.86747 14.304 0.005
3950.84919 14.199 0.005
3957.80483 14.199 0.005
3959.80331 14.271 0.005
3961.78949 14.424 0.005
3964.79665 14.183 0.005
3966.78887 14.258 0.005
3968.78241 14.404 0.005
3970.77404 14.283 0.005
3973.74502 14.252 0.005
3975.75834 14.382 0.005
3980.69083 14.239 0.005
3981.69072 14.299 0.005
3982.75504 14.374 0.005
3986.73222 14.196 0.005
3989.82929 14.359 0.005
3991.77048 14.378 0.005
3994.67152 14.237 0.005
4001.67118 14.226 0.005
4003.64289 14.313 0.005
4004.73144 14.402 0.005
4005.71671 14.451 0.005
4007.60991 14.179 0.005
4008.61896 14.213 0.005
4011.66935 14.385 0.005
4014.66730 14.175 0.005
4016.64859 14.245 0.005
4018.64490 14.364 0.005
4020.68384 14.331 0.005
4023.63431 14.245 0.005
4025.63467 14.346 0.005
4027.62281 14.380 0.005
4029.60503 14.177 0.005
4031.59201 14.264 0.005
4036.62740 14.180 0.005
4038.58172 14.251 0.005
4040.56170 14.401 0.005
4042.63105 14.264 0.005
4044.67368 14.233 0.005
4047.58513 14.392 0.005
4049.55773 14.303 0.005
4051.60729 14.205 0.005
4053.61827 14.291 0.005
4055.54750 14.463 0.005
4057.58657 14.189 0.005
4059.62111 14.224 0.005
4063.61247 14.355 0.005
4066.52737 14.240 0.005
4068.59474 14.333 0.005
4071.53588 14.232 0.005
4074.57108 14.263 0.005
4077.62376 14.446 0.005
4079.57084 14.172 0.005
4083.57835 14.393 0.005
4087.60027 14.204 0.005
4095.56413 14.238 0.005
4095.60117 14.237 0.005
4098.58319 14.456 0.005
4102.55534 14.232 0.005
4107.55947 14.201 0.005
4112.55989 14.437 0.005
4119.54944 14.400 0.005
4122.57575 14.171 0.005
4128.57587 14.310 0.005
4253.89912 14.245 0.005
4255.91774 14.389 0.005
4258.93449 14.165 0.005
4273.92083 14.195 0.005
4279.77400 14.222 0.005
4282.74731 14.249 0.005
4282.91158 14.253 0.005
4283.83833 14.324 0.005
4284.90611 14.412 0.005
4289.87719 14.244 0.005
4292.91048 14.441 0.005
4295.90441 14.203 0.005
4296.93867 14.237 0.005
4298.85770 14.377 0.005
4299.90120 14.446 0.005
4300.92303 14.282 0.005
4301.94185 14.156 0.005
4303.83258 14.235 0.005
4307.72959 14.376 0.005
4308.70336 14.189 0.005
4308.91122 14.175 0.005
4310.88329 14.225 0.005
4311.88481 14.274 0.005
4314.81377 14.403 0.005
4316.87345 14.173 0.005
4320.85715 14.424 0.005
4326.88154 14.324 0.005
4327.90507 14.408 0.005
4328.87506 14.445 0.005
4329.87448 14.257 0.005
4330.90570 14.182 0.005
4332.92196 14.246 0.005
4334.91525 14.395 0.005
4339.86996 14.240 0.005
4340.82220 14.288 0.005
4341.81506 14.352 0.005
4342.88933 14.444 0.005
4343.80864 14.331 0.005
4344.79079 14.170 0.005
4346.76707 14.230 0.005
4348.75279 14.342 0.005
4350.72959 14.395 0.005
4353.68772 14.222 0.005
4355.74627 14.333 0.005
4358.68962 14.241 0.005
4359.74685 14.172 0.005
4362.69719 14.316 0.005
4365.67119 14.286 0.005
4369.72798 14.306 0.005
4371.69496 14.457 0.005
4376.69832 14.302 0.005
4378.66502 14.460 0.005
4379.69629 14.344 0.005
4381.65548 14.192 0.005
4383.68398 14.273 0.005
4386.70858 14.382 0.005
4388.70887 14.184 0.005
4390.71781 14.263 0.005
4394.60541 14.246 0.005
4396.68883 14.224 0.005
4398.69193 14.322 0.005
4402.67698 14.168 0.005
4404.69344 14.248 0.005
4407.70196 14.463 0.005
4409.71754 14.162 0.005
4411.71266 14.242 0.005
4415.71651 14.311 0.005
4417.66651 14.199 0.005
4420.65292 14.351 0.005
4422.68494 14.364 0.005
4424.68205 14.187 0.005
4427.56778 14.328 0.005
4429.61089 14.435 0.005
4431.59800 14.178 0.005
4433.60388 14.256 0.005
4435.59222 14.402 0.005
4438.65230 14.163 0.005
4440.62180 14.251 0.005
4442.58325 14.392 0.005
4444.60797 14.300 0.005
4452.61818 14.165 0.005
4454.63838 14.235 0.005
4455.58045 14.287 0.005
4457.58935 14.461 0.005
4460.54375 14.184 0.005
4463.60727 14.345 0.005
4467.59008 14.187 0.005
4470.58948 14.322 0.005
4474.63604 14.173 0.005
4476.61436 14.249 0.005
4481.62207 14.158 0.005
4483.64070 14.237 0.005
4485.62217 14.372 0.005
4488.62279 14.160 0.005
4492.61304 14.363 0.005
4643.92671 14.405 0.005
4655.90888 14.231 0.005
4661.92269 14.192 0.005
4662.84626 14.217 0.005
4662.94413 14.220 0.005
4663.79500 14.280 0.005
4665.86815 14.445 0.005
4671.84655 14.336 0.005
4677.86593 14.257 0.005
4682.84035 14.180 0.005
4684.87836 14.245 0.005
4686.83832 14.390 0.005
4688.85456 14.274 0.005
4690.77989 14.200 0.005
4691.78322 14.239 0.005
4694.82950 14.455 0.005
4697.77385 14.211 0.005
4699.79488 14.278 0.005
4700.82877 14.351 0.005
4701.83645 14.448 0.005
4703.79565 14.183 0.005
4704.81438 14.196 0.005
4705.82199 14.244 0.005
4707.83940 14.342 0.005
4709.77020 14.399 0.005
4715.77878 14.424 0.005
4717.73337 14.253 0.005
4720.71224 14.249 0.005
4722.72748 14.392 0.005
4725.73268 14.169 0.005
4730.72325 14.450 0.005
4730.78595 14.449 0.005
4733.75817 14.204 0.005
4736.67487 14.360 0.005
4738.76766 14.341 0.005
4739.62192 14.190 0.005
4740.64989 14.191 0.005
4740.70075 14.194 0.005
4741.66360 14.231 0.005
4743.69745 14.348 0.005
4747.58202 14.169 0.005
4748.63104 14.223 0.005
4748.68621 14.226 0.005
4749.65155 14.271 0.005
4750.71907 14.316 0.005
4753.62052 14.255 0.005
4754.59359 14.152 0.005
4754.64462 14.169 0.005
4755.62647 14.218 0.005
4756.65422 14.250 0.005
4757.60705 14.306 0.005
4758.63443 14.390 0.005
4759.62854 14.456 0.005
4760.62110 14.288 0.005
4762.61090 14.221 0.005
4767.64649 14.316 0.005
4770.69477 14.243 0.005
4772.63213 14.361 0.005
4774.60762 14.350 0.005
4776.57940 14.188 0.005
4778.58077 14.270 0.005
4780.57801 14.437 0.005
4782.55091 14.216 0.005
4783.61250 14.180 0.005
4786.53282 14.325 0.005
4789.57864 14.246 0.005
4791.56020 14.218 0.005
4793.56755 14.318 0.005
4795.58042 14.448 0.005
4797.57259 14.172 0.005
4798.63582 14.217 0.005
4801.53706 14.374 0.005
4802.62452 14.463 0.005
4803.59645 14.303 0.005
4805.53146 14.208 0.005
4807.55819 14.295 0.005
4809.58333 14.444 0.005
4811.60524 14.179 0.005
4814.56307 14.276 0.005
4816.56526 14.442 0.005
4818.57919 14.194 0.005
4820.55718 14.234 0.005
4822.61397 14.341 0.005
4824.59880 14.429 0.005
4831.57041 14.454 0.005
4833.59828 14.163 0.005
4835.62100 14.247 0.005
4839.62403 14.290 0.005
4842.59068 14.237 0.005
4844.60113 14.371 0.005
4847.65535 14.164 0.005
4849.61534 14.234 0.005
4853.61260 14.338 0.005
4854.54170 14.183 0.005
4855.62582 14.192 0.005
4856.53299 14.226 0.005
4859.52760 14.416 0.005
4862.52504 14.164 0.005
4862.52865 14.173 0.005
4862.58499 14.178 0.005
4862.59963 14.170 0.005
4863.53531 14.217 0.005
4864.52963 14.259 0.005
4864.56974 14.251 0.005
4865.52740 14.317 0.005
4865.57255 14.312 0.005
4866.53437 14.406 0.005
4866.54343 14.412 0.005
4866.57465 14.415 0.005
4867.58212 14.438 0.005
4868.54477 14.247 0.005
4868.58178 14.241 0.005
4870.52433 14.218 0.005
4871.52270 14.248 0.005
4874.51953 14.453 0.005
4876.54323 14.162 0.005
4947.92041 14.180 0.005
4953.92420 14.409 0.005
