 621.84589 15.812 0.008
 626.92887 15.383 0.006
 627.89454 15.625 0.006
 631.91001 15.719 0.007
 632.90476 15.892 0.007
 635.88069 15.811 0.007
 643.85007 15.242 0.006
 645.87621 15.708 0.006
 649.83889 15.797 0.007
 656.89139 15.787 0.006
 657.89526 15.319 0.006
 658.90403 15.476 0.007
 665.87105 15.459 0.006
 666.87314 15.676 0.006
 667.89217 15.913 0.006
 668.86293 15.274 0.006
 670.82861 15.770 0.006
 671.85107 15.621 0.006
 672.85602 15.435 0.006
 673.76907 15.642 0.006
 684.78402 15.730 0.006
 685.78453 15.843 0.006
 686.74060 15.391 0.006
 687.90190 15.671 0.006
 688.86982 15.856 0.006
 689.73635 15.177 0.006
 697.70221 15.493 0.006
 698.71745 15.710 0.007
 699.72828 15.899 0.006
 700.71336 15.344 0.006
 701.68503 15.596 0.006
 704.67961 15.470 0.006
 706.67796 15.893 0.008
 706.77245 15.903 0.008
 707.70852 15.330 0.006
 708.70604 15.589 0.007
 712.70639 15.695 0.007
 713.72059 15.891 0.006
 714.73714 15.328 0.006
 715.77800 15.604 0.006
 716.76052 15.788 0.006
 720.66755 15.878 0.007
 726.72770 15.687 0.006
 728.72081 15.286 0.006
 729.66519 15.552 0.006
 730.61654 15.744 0.007
 733.67614 15.666 0.007
 739.69835 15.425 0.006
 741.66195 15.847 0.007
 742.65575 15.221 0.006
 744.62427 15.742 0.006
 745.66417 15.811 0.006
 746.60897 15.387 0.006
 748.56341 15.824 0.007
 749.56984 15.188 0.006
 750.54406 15.499 0.007
 751.57418 15.720 0.007
 752.77795 15.691 0.006
 753.71770 15.410 0.006
 754.74923 15.648 0.007
 755.57292 15.807 0.006
 759.57555 15.893 0.007
 760.57988 15.359 0.006
 761.57513 15.603 0.006
 762.57313 15.813 0.007
 762.70339 15.842 0.007
 762.78180 15.838 0.008
 763.59213 15.194 0.006
 763.73638 15.203 0.006
 764.67016 15.509 0.007
 765.55548 15.701 0.007
 766.59241 15.893 0.008
 766.65895 15.891 0.008
 767.56684 15.344 0.006
 767.72048 15.388 0.007
 769.55176 15.790 0.007
 770.64806 15.179 0.006
 771.62422 15.489 0.006
 772.55230 15.695 0.006
 773.57488 15.904 0.007
 774.64470 15.349 0.006
 775.59760 15.598 0.006
 776.67855 15.801 0.007
 777.59548 15.253 0.006
 778.56864 15.474 0.006
 778.66013 15.496 0.006
 779.62802 15.697 0.007
 780.62782 15.896 0.008
 780.72195 15.886 0.008
 781.60439 15.325 0.006
 782.60205 15.588 0.006
 783.58180 15.780 0.006
 784.62139 15.277 0.006
 785.59225 15.462 0.006
 786.59697 15.687 0.006
 787.67737 15.915 0.007
 788.60898 15.306 0.006
 790.55899 15.770 0.007
 795.57075 15.284 0.006
 796.62034 15.573 0.007
 797.69083 15.792 0.006
 798.60824 15.509 0.006
 800.60615 15.677 0.006
 802.58668 15.265 0.006
 805.59273 15.647 0.006
 806.60350 15.451 0.006
 817.63095 15.546 0.006
 819.67204 15.642 0.006
 820.67105 15.433 0.006
 822.59099 15.835 0.006
 823.66826 15.250 0.006
 824.61640 15.537 0.006
 824.67922 15.549 0.006
 825.68959 15.757 0.008
 828.64963 15.650 0.006
 829.61622 15.832 0.007
 832.62314 15.742 0.006
 833.64325 15.816 0.006
 834.65743 15.397 0.006
 836.59082 15.826 0.007
 838.56394 15.507 0.006
 840.57937 15.894 0.007
 845.58503 15.508 0.006
 850.55249 15.805 0.007
 855.55916 15.334 0.006
 856.54704 15.593 0.007
 859.54667 15.475 0.006
 860.57899 15.695 0.007
 866.56628 15.462 0.006
 876.53483 15.266 0.006
 962.91541 15.750 0.006
 986.88169 15.625 0.006
 987.89399 15.814 0.007
 991.90788 15.898 0.006
 996.87563 15.484 0.006
 998.88131 15.903 0.007
1003.81250 15.460 0.006
1005.83791 15.900 0.008
1008.87106 15.794 0.007
1020.83396 15.278 0.006
1025.81360 15.675 0.007
1035.78848 15.526 0.006
1037.81574 15.793 0.007
1038.91476 15.453 0.006
1041.88519 15.251 0.006
1045.78633 15.393 0.006
1049.80674 15.527 0.006
1052.81714 15.390 0.006
1055.68688 15.207 0.006
1058.83869 15.878 0.007
1059.81754 15.385 0.006
1064.76069 15.699 0.006
1068.75256 15.785 0.006
1071.78054 15.708 0.006
1075.79769 15.797 0.006
1078.71946 15.678 0.006
1080.66550 15.273 0.006
1083.75780 15.357 0.006
1086.60837 15.862 0.006
1090.69145 15.629 0.007
1092.69155 15.665 0.006
1094.68770 15.248 0.006
1102.65632 15.531 0.006
1107.62464 15.836 0.006
1112.73083 15.405 0.006
1117.60625 15.726 0.006
1122.61784 15.178 0.006
1128.56643 15.805 0.007
1132.59680 15.899 0.006
1135.66548 15.808 0.006
1138.61826 15.704 0.006
1140.65063 15.339 0.006
1144.65365 15.484 0.006
1151.58812 15.452 0.006
1154.60771 15.289 0.006
1157.65346 15.418 0.006
1160.64497 15.874 0.007
1163.72689 15.797 0.006
1166.69394 15.684 0.006
1170.62285 15.755 0.006
1175.68398 15.273 0.006
1179.68169 15.435 0.006
1183.69056 15.541 0.006
1186.68439 15.419 0.006
1189.57294 15.189 0.006
1192.61754 15.860 0.006
1202.56409 15.813 0.007
1206.56771 15.893 0.008
1212.55928 15.694 0.007
1216.56532 15.800 0.007
1220.56151 15.903 0.007
1227.55711 15.866 0.007
1233.54464 15.674 0.007
1329.80598 15.886 0.008
1330.91613 15.408 0.006
1335.86127 15.722 0.007
1341.92211 15.512 0.006
1347.91848 15.179 0.006
1355.90737 15.493 0.006
1365.90828 15.340 0.006
1367.88584 15.805 0.008
1369.87352 15.475 0.006
1374.87244 15.786 0.007
1395.83803 15.753 0.007
1397.86141 15.425 0.006
1401.87507 15.541 0.006
1407.88238 15.221 0.006
1412.78034 15.619 0.007
1418.82044 15.379 0.006
1430.71444 15.697 0.007
1432.77931 15.331 0.006
1438.73220 15.887 0.006
1441.83932 15.794 0.006
1447.69578 15.552 0.007
1451.66183 15.665 0.006
1454.63606 15.524 0.006
1459.68165 15.864 0.008
1461.65647 15.535 0.006
1462.71484 15.752 0.006
1470.60371 15.889 0.008
1475.62779 15.508 0.006
1478.57637 15.348 0.006
1479.59255 15.620 0.007
1484.59178 15.896 0.007
1487.61884 15.803 0.006
1490.65456 15.711 0.007
1492.55733 15.308 0.006
1495.60661 15.266 0.006
1499.57528 15.311 0.006
1502.59572 15.399 0.006
1505.66280 15.894 0.007
1509.57374 15.547 0.006
1512.67588 15.892 0.008
1516.57561 15.637 0.006
1518.64553 15.696 0.007
1520.67339 15.295 0.006
1523.59073 15.701 0.008
1526.57364 15.864 0.007
1531.68093 15.441 0.006
1546.59704 15.642 0.006
1551.56006 15.899 0.007
1556.60080 15.504 0.007
1567.59716 15.623 0.008
1571.59166 15.703 0.006
1576.58051 15.234 0.006
1580.58526 15.320 0.006
1583.58733 15.297 0.006
1587.57639 15.300 0.006
1592.56842 15.686 0.007
1599.54680 15.684 0.007
1602.53661 15.544 0.007
1607.53072 15.855 0.008
1716.90910 15.904 0.007
1728.90055 15.484 0.006
1731.88713 15.306 0.006
1740.87578 15.766 0.007
1742.90024 15.462 0.006
1743.87361 15.671 0.006
1744.89270 15.888 0.007
1749.84304 15.433 0.006
1750.86955 15.665 0.006
1751.82681 15.863 0.006
1752.84258 15.232 0.006
1753.84363 15.536 0.006
1754.81584 15.745 0.007
1755.83572 15.791 0.008
1756.86486 15.432 0.007
1757.81426 15.649 0.007
1758.81890 15.851 0.007
1759.80876 15.204 0.006
1761.84813 15.731 0.006
1762.83053 15.827 0.006
1763.83619 15.401 0.006
1764.82595 15.638 0.006
1765.82213 15.830 0.007
1766.77539 15.183 0.006
1768.78639 15.725 0.007
1769.69525 15.894 0.008
1771.78856 15.614 0.007
1772.80845 15.817 0.006
1773.77569 15.160 0.006
1775.85957 15.742 0.006
1784.84392 15.373 0.006
1788.74725 15.476 0.006
1803.80140 15.685 0.006
1808.81032 15.398 0.006
1811.79348 15.880 0.006
1814.84032 15.792 0.006
1817.80619 15.686 0.006
1821.60809 15.729 0.007
1823.76560 15.427 0.006
1828.85205 15.772 0.006
1829.77689 15.763 0.007
1847.80056 15.205 0.006
1854.78293 15.185 0.006
1859.74694 15.620 0.006
1863.73062 15.711 0.007
1871.79138 15.899 0.006
2086.92153 15.266 0.006
2104.85361 15.253 0.006
2106.91348 15.780 0.008
2113.83393 15.745 0.008
2114.84820 15.773 0.008
2115.90842 15.431 0.007
2116.89452 15.665 0.007
2117.90023 15.867 0.007
2123.84320 15.643 0.007
2128.84777 15.853 0.008
2129.87992 15.398 0.006
2130.82878 15.636 0.007
2131.82228 15.837 0.008
2132.82847 15.190 0.006
2133.91705 15.533 0.008
2134.83340 15.721 0.008
2135.86858 15.869 0.007
2136.86775 15.391 0.007
2137.91239 15.644 0.008
2140.83763 15.497 0.007
2142.88455 15.886 0.008
2143.83858 15.363 0.006
2144.81010 15.615 0.006
2155.90109 15.705 0.008
2156.84762 15.908 0.008
2162.78389 15.694 0.007
2166.77868 15.791 0.007
2167.74947 15.575 0.006
2168.73598 15.442 0.006
2171.76202 15.273 0.006
2172.76860 15.560 0.007
2173.73069 15.761 0.007
2177.66232 15.837 0.008
2184.72372 15.851 0.008
2185.68718 15.212 0.006
2187.66977 15.731 0.008
2190.71373 15.645 0.007
2191.65554 15.825 0.007
2192.68396 15.189 0.006
2193.70496 15.514 0.006
2194.67620 15.718 0.007
2200.68718 15.513 0.007
2201.74231 15.735 0.007
2206.62815 15.220 0.007
2211.66680 15.595 0.006
2212.66586 15.797 0.008
2213.67685 15.188 0.006
2214.66322 15.480 0.007
2215.67850 15.696 0.007
2217.65616 15.326 0.007
2219.69933 15.802 0.008
2222.74855 15.707 0.008
2223.68828 15.882 0.008
2225.61782 15.551 0.006
2226.66414 15.785 0.008
2228.57957 15.439 0.006
2230.51686 15.849 0.008
2232.53064 15.540 0.007
2234.57271 15.689 0.007
2236.56221 15.655 0.007
2238.56759 15.233 0.006
2241.55440 15.791 0.008
2243.59267 15.665 0.007
2248.63710 15.728 0.007
2250.61151 15.649 0.007
2253.59101 15.527 0.007
2256.57329 15.396 0.007
2258.61374 15.843 0.007
2263.60502 15.405 0.007
2265.63101 15.835 0.007
2270.58923 15.376 0.006
2272.58728 15.816 0.008
2274.57113 15.495 0.007
2276.53865 15.901 0.008
2280.55122 15.205 0.006
2285.58971 15.606 0.007
2289.58665 15.696 0.007
2291.58735 15.331 0.006
2293.58791 15.801 0.008
2295.58425 15.472 0.007
2297.58741 15.896 0.008
2299.58389 15.584 0.007
2301.57657 15.378 0.007
2460.90851 15.445 0.007
2463.93761 15.287 0.006
2466.85945 15.723 0.008
2467.92334 15.447 0.007
2469.92262 15.877 0.007
2471.91215 15.547 0.007
2472.90223 15.733 0.006
2473.92843 15.652 0.006
2481.88768 15.411 0.007
2483.91131 15.857 0.007
2486.91145 15.739 0.008
2488.91341 15.399 0.007
2492.92571 15.533 0.007
2498.79675 15.182 0.006
2499.88173 15.512 0.007
2500.89014 15.721 0.008
2501.87689 15.898 0.008
2502.85706 15.371 0.007
2508.76765 15.894 0.010
2516.79912 15.319 0.007
2517.84587 15.601 0.007
2518.81819 15.798 0.008
2519.81645 15.328 0.006
2520.81462 15.484 0.008
2521.80778 15.684 0.007
2524.80631 15.573 0.007
2526.80011 15.474 0.006
2529.79635 15.883 0.008
2534.85695 15.471 0.007
2535.79458 15.678 0.007
2537.72465 15.240 0.007
2538.82549 15.556 0.007
2539.72265 15.753 0.008
2540.76541 15.729 0.008
2541.73454 15.423 0.006
2542.70435 15.645 0.007
2544.68455 15.208 0.006
2545.69781 15.531 0.007
2547.71580 15.859 0.010
2548.73404 15.405 0.006
2551.71584 15.204 0.006
2552.73183 15.527 0.006
2553.67260 15.724 0.008
2554.72497 15.871 0.008
2555.73288 15.398 0.007
2556.71196 15.637 0.007
2557.72450 15.827 0.007
2558.68095 15.177 0.006
2559.63798 15.480 0.007
2560.67095 15.714 0.007
2561.71657 15.881 0.008
2562.68930 15.363 0.006
2563.69722 15.621 0.008
2564.71362 15.835 0.010
2565.70935 15.164 0.007
2566.68429 15.495 0.007
2568.75335 15.890 0.009
2571.67013 15.806 0.008
2572.77733 15.194 0.007
2573.68325 15.474 0.009
2574.66321 15.705 0.007
2576.69796 15.344 0.007
2577.66299 15.592 0.008
2578.65052 15.794 0.008
2579.66106 15.298 0.006
2580.66917 15.464 0.007
2583.64121 15.297 0.007
2586.66313 15.404 0.006
2587.63100 15.467 0.007
2589.62189 15.874 0.008
2590.63867 15.286 0.006
2591.66483 15.560 0.007
2593.62810 15.572 0.007
2594.63411 15.442 0.007
2596.60776 15.853 0.008
2597.59493 15.229 0.006
2598.67513 15.559 0.008
2599.62921 15.757 0.008
2607.64930 15.708 0.008
2610.57065 15.830 0.008
2613.56455 15.728 0.008
2615.59498 15.398 0.006
2619.57948 15.519 0.007
2621.58853 15.884 0.008
2625.57120 15.188 0.007
2627.54189 15.714 0.008
2630.55615 15.616 0.008
2635.56986 15.910 0.008
2637.56475 15.604 0.007
2640.53508 15.477 0.007
2642.57483 15.901 0.008
2646.58618 15.207 0.006
2651.56047 15.587 0.008
2654.58456 15.475 0.008
2657.54036 15.298 0.007
2661.53687 15.452 0.006
2664.57735 15.295 0.007
2667.53616 15.607 0.008
2672.55530 15.553 0.008
2676.54550 15.675 0.007
2679.56021 15.553 0.007
2683.53877 15.648 0.008
2777.92553 15.508 0.007
2804.85406 15.471 0.008
2805.87134 15.466 0.008
2811.92647 15.377 0.007
2815.90009 15.290 0.006
2817.94873 15.779 0.010
2825.93196 15.579 0.008
2830.83926 15.538 0.006
2831.80886 15.732 0.008
2832.76957 15.887 0.008
2832.94747 15.637 0.008
2833.88741 15.423 0.007
2834.93806 15.685 0.008
2838.83943 15.723 0.008
2840.84711 15.402 0.007
2843.84842 15.182 0.006
2844.89415 15.533 0.007
2845.94117 15.749 0.008
2849.87768 15.832 0.008
2850.91043 15.207 0.006
2852.83903 15.720 0.008
2854.85034 15.389 0.007
2857.85776 15.185 0.006
2858.93138 15.516 0.007
2860.89731 15.898 0.008
2861.76875 15.327 0.006
2862.89217 15.620 0.008
2863.85684 15.816 0.008
2865.81655 15.468 0.006
2867.80597 15.899 0.008
2868.80956 15.328 0.006
2869.79609 15.588 0.007
2870.83760 15.796 0.007
2871.88072 15.182 0.006
2872.83755 15.480 0.006
2875.82839 15.317 0.006
2876.79780 15.578 0.007
2879.72431 15.451 0.007
2883.84753 15.582 0.007
2885.78286 15.544 0.007
2890.71377 15.551 0.008
2893.76519 15.447 0.007
2895.81442 15.873 0.008
2897.71794 15.540 0.007
2899.75560 15.768 0.007
2903.77136 15.230 0.006
2906.72361 15.850 0.007
2908.70062 15.633 0.007
2910.69548 15.196 0.006
2912.70084 15.728 0.007
2916.71358 15.832 0.007
2918.69046 15.504 0.007
2922.69044 15.620 0.007
2924.63142 15.224 0.006
2926.62544 15.714 0.008
2929.68661 15.611 0.007
2931.66256 15.252 0.006
2933.67302 15.701 0.007
2935.63736 15.320 0.007
2937.66296 15.794 0.008
2939.67843 15.487 0.007
2940.65556 15.697 0.007
2941.63083 15.896 0.007
2942.65562 15.326 0.006
2943.62697 15.571 0.007
2944.61135 15.774 0.008
2946.60608 15.450 0.007
2947.63769 15.697 0.007
2949.61876 15.276 0.006
2950.57032 15.549 0.007
2951.65088 15.770 0.008
2953.59882 15.436 0.006
2955.58392 15.869 0.008
2957.59754 15.552 0.007
2960.61667 15.440 0.006
2962.65182 15.858 0.008
2965.65449 15.758 0.007
2968.61683 15.653 0.008
2970.63565 15.235 0.006
2972.64021 15.744 0.008
2975.54830 15.632 0.007
2977.64410 15.226 0.007
2979.58399 15.728 0.008
2981.63128 15.393 0.008
2983.56480 15.826 0.008
2986.58140 15.722 0.007
2988.55338 15.376 0.007
2991.57953 15.204 0.006
2994.56595 15.912 0.008
2997.58066 15.816 0.008
3000.57236 15.711 0.007
3003.55468 15.601 0.007
3006.54197 15.477 0.007
3009.53724 15.325 0.007
3013.53965 15.471 0.007
3015.57491 15.907 0.008
3018.55200 15.762 0.008
3020.58772 15.464 0.006
3024.54039 15.585 0.008
3025.60001 15.782 0.007
3027.62550 15.469 0.006
3029.59718 15.883 0.008
3031.60201 15.573 0.007
3034.53225 15.427 0.006
3037.55144 15.257 0.007
3183.93344 15.758 0.008
3193.90132 15.660 0.007
3196.87341 15.536 0.006
3197.93581 15.765 0.008
3199.93449 15.413 0.007
3202.86127 15.198 0.006
3203.90135 15.539 0.006
3204.94686 15.748 0.008
3206.83917 15.388 0.006
3210.91514 15.532 0.006
3211.86974 15.732 0.007
3215.80488 15.795 0.008
3216.75078 15.258 0.006
3217.80073 15.499 0.007
3223.85690 15.209 0.006
3228.77557 15.597 0.007
3229.85740 15.802 0.007
3231.83890 15.514 0.007
3238.77575 15.460 0.006
3239.81930 15.704 0.007
3240.81200 15.894 0.008
3241.79549 15.301 0.006
3242.73945 15.555 0.006
3243.87206 15.791 0.008
3244.85067 15.408 0.007
3245.79842 15.460 0.007
3246.79117 15.691 0.007
3247.79953 15.882 0.008
3249.74984 15.546 0.007
3251.76341 15.707 0.006
3254.75108 15.852 0.007
3257.77540 15.747 0.006
3259.68813 15.405 0.006
3261.72417 15.842 0.007
3263.72140 15.532 0.006
3265.74273 15.838 0.007
3267.72949 15.637 0.006
3270.68294 15.518 0.006
3271.68586 15.722 0.007
3273.64418 15.373 0.007
3275.63007 15.798 0.008
3276.73343 15.184 0.006
3277.77208 15.524 0.006
3279.70370 15.907 0.007
3281.66225 15.609 0.006
3283.66393 15.224 0.006
3287.63009 15.328 0.006
3289.64504 15.792 0.006
3291.57800 15.468 0.006
3295.63653 15.593 0.006
3298.57442 15.441 0.006
3300.57673 15.873 0.008
3302.55371 15.553 0.007
3305.65373 15.458 0.006
3307.56602 15.873 0.008
3309.59110 15.548 0.006
3311.54272 15.788 0.007
3314.58567 15.836 0.008
3320.62349 15.659 0.006
3323.57092 15.523 0.006
3327.57844 15.654 0.006
3330.57393 15.517 0.007
3335.61794 15.843 0.008
3338.56361 15.724 0.007
3350.53794 15.207 0.006
3353.59651 15.895 0.007
3359.57838 15.701 0.007
3363.58049 15.785 0.007
3367.64009 15.893 0.008
3372.57356 15.469 0.006
3376.54970 15.572 0.006
3380.53613 15.684 0.008
3386.58308 15.446 0.006
3395.53091 15.853 0.008
3398.57862 15.761 0.007
3402.57585 15.841 0.007
3543.88948 15.711 0.007
3551.91296 15.406 0.008
3554.94420 15.240 0.006
3561.95140 15.227 0.006
3564.92910 15.826 0.006
3568.87470 15.177 0.006
3570.83573 15.696 0.008
3571.82667 15.892 0.008
3573.87237 15.632 0.007
3575.82813 15.177 0.006
3577.88450 15.713 0.007
3578.92054 15.873 0.007
3579.82559 15.340 0.006
3581.89467 15.824 0.007
3582.85097 15.182 0.006
3583.86119 15.483 0.006
3585.88230 15.886 0.006
3586.83446 15.329 0.006
3588.85274 15.790 0.007
3590.80879 15.470 0.006
3592.77354 15.891 0.006
3594.81303 15.571 0.006
3597.85295 15.460 0.006
3600.88915 15.297 0.006
3602.75000 15.756 0.008
3607.84113 15.293 0.006
3614.81334 15.252 0.006
3617.79714 15.719 0.006
3619.77522 15.644 0.006
3621.76772 15.211 0.006
3628.79458 15.240 0.006
3630.64647 15.710 0.007
3632.64381 15.363 0.007
3634.71671 15.825 0.007
3637.67552 15.703 0.007
3639.72545 15.371 0.006
3641.72221 15.815 0.007
3643.82063 15.512 0.007
3644.76131 15.708 0.006
3646.69235 15.336 0.006
3650.71358 15.480 0.006
3652.64871 15.884 0.007
3654.62702 15.562 0.006
3656.65072 15.421 0.006
3657.70841 15.461 0.006
3658.68572 15.695 0.007
3659.66604 15.885 0.008
3661.61473 15.548 0.007
3663.63769 15.526 0.007
3665.67000 15.680 0.006
3668.61917 15.556 0.007
3670.56986 15.752 0.007
3672.60931 15.670 0.007
3674.66816 15.260 0.006
3676.60857 15.747 0.007
3682.58531 15.523 0.006
3684.57820 15.848 0.007
3686.56809 15.626 0.006
3688.54115 15.179 0.006
3690.54705 15.729 0.008
3692.59962 15.397 0.006
3694.58619 15.820 0.007
3696.58233 15.509 0.006
3698.61606 15.877 0.008
3700.62609 15.632 0.006
3702.61702 15.185 0.006
3704.61753 15.714 0.007
3706.63241 15.400 0.006
3708.61381 15.830 0.008
3712.57033 15.904 0.007
3714.57303 15.606 0.007
3718.55650 15.700 0.007
3721.58868 15.581 0.009
3725.61758 15.728 0.009
3730.54182 15.464 0.006
3734.61251 15.318 0.006
3738.56458 15.463 0.006
3742.56175 15.546 0.008
3747.56253 15.853 0.008
3762.54834 15.201 0.007
3766.55357 15.394 0.006
3772.58033 15.823 0.007
3777.52767 15.500 0.007
3871.89974 15.293 0.006
3902.92003 15.674 0.007
3907.91487 15.544 0.006
3913.94042 15.234 0.006
3918.91019 15.645 0.006
3931.94175 15.374 0.006
3934.87970 15.178 0.006
3936.88802 15.710 0.007
3938.87205 15.352 0.006
3945.87897 15.334 0.006
3950.82390 15.696 0.006
3959.76889 15.272 0.006
3961.76302 15.752 0.008
3964.77127 15.671 0.006
3966.76352 15.250 0.006
3968.75719 15.745 0.006
3970.74888 15.429 0.006
3973.71818 15.211 0.006
3975.73044 15.729 0.006
3980.66569 15.174 0.006
3981.66545 15.504 0.006
3982.72979 15.708 0.007
3986.70312 15.823 0.007
3991.73234 15.382 0.006
3994.64474 15.205 0.006
3998.67513 15.355 0.006
4001.64593 15.250 0.006
4003.61736 15.692 0.007
4004.69715 15.905 0.007
4005.69130 15.346 0.006
4007.58456 15.770 0.007
4008.59344 15.478 0.006
4011.64394 15.886 0.007
4014.62637 15.767 0.008
4016.62315 15.444 0.006
4018.61955 15.866 0.007
4020.62300 15.555 0.007
4023.60886 15.426 0.006
4025.60923 15.866 0.007
4027.59736 15.553 0.006
4029.57966 15.767 0.007
4031.56675 15.645 0.006
4033.66099 15.258 0.006
4038.55618 15.640 0.007
4042.56434 15.731 0.007
4044.58735 15.405 0.007
4046.62044 15.840 0.007
4049.53237 15.701 0.006
4051.58195 15.373 0.006
4053.62938 15.819 0.006
4055.52203 15.501 0.007
4057.59738 15.869 0.008
4059.59585 15.620 0.006
4063.54088 15.702 0.006
4065.59293 15.366 0.006
4067.58378 15.808 0.007
4069.53666 15.480 0.006
4071.54748 15.893 0.007
4074.54357 15.785 0.007
4077.54530 15.688 0.006
4079.54548 15.313 0.006
4082.54683 15.373 0.006
4085.62418 15.897 0.008
4092.57966 15.877 0.006
4097.62224 15.413 0.006
4100.61370 15.285 0.006
4105.57770 15.668 0.007
4111.61414 15.434 0.006
4115.53361 15.532 0.006
4120.56452 15.841 0.007
4128.59999 15.217 0.006
4252.94769 15.557 0.008
4255.86769 15.423 0.008
4268.92644 15.756 0.008
4275.94137 15.785 0.008
4279.83820 15.170 0.007
4282.82960 15.896 0.008
4283.84865 15.368 0.007
4284.87907 15.623 0.008
4285.94449 15.820 0.008
4292.88693 15.813 0.007
4295.88040 15.710 0.007
4296.91088 15.899 0.007
4297.94282 15.379 0.006
4299.87768 15.797 0.007
4300.89942 15.176 0.006
4301.91797 15.499 0.006
4302.93987 15.717 0.007
4306.93658 15.826 0.008
4307.85114 15.272 0.006
4308.67933 15.433 0.007
4308.88727 15.466 0.007
4310.85942 15.897 0.008
4311.85928 15.323 0.007
4312.92146 15.598 0.007
4314.94054 15.194 0.007
4316.84842 15.691 0.008
4320.87573 15.778 0.008
4326.85794 15.565 0.008
4327.83410 15.759 0.008
4328.84984 15.563 0.007
4329.85096 15.446 0.007
4330.88048 15.681 0.007
4332.89669 15.297 0.007
4338.92611 15.889 0.008
4340.79695 15.528 0.007
4341.78983 15.743 0.008
4342.86400 15.713 0.008
4343.78338 15.398 0.006
4344.76546 15.639 0.007
4346.72175 15.186 0.006
4348.72754 15.722 0.007
4350.70420 15.371 0.006
4352.80632 15.845 0.008
4353.66233 15.190 0.006
4354.78367 15.518 0.007
4357.76735 15.384 0.007
4359.72131 15.801 0.007
4362.66896 15.686 0.008
4363.62824 15.900 0.008
4365.68662 15.589 0.008
4369.68060 15.697 0.008
4371.66955 15.304 0.006
4376.67301 15.684 0.008
4378.63963 15.285 0.006
4379.67093 15.572 0.008
4381.63008 15.592 0.008
4382.70864 15.462 0.007
4386.68289 15.561 0.007
4388.68361 15.575 0.007
4390.69245 15.676 0.007
4393.68700 15.555 0.007
4396.66156 15.426 0.007
4398.66655 15.849 0.008
4400.69106 15.560 0.007
4404.66806 15.665 0.008
4407.65595 15.532 0.007
4410.68586 15.404 0.006
4415.67219 15.729 0.007
4418.61771 15.626 0.007
4421.67552 15.525 0.007
4423.67997 15.885 0.008
4426.55618 15.800 0.008
4428.57287 15.490 0.007
4430.63309 15.893 0.008
4432.61899 15.603 0.007
4434.62426 15.190 0.006
4436.60056 15.699 0.007
4438.66322 15.347 0.007
4440.59635 15.787 0.008
4442.55787 15.467 0.007
4444.58267 15.881 0.008
4450.61510 15.689 0.008
4452.59264 15.290 0.006
4454.52968 15.760 0.008
4455.60178 15.465 0.007
4457.53731 15.669 0.008
4459.55740 15.272 0.006
4462.58885 15.580 0.007
4466.61300 15.267 0.006
4471.54766 15.668 0.007
4475.54173 15.738 0.008
4480.58275 15.234 0.007
4482.58971 15.726 0.008
4485.59278 15.645 0.008
4488.59503 15.525 0.007
4609.91743 15.857 0.008
4643.90154 15.629 0.007
4655.91983 15.891 0.007
4662.79821 15.889 0.007
4662.91503 15.902 0.007
4663.76980 15.293 0.006
4663.91765 15.317 0.006
4665.84291 15.793 0.008
4665.93674 15.798 0.008
4666.93588 15.178 0.006
4670.92500 15.331 0.006
4671.89492 15.587 0.007
4676.92519 15.895 0.008
4677.84080 15.289 0.006
4682.81523 15.671 0.007
4686.81308 15.768 0.007
4688.82904 15.431 0.006
4690.75464 15.851 0.007
4691.75767 15.224 0.006
4693.91264 15.770 0.008
4696.88632 15.664 0.008
4697.82483 15.838 0.008
4698.77439 15.211 0.006
4699.76852 15.520 0.006
4700.80323 15.742 0.007
4701.81114 15.804 0.008
4703.77036 15.635 0.007
4704.78910 15.839 0.007
4705.79660 15.211 0.006
4707.78899 15.725 0.007
4709.74481 15.374 0.006
4710.77338 15.640 0.006
4715.75334 15.913 0.008
4716.77905 15.364 0.006
4717.70510 15.597 0.006
4719.79393 15.175 0.006
4721.78677 15.699 0.007
4724.66933 15.577 0.007
4725.74880 15.806 0.007
4728.75439 15.699 0.007
4733.73096 15.278 0.006
4740.67253 15.518 0.007
4741.70791 15.453 0.006
4743.75648 15.898 0.007
4747.61211 15.751 0.008
4749.61179 15.660 0.008
4753.68276 15.755 0.008
4755.67478 15.419 0.006
4757.65927 15.837 0.007
4759.67397 15.535 0.006
4761.64235 15.817 0.007
4763.65960 15.649 0.007
4767.60052 15.719 0.007
4770.66906 15.637 0.007
4772.60680 15.185 0.006
4774.56136 15.702 0.007
4776.55297 15.343 0.006
4777.65491 15.607 0.007
4780.52361 15.474 0.007
4781.63756 15.714 0.007
4783.58669 15.355 0.006
4785.62207 15.802 0.008
4789.55318 15.889 0.007
4791.53470 15.582 0.008
4793.54212 15.332 0.006
4795.55482 15.698 0.007
4797.54708 15.317 0.006
4798.61042 15.586 0.007
4800.65780 15.196 0.006
4803.54891 15.890 0.008
4804.60400 15.313 0.006
4805.59086 15.574 0.007
4807.52867 15.569 0.008
4809.55802 15.675 0.007
4811.57992 15.286 0.006
4813.55685 15.779 0.008
4815.59277 15.438 0.007
4816.53985 15.682 0.007
4818.59012 15.280 0.006
4820.53162 15.749 0.008
4822.58838 15.443 0.006
4824.57320 15.850 0.008
4826.63284 15.553 0.006
4833.57228 15.539 0.007
4835.59549 15.765 0.008
4836.63561 15.422 0.007
4837.60646 15.656 0.007
4838.60656 15.849 0.007
4839.58508 15.236 0.006
4841.55724 15.731 0.007
4841.58281 15.736 0.007
4842.53474 15.847 0.008
4842.60683 15.802 0.008
4843.52893 15.382 0.007
4843.57704 15.404 0.007
4844.52683 15.628 0.008
4844.61721 15.656 0.007
4846.58616 15.203 0.006
4847.62249 15.518 0.007
4848.62240 15.744 0.007
4850.60987 15.402 0.006
4854.60110 15.529 0.007
4856.61834 15.850 0.007
4862.56626 15.711 0.007
4868.55663 15.483 0.007
4935.91263 15.600 0.007
4937.91334 15.227 0.006
4940.91475 15.892 0.008
4954.91770 15.885 0.008
