 466.55029 15.968 0.005
 466.56553 15.975 0.005
 466.59612 15.987 0.005
 466.62566 15.990 0.005
 467.54351 16.212 0.007
 467.57299 16.198 0.006
 467.60247 16.185 0.006
 467.63196 16.216 0.006
 469.55288 16.092 0.007
 469.59150 16.112 0.006
 469.62316 16.126 0.006
 471.60542 15.946 0.006
 471.62066 15.940 0.006
 472.53758 16.170 0.007
 472.55236 16.188 0.007
 472.56702 16.172 0.006
 472.58165 16.185 0.007
 622.88385 15.939 0.007
 624.91043 15.708 0.006
 625.89788 16.093 0.007
 626.86938 16.323 0.007
 627.85562 15.894 0.006
 628.89670 16.186 0.007
 629.89450 15.610 0.006
 631.92546 16.297 0.008
 632.86598 15.844 0.006
 633.90142 16.153 0.007
 635.89626 16.012 0.006
 643.86527 16.096 0.007
 645.83697 15.903 0.006
 647.79471 15.598 0.007
 649.79211 16.270 0.008
 652.83930 15.699 0.006
 656.85246 16.129 0.006
 657.82472 16.185 0.007
 658.86502 15.981 0.007
 663.77131 15.910 0.007
 664.87624 16.203 0.007
 665.82349 15.638 0.005
 666.83404 16.073 0.006
 667.85328 16.316 0.007
 668.82411 15.866 0.005
 670.78967 15.679 0.006
 671.81171 16.036 0.006
 672.81725 16.266 0.006
 673.78462 15.799 0.006
 684.74501 16.055 0.006
 685.79987 16.307 0.007
 687.78250 16.155 0.007
 697.71783 16.103 0.007
 698.78894 16.273 0.007
 699.68795 15.914 0.006
 700.72873 16.194 0.007
 701.70096 15.632 0.005
 704.72895 15.874 0.006
 706.69461 15.633 0.006
 707.73218 16.033 0.007
 708.75634 16.284 0.007
 712.75688 16.000 0.007
 713.73825 16.227 0.006
 714.75322 15.781 0.005
 715.71878 16.102 0.007
 716.68686 16.315 0.007
 726.66947 16.269 0.007
 728.68018 16.137 0.007
 729.68234 15.946 0.006
 730.66670 15.993 0.006
 733.63318 16.101 0.007
 739.65313 16.320 0.007
 741.61894 16.166 0.006
 742.59520 15.616 0.005
 744.64231 16.276 0.007
 745.59323 15.817 0.006
 746.78403 16.175 0.007
 747.65454 15.866 0.006
 748.61631 15.994 0.006
 749.62166 16.235 0.007
 750.61551 15.759 0.006
 751.62392 16.109 0.007
 752.73832 16.020 0.007
 753.67396 15.962 0.007
 759.63183 16.181 0.007
 760.65749 15.622 0.005
 761.63353 16.062 0.006
 761.73878 16.097 0.007
 762.62490 16.287 0.007
 762.65446 16.304 0.007
 763.64113 15.866 0.006
 763.75187 15.897 0.007
 765.57319 15.963 0.007
 766.61067 16.010 0.007
 766.71353 16.027 0.007
 767.61816 16.240 0.008
 767.67981 16.253 0.010
 769.60099 16.127 0.007
 769.67473 16.128 0.007
 770.60713 16.217 0.007
 771.64020 15.984 0.007
 772.60202 16.199 0.007
 773.60716 15.727 0.006
 773.75936 15.810 0.007
 774.60014 16.104 0.007
 775.55806 16.336 0.007
 776.63898 15.937 0.006
 777.61323 16.176 0.007
 778.61659 15.639 0.006
 779.64356 16.087 0.007
 779.75383 16.113 0.007
 780.64335 16.296 0.007
 781.55767 15.862 0.006
 781.73816 15.921 0.007
 782.62319 16.154 0.007
 782.74706 16.178 0.007
 783.54022 15.857 0.006
 784.58222 16.022 0.007
 784.67420 16.050 0.006
 785.60903 16.262 0.007
 785.75463 16.335 0.007
 786.61272 15.820 0.005
 786.62961 15.831 0.006
 787.69317 16.152 0.007
 788.62598 16.017 0.006
 788.65155 15.929 0.006
 790.57469 16.202 0.007
 792.55265 16.112 0.007
 795.61733 16.200 0.007
 796.54624 15.632 0.006
 796.73159 15.758 0.007
 797.70639 16.117 0.007
 798.56904 16.319 0.007
 799.70700 15.926 0.006
 800.62203 16.163 0.007
 802.68200 16.063 0.007
 805.60935 16.132 0.007
 806.61954 15.821 0.007
 808.55096 16.211 0.007
 816.68195 16.296 0.007
 817.59203 15.898 0.006
 819.55481 15.592 0.005
 820.63111 16.073 0.006
 822.55169 15.856 0.006
 824.57751 15.757 0.006
 825.65062 16.038 0.007
 828.61075 16.133 0.006
 829.57739 16.196 0.007
 832.58427 15.732 0.006
 833.60417 16.101 0.007
 834.57375 16.315 0.007
 836.55188 16.174 0.008
 838.58487 16.074 0.007
 840.59462 15.884 0.007
 845.54618 15.817 0.006
 850.56946 15.762 0.007
 855.57447 15.678 0.007
 859.56229 16.178 0.007
 866.52684 15.989 0.007
 962.93067 16.057 0.007
 966.93016 16.123 0.007
 970.90654 15.652 0.005
 976.88719 16.038 0.007
 986.84156 15.932 0.007
 987.85517 16.185 0.007
 991.92320 15.910 0.006
 996.92714 15.866 0.006
 998.89823 15.749 0.006
1004.79681 15.940 0.007
1006.82539 15.679 0.006
1020.89488 16.128 0.007
1025.93267 16.122 0.007
1035.74762 15.991 0.006
1037.77682 15.804 0.006
1041.78497 16.204 0.006
1045.74668 15.918 0.006
1048.72787 16.061 0.007
1052.77077 15.624 0.005
1055.64401 15.758 0.005
1058.85597 16.000 0.007
1059.77398 16.211 0.007
1061.72674 16.096 0.007
1064.81065 16.181 0.008
1068.71205 15.875 0.006
1072.69221 16.245 0.007
1076.66997 15.965 0.006
1078.68052 15.734 0.005
1081.69306 15.930 0.006
1084.63124 16.051 0.006
1087.65114 16.149 0.007
1090.70751 16.281 0.007
1092.73963 16.154 0.007
1094.64631 15.978 0.006
1102.61649 16.075 0.006
1106.71134 15.621 0.005
1110.63047 16.139 0.007
1116.58895 16.302 0.007
1120.57754 16.082 0.007
1126.65287 16.324 0.007
1129.55131 16.064 0.007
1132.53440 15.757 0.006
1135.58446 15.948 0.006
1138.63413 16.113 0.006
1140.61154 15.924 0.006
1144.66912 16.331 0.007
1151.54871 16.118 0.007
1155.55032 15.707 0.005
1159.54576 16.172 0.007
1162.57816 16.314 0.007
1164.69173 16.177 0.007
1170.55017 16.112 0.006
1178.66021 15.732 0.005
1182.67212 16.178 0.007
1183.71046 15.690 0.006
1185.69362 16.323 0.007
1188.69293 15.598 0.005
1191.57669 15.794 0.006
1202.59180 16.082 0.007
1205.54322 16.154 0.007
1211.56371 16.130 0.007
1217.57433 15.937 0.007
1220.57682 16.077 0.007
1229.52953 16.066 0.007
1238.52582 16.071 0.009
1327.91001 15.964 0.008
1330.82672 16.103 0.007
1335.87847 16.056 0.007
1340.89797 16.032 0.007
1348.93405 16.107 0.007
1354.90761 16.320 0.008
1360.92734 15.865 0.007
1365.92355 15.801 0.007
1367.84705 16.275 0.008
1374.91913 16.176 0.007
1394.85532 16.062 0.007
1395.88677 16.318 0.007
1397.80846 16.149 0.008
1401.83550 15.841 0.006
1402.92041 16.145 0.007
1407.84348 16.105 0.007
1412.73880 16.051 0.007
1417.89712 16.074 0.007
1430.72974 16.067 0.007
1432.74042 15.884 0.006
1435.69687 16.005 0.007
1439.66331 16.223 0.007
1442.66701 15.717 0.006
1447.74220 15.679 0.007
1451.67840 16.173 0.007
1455.69812 15.830 0.006
1460.73886 15.788 0.005
1462.64449 16.309 0.007
1470.65075 15.600 0.005
1472.63795 16.268 0.007
1475.64368 15.996 0.007
1477.57274 16.214 0.008
1481.59050 15.915 0.006
1484.63942 16.088 0.007
1487.63454 16.175 0.007
1490.67330 16.302 0.007
1492.57295 16.132 0.007
1495.52974 16.198 0.007
1499.55839 15.942 0.007
1502.55648 16.084 0.007
1505.62307 16.183 0.007
1508.55844 16.277 0.007
1509.53470 15.830 0.006
1512.63658 16.032 0.007
1515.61127 16.126 0.007
1517.61478 15.980 0.006
1520.60195 16.106 0.007
1524.54965 15.608 0.006
1526.58977 16.316 0.007
1531.64136 16.279 0.007
1543.59884 16.078 0.007
1546.61366 16.185 0.007
1551.57544 16.145 0.007
1555.60897 15.798 0.006
1562.58754 16.308 0.008
1569.56669 16.150 0.007
1575.59252 16.081 0.006
1580.56752 16.330 0.007
1583.57020 15.648 0.005
1587.54998 16.161 0.007
1597.53546 16.114 0.007
1603.54354 16.320 0.008
1608.51926 16.275 0.008
1703.90418 15.605 0.006
1705.90968 16.268 0.007
1716.87010 15.651 0.006
1717.88045 16.088 0.007
1729.91614 15.804 0.005
1732.88591 15.960 0.006
1740.83695 16.042 0.007
1742.88474 15.858 0.006
1744.85386 15.805 0.006
1745.87812 16.010 0.006
1749.85854 16.193 0.006
1750.83046 15.956 0.007
1751.84229 16.206 0.007
1752.80362 15.688 0.006
1753.80469 16.093 0.007
1754.83136 16.328 0.007
1755.79672 15.901 0.007
1756.82620 16.181 0.009
1757.77539 15.593 0.006
1758.77988 16.036 0.007
1759.82425 16.301 0.007
1761.80528 16.145 0.007
1762.79167 15.832 0.006
1763.79468 16.013 0.006
1764.78719 16.240 0.007
1765.78165 15.783 0.006
1766.72269 16.105 0.007
1768.80179 15.953 0.007
1769.71117 16.196 0.007
1771.82724 16.095 0.008
1772.76962 16.331 0.007
1773.73693 15.892 0.006
1776.75973 16.061 0.006
1784.73638 16.118 0.007
1788.80188 15.765 0.005
1803.76220 16.004 0.006
1806.75634 15.765 0.006
1808.82595 16.177 0.007
1811.75437 15.685 0.005
1814.80119 15.913 0.006
1817.76685 16.057 0.006
1822.64429 15.980 0.006
1826.79539 16.116 0.007
1829.73763 15.703 0.006
1846.78567 16.220 0.007
1850.74242 15.928 0.007
1854.79848 16.344 0.007
1858.72234 16.039 0.007
1862.72124 16.013 0.006
1867.74567 16.254 0.008
1871.75227 16.091 0.007
2085.90914 15.597 0.007
2086.88843 16.031 0.008
2103.89525 15.610 0.006
2105.92315 16.309 0.009
2106.89098 15.852 0.007
2112.84336 16.120 0.007
2116.87111 15.725 0.007
2123.81803 16.285 0.009
2128.82553 16.249 0.009
2129.85750 15.817 0.007
2130.84387 16.134 0.008
2131.83748 16.155 0.008
2132.80627 15.966 0.008
2133.89460 16.238 0.010
2134.81000 15.723 0.007
2135.84408 16.108 0.008
2137.89208 15.960 0.008
2140.81134 16.081 0.008
2142.75205 15.857 0.007
2143.81755 16.158 0.007
2144.82425 15.594 0.006
2155.87863 15.969 0.008
2156.82521 16.211 0.009
2160.75460 15.881 0.007
2162.76139 15.618 0.006
2166.75600 16.130 0.007
2167.76446 16.049 0.007
2168.71363 15.976 0.007
2171.73955 16.114 0.007
2172.74617 16.316 0.008
2177.63966 16.300 0.009
2184.70130 16.158 0.009
2185.66480 16.170 0.008
2186.68965 15.985 0.009
2187.68483 16.227 0.009
2188.73199 15.768 0.007
2190.69136 16.312 0.008
2191.66474 15.920 0.007
2192.66325 16.189 0.007
2193.68432 15.648 0.006
2194.65442 16.078 0.007
2203.55089 16.277 0.009
2206.60721 15.738 0.007
2211.64130 15.659 0.007
2212.64513 16.073 0.007
2213.65095 16.330 0.009
2214.64214 15.903 0.008
2215.64912 16.171 0.008
2217.63582 16.047 0.008
2219.67868 15.845 0.007
2224.71356 15.813 0.007
2226.63643 16.253 0.010
2228.55833 16.192 0.008
2229.61659 15.678 0.007
2231.64326 16.328 0.009
2232.50999 15.859 0.008
2233.61341 16.179 0.008
2235.66353 16.066 0.007
2238.54707 16.144 0.008
2240.65138 16.026 0.007
2242.61889 15.798 0.007
2248.60354 16.101 0.007
2250.57686 15.908 0.007
2253.57050 16.053 0.007
2255.60716 15.883 0.007
2258.57346 16.008 0.006
2263.58419 15.976 0.007
2266.55498 16.119 0.008
2271.56456 16.058 0.007
2273.56390 15.887 0.008
2275.59883 15.603 0.007
2276.55838 16.039 0.009
2278.59096 15.835 0.007
2280.58682 15.942 0.007
2284.58970 16.119 0.008
2290.60368 16.329 0.009
2293.56596 15.595 0.006
2295.55870 16.300 0.009
2297.56199 16.167 0.009
2299.56109 16.006 0.008
2301.55335 15.804 0.007
2445.91192 16.083 0.009
2460.87884 15.958 0.009
2463.91518 16.096 0.008
2465.92794 15.913 0.007
2467.90093 15.595 0.007
2469.90031 16.311 0.008
2471.88975 16.159 0.008
2472.91922 15.643 0.005
2473.89113 16.004 0.007
2481.90282 16.104 0.009
2483.88864 15.919 0.007
2486.88565 16.077 0.008
2488.87656 15.882 0.008
2489.92299 16.158 0.008
2492.90335 16.266 0.008
2496.90310 15.989 0.007
2497.92651 16.241 0.008
2498.77378 15.683 0.007
2499.85936 16.098 0.007
2500.86493 16.324 0.008
2501.85389 15.926 0.007
2502.83412 16.185 0.008
2508.74536 15.900 0.009
2516.77666 15.720 0.007
2517.82340 16.114 0.008
2518.79484 16.309 0.009
2519.83174 15.940 0.007
2520.79113 16.182 0.008
2521.82327 15.670 0.006
2524.82152 15.909 0.009
2526.77770 15.596 0.006
2534.83408 15.796 0.007
2535.81429 16.116 0.007
2537.70207 15.927 0.008
2538.79803 16.204 0.009
2539.70185 15.622 0.007
2540.74273 16.090 0.010
2541.71375 16.321 0.008
2542.68354 15.855 0.007
2544.66208 15.772 0.007
2545.67711 16.021 0.007
2547.69512 15.810 0.007
2548.71156 16.141 0.007
2550.70669 15.983 0.007
2551.69333 16.230 0.008
2553.64905 16.100 0.009
2554.70257 16.315 0.009
2555.71050 15.944 0.007
2556.68952 16.189 0.008
2557.70206 15.659 0.006
2558.65854 16.069 0.008
2559.61544 16.313 0.009
2560.64850 15.876 0.007
2561.67405 16.165 0.011
2562.66694 15.604 0.007
2563.67487 16.047 0.008
2564.69026 16.280 0.008
2565.68116 15.831 0.007
2566.66144 16.138 0.008
2568.69242 15.992 0.009
2571.64511 16.111 0.010
2573.65854 15.945 0.008
2574.64237 16.195 0.009
2577.62924 16.322 0.010
2578.62931 15.890 0.007
2579.63596 16.173 0.009
2580.64808 15.579 0.006
2583.61939 15.829 0.007
2584.62675 16.142 0.008
2586.62397 15.994 0.007
2587.60838 16.215 0.009
2588.71680 15.809 0.007
2589.59832 16.105 0.008
2590.61345 16.297 0.010
2591.63659 15.954 0.007
2593.60559 15.669 0.007
2594.60936 16.096 0.009
2596.58489 15.895 0.008
2597.57206 16.170 0.008
2598.64593 15.608 0.007
2599.60541 16.062 0.009
2607.62660 16.140 0.009
2610.54642 16.195 0.010
2613.54032 16.319 0.010
2615.56917 16.163 0.009
2619.55687 15.852 0.008
2621.56577 15.770 0.007
2625.54841 16.128 0.010
2628.54178 16.183 0.011
2632.54820 15.920 0.007
2636.54337 16.313 0.011
2639.54386 15.655 0.007
2642.55261 15.826 0.008
2646.56543 16.216 0.008
2651.53746 16.189 0.011
2654.55527 16.331 0.011
2657.55813 15.586 0.007
2660.55391 15.849 0.007
2671.55158 16.105 0.009
2673.56338 15.925 0.008
2676.52475 16.079 0.010
2679.53811 16.174 0.008
2682.54043 16.252 0.010
2777.90295 15.933 0.008
2804.86989 16.096 0.009
2811.90436 15.877 0.009
2814.94001 16.043 0.008
2817.92658 16.155 0.009
2831.78143 15.728 0.007
2832.74739 15.993 0.008
2832.92536 16.053 0.008
2833.86530 16.285 0.010
2835.87395 16.146 0.008
2837.87502 15.997 0.010
2838.93218 16.260 0.011
2840.82492 16.122 0.009
2843.82636 16.204 0.007
2844.87219 15.697 0.007
2845.91818 16.110 0.009
2849.85561 15.596 0.007
2850.88837 16.072 0.008
2851.93194 16.317 0.010
2852.80262 15.835 0.007
2853.94203 16.162 0.008
2856.81529 16.248 0.009
2858.90934 16.142 0.007
2860.87534 15.984 0.007
2861.74651 16.181 0.007
2862.92552 15.763 0.007
2863.83472 16.090 0.009
2865.83162 15.914 0.007
2866.88126 16.198 0.009
2867.82127 15.602 0.006
2868.76894 16.053 0.008
2869.90194 16.317 0.009
2870.81554 15.855 0.007
2871.85846 16.162 0.007
2875.79802 15.796 0.007
2876.77573 16.118 0.008
2877.79763 16.176 0.008
2879.73926 16.193 0.007
2883.82540 15.924 0.007
2885.76020 15.615 0.007
2888.80852 15.877 0.007
2892.79988 16.262 0.010
2894.72904 16.121 0.008
2896.72614 15.970 0.007
2898.74712 15.726 0.007
2900.74596 16.318 0.008
2902.74548 16.189 0.007
2905.75268 16.326 0.008
2907.75408 16.162 0.007
2909.74319 16.016 0.006
2911.73455 15.817 0.007
2915.70602 16.210 0.008
2917.73213 16.106 0.007
2921.72988 15.673 0.007
2923.75183 16.331 0.009
2925.71480 16.173 0.008
2927.71233 16.037 0.008
2930.73038 16.152 0.008
2932.73689 15.998 0.007
2934.71672 15.779 0.007
2937.64073 15.923 0.007
2939.69337 15.674 0.007
2940.63350 16.070 0.007
2941.68332 16.322 0.008
2942.63345 15.875 0.007
2943.60468 16.155 0.008
2944.58927 15.673 0.007
2945.60604 16.013 0.009
2947.61554 15.794 0.007
2949.59685 16.112 0.008
2950.64160 15.986 0.007
2951.62878 16.217 0.009
2952.65771 15.776 0.007
2954.68263 16.222 0.009
2956.62862 16.191 0.007
2958.62303 16.084 0.008
2961.59410 16.173 0.011
2968.59386 15.997 0.007
2970.61311 15.779 0.007
2972.59760 16.262 0.008
2974.59835 16.202 0.008
2976.54805 16.068 0.008
2978.57415 15.914 0.008
2980.59102 15.623 0.007
2982.53624 16.269 0.009
2984.62711 16.158 0.009
2986.63724 16.025 0.008
2988.52960 15.773 0.008
2991.60267 15.975 0.007
2994.58439 16.115 0.008
2997.55718 16.191 0.008
3001.57363 15.872 0.007
3005.53170 16.257 0.011
3008.55336 16.154 0.010
3008.55802 16.130 0.010
3011.56139 15.746 0.007
3016.58805 15.678 0.007
3018.57452 16.329 0.009
3020.60257 16.185 0.008
3021.61538 15.604 0.006
3023.57128 16.294 0.008
3025.56979 16.152 0.008
3027.60330 16.025 0.007
3029.57520 15.786 0.007
3031.57974 16.238 0.008
3033.58211 16.213 0.008
3037.52913 15.899 0.008
3164.92956 16.120 0.007
3183.91153 15.988 0.007
3193.87929 15.882 0.007
3195.93849 15.609 0.006
3197.91395 16.282 0.008
3201.87137 16.001 0.007
3203.87932 15.765 0.006
3206.81719 15.942 0.007
3210.89322 16.335 0.008
3211.88465 15.914 0.007
3215.66076 16.213 0.010
3216.72877 15.785 0.007
3217.92930 16.155 0.008
3218.91393 15.608 0.007
3223.83478 16.254 0.009
3226.82503 15.697 0.007
3229.83216 15.906 0.007
3231.81430 15.614 0.007
3239.79267 15.790 0.007
3240.78993 16.130 0.008
3241.81429 16.169 0.007
3242.71361 15.925 0.007
3243.85006 16.228 0.008
3244.82725 15.749 0.007
3245.77639 16.094 0.008
3246.76884 16.349 0.011
3247.76260 15.890 0.007
3249.72731 15.592 0.007
3251.74083 16.283 0.007
3254.72795 15.852 0.007
3257.74436 15.787 0.006
3259.66354 16.298 0.008
3261.70164 16.206 0.007
3263.68434 16.092 0.007
3265.71873 15.908 0.006
3267.70757 15.604 0.005
3269.78399 16.331 0.010
3270.74081 15.868 0.007
3271.66364 16.139 0.007
3272.72083 15.647 0.006
3274.70670 16.246 0.008
3276.71113 16.129 0.008
3277.74427 16.045 0.007
3279.67659 16.207 0.007
3281.64027 16.087 0.007
3283.64171 15.902 0.006
3287.60793 16.282 0.007
3289.61900 16.146 0.007
3293.59579 15.781 0.005
3295.61458 16.251 0.007
3297.59633 16.185 0.006
3299.65270 16.096 0.006
3301.62694 15.926 0.007
3303.68919 15.666 0.006
3306.62174 15.858 0.006
3308.60946 15.655 0.007
3310.60859 16.252 0.008
3312.65261 16.149 0.007
3314.56347 15.972 0.007
3320.60130 16.195 0.007
3327.55626 16.018 0.007
3330.55049 16.131 0.007
3335.59532 16.114 0.008
3338.59893 16.185 0.007
3349.59526 15.767 0.006
3353.57435 16.122 0.007
3359.55088 16.328 0.008
3363.55822 16.051 0.007
3367.61754 15.593 0.006
3372.54829 16.184 0.007
3376.52760 16.095 0.009
3378.59455 15.948 0.007
3386.56098 16.029 0.007
3390.57456 15.961 0.007
3398.55632 15.682 0.006
3402.54472 16.185 0.007
3528.93692 16.152 0.008
3541.92972 15.584 0.005
3547.91431 15.985 0.007
3554.92252 15.680 0.006
3560.94464 16.046 0.007
3564.90680 15.866 0.006
3568.83766 16.090 0.007
3570.77838 15.923 0.007
3571.80071 16.172 0.009
3573.83820 16.088 0.008
3574.87719 16.306 0.008
3577.83586 15.578 0.006
3578.89443 16.053 0.007
3579.79927 16.247 0.007
3581.84420 16.148 0.007
3581.86691 16.152 0.007
3582.82909 15.964 0.007
3583.83350 16.013 0.007
3586.80784 16.128 0.006
3588.82573 15.933 0.006
3589.81854 16.191 0.007
3591.87334 16.091 0.006
3593.81090 15.889 0.007
3596.89136 16.072 0.007
3601.80899 15.992 0.007
3607.81440 16.203 0.007
3614.78579 16.055 0.006
3617.76529 16.146 0.007
3619.69821 15.981 0.007
3621.71667 15.776 0.006
3624.86497 15.996 0.007
3626.71435 15.678 0.006
3629.66796 15.886 0.007
3631.73033 15.605 0.006
3633.69564 16.314 0.009
3637.64955 15.985 0.007
3639.69963 15.778 0.005
3641.69619 16.206 0.007
3643.72056 16.198 0.007
3646.65552 16.333 0.008
3650.65877 16.063 0.007
3650.68281 16.057 0.007
3651.73275 16.317 0.007
3653.72891 16.155 0.007
3655.69509 16.019 0.007
3657.64587 15.793 0.006
3658.65030 16.134 0.007
3659.63835 16.235 0.008
3660.66847 15.961 0.007
3663.55998 16.081 0.008
3665.63356 15.911 0.007
3668.57198 16.051 0.007
3669.67074 16.303 0.008
3671.62890 16.157 0.007
3673.67376 16.033 0.007
3675.65834 15.819 0.006
3683.64765 15.934 0.007
3685.65278 15.654 0.006
3687.65145 16.327 0.007
3689.59984 16.144 0.007
3692.57568 16.254 0.008
3694.55966 16.135 0.007
3696.56018 15.969 0.007
3698.59387 15.753 0.007
3700.57480 16.323 0.008
3702.58409 16.190 0.007
3704.59036 16.085 0.007
3706.61079 15.912 0.006
3708.58367 15.592 0.006
3711.59026 15.842 0.007
3714.52401 15.988 0.010
3718.60452 16.216 0.009
3721.55342 15.662 0.007
3724.56310 15.900 0.007
3726.58366 15.621 0.006
3728.55677 16.287 0.008
3734.56022 15.809 0.007
3737.57590 15.968 0.007
3742.53452 15.904 0.008
3746.55980 16.310 0.010
3751.53618 16.249 0.011
3756.55244 16.218 0.008
3761.60271 16.197 0.007
3766.52751 16.178 0.009
3772.55033 15.880 0.007
3776.55040 16.122 0.007
3871.87630 16.215 0.009
3901.93882 16.067 0.007
3906.93909 16.028 0.007
3913.91603 15.733 0.006
3918.87954 15.631 0.006
3931.91488 15.755 0.006
3934.85790 15.930 0.006
3936.86610 15.674 0.006
3938.85009 16.321 0.008
3944.89748 15.843 0.006
3946.86561 15.887 0.007
3951.88502 16.230 0.008
3955.85015 16.083 0.008
3958.82667 16.156 0.008
3960.82682 16.059 0.007
3963.82353 16.139 0.008
3965.81541 15.992 0.006
3967.83526 15.784 0.006
3969.80090 16.259 0.007
3971.77709 16.204 0.007
3974.77883 16.328 0.008
3979.73419 16.273 0.007
3980.61754 15.771 0.007
3981.64383 16.120 0.007
3983.83415 16.034 0.007
3986.69571 16.115 0.007
3987.66675 16.319 0.007
3990.79002 15.724 0.006
3993.73482 15.906 0.007
3995.74009 15.597 0.005
3999.74936 16.146 0.007
4002.72150 16.250 0.007
4004.67329 16.116 0.007
4006.69950 15.948 0.006
4007.56288 16.187 0.007
4008.57181 15.602 0.005
4009.73327 16.114 0.007
4013.69838 15.616 0.006
4015.68067 16.299 0.009
4015.69690 16.309 0.009
4018.69606 15.676 0.006
4019.68463 16.022 0.007
4021.67712 15.802 0.006
4024.65059 15.954 0.006
4026.62947 15.698 0.006
4028.62543 16.329 0.007
4030.63799 16.178 0.007
4032.69009 16.084 0.007
4037.66628 16.024 0.006
4039.60422 15.779 0.006
4041.60374 16.231 0.008
4043.58944 16.211 0.008
4046.59877 16.331 0.008
4048.56467 16.178 0.007
4050.60679 16.061 0.007
4052.55889 15.845 0.006
4054.61307 15.617 0.006
4056.58516 16.252 0.007
4058.61871 16.136 0.007
4060.51755 15.949 0.007
4064.51518 16.320 0.007
4066.55665 16.181 0.007
4069.51502 16.308 0.010
4073.59859 16.062 0.007
4077.52194 16.159 0.008
4079.52388 16.204 0.009
4082.52384 16.313 0.010
4085.56155 15.670 0.006
4092.55760 16.287 0.007
4096.58355 16.020 0.007
4100.58634 16.177 0.008
4105.55417 16.330 0.008
4108.53042 15.591 0.006
4113.60831 15.591 0.005
4120.57914 16.237 0.007
4126.57697 15.704 0.007
4252.92626 16.010 0.009
4255.84555 16.104 0.009
4268.89906 16.152 0.008
4275.92119 15.987 0.008
4279.79887 16.331 0.011
4282.80943 15.596 0.007
4283.86237 16.054 0.009
4285.91669 15.886 0.007
4291.93747 16.152 0.009
4292.85599 16.158 0.007
4295.86004 15.729 0.007
4296.88980 16.110 0.007
4297.92266 16.276 0.008
4299.85747 16.182 0.007
4300.87896 15.655 0.006
4301.89697 16.087 0.007
4302.91858 16.327 0.009
4306.86321 16.050 0.009
4307.89749 16.284 0.008
4308.65864 15.719 0.007
4308.86662 15.836 0.007
4310.83897 16.056 0.008
4311.82652 15.983 0.009
4312.90040 16.251 0.008
4314.91987 16.133 0.008
4316.82641 15.937 0.007
4319.86359 16.087 0.008
4320.89045 16.343 0.010
4326.83432 15.834 0.007
4327.81259 16.153 0.009
4328.82822 15.889 0.007
4329.83076 16.006 0.007
4330.85900 16.241 0.008
4333.86030 16.186 0.008
4338.90068 16.307 0.010
4340.77316 16.169 0.008
4341.76831 15.596 0.007
4342.82417 16.057 0.008
4343.76181 16.291 0.009
4344.74396 15.826 0.007
4345.78995 16.146 0.007
4347.77884 15.990 0.007
4349.79203 15.786 0.007
4351.72913 16.295 0.010
4353.75235 16.195 0.009
4357.70122 15.895 0.007
4359.69915 15.580 0.006
4361.70171 16.281 0.009
4362.72443 15.862 0.007
4364.58347 16.267 0.010
4367.68098 15.763 0.007
4370.67263 15.941 0.007
4372.73610 15.706 0.006
4376.65149 16.173 0.009
4378.61807 16.035 0.008
4379.64603 16.276 0.009
4380.75888 15.877 0.007
4382.68633 15.780 0.007
4386.66139 16.124 0.007
4388.66187 15.957 0.007
4390.67086 15.700 0.006
4393.64464 15.900 0.007
4395.67952 15.614 0.007
4398.64496 15.843 0.007
4400.66784 15.644 0.007
4403.69363 15.820 0.007
4407.63372 16.203 0.009
4408.67990 15.740 0.007
4410.70284 16.297 0.009
4415.68697 16.316 0.009
4418.59364 15.702 0.007
4422.65487 16.143 0.008
4424.65193 15.993 0.007
4427.53863 16.092 0.008
4429.56456 15.929 0.009
4431.56900 15.634 0.007
4433.57486 16.312 0.008
4435.56321 16.167 0.008
4437.65225 16.053 0.009
4439.56412 15.828 0.007
4441.59995 15.983 0.007
4443.59068 16.235 0.009
4449.64470 15.724 0.007
4451.59983 16.335 0.008
4453.58181 16.183 0.009
4456.58324 16.290 0.010
4459.53574 16.015 0.008
4464.57543 16.233 0.008
4465.54136 15.936 0.007
4470.56029 15.917 0.008
4474.59679 16.327 0.011
4476.57493 16.158 0.008
4479.59974 16.276 0.010
4481.58441 16.143 0.008
4484.60109 16.231 0.011
4487.62265 16.282 0.011
4609.89594 16.147 0.009
4643.88061 16.332 0.009
4649.93082 15.882 0.007
4661.89396 16.308 0.008
4662.77668 15.890 0.007
4662.89360 15.924 0.007
4663.74837 16.166 0.009
4663.93227 16.188 0.008
4665.82132 16.064 0.008
4665.91527 16.097 0.009
4666.90913 16.334 0.010
4670.90358 16.039 0.007
4671.81782 16.235 0.008
4672.87754 15.819 0.007
4675.89515 15.992 0.007
4681.87488 16.193 0.007
4683.87013 16.076 0.007
4685.85625 15.890 0.007
4688.80759 16.025 0.007
4690.73315 15.777 0.006
4691.73602 16.122 0.009
4693.89111 16.001 0.008
4696.84103 16.128 0.010
4698.75286 15.921 0.007
4699.74687 16.173 0.008
4700.78438 15.652 0.006
4701.78958 16.081 0.007
4702.84972 16.333 0.009
4703.74876 15.880 0.007
4704.76761 16.165 0.007
4705.77485 15.598 0.007
4707.76752 16.287 0.007
4708.83578 15.854 0.007
4710.75175 16.030 0.007
4716.75326 15.944 0.007
4719.74543 16.088 0.008
4721.73439 15.900 0.007
4724.76409 16.050 0.007
4726.65976 15.807 0.007
4729.67074 15.998 0.008
4731.76099 15.796 0.007
4734.74331 15.948 0.007
4736.70809 15.708 0.007
4739.64937 15.890 0.007
4741.72395 15.602 0.006
4747.59056 15.968 0.007
4749.59013 15.712 0.007
4753.65929 16.207 0.009
4755.65321 16.084 0.007
4757.63765 15.884 0.007
4759.65027 15.589 0.006
4761.62054 16.281 0.007
4763.63318 16.157 0.008
4766.60140 16.228 0.008
4769.63947 16.226 0.009
4771.55054 16.180 0.009
4773.67535 16.105 0.007
4775.66219 15.910 0.007
4777.59594 15.596 0.006
4779.63153 16.317 0.008
4781.58145 16.139 0.007
4783.56507 15.998 0.007
4785.59617 15.774 0.007
4789.53158 16.199 0.009
4790.61380 15.722 0.006
4791.61210 16.108 0.007
4793.51623 15.913 0.007
4795.53328 15.580 0.006
4797.52548 16.286 0.008
4798.58878 15.874 0.007
4800.63607 15.585 0.006
4803.52739 15.786 0.007
4804.57757 16.126 0.008
4806.58659 15.982 0.007
4808.54482 15.731 0.007
4808.61232 15.766 0.007
4810.55526 16.318 0.009
4813.59461 15.673 0.007
4815.57074 16.323 0.009
4817.58728 16.166 0.007
4819.58688 16.040 0.007
4821.62878 15.849 0.007
4823.58957 15.877 0.007
4825.61801 16.242 0.008
4832.59113 16.099 0.007
4835.57295 16.188 0.009
4839.59446 15.888 0.007
4842.56152 16.013 0.008
4844.57001 15.803 0.007
4847.62632 15.993 0.010
4849.58618 15.739 0.007
4853.58361 16.197 0.008
4856.57754 16.313 0.008
4865.55067 15.993 0.007
4936.91655 15.818 0.007
4940.89923 16.235 0.009
4940.90309 16.224 0.008
4953.89694 16.294 0.009
4954.88836 15.834 0.007
