 621.85656 15.470 0.006
 626.93974 15.596 0.005
 627.90571 15.742 0.006
 628.91510 15.090 0.005
 632.91538 15.034 0.005
 633.91989 15.284 0.005
 643.88376 15.561 0.005
 645.88724 15.032 0.005
 649.85655 15.292 0.005
 656.90233 15.584 0.005
 657.84352 15.745 0.006
 658.91516 15.101 0.005
 664.80652 15.487 0.005
 664.89505 15.493 0.005
 665.88202 15.659 0.005
 666.89256 15.511 0.005
 667.90339 15.219 0.005
 668.87398 15.435 0.005
 670.83962 15.754 0.006
 671.86215 15.105 0.005
 672.91566 15.366 0.005
 673.71792 15.537 0.005
 673.91963 15.561 0.005
 684.79468 15.132 0.005
 685.73324 15.360 0.005
 686.77565 15.553 0.005
 688.88049 15.065 0.005
 689.77047 15.303 0.005
 697.73649 15.156 0.005
 698.88250 15.420 0.005
 699.73900 15.568 0.005
 700.74761 15.735 0.006
 701.72005 15.059 0.005
 704.69233 15.683 0.007
 706.71609 15.262 0.006
 707.75207 15.492 0.006
 708.71959 15.653 0.007
 712.71994 15.593 0.005
 713.75767 15.745 0.005
 714.77304 15.115 0.005
 716.70666 15.543 0.005
 720.68224 15.490 0.005
 722.64750 15.529 0.005
 726.73964 15.711 0.005
 728.63840 15.363 0.005
 729.70533 15.563 0.005
 730.62944 15.710 0.006
 733.69144 15.525 0.006
 739.75637 15.590 0.006
 741.68296 15.408 0.005
 742.77338 15.612 0.006
 744.72525 15.086 0.005
 745.67652 15.336 0.005
 747.61540 15.700 0.006
 748.57694 15.174 0.005
 749.58465 15.250 0.005
 750.57919 15.479 0.005
 751.58631 15.646 0.006
 752.78890 15.318 0.005
 753.72951 15.220 0.005
 754.69608 15.438 0.005
 755.58513 15.594 0.005
 759.59116 15.541 0.005
 760.59754 15.698 0.005
 761.59448 15.036 0.005
 762.58509 15.280 0.005
 762.71959 15.300 0.005
 763.60408 15.501 0.005
 763.68469 15.517 0.005
 763.77335 15.516 0.006
 764.69126 15.670 0.007
 765.63538 15.352 0.005
 766.53160 15.196 0.005
 766.67220 15.228 0.005
 767.58067 15.437 0.006
 767.63938 15.453 0.006
 767.73408 15.469 0.006
 769.56363 15.732 0.006
 770.54124 15.119 0.005
 771.56595 15.378 0.005
 772.56466 15.552 0.006
 772.74589 15.595 0.005
 773.62652 15.741 0.005
 774.65658 15.060 0.005
 775.60887 15.313 0.005
 776.59811 15.515 0.005
 776.75072 15.543 0.005
 777.54279 15.686 0.006
 778.58061 15.205 0.005
 778.67153 15.080 0.005
 779.56097 15.239 0.005
 779.71574 15.269 0.005
 780.55300 15.473 0.006
 780.56494 15.467 0.005
 780.73392 15.492 0.005
 781.61562 15.649 0.005
 782.55016 15.677 0.006
 782.64984 15.586 0.006
 783.59598 15.181 0.005
 784.64146 15.417 0.005
 785.53785 15.589 0.005
 786.54408 15.732 0.006
 787.62574 15.093 0.005
 788.55398 15.325 0.005
 790.59354 15.702 0.006
 795.58143 15.507 0.005
 796.56868 15.204 0.005
 796.69607 15.232 0.005
 797.54953 15.440 0.005
 798.61895 15.612 0.005
 800.55411 15.103 0.005
 802.64576 15.566 0.005
 806.55186 15.514 0.005
 808.57013 15.282 0.005
 816.64639 15.737 0.006
 817.64163 15.083 0.005
 819.62081 15.535 0.005
 822.60716 15.273 0.005
 824.62716 15.668 0.006
 825.61488 15.484 0.006
 828.66022 15.618 0.005
 829.62684 15.711 0.006
 830.54433 15.100 0.005
 832.63369 15.555 0.005
 834.53592 15.037 0.005
 836.60136 15.506 0.006
 838.62022 15.235 0.005
 840.61316 15.440 0.005
 842.56876 15.703 0.006
 843.61545 15.160 0.005
 845.59964 15.566 0.005
 850.58827 15.690 0.006
 855.59303 15.564 0.006
 856.55778 15.177 0.006
 858.52570 15.595 0.007
 860.52743 15.094 0.005
 867.52363 15.657 0.006
 874.52241 15.373 0.005
 963.90589 15.209 0.005
 986.89228 15.536 0.005
 987.90450 15.717 0.006
 996.89114 15.739 0.005
 998.82347 15.352 0.005
1003.82553 15.520 0.006
1005.84974 15.332 0.005
1008.88273 15.623 0.006
1020.84597 15.485 0.005
1025.83163 15.581 0.006
1035.79934 15.486 0.005
1037.82642 15.441 0.005
1038.84457 15.610 0.006
1041.83279 15.367 0.005
1045.79713 15.299 0.005
1049.82600 15.242 0.005
1053.71733 15.145 0.005
1058.78536 15.332 0.005
1059.83102 15.533 0.005
1061.81746 15.039 0.005
1064.77390 15.651 0.006
1069.68731 15.745 0.006
1074.66850 15.054 0.005
1077.66298 15.654 0.005
1079.66500 15.202 0.005
1081.71219 15.611 0.005
1084.65116 15.363 0.005
1087.67057 15.034 0.005
1090.63856 15.675 0.006
1092.70262 15.244 0.005
1094.69843 15.637 0.005
1095.72889 15.638 0.006
1102.66775 15.527 0.005
1107.63593 15.657 0.005
1112.67906 15.744 0.006
1117.61762 15.029 0.005
1122.63199 15.214 0.005
1128.58200 15.551 0.005
1132.60796 15.516 0.005
1138.65305 15.623 0.005
1140.66146 15.413 0.005
1144.68805 15.344 0.005
1151.59936 15.498 0.005
1154.55645 15.588 0.006
1157.56620 15.359 0.005
1160.59098 15.035 0.005
1163.66941 15.689 0.006
1164.71500 15.080 0.005
1170.56995 15.396 0.005
1178.69249 15.291 0.005
1182.69093 15.214 0.005
1185.63367 15.726 0.005
1187.67018 15.381 0.005
1190.53960 15.038 0.005
1202.61524 15.746 0.006
1208.58576 15.254 0.005
1211.58816 15.599 0.006
1216.57613 15.089 0.005
1219.58055 15.703 0.007
1228.53154 15.728 0.007
1234.52698 15.288 0.006
1235.52555 15.508 0.006
1329.81799 15.500 0.006
1330.92711 15.678 0.006
1335.89830 15.665 0.006
1341.93238 15.348 0.005
1347.93004 15.659 0.006
1349.92541 15.207 0.005
1355.91826 15.561 0.006
1366.87447 15.148 0.005
1367.89648 15.393 0.006
1369.88937 15.739 0.006
1374.88325 15.099 0.005
1395.84950 15.728 0.006
1397.87227 15.379 0.005
1401.88668 15.319 0.005
1402.88439 15.519 0.005
1407.89478 15.643 0.006
1412.79344 15.736 0.006
1418.76737 15.254 0.005
1432.78989 15.496 0.005
1435.71558 15.204 0.005
1439.81336 15.152 0.005
1442.77776 15.737 0.005
1447.70667 15.243 0.005
1451.69735 15.689 0.006
1454.69563 15.582 0.006
1460.63974 15.150 0.005
1462.66364 15.484 0.006
1470.61487 15.336 0.005
1475.66267 15.506 0.005
1478.58886 15.188 0.005
1480.69725 15.627 0.006
1484.60366 15.564 0.005
1487.56281 15.287 0.005
1489.58616 15.691 0.005
1491.64831 15.237 0.005
1494.69633 15.593 0.006
1495.54938 15.157 0.005
1499.52157 15.044 0.005
1502.60645 15.702 0.006
1506.60149 15.652 0.007
1509.58505 15.426 0.005
1514.66139 15.564 0.006
1517.57809 15.286 0.005
1520.62093 15.263 0.005
1522.64963 15.464 0.006
1525.54525 15.144 0.005
1528.64319 15.741 0.006
1544.57596 15.545 0.005
1546.63241 15.028 0.005
1551.59444 15.223 0.005
1555.57262 15.147 0.005
1562.60683 15.677 0.006
1568.58029 15.170 0.005
1573.57528 15.344 0.005
1579.55886 15.651 0.006
1581.58613 15.213 0.005
1584.57097 15.711 0.006
1586.58206 15.371 0.005
1588.55557 15.714 0.008
1592.57869 15.667 0.006
1597.55419 15.663 0.006
1602.55135 15.063 0.005
1607.54156 15.265 0.005
1706.91173 15.420 0.006
1726.94437 15.069 0.005
1730.92787 15.074 0.005
1738.87891 15.744 0.006
1740.88661 15.344 0.005
1744.90348 15.279 0.005
1745.89663 15.493 0.005
1749.87726 15.444 0.005
1750.88056 15.614 0.005
1751.86111 15.744 0.005
1752.85346 15.127 0.005
1753.85426 15.373 0.005
1754.85019 15.553 0.006
1755.84646 15.711 0.007
1756.87616 15.032 0.005
1757.82520 15.298 0.005
1758.82977 15.509 0.005
1759.84290 15.666 0.005
1761.85904 15.243 0.005
1762.84144 15.451 0.005
1763.84698 15.638 0.005
1764.83672 15.680 0.005
1765.83307 15.163 0.005
1766.80680 15.394 0.006
1768.82059 15.726 0.006
1769.73577 15.032 0.005
1773.79672 15.097 0.005
1775.80824 15.480 0.005
1785.78526 15.709 0.005
1788.82041 15.506 0.005
1789.75308 15.653 0.005
1803.85670 15.060 0.005
1809.78040 15.417 0.005
1812.75430 15.078 0.005
1815.81072 15.720 0.005
1821.70729 15.188 0.005
1823.77660 15.614 0.005
1829.70168 15.029 0.005
1830.76866 15.309 0.005
1864.71302 15.217 0.005
1865.71902 15.441 0.005
1873.69159 15.299 0.005
2086.92886 15.094 0.005
2104.86099 15.204 0.005
2106.92089 15.617 0.005
2113.84132 15.301 0.005
2114.85557 15.507 0.005
2115.91948 15.697 0.005
2116.90195 15.172 0.005
2117.90764 15.246 0.005
2123.85186 15.580 0.005
2128.85517 15.702 0.005
2129.88733 15.041 0.005
2130.83621 15.258 0.005
2131.82971 15.478 0.005
2132.83589 15.665 0.005
2133.92450 15.421 0.005
2134.84083 15.193 0.005
2135.87602 15.433 0.005
2136.87654 15.602 0.005
2137.91916 15.717 0.006
2140.84509 15.541 0.005
2142.89135 15.025 0.005
2143.85211 15.285 0.005
2144.81687 15.498 0.005
2156.85506 15.314 0.005
2160.78480 15.245 0.005
2162.79136 15.633 0.005
2165.77517 15.411 0.005
2166.78614 15.590 0.005
2167.75693 15.753 0.005
2168.74346 15.070 0.005
2171.76949 15.721 0.005
2172.77606 15.047 0.005
2173.73818 15.262 0.005
2177.66980 15.181 0.005
2185.69466 15.032 0.005
2187.67723 15.516 0.005
2190.72123 15.217 0.005
2192.69079 15.624 0.005
2193.71178 15.715 0.005
2194.68300 15.128 0.005
2200.69548 15.527 0.005
2201.74914 15.703 0.005
2206.62485 15.707 0.008
2206.63497 15.702 0.005
2211.66350 15.062 0.005
2211.67361 15.072 0.005
2212.66257 15.324 0.006
2213.68366 15.524 0.005
2214.65992 15.671 0.007
2214.67003 15.698 0.005
2215.68533 15.026 0.005
2217.66297 15.483 0.005
2222.75538 15.622 0.005
2225.62463 15.346 0.005
2226.67098 15.557 0.005
2228.57626 15.027 0.005
2228.58638 15.029 0.005
2230.52369 15.491 0.005
2232.53742 15.511 0.005
2234.57950 15.445 0.005
2236.56900 15.733 0.005
2238.56428 15.363 0.006
2238.57439 15.372 0.005
2241.56118 15.030 0.005
2243.59947 15.512 0.005
2248.64388 15.638 0.005
2250.62205 15.168 0.005
2253.60092 15.734 0.005
2256.58005 15.529 0.005
2258.62050 15.030 0.005
2265.63776 15.619 0.005
2270.59595 15.729 0.005
2272.59401 15.295 0.005
2274.57785 15.678 0.005
2276.54537 15.227 0.005
2280.55795 15.149 0.005
2285.59640 15.325 0.005
2289.59333 15.269 0.005
2291.59403 15.663 0.005
2293.59472 15.185 0.005
2295.59103 15.604 0.005
2297.59420 15.116 0.005
2299.59068 15.553 0.005
2301.58335 15.034 0.005
2466.86683 15.558 0.005
2467.93072 15.735 0.005
2469.92999 15.304 0.005
2471.91956 15.687 0.005
2472.90961 15.193 0.005
2473.92476 15.235 0.005
2473.93580 15.244 0.005
2481.88403 15.061 0.006
2481.89505 15.067 0.005
2483.91870 15.529 0.005
2486.91885 15.267 0.005
2488.93421 15.670 0.005
2490.79641 15.182 0.005
2492.92209 15.593 0.007
2492.93310 15.626 0.005
2496.92186 15.544 0.006
2496.93290 15.555 0.005
2498.80420 15.026 0.005
2499.87810 15.298 0.005
2499.88914 15.286 0.005
2500.88653 15.512 0.006
2500.89760 15.511 0.005
2501.87328 15.669 0.006
2501.88433 15.665 0.005
2502.85344 15.354 0.006
2502.86450 15.327 0.005
2508.77508 15.357 0.005
2516.80655 15.240 0.005
2517.84227 15.468 0.006
2517.85331 15.475 0.005
2518.81456 15.632 0.007
2518.82568 15.646 0.005
2519.81284 15.642 0.006
2519.82390 15.646 0.005
2520.81101 15.170 0.006
2520.82208 15.157 0.005
2521.79929 15.398 0.006
2521.81525 15.405 0.005
2524.80269 15.079 0.006
2524.81379 15.077 0.005
2526.79652 15.515 0.005
2529.80381 15.267 0.005
2534.86444 15.447 0.005
2535.80207 15.608 0.005
2537.73215 15.097 0.005
2538.82214 15.362 0.006
2538.83240 15.376 0.005
2539.71930 15.528 0.006
2539.72960 15.539 0.005
2540.76180 15.724 0.008
2540.77289 15.731 0.005
2541.73118 15.019 0.005
2541.74148 15.021 0.005
2542.70100 15.259 0.005
2542.71127 15.275 0.005
2544.68093 15.655 0.006
2544.69203 15.666 0.005
2545.70475 15.431 0.005
2547.71245 15.442 0.006
2547.72272 15.455 0.005
2548.73044 15.613 0.007
2548.74151 15.626 0.005
2550.72571 15.129 0.005
2550.73679 15.139 0.005
2551.71224 15.370 0.006
2551.72333 15.384 0.005
2552.72825 15.555 0.006
2552.73930 15.566 0.005
2553.68009 15.726 0.005
2554.72135 15.040 0.005
2554.73244 15.049 0.005
2555.72929 15.302 0.005
2555.74034 15.306 0.005
2556.70836 15.507 0.006
2556.71945 15.521 0.005
2557.72088 15.675 0.006
2557.73198 15.686 0.005
2558.67736 15.238 0.005
2558.68842 15.212 0.005
2559.63441 15.229 0.005
2559.64543 15.218 0.005
2560.66734 15.464 0.006
2560.67844 15.459 0.005
2561.71296 15.640 0.007
2561.72406 15.638 0.005
2562.68572 15.655 0.007
2562.69674 15.647 0.005
2563.69365 15.165 0.005
2563.70472 15.159 0.005
2564.71001 15.398 0.006
2564.72111 15.409 0.005
2565.70601 15.574 0.007
2565.71626 15.580 0.005
2566.68095 15.725 0.007
2566.69121 15.747 0.005
2568.75000 15.338 0.006
2568.76763 15.344 0.005
2571.67761 15.049 0.005
2572.75211 15.290 0.005
2573.67988 15.480 0.007
2573.69019 15.508 0.005
2574.65986 15.639 0.006
2574.67015 15.655 0.005
2576.69460 15.212 0.006
2576.70488 15.203 0.005
2577.65966 15.431 0.006
2577.66993 15.436 0.005
2578.64716 15.592 0.007
2578.65746 15.598 0.005
2579.65768 15.731 0.007
2579.66798 15.731 0.005
2580.66582 15.108 0.005
2580.67609 15.106 0.005
2583.63787 15.709 0.007
2583.64815 15.717 0.005
2584.64432 15.023 0.005
2584.65460 15.025 0.005
2586.65580 15.495 0.005
2587.62740 15.657 0.007
2587.63846 15.670 0.005
2589.61831 15.209 0.005
2589.62933 15.218 0.005
2590.63505 15.430 0.006
2590.64610 15.449 0.005
2591.67228 15.630 0.005
2593.63553 15.147 0.005
2594.64157 15.381 0.005
2596.61520 15.736 0.005
2597.59131 15.005 0.005
2597.60238 15.029 0.005
2598.67151 15.311 0.006
2598.68256 15.317 0.005
2599.63663 15.531 0.005
2607.64568 15.413 0.006
2607.65672 15.395 0.005
2610.57807 15.064 0.005
2613.57185 15.698 0.005
2615.60230 15.266 0.005
2619.58677 15.193 0.005
2621.59592 15.605 0.005
2625.57850 15.548 0.005
2627.54918 15.028 0.005
2630.56300 15.670 0.005
2635.57671 15.688 0.005
2637.57157 15.385 0.005
2640.54192 15.048 0.005
2642.58165 15.532 0.005
2646.59303 15.479 0.005
2651.56770 15.598 0.005
2654.59519 15.348 0.005
2657.54718 15.029 0.005
2661.55321 15.370 0.005
2664.58415 15.616 0.005
2667.54294 15.378 0.005
2668.57008 15.582 0.005
2672.56209 15.527 0.005
2676.55227 15.469 0.005
2679.56698 15.184 0.005
2683.54595 15.100 0.005
2777.93270 15.088 0.005
2804.85045 15.378 0.007
2804.86124 15.389 0.005
2805.86773 15.567 0.008
2805.87853 15.585 0.006
2811.93365 15.032 0.005
2815.90734 15.489 0.005
2825.93921 15.295 0.005
2830.84647 15.450 0.005
2831.81612 15.627 0.005
2832.78917 15.737 0.005
2833.89466 15.160 0.005
2834.94529 15.394 0.005
2836.90362 15.721 0.006
2838.84669 15.315 0.005
2840.85436 15.697 0.005
2843.85571 15.474 0.005
2844.90142 15.648 0.005
2845.94844 15.493 0.006
2849.88495 15.756 0.005
2850.91770 15.111 0.005
2852.84632 15.548 0.005
2854.85766 15.038 0.005
2857.86504 15.684 0.005
2858.93865 15.230 0.005
2860.90462 15.456 0.005
2861.77610 15.598 0.005
2862.89947 15.702 0.005
2863.86415 15.132 0.005
2865.82384 15.555 0.005
2867.81326 15.029 0.005
2868.81686 15.291 0.005
2869.80338 15.498 0.005
2870.84495 15.682 0.005
2871.88802 15.095 0.005
2872.84482 15.228 0.005
2875.83572 15.643 0.005
2876.80514 15.151 0.005
2879.73164 15.722 0.005
2883.85489 15.704 0.005
2885.79021 15.249 0.005
2890.72108 15.409 0.005
2893.77254 15.103 0.005
2895.82175 15.558 0.005
2897.72529 15.033 0.005
2899.76292 15.501 0.005
2903.78198 15.432 0.005
2906.73098 15.118 0.005
2908.70798 15.552 0.005
2910.70286 15.030 0.005
2912.70819 15.504 0.005
2916.72094 15.467 0.005
2918.69783 15.670 0.005
2922.69781 15.741 0.005
2924.63875 15.310 0.005
2926.63279 15.683 0.005
2929.69399 15.475 0.005
2931.66993 15.566 0.005
2933.68036 15.429 0.005
2935.64470 15.735 0.005
2937.67029 15.344 0.005
2939.68575 15.725 0.005
2940.66292 15.022 0.005
2941.63818 15.279 0.005
2942.66298 15.504 0.005
2943.63433 15.663 0.005
2944.61869 15.436 0.005
2946.61344 15.443 0.005
2947.64506 15.615 0.005
2949.62608 15.126 0.005
2950.57761 15.353 0.005
2951.65822 15.561 0.005
2953.60616 15.031 0.005
2955.59124 15.508 0.005
2957.60486 15.216 0.005
2962.65913 15.160 0.005
2965.66180 15.735 0.005
2968.62413 15.524 0.005
2970.64294 15.023 0.005
2972.64756 15.500 0.005
2975.55560 15.189 0.005
2977.65141 15.610 0.005
2979.59130 15.107 0.005
2981.63858 15.562 0.006
2983.57209 15.038 0.005
2986.58867 15.679 0.005
2988.56065 15.221 0.005
2991.59046 15.698 0.005
2994.57533 15.570 0.005
2997.58793 15.326 0.005
3000.57995 15.081 0.005
3003.56193 15.645 0.005
3006.54920 15.426 0.005
3009.54449 15.085 0.005
3013.54686 15.034 0.005
3015.58212 15.497 0.005
3018.55923 15.212 0.005
3020.59494 15.618 0.005
3022.54859 15.132 0.005
3024.54762 15.569 0.005
3025.60720 15.742 0.005
3027.63269 15.329 0.005
3029.60438 15.702 0.005
3031.60918 15.255 0.005
3034.53942 15.661 0.005
3037.55858 15.588 0.005
3179.92091 15.721 0.005
3183.94060 15.674 0.005
3193.90852 15.055 0.005
3196.88062 15.683 0.005
3197.94302 15.042 0.005
3202.86851 15.174 0.005
3203.90859 15.420 0.005
3206.84640 15.087 0.005
3210.92241 15.033 0.005
3211.87698 15.288 0.005
3215.81219 15.207 0.005
3216.75805 15.419 0.005
3217.80803 15.617 0.005
3223.86416 15.056 0.005
3228.78286 15.226 0.005
3229.86467 15.477 0.005
3231.84617 15.676 0.005
3238.78305 15.538 0.005
3239.82662 15.722 0.005
3240.81932 15.066 0.005
3241.80280 15.265 0.005
3242.74678 15.474 0.005
3243.87940 15.670 0.005
3244.85797 15.508 0.005
3245.80573 15.205 0.005
3246.79849 15.433 0.005
3247.80684 15.604 0.005
3249.75715 15.098 0.005
3251.77075 15.542 0.005
3254.75846 15.283 0.005
3257.78272 15.384 0.005
3259.69544 15.436 0.005
3261.73149 15.734 0.005
3263.72872 15.369 0.005
3265.75008 15.739 0.005
3267.73686 15.312 0.005
3270.69029 15.311 0.005
3271.69317 15.232 0.005
3273.65150 15.644 0.005
3275.64635 15.170 0.005
3276.74078 15.422 0.005
3277.77942 15.601 0.005
3279.71102 15.084 0.005
3281.66962 15.535 0.005
3283.67130 15.101 0.005
3287.63743 15.660 0.005
3289.65237 15.428 0.005
3291.59046 15.727 0.005
3293.62596 15.356 0.005
3295.64387 15.727 0.005
3298.58178 15.498 0.005
3300.58406 15.555 0.005
3302.56103 15.422 0.005
3305.66111 15.132 0.005
3307.57337 15.559 0.005
3309.59841 15.029 0.005
3311.55003 15.518 0.005
3314.59300 15.243 0.005
3320.63081 15.577 0.005
3323.57823 15.329 0.005
3327.58576 15.267 0.005
3330.58126 15.583 0.005
3335.62523 15.120 0.005
3338.57091 15.713 0.005
3350.54522 15.565 0.005
3353.60382 15.329 0.005
3359.58568 15.650 0.005
3363.58771 15.598 0.005
3367.64734 15.571 0.005
3372.58082 15.675 0.005
3376.55696 15.613 0.005
3380.54334 15.544 0.005
3386.59028 15.155 0.005
3395.53809 15.076 0.005
3398.58578 15.720 0.005
3402.58303 15.666 0.005
3543.89658 15.645 0.005
3551.90940 15.528 0.007
3551.92011 15.539 0.005
3554.94062 15.265 0.005
3558.90365 15.189 0.005
3561.94786 15.736 0.006
3562.89076 15.105 0.005
3564.92553 15.533 0.005
3568.87116 15.471 0.005
3568.88187 15.503 0.005
3570.83216 15.520 0.006
3570.84292 15.513 0.005
3571.82311 15.194 0.006
3571.83383 15.219 0.005
3573.86881 15.616 0.007
3573.87955 15.631 0.005
3575.82459 15.095 0.005
3575.83531 15.117 0.005
3577.88097 15.550 0.006
3577.89168 15.565 0.005
3578.91699 15.718 0.006
3578.92775 15.735 0.005
3579.82205 15.024 0.005
3579.83277 15.038 0.005
3581.89113 15.522 0.006
3581.90186 15.519 0.005
3582.84743 15.674 0.006
3582.85814 15.678 0.005
3583.85766 15.207 0.005
3583.86838 15.219 0.005
3585.87875 15.452 0.005
3585.88952 15.483 0.005
3586.83092 15.611 0.005
3586.84166 15.644 0.005
3588.84922 15.164 0.005
3588.85993 15.170 0.005
3590.80526 15.564 0.005
3590.81599 15.584 0.005
3592.77001 15.047 0.005
3592.78075 15.058 0.005
3594.80950 15.523 0.005
3594.82024 15.530 0.005
3597.84945 15.271 0.005
3600.88561 15.486 0.006
3600.90602 15.445 0.005
3602.74651 15.404 0.006
3602.76459 15.439 0.005
3607.83761 15.545 0.005
3607.84838 15.552 0.005
3614.82059 15.220 0.005
3617.79363 15.705 0.006
3617.80437 15.726 0.005
3619.77173 15.366 0.005
3619.78250 15.390 0.005
3621.76422 15.719 0.006
3621.77498 15.740 0.005
3628.79109 15.480 0.006
3630.64295 15.700 0.007
3630.65377 15.742 0.005
3632.64031 15.382 0.006
3632.65108 15.381 0.005
3634.71321 15.719 0.006
3634.72398 15.755 0.005
3637.67204 15.502 0.005
3637.68279 15.538 0.005
3639.72195 15.051 0.005
3639.73273 15.058 0.005
3641.71873 15.474 0.005
3641.72950 15.476 0.005
3643.81714 15.398 0.006
3643.82794 15.380 0.005
3644.75780 15.177 0.005
3644.76859 15.205 0.005
3646.68884 15.572 0.005
3646.69964 15.601 0.005
3650.71007 15.543 0.005
3650.72085 15.546 0.005
3652.64523 15.035 0.005
3652.65597 15.046 0.005
3654.61568 15.484 0.005
3654.63430 15.483 0.005
3656.64723 15.467 0.005
3656.65798 15.464 0.005
3657.70494 15.213 0.005
3657.71569 15.230 0.005
3658.67986 15.436 0.005
3658.69298 15.467 0.005
3659.66256 15.610 0.006
3659.67331 15.608 0.005
3661.61124 15.125 0.005
3661.62201 15.114 0.005
3663.63418 15.567 0.006
3663.64496 15.561 0.005
3665.66652 15.058 0.005
3665.67727 15.046 0.005
3668.61568 15.672 0.006
3668.62641 15.674 0.005
3670.56638 15.241 0.005
3670.57713 15.237 0.005
3672.60581 15.629 0.006
3672.61658 15.632 0.005
3674.63507 15.167 0.005
3674.67542 15.185 0.005
3676.59289 15.572 0.005
3676.61585 15.580 0.005
3682.58183 15.119 0.005
3682.59255 15.092 0.005
3684.57469 15.471 0.005
3684.58548 15.479 0.005
3686.56458 15.618 0.006
3686.57536 15.609 0.005
3688.53766 15.399 0.005
3688.54843 15.414 0.005
3690.54357 15.727 0.007
3690.55431 15.739 0.005
3692.59612 15.343 0.005
3692.60689 15.342 0.005
3694.58270 15.710 0.006
3694.59344 15.708 0.005
3696.57883 15.283 0.005
3696.58957 15.287 0.005
3698.61253 15.674 0.007
3698.62818 15.660 0.005
3700.62258 15.234 0.005
3700.63333 15.236 0.005
3702.61350 15.629 0.006
3702.62424 15.627 0.005
3704.61402 15.153 0.005
3704.62477 15.151 0.005
3706.62888 15.578 0.005
3706.63964 15.571 0.005
3708.61028 15.079 0.005
3708.62106 15.071 0.005
3712.56681 15.174 0.005
3712.57756 15.153 0.005
3714.56948 15.460 0.006
3714.58024 15.476 0.005
3718.55296 15.399 0.006
3718.56370 15.411 0.005
3721.58516 15.097 0.005
3721.59590 15.084 0.005
3725.61403 15.034 0.005
3725.62476 15.025 0.005
3730.53829 15.191 0.005
3730.54901 15.209 0.005
3734.60896 15.148 0.005
3734.61972 15.145 0.005
3738.56103 15.045 0.005
3738.57175 15.058 0.005
3742.55821 15.236 0.006
3742.56894 15.206 0.005
3747.55798 15.162 0.005
3747.56968 15.178 0.005
3751.56677 15.081 0.005
3751.57748 15.080 0.005
3762.54475 15.593 0.007
3762.55545 15.604 0.005
3766.55000 15.553 0.005
3766.56068 15.562 0.005
3772.57675 15.251 0.005
3772.58746 15.238 0.005
3777.52409 15.146 0.005
3777.53478 15.155 0.005
3871.89614 15.156 0.005
3871.90682 15.147 0.005
3902.91644 15.387 0.006
3902.92716 15.398 0.005
3907.91130 15.523 0.006
3907.92195 15.536 0.005
3913.93685 15.593 0.005
3913.94752 15.561 0.005
3918.90664 15.104 0.005
3918.91736 15.106 0.005
3931.93820 15.146 0.005
3932.86852 15.375 0.005
3934.87617 15.719 0.006
3934.88688 15.735 0.005
3936.88445 15.307 0.005
3936.89519 15.318 0.005
3938.86851 15.677 0.006
3938.87926 15.701 0.005
3945.87547 15.416 0.005
3945.88616 15.396 0.005
3950.82042 15.511 0.005
3950.83105 15.528 0.005
3957.77596 15.184 0.005
3957.78658 15.184 0.005
3959.76543 15.584 0.006
3959.77600 15.596 0.005
3961.75956 15.085 0.005
3961.77017 15.088 0.005
3964.76779 15.686 0.005
3964.77840 15.721 0.005
3966.77066 15.285 0.005
3968.76436 15.661 0.005
3970.74541 15.197 0.005
3970.75601 15.127 0.005
3973.72534 15.741 0.005
3975.73760 15.360 0.005
3980.67286 15.505 0.005
3981.66195 15.662 0.006
3981.67260 15.665 0.005
3982.73693 15.307 0.005
3986.69968 15.708 0.006
3986.71028 15.710 0.005
3991.72887 15.069 0.005
3991.73950 15.082 0.005
3994.65190 15.693 0.005
3998.68230 15.646 0.005
4001.64248 15.399 0.005
4001.65311 15.417 0.005
4003.61392 15.755 0.006
4003.62454 15.769 0.005
4004.69372 15.105 0.005
4004.70432 15.097 0.005
4005.68785 15.353 0.005
4005.69850 15.352 0.005
4007.58110 15.691 0.006
4007.59176 15.696 0.005
4008.59000 15.102 0.005
4008.60065 15.097 0.005
4011.64048 15.647 0.005
4011.65112 15.664 0.005
4014.62292 15.440 0.006
4014.63354 15.428 0.005
4016.61971 15.747 0.006
4016.63035 15.742 0.005
4018.61612 15.366 0.005
4018.62675 15.364 0.005
4020.61956 15.712 0.006
4020.63020 15.739 0.005
4023.60541 15.496 0.006
4023.61607 15.514 0.005
4025.60578 15.328 0.005
4025.61641 15.333 0.005
4027.59390 15.441 0.005
4027.60452 15.454 0.005
4029.57620 15.707 0.006
4029.58684 15.729 0.005
4031.56328 15.384 0.005
4031.57393 15.377 0.005
4033.65756 15.742 0.005
4033.66816 15.733 0.005
4038.56335 15.189 0.005
4040.53300 15.474 0.006
4040.54361 15.494 0.005
4042.56089 15.649 0.006
4042.57152 15.647 0.005
4044.58389 15.422 0.006
4046.61698 15.749 0.006
4046.62763 15.741 0.005
4049.52892 15.527 0.005
4049.53950 15.510 0.005
4051.57850 15.041 0.005
4051.58914 15.035 0.005
4053.62593 15.520 0.005
4053.63652 15.507 0.005
4055.51857 15.551 0.007
4055.52920 15.536 0.005
4057.59394 15.446 0.006
4057.60456 15.456 0.005
4059.59237 15.716 0.006
4059.60298 15.727 0.005
4063.53741 15.719 0.006
4063.54979 15.720 0.005
4065.58704 15.318 0.005
4065.60009 15.315 0.005
4067.58031 15.684 0.006
4067.59093 15.682 0.005
4069.53318 15.238 0.005
4069.54378 15.250 0.005
4071.54400 15.634 0.006
4071.55461 15.635 0.005
4074.54011 15.402 0.005
4074.55072 15.405 0.005
4077.54182 15.080 0.005
4077.55245 15.074 0.005
4079.54200 15.547 0.005
4079.55264 15.544 0.005
4082.54336 15.267 0.005
4082.55395 15.266 0.005
4085.62069 15.423 0.005
4085.63130 15.391 0.005
4092.57619 15.549 0.005
4092.58677 15.551 0.005
4097.61878 15.687 0.006
4097.62930 15.706 0.005
4100.61020 15.471 0.005
4100.62076 15.462 0.005
4105.57419 15.578 0.005
4105.58477 15.576 0.005
4111.61065 15.050 0.005
4111.62120 15.030 0.005
4115.53011 15.589 0.006
4115.54066 15.595 0.005
4120.56100 15.111 0.005
4120.57159 15.108 0.005
4124.57249 15.042 0.005
4124.58863 15.046 0.005
4128.59647 15.267 0.005
4128.60700 15.246 0.005
4253.87645 15.211 0.005
4255.86414 15.612 0.007
4255.87472 15.610 0.005
4268.92311 15.633 0.007
4268.93305 15.638 0.005
4275.93802 15.339 0.006
4275.94799 15.348 0.005
4279.84483 15.248 0.005
4282.82628 15.572 0.007
4282.83623 15.566 0.005
4283.84533 15.194 0.006
4283.85527 15.187 0.005
4284.87573 15.430 0.006
4284.88571 15.429 0.005
4285.94115 15.604 0.007
4289.86032 15.549 0.005
4292.88361 15.289 0.005
4292.89358 15.299 0.005
4295.87707 15.266 0.005
4295.88706 15.245 0.005
4296.90756 15.253 0.005
4296.91754 15.238 0.005
4297.93949 15.474 0.006
4297.94949 15.476 0.005
4299.87436 15.673 0.006
4299.88435 15.671 0.005
4300.89610 15.172 0.005
4300.90609 15.157 0.005
4301.91467 15.407 0.005
4301.92463 15.410 0.005
4302.93655 15.590 0.006
4302.94653 15.585 0.005
4306.93326 15.545 0.006
4306.94324 15.543 0.005
4307.84785 15.693 0.006
4307.85783 15.692 0.005
4308.67605 15.393 0.006
4308.68603 15.379 0.005
4308.88395 15.069 0.005
4308.89396 15.044 0.005
4310.85613 15.486 0.006
4310.86610 15.477 0.005
4311.85598 15.655 0.008
4311.86598 15.641 0.006
4312.91815 15.486 0.006
4312.92813 15.466 0.005
4314.93723 15.448 0.007
4316.84512 15.743 0.008
4316.85511 15.737 0.005
4320.87243 15.731 0.007
4320.88244 15.723 0.005
4326.85465 15.237 0.006
4326.86466 15.218 0.005
4327.83061 15.460 0.007
4327.88694 15.468 0.005
4328.84636 15.619 0.007
4328.85696 15.621 0.005
4329.84769 15.714 0.007
4329.85769 15.708 0.005
4330.87702 15.162 0.005
4330.88763 15.159 0.005
4332.89323 15.569 0.006
4332.90380 15.574 0.005
4334.87019 15.061 0.005
4334.88084 15.056 0.005
4338.92266 15.061 0.005
4339.87743 15.254 0.005
4340.79350 15.469 0.006
4340.80413 15.465 0.005
4341.78636 15.638 0.007
4341.79696 15.635 0.005
4342.86055 15.614 0.007
4342.87120 15.591 0.005
4343.77992 15.171 0.005
4343.79056 15.156 0.005
4344.76199 15.405 0.006
4344.77263 15.395 0.005
4346.71830 15.732 0.007
4346.72889 15.744 0.005
4348.72407 15.314 0.006
4348.73472 15.320 0.005
4350.70071 15.680 0.006
4350.71139 15.698 0.005
4352.80288 15.286 0.006
4353.65885 15.470 0.007
4353.66950 15.463 0.005
4354.78018 15.676 0.007
4354.79087 15.653 0.005
4357.76390 15.441 0.007
4359.71785 15.733 0.007
4359.72850 15.747 0.005
4362.66551 15.536 0.007
4362.67613 15.544 0.005
4363.62481 15.687 0.007
4363.63544 15.705 0.005
4365.68317 15.278 0.006
4365.69381 15.285 0.005
4369.67713 15.213 0.006
4369.68775 15.205 0.005
4371.66608 15.606 0.007
4371.67675 15.602 0.005
4376.66957 15.709 0.007
4376.68020 15.730 0.005
4378.63617 15.298 0.006
4378.64686 15.299 0.005
4379.66748 15.511 0.007
4379.67813 15.510 0.005
4381.62663 15.346 0.006
4381.63727 15.324 0.005
4382.70518 15.252 0.005
4382.71584 15.244 0.005
4386.67945 15.159 0.005
4386.69009 15.152 0.005
4388.68017 15.580 0.006
4388.69084 15.584 0.005
4390.68899 15.082 0.005
4390.69965 15.073 0.005
4393.68355 15.694 0.007
4393.69415 15.705 0.005
4396.65811 15.486 0.006
4396.66875 15.485 0.005
4398.66309 15.567 0.006
4398.67374 15.530 0.005
4400.68761 15.437 0.006
4400.69824 15.436 0.005
4404.66459 15.347 0.006
4404.67526 15.362 0.005
4407.65248 15.024 0.005
4407.66312 15.037 0.005
4410.68241 15.667 0.006
4410.69303 15.682 0.005
4415.66874 15.691 0.006
4415.67937 15.700 0.005
4418.61426 15.555 0.006
4418.62491 15.569 0.005
4421.67204 15.327 0.006
4421.68272 15.318 0.005
4423.67651 15.699 0.007
4423.68716 15.707 0.005
4426.55272 15.462 0.006
4426.56336 15.464 0.005
4428.56942 15.670 0.008
4428.58005 15.664 0.005
4430.62964 15.416 0.006
4430.64021 15.414 0.005
4432.61551 15.731 0.007
4432.62615 15.749 0.005
4434.62079 15.346 0.006
4434.63138 15.338 0.005
4436.59710 15.693 0.006
4436.60773 15.712 0.005
4438.65976 15.298 0.006
4438.67037 15.281 0.005
4440.59287 15.654 0.007
4442.55437 15.210 0.006
4442.56500 15.193 0.005
4444.57918 15.591 0.007
4444.58976 15.603 0.005
4450.61160 15.060 0.006
4450.62223 15.042 0.005
4452.58914 15.511 0.006
4452.59974 15.508 0.005
4454.52620 15.399 0.008
4454.53681 15.358 0.005
4455.59830 15.236 0.005
4455.60889 15.235 0.005
4457.53381 15.615 0.008
4457.54444 15.620 0.005
4459.55392 15.155 0.005
4459.56451 15.166 0.005
4462.58536 15.729 0.007
4462.59595 15.762 0.005
4466.60949 15.699 0.007
4466.62009 15.704 0.005
4471.54414 15.598 0.007
4471.55474 15.585 0.005
4475.53680 15.733 0.007
4475.54881 15.741 0.005
4480.57922 15.022 0.005
4480.58984 15.007 0.005
4482.58618 15.490 0.006
4482.59678 15.506 0.005
4485.58926 15.231 0.006
4485.60664 15.222 0.005
4488.59149 15.692 0.007
4488.60208 15.688 0.006
4609.91387 15.201 0.005
4609.92442 15.209 0.005
4643.89803 15.120 0.005
4643.90859 15.119 0.005
4650.93691 15.684 0.006
4650.94747 15.699 0.005
4655.92692 15.660 0.005
4662.80529 15.508 0.005
4662.92211 15.530 0.005
4663.76632 15.670 0.007
4663.77690 15.688 0.005
4663.91414 15.710 0.007
4663.92474 15.705 0.005
4665.83940 15.257 0.005
4665.85001 15.252 0.005
4665.93323 15.284 0.006
4665.94382 15.277 0.005
4666.92850 15.510 0.006
4666.93239 15.506 0.006
4666.94299 15.496 0.005
4670.92150 15.433 0.006
4670.93211 15.440 0.005
4671.89140 15.601 0.007
4671.90202 15.603 0.005
4673.87344 15.108 0.005
4674.80185 15.335 0.006
4674.86205 15.358 0.006
4676.92169 15.733 0.008
4676.93232 15.714 0.005
4677.83729 15.032 0.005
4677.84795 15.022 0.005
4682.81176 15.212 0.005
4682.82234 15.215 0.005
4684.84962 15.604 0.006
4684.86024 15.615 0.005
4686.80960 15.117 0.005
4686.82021 15.118 0.005
4688.82556 15.549 0.006
4688.83616 15.558 0.005
4690.75115 15.031 0.005
4690.76180 15.032 0.005
4691.75417 15.296 0.006
4691.76483 15.294 0.005
4693.90918 15.708 0.007
4693.91978 15.716 0.006
4696.88282 15.484 0.007
4696.91654 15.471 0.005
4697.83195 15.635 0.005
4698.77094 15.694 0.006
4698.78154 15.696 0.005
4699.76504 15.175 0.005
4699.77568 15.154 0.005
4700.79978 15.401 0.006
4700.81039 15.393 0.005
4701.80767 15.573 0.006
4701.81829 15.578 0.005
4703.76688 15.070 0.005
4703.77751 15.071 0.005
4704.78564 15.328 0.005
4704.79624 15.324 0.005
4705.79312 15.540 0.006
4705.80375 15.530 0.005
4707.78554 15.082 0.005
4707.79617 15.071 0.005
4709.74133 15.484 0.006
4709.75197 15.479 0.005
4710.76990 15.664 0.005
4710.78053 15.649 0.005
4715.74991 15.731 0.007
4715.76054 15.762 0.005
4716.77560 15.100 0.005
4716.84376 15.126 0.005
4717.70037 15.334 0.005
4717.71370 15.345 0.005
4719.78965 15.729 0.007
4719.80110 15.716 0.005
4721.78330 15.286 0.006
4721.79398 15.294 0.005
4724.66589 15.540 0.006
4724.67650 15.527 0.005
4725.74535 15.221 0.005
4725.75601 15.215 0.005
4728.75092 15.713 0.006
4728.76153 15.717 0.005
4733.72748 15.052 0.005
4733.73816 15.042 0.005
4740.66908 15.618 0.006
4740.67973 15.626 0.005
4741.70446 15.669 0.006
4741.71508 15.665 0.005
4747.60865 15.309 0.006
4747.61931 15.315 0.005
4749.60833 15.696 0.008
4749.61897 15.697 0.005
4753.67932 15.655 0.007
4753.68996 15.642 0.005
4755.67131 15.197 0.005
4755.68198 15.183 0.005
4757.65583 15.599 0.006
4757.66644 15.591 0.005
4759.67052 15.114 0.005
4759.68115 15.102 0.005
4761.63889 15.540 0.005
4761.64956 15.535 0.005
4763.65132 15.058 0.005
4763.66680 15.035 0.005
4767.59707 15.481 0.006
4767.60768 15.462 0.005
4770.66561 15.624 0.006
4770.67628 15.612 0.005
4772.60337 15.120 0.005
4772.61399 15.125 0.005
4774.55792 15.550 0.006
4774.56856 15.553 0.005
4776.54951 15.031 0.005
4776.56013 15.011 0.005
4777.65146 15.315 0.006
4777.66209 15.307 0.005
4780.52014 15.388 0.006
4780.53078 15.359 0.005
4781.61430 15.260 0.006
4781.64473 15.246 0.005
4783.58323 15.647 0.006
4783.59386 15.622 0.005
4785.61859 15.174 0.006
4785.62927 15.174 0.005
4789.54971 15.058 0.005
4789.56033 15.052 0.005
4791.53126 15.515 0.006
4791.54190 15.522 0.005
4793.53867 15.136 0.005
4793.54926 15.107 0.005
4795.55134 15.482 0.006
4795.56197 15.486 0.005
4797.54359 15.600 0.006
4797.55423 15.584 0.005
4798.60694 15.217 0.005
4798.61755 15.196 0.005
4800.65432 15.617 0.006
4800.66494 15.608 0.005
4802.57402 15.103 0.005
4803.54545 15.348 0.005
4803.55605 15.343 0.005
4804.60055 15.559 0.007
4804.61115 15.554 0.005
4805.53878 15.708 0.005
4805.58740 15.705 0.006
4805.59798 15.710 0.005
4806.58287 15.029 0.005
4806.62294 15.032 0.005
4807.52518 15.303 0.007
4807.53582 15.292 0.005
4807.60948 15.294 0.005
4808.57861 15.496 0.005
4808.62014 15.503 0.005
4809.55453 15.670 0.006
4809.56515 15.671 0.005
4809.63423 15.693 0.005
4810.54278 15.384 0.005
4811.57643 15.238 0.005
4811.58703 15.225 0.005
4812.62761 15.463 0.005
4813.55337 15.620 0.007
4813.56398 15.621 0.005
4815.58928 15.166 0.005
4815.59989 15.154 0.005
4816.53637 15.385 0.005
4816.54697 15.383 0.005
4818.58665 15.755 0.007
4818.59723 15.758 0.005
4820.52814 15.308 0.006
4820.53874 15.309 0.005
4822.58489 15.700 0.006
4822.59545 15.705 0.005
4824.56971 15.278 0.006
4824.58028 15.256 0.005
4826.61935 15.653 0.006
4826.63995 15.663 0.005
4833.56875 15.352 0.005
4833.57937 15.353 0.005
4835.59200 15.726 0.007
4835.60259 15.718 0.005
4837.60295 15.304 0.006
4837.61352 15.309 0.005
4841.57929 15.246 0.005
4841.58992 15.221 0.005
4843.57354 15.631 0.007
4843.58411 15.618 0.005
4844.53978 15.732 0.005
4846.58263 15.392 0.005
4846.59322 15.391 0.005
4847.54394 15.547 0.005
4848.61887 15.717 0.006
4848.62944 15.742 0.005
4849.54099 15.032 0.005
4849.64449 15.067 0.005
4850.58423 15.308 0.005
4850.60635 15.331 0.006
4850.61693 15.320 0.005
4850.64737 15.335 0.005
4854.59759 15.282 0.005
4854.60822 15.256 0.005
4856.61483 15.661 0.006
4856.62540 15.651 0.005
4862.57329 15.089 0.005
4868.55309 15.499 0.006
4868.56364 15.500 0.005
4948.92118 15.243 0.005
4954.92531 15.585 0.005
