 625.93095 15.477 0.006
 626.92275 15.289 0.005
 627.88844 15.174 0.005
 631.90391 15.140 0.005
 632.89867 15.216 0.005
 635.87458 15.486 0.006
 643.84394 15.384 0.006
 645.87009 15.134 0.005
 647.82789 15.317 0.006
 649.83278 15.498 0.006
 656.88528 15.288 0.005
 657.88914 15.383 0.006
 658.89788 15.528 0.006
 665.86492 15.248 0.005
 666.86700 15.351 0.005
 667.88601 15.467 0.005
 668.85682 15.272 0.005
 670.82247 15.278 0.005
 671.84493 15.374 0.005
 672.84989 15.513 0.005
 673.76294 15.136 0.005
 684.77787 15.273 0.005
 685.77837 15.374 0.005
 686.73444 15.517 0.006
 687.89573 15.125 0.005
 688.86363 15.212 0.005
 689.73020 15.305 0.005
 697.69604 15.169 0.005
 698.71130 15.284 0.006
 699.72211 15.383 0.005
 700.70719 15.509 0.005
 701.67885 15.146 0.005
 704.67340 15.415 0.006
 706.67178 15.147 0.006
 706.76627 15.140 0.005
 707.70234 15.234 0.005
 708.69982 15.337 0.006
 712.70016 15.274 0.005
 713.71440 15.380 0.005
 714.73093 15.520 0.005
 715.77179 15.121 0.005
 716.75432 15.206 0.005
 720.66134 15.137 0.005
 726.72146 15.278 0.005
 728.71457 15.520 0.005
 729.65895 15.128 0.005
 730.61030 15.207 0.005
 733.66992 15.478 0.006
 739.69212 15.170 0.005
 741.65568 15.379 0.005
 742.64952 15.518 0.006
 744.61801 15.219 0.005
 745.65791 15.318 0.005
 746.60271 15.426 0.005
 747.56050 15.506 0.006
 748.55716 15.133 0.005
 749.56357 15.239 0.006
 750.53780 15.346 0.006
 751.56794 15.462 0.006
 752.77171 15.196 0.005
 753.71145 15.177 0.005
 754.74296 15.289 0.006
 755.56665 15.375 0.006
 759.56928 15.311 0.005
 760.57363 15.420 0.005
 761.56887 15.481 0.006
 762.56686 15.137 0.005
 762.69713 15.138 0.005
 762.77553 15.161 0.006
 763.58585 15.240 0.005
 763.73010 15.244 0.005
 764.66389 15.361 0.006
 765.54923 15.462 0.006
 766.58615 15.280 0.006
 766.65269 15.240 0.006
 767.56058 15.171 0.006
 767.71422 15.184 0.006
 769.54548 15.383 0.005
 770.64176 15.524 0.006
 771.61797 15.126 0.005
 772.54599 15.200 0.005
 773.56861 15.309 0.005
 774.63843 15.423 0.005
 775.59131 15.453 0.005
 776.67228 15.147 0.005
 777.58924 15.247 0.005
 778.56238 15.346 0.006
 778.65388 15.355 0.006
 779.62175 15.491 0.006
 780.61006 15.271 0.007
 780.71564 15.195 0.006
 781.59812 15.181 0.005
 782.59576 15.285 0.005
 783.57549 15.385 0.005
 784.61511 15.532 0.006
 785.58598 15.133 0.005
 786.59068 15.227 0.005
 787.67107 15.329 0.005
 787.75687 15.338 0.005
 788.60270 15.437 0.005
 790.55269 15.149 0.005
 795.56448 15.175 0.005
 796.61407 15.281 0.005
 797.68454 15.399 0.005
 798.60198 15.513 0.006
 800.59987 15.215 0.005
 802.58038 15.450 0.006
 805.58643 15.283 0.006
 806.59722 15.375 0.006
 817.62466 15.364 0.005
 819.66578 15.250 0.005
 820.66475 15.376 0.005
 822.58471 15.193 0.005
 823.66202 15.186 0.005
 824.61013 15.293 0.006
 824.67294 15.309 0.006
 825.68332 15.437 0.007
 828.64336 15.241 0.005
 829.60996 15.336 0.006
 832.61686 15.153 0.005
 833.63699 15.261 0.005
 834.65117 15.365 0.005
 836.58455 15.178 0.005
 838.55765 15.299 0.006
 840.57312 15.519 0.006
 845.57878 15.335 0.005
 850.54625 15.190 0.006
 855.55293 15.110 0.005
 856.54079 15.222 0.005
 859.54044 15.344 0.005
 860.57276 15.169 0.005
 866.56008 15.304 0.006
 876.52862 15.365 0.005
 962.90931 15.146 0.005
 986.87558 15.233 0.005
 987.88789 15.336 0.005
 991.90179 15.269 0.005
 996.86797 15.304 0.005
 998.87521 15.506 0.006
1003.80637 15.356 0.006
1005.83179 15.265 0.005
1008.86496 15.151 0.005
1020.82783 15.370 0.005
1025.80748 15.424 0.006
1035.78236 15.507 0.006
1037.80958 15.198 0.005
1038.90863 15.315 0.006
1041.87905 15.144 0.005
1045.78017 15.307 0.005
1049.80059 15.517 0.006
1052.81095 15.326 0.005
1055.68070 15.124 0.005
1058.83252 15.472 0.006
1059.81136 15.274 0.005
1064.75452 15.138 0.005
1068.74636 15.485 0.005
1071.77436 15.360 0.005
1075.79147 15.287 0.005
1078.71325 15.142 0.005
1080.65930 15.308 0.005
1083.75162 15.135 0.005
1086.60215 15.456 0.006
1090.68526 15.378 0.006
1092.68532 15.141 0.005
1094.68148 15.302 0.005
1102.65007 15.162 0.005
1107.61842 15.196 0.005
1112.72459 15.249 0.005
1117.60001 15.283 0.005
1122.61156 15.313 0.005
1128.56016 15.464 0.006
1132.59054 15.378 0.005
1135.65918 15.220 0.005
1138.61199 15.478 0.005
1140.64439 15.251 0.005
1144.64739 15.183 0.005
1151.58186 15.418 0.005
1154.60143 15.250 0.005
1157.64719 15.233 0.005
1160.63869 15.405 0.005
1163.72063 15.228 0.005
1166.68764 15.369 0.005
1170.61658 15.481 0.005
1175.67771 15.506 0.006
1179.67540 15.449 0.005
1183.68428 15.361 0.005
1186.67811 15.187 0.005
1189.56666 15.536 0.005
1192.61126 15.322 0.005
1202.55784 15.399 0.006
1206.56147 15.331 0.006
1212.55301 15.508 0.007
1216.55908 15.409 0.006
1220.55526 15.324 0.006
1227.55088 15.199 0.006
1233.53843 15.224 0.006
1329.79987 15.273 0.006
1330.91003 15.186 0.005
1335.85520 15.220 0.006
1340.93107 15.259 0.005
1347.91238 15.507 0.006
1355.90130 15.387 0.006
1365.90219 15.449 0.006
1367.87973 15.162 0.006
1369.86740 15.375 0.006
1374.86632 15.407 0.006
1395.83190 15.168 0.005
1397.85525 15.373 0.006
1401.86893 15.313 0.005
1407.87621 15.470 0.006
1412.77419 15.513 0.006
1418.81427 15.130 0.005
1430.70826 15.422 0.006
1432.77314 15.121 0.005
1438.72603 15.267 0.005
1441.83310 15.121 0.005
1447.68955 15.235 0.006
1451.65560 15.164 0.005
1454.62984 15.502 0.006
1459.67541 15.510 0.006
1461.65026 15.231 0.005
1462.70863 15.340 0.005
1470.59746 15.210 0.006
1475.62153 15.229 0.005
1478.57014 15.358 0.006
1479.58631 15.154 0.005
1484.58555 15.195 0.005
1487.61258 15.489 0.006
1490.64829 15.343 0.006
1492.55106 15.347 0.006
1495.60037 15.378 0.005
1498.56625 15.203 0.005
1502.58943 15.126 0.005
1505.65652 15.477 0.006
1509.56745 15.384 0.005
1512.66961 15.228 0.006
1516.56931 15.134 0.005
1518.63923 15.359 0.006
1520.66710 15.250 0.005
1523.58444 15.408 0.007
1526.56735 15.208 0.005
1531.67464 15.243 0.005
1546.59076 15.347 0.005
1551.55380 15.380 0.005
1556.59455 15.451 0.006
1567.59091 15.137 0.006
1571.58539 15.408 0.005
1576.57424 15.215 0.006
1582.58494 15.227 0.005
1585.55878 15.402 0.006
1589.56065 15.504 0.006
1599.54059 15.383 0.006
1602.53041 15.367 0.006
1607.52452 15.403 0.006
1702.89507 15.152 0.005
1703.93700 15.268 0.005
1716.90299 15.149 0.005
1728.89445 15.450 0.006
1731.88103 15.257 0.005
1740.86966 15.233 0.005
1742.87126 15.459 0.006
1743.86750 15.353 0.005
1744.88656 15.153 0.005
1749.83696 15.183 0.005
1750.86342 15.305 0.005
1751.82068 15.407 0.005
1752.83647 15.520 0.006
1753.83754 15.112 0.005
1754.80973 15.218 0.005
1755.82959 15.337 0.006
1756.85873 15.479 0.007
1757.80815 15.378 0.006
1758.81276 15.143 0.005
1759.80262 15.259 0.005
1761.84203 15.504 0.006
1762.82439 15.176 0.005
1763.83006 15.196 0.005
1764.81981 15.300 0.005
1765.81598 15.413 0.006
1766.76928 15.526 0.007
1768.78023 15.221 0.005
1769.68910 15.327 0.006
1771.78241 15.368 0.006
1772.80231 15.156 0.005
1773.76955 15.249 0.005
1775.85339 15.517 0.005
1784.83774 15.473 0.006
1788.74108 15.376 0.006
1803.79521 15.519 0.006
1808.80410 15.490 0.005
1811.78729 15.344 0.005
1814.83410 15.180 0.005
1817.79999 15.514 0.005
1821.60187 15.403 0.006
1823.75938 15.132 0.005
1828.84585 15.183 0.005
1829.77063 15.283 0.005
1845.72595 15.517 0.005
1845.78629 15.519 0.006
1847.79431 15.217 0.005
1848.61334 15.304 0.005
1848.72309 15.325 0.005
1851.60464 15.130 0.005
1851.70708 15.134 0.005
1854.59442 15.459 0.006
1854.64873 15.475 0.005
1854.77669 15.476 0.005
1859.74066 15.515 0.006
1860.73675 15.126 0.005
1863.57389 15.409 0.005
1863.72433 15.414 0.006
1866.57672 15.227 0.005
1869.66427 15.285 0.005
1869.72126 15.274 0.006
1871.78510 15.290 0.005
1872.56488 15.381 0.005
2090.90645 15.328 0.006
2105.90431 15.446 0.006
2106.86900 15.413 0.006
2113.84931 15.286 0.006
2116.85251 15.116 0.005
2123.79926 15.352 0.006
2127.81422 15.293 0.007
2128.80717 15.396 0.006
2129.83914 15.521 0.006
2130.86372 15.118 0.005
2131.85700 15.236 0.006
2133.87603 15.452 0.007
2134.79108 15.398 0.007
2135.82375 15.161 0.005
2136.84410 15.259 0.006
2137.79775 15.363 0.006
2140.79271 15.189 0.006
2141.82752 15.299 0.006
2142.76949 15.402 0.006
2143.80029 15.505 0.006
2144.84635 15.109 0.005
2155.86014 15.301 0.007
2156.80676 15.404 0.006
2160.73173 15.329 0.006
2162.74263 15.386 0.006
2166.73725 15.497 0.006
2167.78340 15.169 0.005
2171.72201 15.512 0.005
2172.72763 15.124 0.005
2173.70817 15.226 0.005
2177.59917 15.145 0.006
2184.68234 15.391 0.006
2185.64629 15.517 0.006
2187.70370 15.230 0.006
2188.66169 15.327 0.006
2190.67272 15.380 0.006
2191.68098 15.160 0.006
2192.64577 15.254 0.005
2193.66687 15.358 0.005
2194.63500 15.491 0.006
2195.70179 15.177 0.005
2200.61254 15.120 0.005
2201.64961 15.226 0.006
2203.70608 15.453 0.005
2211.62361 15.284 0.006
2212.62461 15.399 0.006
2213.63301 15.511 0.007
2214.61722 15.114 0.006
2215.63166 15.221 0.006
2217.61865 15.447 0.007
2219.66111 15.157 0.006
2222.62968 15.504 0.007
2224.69634 15.202 0.005
2226.61688 15.411 0.006
2228.54117 15.121 0.006
2229.59938 15.227 0.006
2231.55103 15.436 0.006
2233.59528 15.150 0.005
2235.64129 15.371 0.006
2238.52990 15.198 0.006
2240.63375 15.418 0.006
2242.60155 15.124 0.006
2244.61975 15.337 0.006
2248.58257 15.258 0.005
2250.54997 15.496 0.007
2252.60744 15.202 0.006
2255.58555 15.506 0.006
2257.60724 15.232 0.005
2262.59787 15.269 0.006
2266.58731 15.198 0.006
2272.56490 15.333 0.006
2274.55052 15.300 0.006
2277.58557 15.379 0.006
2283.58242 15.487 0.006
2290.57714 15.280 0.006
2292.58769 15.514 0.007
2294.59085 15.215 0.006
2298.56767 15.139 0.006
2300.56644 15.355 0.006
2303.54996 15.170 0.006
2445.89193 15.487 0.007
2458.93304 15.364 0.006
2463.89667 15.399 0.006
2465.90934 15.115 0.005
2467.88219 15.322 0.006
2469.88184 15.413 0.006
2470.91616 15.150 0.005
2471.92738 15.254 0.006
2473.86735 15.487 0.006
2483.83976 15.419 0.006
2486.85724 15.357 0.007
2489.90382 15.188 0.005
2492.88488 15.513 0.007
2496.88449 15.448 0.006
2497.90793 15.350 0.006
2498.91078 15.157 0.005
2499.84089 15.259 0.006
2500.84534 15.363 0.006
2501.83527 15.496 0.006
2502.81508 15.222 0.006
2503.83059 15.190 0.005
2516.75779 15.235 0.006
2517.80457 15.186 0.006
2518.77555 15.286 0.006
2519.85437 15.399 0.006
2520.77256 15.526 0.006
2521.84378 15.114 0.005
2524.84155 15.451 0.007
2526.75915 15.143 0.005
2534.81620 15.514 0.006
2535.83613 15.112 0.006
2537.68350 15.313 0.007
2538.77710 15.438 0.006
2539.68434 15.435 0.006
2541.69625 15.256 0.006
2542.66605 15.351 0.006
2544.64357 15.257 0.006
2545.65977 15.190 0.005
2547.67763 15.385 0.006
2548.69307 15.511 0.006
2550.68799 15.215 0.006
2551.67470 15.326 0.006
2552.69084 15.445 0.006
2554.68402 15.151 0.006
2555.69196 15.253 0.006
2556.67087 15.353 0.006
2557.68345 15.487 0.006
2558.63995 15.232 0.006
2559.59667 15.177 0.006
2560.62987 15.287 0.006
2561.65550 15.393 0.007
2562.64833 15.524 0.006
2563.65612 15.110 0.005
2564.67174 15.221 0.006
2565.65870 15.318 0.006
2566.64369 15.437 0.006
2568.67503 15.150 0.006
2571.62651 15.483 0.007
2572.72400 15.170 0.006
2573.64103 15.187 0.006
2574.62492 15.285 0.006
2576.62455 15.528 0.007
2577.61057 15.126 0.006
2578.60887 15.213 0.006
2579.61826 15.319 0.006
2580.63034 15.441 0.006
2583.60170 15.255 0.006
2584.60921 15.362 0.007
2587.58964 15.183 0.006
2588.61850 15.301 0.006
2589.57961 15.395 0.006
2590.59439 15.531 0.007
2591.59555 15.115 0.005
2593.58615 15.320 0.006
2594.58990 15.454 0.007
2596.56607 15.149 0.006
2597.55341 15.253 0.006
2598.60633 15.365 0.006
2599.58547 15.500 0.007
2607.60638 15.341 0.007
2610.52671 15.149 0.006
2613.51888 15.492 0.007
2615.55069 15.196 0.006
2619.53015 15.118 0.006
2621.54678 15.324 0.006
2623.59473 15.336 0.006
2626.53830 15.352 0.006
2629.54488 15.199 0.006
2635.54596 15.339 0.006
2639.52641 15.260 0.007
2641.57196 15.497 0.006
2646.55782 15.514 0.007
2650.57034 15.468 0.006
2654.53775 15.376 0.007
2656.58581 15.135 0.006
2660.53155 15.519 0.007
2664.55642 15.467 0.007
2669.52911 15.520 0.007
2673.54609 15.431 0.007
2675.56197 15.137 0.006
2678.56229 15.468 0.007
2682.52203 15.384 0.007
2777.88447 15.132 0.006
2804.89045 15.482 0.007
2810.92282 15.177 0.006
2814.92038 15.124 0.006
2817.90833 15.431 0.007
2825.88407 15.280 0.006
2830.92254 15.329 0.006
2831.76280 15.423 0.007
2832.72829 15.508 0.007
2833.84637 15.149 0.006
2834.85412 15.246 0.006
2837.85229 15.261 0.007
2839.88805 15.290 0.006
2841.86874 15.522 0.006
2844.85400 15.322 0.006
2845.89996 15.453 0.007
2848.93697 15.269 0.007
2850.87007 15.485 0.007
2851.91336 15.215 0.006
2852.78400 15.181 0.005
2853.92389 15.291 0.006
2856.79707 15.133 0.006
2858.89110 15.323 0.006
2860.85718 15.425 0.006
2861.72813 15.126 0.005
2862.90715 15.258 0.006
2863.81623 15.350 0.007
2865.85017 15.226 0.006
2866.86289 15.192 0.006
2867.84384 15.301 0.006
2868.78757 15.382 0.006
2870.79725 15.119 0.005
2872.75467 15.312 0.006
2876.75744 15.251 0.006
2877.77929 15.357 0.006
2879.78805 15.245 0.006
2883.80643 15.512 0.006
2885.74162 15.211 0.006
2888.78984 15.421 0.006
2892.78146 15.492 0.007
2894.74773 15.187 0.006
2896.74486 15.389 0.006
2898.76577 15.114 0.005
2900.72775 15.321 0.006
2902.72728 15.435 0.006
2905.73445 15.357 0.006
2907.73571 15.226 0.006
2909.72470 15.284 0.006
2911.71617 15.519 0.006
2915.68756 15.431 0.006
2917.71355 15.152 0.005
2921.71145 15.224 0.006
2923.73276 15.293 0.006
2925.69630 15.513 0.006
2927.69373 15.221 0.006
2930.71161 15.400 0.006
2932.71797 15.261 0.006
2934.69806 15.496 0.006
2937.61857 15.290 0.006
2939.71219 15.518 0.006
2940.61519 15.120 0.005
2941.60882 15.214 0.006
2942.61500 15.318 0.006
2943.56739 15.430 0.007
2944.57082 15.455 0.006
2945.58759 15.139 0.006
2947.58440 15.352 0.006
2949.57856 15.250 0.006
2951.61031 15.289 0.006
2952.63771 15.388 0.006
2954.66427 15.127 0.006
2956.61034 15.328 0.006
2958.59501 15.426 0.006
2961.57582 15.357 0.007
2965.60421 15.288 0.006
2968.57532 15.121 0.006
2970.59466 15.327 0.006
2974.57313 15.259 0.006
2976.52905 15.492 0.007
2977.59605 15.205 0.006
2979.56036 15.290 0.006
2981.60539 15.517 0.007
2987.62911 15.157 0.006
2989.55140 15.355 0.006
2992.55319 15.197 0.006
2995.59605 15.508 0.006
2998.55403 15.337 0.007
3001.55533 15.160 0.006
3004.54730 15.501 0.007
3007.55342 15.291 0.006
3010.55256 15.117 0.005
3016.56968 15.276 0.006
3019.58313 15.165 0.006
3021.59706 15.311 0.005
3023.55240 15.514 0.007
3025.54974 15.236 0.006
3027.58503 15.467 0.006
3029.55695 15.158 0.006
3031.56130 15.374 0.006
3033.56379 15.149 0.005
3036.58099 15.428 0.007
3040.54401 15.349 0.006
3160.84150 15.267 0.006
3183.89340 15.237 0.006
3193.86117 15.314 0.006
3195.92015 15.460 0.006
3197.89573 15.244 0.006
3201.85317 15.168 0.005
3203.86033 15.385 0.006
3204.92393 15.521 0.006
3210.87494 15.138 0.005
3211.90321 15.250 0.006
3215.68167 15.164 0.006
3216.70294 15.273 0.006
3217.77892 15.375 0.006
3218.88896 15.527 0.007
3223.81647 15.483 0.007
3226.80497 15.361 0.006
3229.81405 15.184 0.005
3231.76471 15.397 0.007
3239.77426 15.251 0.006
3240.76361 15.354 0.006
3241.83281 15.499 0.006
3242.69530 15.307 0.006
3243.82793 15.173 0.006
3244.80901 15.279 0.006
3245.75445 15.387 0.006
3246.75073 15.527 0.006
3247.74207 15.134 0.006
3249.70918 15.308 0.006
3251.72192 15.481 0.006
3254.70926 15.353 0.006
3256.77512 15.252 0.006
3260.68530 15.529 0.007
3262.72124 15.216 0.005
3264.67293 15.418 0.006
3266.74393 15.152 0.006
3268.67724 15.350 0.006
3270.65758 15.293 0.006
3271.64504 15.183 0.006
3272.70187 15.285 0.006
3274.68403 15.520 0.006
3276.69288 15.212 0.006
3277.72570 15.326 0.006
3279.65830 15.471 0.006
3281.61774 15.252 0.005
3283.62356 15.466 0.005
3287.58963 15.381 0.006
3289.60060 15.153 0.005
3293.57761 15.499 0.005
3295.59635 15.243 0.005
3297.57764 15.476 0.005
3299.63453 15.183 0.005
3301.60864 15.336 0.006
3303.67078 15.123 0.005
3306.60342 15.423 0.005
3308.59130 15.145 0.006
3310.59043 15.351 0.006
3312.59271 15.269 0.005
3314.54508 15.281 0.006
3320.58283 15.434 0.006
3321.57855 15.456 0.006
3327.53764 15.190 0.006
3330.53156 15.531 0.007
3335.57260 15.453 0.006
3338.57963 15.361 0.006
3349.57673 15.419 0.005
3353.55408 15.495 0.006
3360.56269 15.231 0.006
3363.53457 15.419 0.006
3367.59776 15.499 0.006
3375.53075 15.321 0.006
3378.57631 15.158 0.005
3386.54267 15.518 0.006
3390.55112 15.433 0.006
3398.53811 15.298 0.006
3402.52621 15.239 0.005
3538.93504 15.382 0.006
3547.89635 15.351 0.006
3554.90454 15.145 0.006
3561.87072 15.337 0.005
3561.92372 15.349 0.005
3564.88706 15.166 0.005
3569.90914 15.210 0.005
3570.72262 15.297 0.006
3571.77940 15.423 0.007
3573.81609 15.134 0.005
3574.86256 15.247 0.005
3577.82114 15.289 0.005
3578.87931 15.181 0.005
3581.82567 15.508 0.006
3582.81005 15.147 0.005
3583.81890 15.215 0.005
3584.79054 15.310 0.005
3586.78900 15.491 0.005
3588.79298 15.234 0.005
3591.85446 15.265 0.005
3593.82864 15.275 0.005
3596.80232 15.134 0.005
3601.79071 15.135 0.005
3607.76809 15.275 0.005
3614.76595 15.475 0.005
3617.74292 15.348 0.005
3619.67427 15.317 0.005
3621.70129 15.275 0.005
3624.80284 15.129 0.005
3626.69822 15.297 0.005
3633.67595 15.306 0.006
3636.75898 15.377 0.006
3638.65246 15.153 0.005
3641.68150 15.422 0.005
3643.70219 15.136 0.005
3646.63543 15.463 0.006
3650.64026 15.387 0.006
3651.71426 15.517 0.006
3653.68544 15.207 0.005
3655.67665 15.418 0.006
3657.60506 15.137 0.005
3658.63180 15.246 0.006
3659.62102 15.346 0.006
3661.59212 15.298 0.006
3663.57883 15.280 0.006
3665.59549 15.519 0.006
3668.55345 15.306 0.006
3669.65591 15.431 0.006
3671.60873 15.130 0.005
3673.65726 15.352 0.006
3675.63963 15.272 0.005
3683.62901 15.426 0.006
3685.63043 15.147 0.005
3687.62874 15.348 0.005
3689.57971 15.276 0.005
3692.55166 15.387 0.006
3694.54504 15.141 0.006
3696.53684 15.321 0.005
3698.57890 15.474 0.006
3700.55810 15.255 0.005
3702.56523 15.479 0.006
3704.56638 15.187 0.006
3706.57590 15.393 0.005
3708.56488 15.125 0.005
3711.57153 15.427 0.006
3713.59401 15.136 0.005
3717.56195 15.269 0.006
3721.52618 15.517 0.007
3724.53127 15.318 0.006
3726.52768 15.447 0.006
3728.53419 15.243 0.005
3734.54534 15.395 0.006
3740.55873 15.403 0.005
3746.53946 15.184 0.006
3761.58737 15.300 0.005
3765.55348 15.226 0.005
3771.56542 15.369 0.006
3776.52483 15.397 0.006
3780.54912 15.335 0.006
3871.86172 15.150 0.006
3900.94809 15.265 0.006
3905.94263 15.310 0.006
3913.90154 15.156 0.005
3917.93852 15.136 0.005
3931.88474 15.149 0.005
3933.92955 15.308 0.005
3936.85132 15.135 0.005
3938.83532 15.337 0.006
3944.88302 15.515 0.006
3946.84757 15.191 0.005
3951.87013 15.236 0.005
3955.83091 15.172 0.006
3958.81232 15.514 0.006
3960.81241 15.201 0.005
3963.80913 15.487 0.006
3965.80103 15.233 0.005
3967.82072 15.469 0.005
3969.78656 15.168 0.005
3971.76223 15.369 0.005
3974.76441 15.200 0.005
3979.71982 15.237 0.005
3980.60247 15.329 0.006
3981.62950 15.441 0.005
3983.89915 15.189 0.005
3987.76770 15.132 0.005
3990.77559 15.431 0.005
3993.71850 15.238 0.005
3995.72422 15.462 0.005
3999.73442 15.384 0.005
4002.70713 15.195 0.005
4004.65882 15.410 0.005
4006.68514 15.124 0.005
4007.54651 15.227 0.005
4008.55737 15.334 0.005
4009.68088 15.468 0.006
4013.68176 15.374 0.006
4015.66616 15.143 0.006
4017.68047 15.317 0.005
4018.71980 15.429 0.006
4019.66929 15.494 0.006
4021.66269 15.237 0.005
4024.63610 15.304 0.005
4026.61506 15.268 0.005
4028.61087 15.512 0.005
4030.62001 15.203 0.005
4032.67515 15.429 0.006
4037.63539 15.462 0.005
4039.58967 15.162 0.005
4041.58195 15.377 0.006
4043.57488 15.143 0.005
4046.56770 15.417 0.006
4048.55010 15.141 0.005
4050.59238 15.353 0.005
4052.54423 15.308 0.005
4054.59858 15.274 0.005
4056.57055 15.510 0.006
4058.57207 15.211 0.005
4061.56759 15.485 0.005
4065.51713 15.459 0.006
4068.51724 15.278 0.006
4070.53581 15.506 0.006
4073.56171 15.320 0.006
4076.62889 15.130 0.005
4078.58888 15.349 0.005
4080.59951 15.248 0.005
4085.54704 15.130 0.005
4092.54199 15.350 0.005
4096.55352 15.287 0.006
4099.59664 15.122 0.005
4104.58751 15.156 0.005
4111.57548 15.392 0.005
4120.53254 15.360 0.005
4126.55741 15.511 0.006
4252.91154 15.193 0.006
4255.82730 15.391 0.007
4268.94014 15.304 0.006
4275.90759 15.339 0.006
4279.78530 15.495 0.007
4282.79591 15.287 0.006
4283.87929 15.413 0.007
4283.93413 15.419 0.007
4285.90307 15.129 0.006
4291.92358 15.272 0.006
4293.89165 15.506 0.006
4296.87616 15.297 0.006
4297.90876 15.408 0.006
4299.84378 15.123 0.005
4300.86516 15.233 0.006
4301.88320 15.334 0.006
4302.89920 15.468 0.006
4306.84685 15.377 0.006
4307.88311 15.508 0.006
4308.64468 15.262 0.006
4308.85110 15.163 0.006
4310.82475 15.294 0.006
4311.81211 15.409 0.007
4312.88598 15.478 0.006
4314.90531 15.234 0.006
4316.81231 15.457 0.006
4319.84426 15.273 0.006
4320.90807 15.381 0.006
4326.82031 15.497 0.007
4327.79820 15.122 0.006
4328.81384 15.240 0.006
4329.81731 15.343 0.006
4330.91317 15.488 0.007
4333.87875 15.276 0.006
4338.88277 15.312 0.006
4340.75448 15.503 0.006
4341.75059 15.123 0.006
4342.77491 15.234 0.006
4343.74392 15.334 0.006
4344.72612 15.446 0.006
4345.77211 15.307 0.006
4347.76101 15.263 0.006
4349.77421 15.521 0.006
4354.74141 15.507 0.007
4356.74449 15.244 0.006
4357.68196 15.338 0.006
4359.67990 15.351 0.006
4362.64743 15.373 0.007
4365.71965 15.204 0.006
4369.63419 15.132 0.007
4372.65763 15.452 0.006
4375.62008 15.265 0.007
4377.73666 15.517 0.006
4379.62814 15.202 0.006
4380.72397 15.303 0.006
4382.66829 15.499 0.007
4386.64329 15.450 0.006
4388.64411 15.147 0.006
4390.65312 15.373 0.006
4392.67756 15.141 0.005
4395.65876 15.425 0.007
4397.69953 15.139 0.006
4400.64995 15.463 0.007
4403.63856 15.270 0.006
4407.61578 15.207 0.006
4408.64102 15.307 0.006
4410.72455 15.449 0.006
4412.68556 15.239 0.006
4416.67068 15.171 0.005
4418.67958 15.385 0.006
4421.61319 15.208 0.006
4423.69485 15.437 0.006
4425.62571 15.135 0.006
4427.63758 15.350 0.006
4429.54647 15.310 0.007
4431.55102 15.275 0.006
4433.55699 15.513 0.007
4435.54096 15.204 0.006
4437.61311 15.429 0.007
4439.54615 15.142 0.006
4441.58189 15.344 0.006
4443.60898 15.267 0.006
4449.62587 15.217 0.006
4451.58151 15.429 0.006
4453.56385 15.131 0.006
4456.56538 15.476 0.007
4458.56629 15.174 0.006
4464.55748 15.312 0.006
4472.55162 15.177 0.005
4475.57107 15.515 0.006
4478.57770 15.326 0.006
4481.55933 15.137 0.006
4484.55987 15.485 0.007
4486.60823 15.180 0.006
4502.56048 15.396 0.006
4609.87294 15.439 0.006
4638.93787 15.341 0.006
4643.86269 15.211 0.006
4648.92879 15.119 0.005
4652.92199 15.326 0.006
4656.90275 15.509 0.006
4662.75900 15.120 0.005
4663.73061 15.223 0.006
4665.80358 15.450 0.006
4666.89136 15.333 0.006
4670.88564 15.507 0.006
4671.87193 15.165 0.006
4672.85988 15.201 0.005
4675.86622 15.502 0.006
4681.85720 15.161 0.005
4683.83138 15.363 0.006
4685.83852 15.169 0.006
4687.87412 15.315 0.005
4688.78974 15.402 0.006
4689.74749 15.523 0.006
4690.71516 15.118 0.005
4691.71819 15.216 0.006
4693.87325 15.460 0.006
4696.79487 15.267 0.007
4698.73499 15.499 0.006
4700.76642 15.196 0.005
4701.72060 15.301 0.006
4701.77162 15.299 0.006
4702.83173 15.414 0.006
4703.73096 15.511 0.006
4704.74984 15.119 0.005
4705.75701 15.208 0.006
4707.74914 15.450 0.006
4708.81790 15.301 0.005
4710.73153 15.257 0.005
4716.73546 15.405 0.006
4719.72758 15.239 0.005
4721.71627 15.470 0.007
4725.70371 15.361 0.006
4728.73182 15.204 0.005
4731.73296 15.510 0.006
4734.72004 15.328 0.006
4741.68620 15.170 0.005
4747.56355 15.221 0.006
4749.57211 15.436 0.007
4753.64142 15.361 0.006
4755.63017 15.176 0.005
4757.61966 15.301 0.006
4759.63232 15.510 0.006
4761.59751 15.224 0.005
4763.61510 15.456 0.006
4766.58304 15.262 0.006
4769.62141 15.176 0.006
4771.66635 15.307 0.005
4773.65753 15.492 0.006
4775.64415 15.238 0.006
4777.57607 15.453 0.006
4779.59661 15.153 0.005
4781.56352 15.365 0.006
4783.54541 15.191 0.006
4785.57802 15.297 0.006
4786.63527 15.426 0.006
4788.59339 15.127 0.005
4790.59566 15.332 0.005
4792.57381 15.307 0.006
4794.55427 15.263 0.005
4796.62422 15.519 0.006
4798.57097 15.202 0.006
4800.61815 15.417 0.006
4802.59561 15.131 0.005
4804.61874 15.338 0.006
4806.60465 15.286 0.006
4808.52613 15.273 0.006
4810.59144 15.521 0.006
4813.57669 15.304 0.006
4815.54900 15.495 0.006
4817.56942 15.241 0.005
4819.56336 15.474 0.006
4821.64699 15.176 0.005
4824.55142 15.514 0.006
4826.60118 15.220 0.006
4832.56861 15.340 0.006
4834.59359 15.265 0.006
4837.58485 15.393 0.006
4841.56102 15.316 0.006
4843.55532 15.462 0.007
4845.55283 15.247 0.006
4846.56011 15.355 0.006
4848.60068 15.231 0.005
4850.58797 15.312 0.006
4854.56907 15.219 0.006
4862.55120 15.246 0.005
4866.55206 15.532 0.006
