 466.54485 16.701 0.008
 466.55395 16.656 0.008
 466.56919 16.640 0.008
 466.59978 16.503 0.007
 466.62932 16.403 0.006
 467.54717 16.726 0.009
 467.57664 16.739 0.009
 467.60612 16.746 0.009
 467.63561 16.758 0.008
 469.55653 16.716 0.010
 469.59516 16.705 0.008
 469.62681 16.724 0.009
 471.60908 16.700 0.009
 471.62432 16.710 0.009
 472.54124 17.002 0.010
 472.55602 16.936 0.009
 472.57068 16.995 0.009
 472.58531 16.946 0.010
 622.88751 16.728 0.009
 624.91409 16.709 0.009
 625.90153 16.973 0.010
 626.87304 16.684 0.009
 627.85928 16.918 0.011
 628.90036 16.641 0.009
 629.89816 16.935 0.012
 631.92912 16.872 0.010
 632.86963 16.561 0.009
 633.90507 16.860 0.009
 635.89991 16.846 0.009
 643.86892 16.792 0.011
 645.84063 16.754 0.009
 647.79837 16.730 0.016
 649.79576 16.727 0.012
 652.84295 17.004 0.012
 656.85612 16.919 0.009
 657.82838 16.592 0.009
 658.86868 16.852 0.013
 663.77496 16.524 0.011
 664.87989 16.870 0.010
 665.82715 16.463 0.006
 666.83770 16.816 0.009
 667.85693 16.434 0.007
 668.82776 16.828 0.008
 670.79332 16.778 0.009
 671.81537 16.333 0.006
 672.82090 16.770 0.008
 673.78828 16.677 0.009
 684.74867 16.584 0.008
 685.80353 16.902 0.009
 686.70481 16.552 0.009
 687.78616 16.902 0.009
 688.72818 16.531 0.007
 689.75533 16.863 0.009
 697.72149 16.782 0.009
 698.79260 16.326 0.007
 699.69160 16.748 0.008
 700.73239 16.653 0.009
 701.70462 16.718 0.009
 704.73261 16.975 0.012
 706.69827 16.953 0.014
 707.73583 16.662 0.009
 708.75999 16.951 0.011
 712.76054 16.898 0.011
 713.74191 16.581 0.007
 714.75688 16.880 0.009
 715.72244 16.564 0.009
 716.69052 16.852 0.009
 726.67312 16.772 0.009
 728.68384 16.755 0.009
 729.68600 16.795 0.009
 730.67036 16.729 0.009
 733.63684 16.967 0.012
 739.65679 16.882 0.011
 741.62260 16.877 0.009
 742.59885 16.516 0.008
 744.64597 16.512 0.008
 745.59689 16.838 0.009
 746.78768 16.558 0.008
 747.65820 16.839 0.009
 748.61997 16.404 0.008
 749.62532 16.768 0.011
 750.61916 16.336 0.008
 751.62758 16.802 0.011
 752.74198 16.386 0.009
 753.67762 16.761 0.009
 759.63549 16.685 0.009
 760.66115 16.977 0.009
 761.63718 16.678 0.009
 761.74243 16.704 0.010
 762.62855 16.958 0.011
 762.65811 16.969 0.012
 763.64478 16.648 0.009
 763.75553 16.695 0.010
 765.57684 16.627 0.011
 766.61432 16.905 0.013
 766.71719 16.901 0.012
 767.62181 16.596 0.010
 767.68347 16.644 0.013
 769.60465 16.560 0.009
 769.67838 16.603 0.009
 770.61079 16.845 0.009
 771.64386 16.560 0.009
 772.60568 16.850 0.010
 773.61081 16.481 0.008
 773.76302 16.551 0.009
 774.60379 16.820 0.009
 775.56172 16.405 0.008
 776.64263 16.840 0.010
 777.61689 16.393 0.008
 778.62025 16.820 0.011
 779.64721 16.322 0.008
 779.75749 16.426 0.009
 780.64701 16.774 0.009
 781.56133 16.612 0.009
 781.74182 16.391 0.009
 782.62684 16.768 0.011
 782.75071 16.791 0.011
 783.54388 16.848 0.009
 784.58588 16.741 0.009
 784.67785 16.765 0.009
 785.61269 16.881 0.009
 785.75829 16.393 0.008
 786.61638 16.700 0.008
 786.63327 16.711 0.008
 787.69683 16.840 0.009
 788.62964 16.694 0.009
 788.65520 16.706 0.009
 790.57834 16.682 0.009
 792.55631 16.616 0.009
 795.62098 16.884 0.010
 796.54990 16.553 0.010
 796.73525 16.700 0.015
 797.71005 16.906 0.010
 798.57269 16.549 0.009
 799.71065 16.874 0.009
 800.62568 16.519 0.009
 802.68566 16.542 0.012
 805.61300 16.825 0.011
 806.62320 16.373 0.008
 808.55461 16.412 0.009
 816.68560 16.870 0.009
 817.59569 16.691 0.008
 819.55846 16.642 0.009
 820.63476 16.961 0.009
 822.55534 16.874 0.010
 824.58117 16.839 0.010
 825.65428 16.601 0.009
 828.61441 16.855 0.009
 829.58104 16.528 0.008
 832.58793 16.804 0.010
 833.60783 16.411 0.008
 834.57740 16.819 0.010
 836.55554 16.799 0.014
 838.58852 16.753 0.009
 840.59827 16.732 0.010
 845.54984 16.950 0.011
 850.57311 16.594 0.010
 855.57813 16.802 0.011
 859.56595 16.859 0.011
 866.53049 16.602 0.009
 962.93432 16.764 0.010
 966.93381 16.740 0.009
 970.91019 16.666 0.010
 976.89085 16.575 0.009
 986.84522 16.349 0.008
 987.85882 16.790 0.009
 991.92686 16.776 0.009
 996.93080 16.963 0.009
 998.90188 16.952 0.010
1004.80047 16.816 0.010
1006.82905 16.807 0.010
1020.89854 16.735 0.009
1025.93632 16.949 0.010
1035.75128 16.809 0.009
1037.78048 16.802 0.009
1041.78863 16.764 0.009
1045.75033 16.754 0.009
1048.73152 16.900 0.013
1052.77442 16.947 0.010
1055.64767 16.566 0.009
1058.85962 16.880 0.014
1059.77764 16.554 0.010
1061.73039 16.529 0.009
1064.81430 16.806 0.012
1068.71571 16.798 0.009
1072.69586 16.756 0.009
1076.67363 16.677 0.009
1078.68418 16.671 0.009
1081.69672 16.927 0.009
1084.63489 16.567 0.008
1087.65480 16.806 0.009
1090.71117 16.494 0.008
1092.74329 16.465 0.008
1094.64997 16.348 0.007
1102.62015 16.931 0.009
1106.71500 16.966 0.008
1110.63413 16.849 0.012
1116.59260 16.825 0.009
1120.58119 16.775 0.009
1126.65652 16.753 0.009
1129.55496 16.921 0.010
1132.53805 16.657 0.009
1135.58811 16.948 0.010
1138.63779 16.615 0.008
1140.61520 16.581 0.008
1144.67278 16.531 0.009
1151.55236 16.751 0.009
1155.55398 16.736 0.009
1159.54942 16.699 0.009
1162.58182 16.933 0.009
1164.69538 16.913 0.010
1170.55382 16.852 0.009
1178.66387 16.813 0.009
1182.67577 16.782 0.009
1183.71412 16.342 0.008
1185.69728 16.420 0.007
1188.69659 16.718 0.009
1191.58034 16.950 0.011
1202.59545 16.497 0.009
1205.54687 16.794 0.009
1211.56736 16.746 0.011
1217.57798 16.709 0.009
1220.58048 16.957 0.010
1229.53319 16.504 0.010
1238.52948 16.742 0.014
1327.91367 16.811 0.015
1330.83037 16.357 0.009
1335.88213 16.738 0.012
1340.90163 16.986 0.011
1348.93771 16.850 0.009
1354.91127 16.809 0.012
1360.93099 16.786 0.010
1365.92721 16.636 0.009
1367.85071 16.986 0.012
1374.92278 16.627 0.010
1394.85898 16.819 0.011
1395.89042 16.728 0.009
1397.81212 16.660 0.012
1401.83915 16.635 0.009
1402.92407 16.954 0.010
1407.84714 16.551 0.009
1412.74245 16.805 0.010
1417.90078 16.355 0.008
1430.73340 16.594 0.010
1432.74407 16.558 0.008
1435.70052 16.813 0.011
1439.66697 16.800 0.010
1442.67066 16.395 0.008
1447.74586 16.722 0.012
1451.68205 16.679 0.009
1455.70178 16.628 0.010
1460.74251 16.903 0.010
1462.64815 16.833 0.010
1470.65441 16.772 0.009
1472.64160 16.764 0.010
1475.64733 16.939 0.011
1477.57640 16.930 0.011
1481.59415 16.936 0.011
1484.64307 16.607 0.009
1487.63820 16.884 0.009
1490.67696 16.504 0.009
1492.57661 16.434 0.009
1495.53339 16.788 0.009
1499.56204 16.727 0.011
1502.56013 16.951 0.012
1505.62672 16.699 0.010
1508.56210 16.948 0.010
1509.53836 16.597 0.009
1512.64024 16.893 0.012
1515.61493 16.549 0.009
1517.61843 16.515 0.009
1520.60560 16.837 0.010
1524.55330 16.758 0.010
1526.59343 16.744 0.009
1531.64502 16.821 0.010
1543.60250 16.844 0.009
1546.61732 16.509 0.008
1551.57910 16.786 0.009
1555.61263 16.761 0.009
1562.59120 16.950 0.011
1569.57035 16.579 0.009
1575.59618 16.482 0.008
1580.57118 16.795 0.010
1583.57385 16.421 0.008
1587.55364 16.903 0.011
1597.53911 16.834 0.012
1603.54720 16.841 0.011
1608.52292 16.350 0.009
1703.90784 16.360 0.009
1705.91333 16.344 0.009
1716.87376 16.650 0.010
1717.88411 16.925 0.011
1729.91980 16.814 0.008
1732.88957 16.330 0.008
1740.84061 16.979 0.011
1742.88840 16.976 0.012
1744.85752 16.931 0.011
1745.88177 16.639 0.008
1749.86220 16.610 0.008
1750.83411 16.848 0.010
1751.84595 16.545 0.008
1752.80727 16.832 0.010
1753.80834 16.491 0.009
1754.83501 16.800 0.010
1755.80037 16.457 0.009
1756.82986 16.827 0.014
1757.77905 16.410 0.010
1758.78354 16.780 0.009
1759.82790 16.373 0.008
1761.80894 16.346 0.008
1762.79533 16.741 0.010
1763.79833 16.669 0.008
1764.79084 16.737 0.008
1765.78531 16.888 0.011
1766.72634 16.679 0.010
1768.80545 16.677 0.010
1769.71483 16.918 0.011
1771.83090 16.910 0.017
1772.77328 16.644 0.009
1773.74058 16.874 0.010
1776.76338 16.584 0.008
1784.74003 16.387 0.008
1788.80554 16.340 0.007
1803.76586 16.607 0.009
1806.75999 16.847 0.009
1808.82960 16.839 0.012
1811.75803 16.469 0.007
1814.80485 16.791 0.009
1817.77051 16.337 0.007
1822.64794 16.690 0.009
1826.79904 16.690 0.010
1829.74129 16.939 0.011
1846.78933 16.360 0.008
1850.74608 16.888 0.011
1854.80213 17.005 0.009
1858.72599 16.909 0.012
1862.72490 16.892 0.009
1867.74933 16.493 0.009
1871.75592 16.376 0.008
2086.89212 16.971 0.018
2103.89894 16.404 0.008
2105.92907 16.381 0.009
2106.89468 16.771 0.012
2112.84706 16.691 0.011
2116.87482 16.665 0.010
2123.82175 16.838 0.012
2128.82925 16.456 0.011
2129.86123 16.829 0.012
2130.84761 16.405 0.009
2131.84169 16.829 0.014
2132.81000 16.346 0.010
2133.89832 16.800 0.016
2135.84783 16.818 0.012
2137.89546 16.771 0.014
2140.81508 16.950 0.014
2142.75544 16.928 0.013
2143.82093 16.678 0.010
2144.82762 16.958 0.011
2155.88236 16.504 0.013
2156.82895 16.841 0.014
2162.76516 16.779 0.012
2166.75976 16.738 0.010
2167.76821 16.943 0.013
2168.71739 16.685 0.013
2171.74329 16.939 0.011
2172.74992 16.654 0.010
2177.64342 16.828 0.013
2184.70505 16.405 0.010
2185.66858 16.808 0.013
2186.69341 16.390 0.012
2187.68858 16.784 0.014
2190.69514 16.609 0.010
2192.66667 16.894 0.010
2193.68773 16.706 0.009
2194.65785 16.981 0.012
2203.55431 16.564 0.011
2206.61061 16.854 0.018
2211.64470 16.382 0.009
2212.64853 16.792 0.013
2213.65435 16.341 0.009
2214.64555 16.789 0.013
2215.65251 16.346 0.009
2217.63922 16.608 0.012
2219.68209 16.717 0.012
2222.73065 16.719 0.013
2224.71696 16.690 0.010
2228.56173 16.590 0.011
2231.64666 16.862 0.013
2232.51339 16.490 0.012
2233.61680 16.851 0.012
2235.66692 16.828 0.011
2238.55046 16.379 0.010
2240.65476 16.424 0.009
2242.62229 16.339 0.011
2248.61159 16.930 0.011
2250.58026 16.988 0.013
2253.57389 16.634 0.010
2255.61054 16.647 0.011
2258.57683 16.858 0.009
2263.58757 16.495 0.009
2266.56354 16.822 0.013
2271.56792 16.407 0.009
2273.56725 16.666 0.014
2275.60218 16.772 0.012
2276.56174 16.720 0.014
2278.59433 16.677 0.011
2280.59016 16.645 0.012
2284.59304 16.616 0.011
2290.60701 16.525 0.010
2293.56930 16.826 0.013
2295.56208 16.793 0.012
2297.56538 16.727 0.014
2299.56448 16.765 0.014
2301.55676 16.746 0.014
2445.91531 16.457 0.011
2460.88253 16.702 0.016
2463.91886 16.929 0.013
2465.93162 16.887 0.012
2467.90462 16.866 0.014
2469.90399 16.827 0.011
2471.89345 16.852 0.014
2472.92292 16.484 0.008
2473.89484 16.839 0.011
2481.90712 16.753 0.014
2483.89236 16.728 0.010
2486.88935 16.926 0.016
2488.88159 16.935 0.018
2489.92672 16.670 0.012
2492.90709 16.922 0.015
2496.90682 16.863 0.012
2497.93022 16.569 0.010
2498.77750 16.802 0.012
2499.86311 16.511 0.009
2500.86864 16.828 0.011
2501.85763 16.452 0.009
2502.83783 16.798 0.014
2508.74912 16.757 0.017
2516.78041 16.645 0.012
2517.82715 16.962 0.014
2518.79856 16.642 0.012
2519.83550 16.929 0.012
2520.79487 16.592 0.011
2521.82700 16.889 0.011
2524.82526 16.562 0.014
2526.78146 16.494 0.009
2534.83784 16.352 0.010
2535.81805 16.775 0.012
2537.70582 16.732 0.015
2538.80180 16.731 0.014
2539.70530 16.699 0.012
2541.71721 16.667 0.010
2542.68700 16.934 0.013
2544.66584 16.899 0.013
2545.68057 16.609 0.010
2547.69857 16.573 0.011
2548.71532 16.862 0.011
2550.71045 16.864 0.014
2552.71316 16.832 0.011
2554.70631 16.823 0.012
2555.71424 16.460 0.009
2556.69327 16.809 0.012
2557.70580 16.405 0.009
2558.66229 16.792 0.012
2559.61920 16.395 0.009
2560.65225 16.763 0.011
2562.67069 16.727 0.011
2563.67865 16.694 0.011
2564.69400 16.733 0.012
2565.68463 16.897 0.013
2566.66490 16.703 0.011
2568.69589 16.683 0.013
2571.64887 16.923 0.016
2573.66199 16.881 0.016
2574.64581 16.579 0.011
2576.65896 16.588 0.012
2577.63269 16.879 0.017
2578.63276 16.526 0.010
2579.63942 16.821 0.013
2580.65155 16.499 0.009
2583.62286 16.791 0.014
2584.63021 16.379 0.010
2586.62811 16.318 0.009
2587.61212 16.777 0.012
2588.72054 16.363 0.009
2589.60208 16.766 0.012
2591.64032 16.754 0.011
2593.60935 16.712 0.011
2594.61311 16.977 0.018
2596.58865 16.974 0.017
2597.57581 16.637 0.012
2598.64966 16.976 0.014
2599.60914 16.638 0.012
2607.63035 16.520 0.012
2610.55013 16.832 0.017
2613.54399 16.334 0.010
2615.57285 16.413 0.011
2619.56051 16.901 0.017
2621.56947 16.976 0.014
2625.55207 16.975 0.019
2628.54520 16.667 0.018
2632.55162 16.558 0.011
2636.54702 16.503 0.013
2639.54727 16.819 0.013
2642.55626 16.380 0.012
2646.56883 16.708 0.012
2651.54112 16.713 0.016
2654.55866 16.909 0.017
2657.56154 16.591 0.012
2660.55731 16.874 0.014
2671.55497 16.366 0.010
2673.56676 16.532 0.013
2676.52813 16.745 0.015
2679.54150 16.969 0.015
2777.90653 16.657 0.013
2804.87353 16.660 0.012
2811.90798 16.873 0.017
2814.94365 16.544 0.011
2817.93020 16.816 0.014
2831.78504 16.654 0.012
2832.75103 16.927 0.014
2832.92898 16.972 0.013
2833.86895 16.636 0.013
2835.87758 16.639 0.011
2837.87866 16.605 0.016
2838.93584 16.924 0.018
2840.82858 16.830 0.014
2843.83003 16.497 0.009
2844.87583 16.831 0.012
2845.92182 16.499 0.011
2849.85927 16.356 0.009
2850.89202 16.796 0.014
2851.93559 16.365 0.010
2852.80626 16.731 0.013
2853.94568 16.319 0.011
2854.83200 16.751 0.014
2856.81895 16.709 0.014
2858.91300 16.707 0.010
2860.87899 16.678 0.011
2861.75017 16.903 0.011
2862.92917 16.691 0.012
2863.83841 16.929 0.017
2865.83527 16.885 0.012
2866.88493 16.609 0.012
2867.82496 16.867 0.012
2868.77261 16.534 0.010
2869.90560 16.874 0.014
2870.81920 16.518 0.009
2871.86213 16.861 0.012
2875.80850 16.809 0.013
2876.77940 16.343 0.009
2879.74292 16.751 0.010
2883.82909 16.739 0.010
2885.76388 16.690 0.010
2888.81219 16.976 0.017
2892.80358 16.910 0.017
2894.73275 16.826 0.014
2896.72983 16.851 0.012
2898.75079 16.827 0.012
2900.74966 16.805 0.010
2902.74918 16.817 0.010
2905.75637 16.317 0.009
2907.75776 16.385 0.009
2909.74687 16.724 0.008
2911.73824 16.948 0.010
2915.70971 16.960 0.012
2917.73582 16.922 0.011
2921.73358 16.854 0.012
2923.75551 16.876 0.014
2925.71850 16.840 0.011
2927.71599 16.843 0.013
2930.73409 16.413 0.010
2932.74060 16.367 0.009
2934.72040 16.356 0.009
2937.64443 16.707 0.011
2939.69708 16.692 0.011
2940.63717 16.964 0.011
2941.68702 16.676 0.010
2942.63717 16.947 0.012
2943.60836 16.643 0.011
2944.59297 16.889 0.013
2945.60974 16.620 0.016
2947.61923 16.592 0.011
2949.60053 16.532 0.009
2950.64530 16.816 0.011
2951.63247 16.523 0.011
2952.66138 16.854 0.014
2954.68631 16.817 0.015
2956.63229 16.809 0.010
2958.62669 16.826 0.014
2961.59780 16.587 0.015
2965.63620 16.867 0.011
2968.59754 16.702 0.012
2970.61679 16.662 0.012
2972.60128 16.616 0.011
2974.60201 16.573 0.010
2976.55172 16.565 0.011
2978.57781 16.508 0.011
2980.59466 16.535 0.013
2982.53987 16.403 0.009
2984.63077 16.431 0.010
2986.64088 16.387 0.010
2988.53325 16.562 0.013
2991.60632 16.743 0.012
2994.58863 16.953 0.015
2997.56080 16.664 0.011
3001.57728 16.606 0.010
3005.53533 16.534 0.012
3008.56164 16.842 0.018
3011.56503 16.454 0.012
3016.59169 16.776 0.014
3018.57813 16.781 0.014
3020.60619 16.742 0.013
3021.61901 16.777 0.009
3023.57491 16.939 0.013
3025.57339 16.949 0.014
3027.60691 16.959 0.013
3029.57880 16.883 0.013
3031.58336 16.892 0.013
3033.58571 16.845 0.013
3037.53274 16.820 0.014
3164.93313 16.430 0.009
3183.91512 16.602 0.010
3193.88290 16.382 0.009
3195.94210 16.384 0.009
3197.91757 16.342 0.009
3201.87501 16.896 0.010
3203.88297 16.940 0.010
3206.82083 16.649 0.011
3210.89688 16.604 0.010
3211.88828 16.898 0.012
3215.66442 16.810 0.015
3216.73243 16.429 0.010
3217.93293 16.830 0.014
3218.91758 16.485 0.013
3223.83842 16.769 0.014
3226.82868 16.616 0.011
3229.83583 16.712 0.009
3231.81795 16.665 0.013
3239.79634 16.556 0.010
3240.79359 16.840 0.015
3241.81795 16.547 0.009
3242.71728 16.826 0.013
3243.85373 16.553 0.011
3244.83092 16.844 0.013
3245.78006 16.461 0.010
3246.77250 16.824 0.014
3247.76629 16.400 0.009
3249.73097 16.322 0.009
3251.74449 16.407 0.009
3254.73162 16.728 0.010
3257.74804 16.957 0.010
3259.66723 16.901 0.015
3261.70531 16.905 0.010
3263.68801 16.860 0.009
3265.72242 16.847 0.009
3267.71125 16.850 0.009
3269.78767 16.828 0.015
3270.74450 16.546 0.010
3271.66732 16.808 0.013
3272.72452 16.479 0.009
3274.71039 16.399 0.009
3276.71483 16.369 0.009
3277.75362 16.831 0.011
3279.68517 16.753 0.010
3281.64393 16.718 0.009
3283.64540 16.673 0.008
3287.61161 16.628 0.009
3289.62268 16.608 0.009
3293.59946 16.502 0.009
3295.61825 16.509 0.008
3297.60003 16.437 0.007
3299.65638 16.492 0.007
3301.63060 16.401 0.009
3303.69287 16.365 0.009
3306.62541 16.765 0.009
3308.61315 16.743 0.012
3310.61228 16.712 0.010
3312.65632 16.687 0.010
3314.56711 16.652 0.013
3320.60497 16.570 0.009
3323.54845 16.843 0.011
3327.55993 16.806 0.011
3330.55418 16.334 0.009
3335.59899 16.718 0.011
3338.60260 16.940 0.010
3349.59890 16.556 0.009
3353.57801 16.504 0.010
3359.55452 16.351 0.009
3363.56188 16.718 0.011
3367.62118 16.903 0.012
3372.55193 16.596 0.009
3376.53124 16.538 0.010
3378.59816 16.575 0.010
3386.56462 16.348 0.008
3390.57818 16.490 0.011
3398.55995 16.974 0.013
3402.54833 16.820 0.010
3528.94050 16.882 0.013
3541.93329 16.330 0.008
3547.91789 16.896 0.011
3554.92610 16.630 0.009
3560.94825 16.558 0.009
3564.91042 16.453 0.008
3568.84127 16.333 0.008
3570.78198 16.768 0.014
3571.80432 16.760 0.014
3573.84180 16.702 0.010
3574.88082 16.876 0.012
3577.83947 16.635 0.009
3578.89804 16.947 0.010
3579.80287 16.612 0.009
3581.84782 16.608 0.009
3581.87054 16.596 0.009
3582.83269 16.890 0.012
3583.83713 16.576 0.009
3586.81146 16.843 0.009
3588.82936 16.823 0.009
3589.82217 16.484 0.008
3591.87696 16.462 0.007
3593.81453 16.366 0.008
3596.89498 16.811 0.009
3601.81260 16.858 0.011
3607.81804 16.936 0.011
3614.78944 16.554 0.008
3617.76894 16.796 0.009
3619.70186 16.795 0.009
3621.72033 16.775 0.009
3624.86862 16.374 0.010
3626.71801 16.782 0.010
3629.67159 16.658 0.011
3631.73398 16.655 0.010
3633.71023 16.633 0.011
3637.65323 16.564 0.009
3639.70330 16.542 0.007
3641.69985 16.533 0.009
3643.72422 16.494 0.008
3646.65916 16.797 0.011
3650.66243 16.766 0.011
3650.68648 16.782 0.010
3651.73641 16.337 0.008
3653.73257 16.557 0.009
3655.69874 16.879 0.009
3657.64953 16.991 0.011
3658.65396 16.682 0.010
3659.64199 16.943 0.012
3660.67214 16.671 0.011
3663.56363 16.843 0.015
3665.63720 16.869 0.012
3668.57565 16.473 0.009
3669.70650 16.838 0.014
3671.63255 16.817 0.010
3673.67741 16.877 0.014
3675.66199 16.842 0.011
3683.65130 16.719 0.009
3685.65646 16.589 0.009
3687.65509 16.645 0.009
3689.60351 16.610 0.009
3692.57931 16.849 0.011
3694.56330 16.876 0.014
3696.56381 16.837 0.010
3698.59749 16.844 0.012
3700.57842 16.834 0.012
3702.58773 16.829 0.011
3704.59399 16.776 0.010
3706.61444 16.752 0.009
3708.58731 16.753 0.011
3711.59390 16.977 0.015
3714.52763 16.620 0.013
3718.60816 16.584 0.012
3721.56174 16.853 0.011
3724.56673 16.516 0.009
3726.58727 16.484 0.009
3728.56038 16.421 0.009
3734.56384 16.501 0.009
3737.57951 16.707 0.010
3742.53814 16.969 0.019
3746.56340 16.875 0.015
3751.54328 16.564 0.013
3756.55603 16.798 0.013
3761.60627 16.342 0.009
3766.53109 16.698 0.010
3772.55392 16.635 0.010
3776.55397 16.594 0.010
3871.87986 16.586 0.012
3901.94239 16.858 0.012
3906.94269 16.510 0.009
3913.91962 16.778 0.009
3918.88313 16.859 0.011
3931.91846 16.560 0.009
3934.86150 16.813 0.009
3936.86968 16.821 0.010
3938.85371 16.785 0.011
3944.90109 16.747 0.009
3946.86923 16.721 0.009
3951.88858 16.985 0.010
3955.85373 16.850 0.014
3958.83324 16.578 0.012
3960.83041 16.525 0.009
3963.82712 16.804 0.014
3965.81899 16.815 0.009
3967.83884 16.803 0.009
3969.80449 16.816 0.011
3971.78068 16.737 0.009
3974.78243 16.964 0.012
3979.73780 16.663 0.010
3980.62114 16.832 0.013
3981.64740 16.552 0.008
3983.83774 16.595 0.009
3987.78626 16.541 0.009
3990.79361 16.809 0.009
3993.73842 16.409 0.009
3995.74370 16.342 0.008
3999.75300 16.738 0.009
4002.72511 16.682 0.008
4004.67688 16.646 0.009
4006.70313 16.615 0.008
4007.56650 16.863 0.009
4008.57543 16.548 0.008
4009.74377 16.882 0.013
4013.70198 16.830 0.011
4015.68427 16.878 0.020
4015.70052 16.838 0.014
4018.69968 16.443 0.009
4019.68825 16.795 0.011
4021.68072 16.787 0.009
4024.65421 16.609 0.009
4026.63309 16.880 0.010
4028.62905 16.965 0.010
4030.64160 17.006 0.012
4032.69370 17.016 0.015
4037.66988 16.611 0.009
4039.60781 16.547 0.009
4041.60735 16.523 0.009
4043.59306 16.445 0.009
4046.60238 16.789 0.010
4048.56830 16.760 0.012
4050.61040 16.806 0.009
4052.56249 16.759 0.010
4054.61667 16.713 0.010
4058.62231 16.673 0.009
4060.52114 16.604 0.010
4064.51877 16.549 0.008
4066.56024 16.547 0.009
4069.51861 16.780 0.012
4073.60218 16.815 0.013
4077.52552 16.778 0.010
4079.52747 16.750 0.015
4082.52740 16.947 0.014
4085.56513 16.692 0.009
4092.56117 16.903 0.010
4096.58713 16.857 0.012
4100.58992 16.829 0.012
4105.55771 16.359 0.009
4108.53396 16.725 0.010
4113.61185 16.956 0.011
4120.58269 16.599 0.009
4126.58051 16.532 0.011
4252.92975 16.475 0.011
4255.84907 16.790 0.015
4268.90236 16.965 0.014
4275.92451 16.570 0.011
4279.80223 16.443 0.015
4282.81273 16.809 0.013
4283.86567 16.373 0.010
4285.92000 16.348 0.009
4291.94079 16.735 0.014
4292.85932 16.688 0.010
4295.86335 16.958 0.011
4296.89311 16.698 0.011
4297.92597 16.970 0.013
4299.86081 16.893 0.011
4300.88229 16.599 0.009
4301.90029 16.891 0.010
4302.92192 16.633 0.012
4307.90082 16.828 0.010
4308.66197 16.345 0.009
4308.86997 16.491 0.009
4310.84231 16.397 0.009
4311.82986 16.803 0.018
4312.90373 16.367 0.009
4314.92320 16.360 0.010
4316.82974 16.673 0.012
4319.86692 16.740 0.014
4320.89381 16.887 0.015
4326.83769 16.939 0.013
4327.81618 16.652 0.014
4328.83182 16.916 0.014
4329.83410 16.579 0.010
4330.86261 16.915 0.012
4333.86389 16.550 0.011
4338.90427 16.841 0.015
4340.77674 16.776 0.011
4341.77191 16.398 0.010
4342.82779 16.770 0.014
4343.76542 16.677 0.011
4344.74756 16.725 0.012
4345.79352 16.806 0.012
4347.78245 16.945 0.012
4349.79565 17.004 0.014
4351.82288 17.018 0.016
4353.75595 16.946 0.016
4357.70482 16.841 0.014
4359.70276 16.826 0.010
4361.70532 16.812 0.014
4362.72805 16.472 0.010
4364.58709 16.380 0.012
4367.68460 16.769 0.013
4370.67626 16.751 0.012
4372.73970 16.788 0.010
4376.65508 16.954 0.015
4378.62167 16.910 0.014
4379.64964 16.654 0.013
4380.76248 16.946 0.013
4382.68995 16.894 0.013
4386.66500 16.845 0.013
4388.66549 16.845 0.012
4390.67447 16.800 0.010
4393.64827 16.359 0.009
4395.68313 16.352 0.009
4398.64858 16.773 0.012
4400.67145 16.724 0.012
4403.69725 17.013 0.016
4407.63733 16.955 0.015
4408.68352 16.658 0.011
4410.70644 16.619 0.011
4415.69059 16.852 0.012
4418.59725 16.400 0.009
4422.65845 16.341 0.009
4424.65553 16.413 0.009
4427.54220 16.699 0.012
4429.56815 16.723 0.017
4431.57262 16.686 0.012
4433.57845 16.628 0.011
4435.56679 16.606 0.010
4437.65585 16.615 0.013
4439.56769 16.559 0.012
4441.60354 16.569 0.011
4443.59425 16.519 0.012
4449.64828 16.384 0.009
4451.60341 16.392 0.009
4453.58538 16.737 0.013
4456.58680 16.707 0.013
4459.53933 16.991 0.016
4464.54257 16.613 0.012
4464.57900 16.671 0.011
4464.59443 16.675 0.012
4465.54495 16.875 0.013
4465.59436 16.881 0.013
4466.56666 16.587 0.011
4466.59627 16.561 0.011
4467.56304 16.885 0.016
4468.58828 16.555 0.010
4468.62316 16.565 0.010
4469.58202 16.879 0.015
4469.60822 16.856 0.014
4470.54760 16.512 0.011
4470.56385 16.500 0.011
4471.53571 16.812 0.014
4472.54790 16.454 0.009
4472.56954 16.446 0.009
4476.57848 16.373 0.009
4479.60329 16.783 0.015
4481.58796 16.791 0.012
4484.60464 16.955 0.020
4487.62618 16.731 0.017
4609.89945 16.686 0.011
4643.88417 16.928 0.015
4649.93437 16.857 0.013
4655.94586 16.818 0.012
4661.89753 16.747 0.011
4662.78023 16.929 0.011
4662.89717 16.653 0.010
4663.75193 16.709 0.012
4663.93583 16.754 0.013
4665.82490 16.686 0.012
4665.91883 16.699 0.013
4666.91270 16.949 0.016
4670.90713 16.959 0.012
4671.82138 16.590 0.010
4672.88111 16.919 0.012
4675.89873 16.598 0.010
4681.87847 16.484 0.009
4683.87371 16.417 0.009
4685.85982 16.386 0.009
4688.81121 16.757 0.010
4690.73673 16.716 0.010
4691.73963 16.982 0.018
4693.89470 16.914 0.015
4696.84464 16.694 0.014
4698.75645 16.603 0.009
4699.75045 16.880 0.012
4700.78795 16.596 0.009
4701.79316 16.889 0.013
4702.85331 16.608 0.011
4703.75236 16.839 0.011
4704.77121 16.536 0.009
4705.77846 16.896 0.015
4707.77113 16.809 0.009
4708.83935 16.500 0.009
4710.75536 16.386 0.009
4716.75687 16.714 0.010
4719.74902 16.720 0.011
4721.73799 16.700 0.015
4724.76768 16.992 0.013
4726.66336 16.864 0.017
4729.67438 16.550 0.012
4730.70298 16.859 0.010
4731.72747 16.545 0.009
4731.76460 16.558 0.009
4733.70945 16.481 0.009
4733.80495 16.551 0.010
4734.66637 16.824 0.011
4734.74691 16.833 0.010
4736.67069 16.834 0.015
4736.71168 16.840 0.014
4738.75240 16.829 0.014
4739.65299 16.384 0.010
4741.72755 16.377 0.008
4747.59416 16.968 0.013
4749.59377 16.939 0.016
4753.66287 16.920 0.014
4755.65682 16.879 0.011
4757.64128 16.819 0.010
4759.65387 16.855 0.010
4761.62416 16.821 0.009
4763.63679 16.838 0.014
4766.60499 16.374 0.010
4769.64307 16.840 0.016
4771.55412 16.669 0.013
4772.59926 16.940 0.012
4772.67595 16.805 0.012
4773.56342 16.700 0.009
4773.67897 16.730 0.010
4774.53234 16.946 0.013
4774.65539 16.960 0.013
4775.53198 16.649 0.012
4775.66582 16.715 0.013
4776.54130 16.936 0.015
4777.50938 16.630 0.014
4777.59955 16.661 0.011
4779.63515 16.628 0.010
4781.58504 16.595 0.009
4783.56867 16.542 0.010
4785.59977 16.573 0.011
4789.53519 16.423 0.010
4790.61740 16.839 0.010
4791.61568 16.403 0.008
4793.51981 16.447 0.009
4795.53687 16.634 0.009
4797.52907 16.876 0.012
4798.59236 16.761 0.015
4800.63966 16.739 0.010
4803.53098 16.969 0.015
4804.58117 16.681 0.012
4805.54289 16.937 0.013
4806.59018 16.667 0.011
4806.62668 16.696 0.013
4807.54336 16.948 0.017
4807.60545 16.978 0.018
4808.54841 16.612 0.012
4808.61620 16.616 0.011
4809.55051 16.880 0.012
4809.63039 16.891 0.012
4810.55883 16.579 0.010
4811.56374 16.857 0.013
4812.63156 16.703 0.018
4813.59818 16.865 0.014
4815.57433 16.887 0.014
4817.59084 16.821 0.010
4819.59045 16.834 0.012
4821.63235 16.817 0.011
4822.57254 16.411 0.009
4823.53713 16.779 0.015
4823.59314 16.786 0.012
4824.54550 16.655 0.011
4824.62841 16.372 0.010
4825.56977 16.774 0.013
4825.62160 16.852 0.013
4826.58470 16.798 0.014
4832.59470 17.003 0.016
4835.57652 16.682 0.013
4839.59804 16.631 0.013
4842.56509 16.817 0.014
4844.57356 16.794 0.011
4847.62986 16.481 0.014
4849.58972 16.361 0.009
4853.58713 16.540 0.010
4856.58110 16.721 0.011
4865.55420 16.888 0.013
4935.92066 16.900 0.014
4937.92098 16.842 0.013
4940.92254 16.475 0.010
4952.92202 16.929 0.014
