 625.92173 13.726 0.005
 626.91353 13.824 0.005
 627.87922 13.909 0.005
 629.83282 13.972 0.005
 629.93685 13.967 0.005
 631.89467 13.987 0.005
 632.88943 13.661 0.005
 635.86537 13.452 0.005
 643.83468 13.846 0.005
 645.86085 13.987 0.005
 647.81865 13.875 0.005
 649.82354 13.511 0.005
 656.87605 13.569 0.005
 657.87993 13.633 0.005
 658.88865 13.707 0.005
 665.85567 13.971 0.005
 666.85775 13.404 0.005
 667.87677 13.437 0.005
 668.84757 13.449 0.005
 670.81323 13.469 0.005
 671.83567 13.491 0.005
 672.84064 13.527 0.005
 673.75369 13.575 0.005
 684.76861 13.442 0.005
 685.76913 13.450 0.005
 686.72521 13.454 0.005
 687.88650 13.478 0.005
 688.85439 13.499 0.005
 689.72095 13.535 0.005
 697.68679 13.886 0.005
 698.70204 13.971 0.005
 699.71285 13.766 0.005
 700.69794 13.411 0.005
 701.66961 13.444 0.005
 704.66414 13.469 0.005
 706.66254 13.548 0.005
 706.75702 13.550 0.005
 707.69309 13.607 0.005
 708.69057 13.675 0.005
 712.69090 13.988 0.005
 713.70512 13.976 0.005
 714.72169 13.870 0.005
 715.76252 13.993 0.005
 716.74507 13.541 0.005
 720.65206 13.458 0.005
 726.71221 13.777 0.005
 728.70531 13.948 0.005
 729.64967 13.994 0.005
 730.60105 13.974 0.005
 733.66068 13.445 0.005
 739.68287 13.520 0.005
 741.64642 13.634 0.005
 742.64025 13.708 0.005
 744.60876 13.879 0.005
 745.64864 13.962 0.005
 746.59344 13.986 0.005
 747.55124 13.938 0.005
 748.54789 13.900 0.005
 749.55429 13.966 0.005
 750.52851 13.406 0.005
 751.55865 13.424 0.005
 752.76242 13.446 0.005
 753.70218 13.456 0.005
 754.73371 13.473 0.005
 755.55739 13.484 0.005
 759.56002 13.725 0.005
 760.56436 13.806 0.005
 761.55961 13.883 0.005
 761.76310 13.914 0.005
 762.55761 13.955 0.005
 762.68784 13.973 0.005
 762.76626 13.977 0.005
 763.57657 13.986 0.005
 763.72082 13.980 0.005
 764.65461 13.895 0.005
 765.53997 13.934 0.005
 766.57688 13.836 0.005
 766.64343 13.794 0.005
 767.55129 13.396 0.005
 767.70495 13.410 0.005
 769.53619 13.451 0.005
 770.63249 13.461 0.005
 771.60868 13.474 0.005
 772.53674 13.494 0.005
 772.78460 13.502 0.005
 773.55931 13.538 0.005
 774.62917 13.597 0.005
 775.58204 13.663 0.005
 776.66300 13.740 0.005
 777.57995 13.822 0.005
 778.55309 13.901 0.005
 778.64462 13.911 0.005
 779.61246 13.977 0.005
 780.60082 13.977 0.005
 780.70636 13.963 0.005
 781.58883 13.866 0.005
 781.76218 13.871 0.005
 782.58649 13.986 0.005
 783.56621 13.648 0.005
 784.60585 13.424 0.005
 785.57668 13.449 0.005
 786.58142 13.453 0.005
 787.66180 13.462 0.005
 788.59343 13.477 0.005
 790.54342 13.550 0.005
 795.55519 13.930 0.005
 796.60479 13.983 0.005
 797.67525 13.930 0.005
 798.59273 13.884 0.005
 800.59061 13.459 0.005
 802.57111 13.442 0.005
 805.57716 13.483 0.005
 806.58794 13.512 0.005
 817.61540 13.405 0.005
 819.65651 13.459 0.005
 820.65549 13.461 0.005
 822.57542 13.490 0.005
 823.65274 13.527 0.005
 824.60084 13.579 0.005
 824.66367 13.580 0.005
 825.67404 13.659 0.005
 828.63409 13.882 0.005
 829.60067 13.970 0.005
 830.58118 13.980 0.005
 832.60759 13.932 0.005
 833.62774 13.790 0.005
 834.64193 13.412 0.005
 836.57528 13.453 0.005
 838.54840 13.471 0.005
 840.56387 13.531 0.005
 845.56953 13.913 0.005
 850.53698 13.668 0.005
 855.54367 13.476 0.005
 856.53151 13.504 0.005
 859.53118 13.682 0.005
 860.56350 13.764 0.005
 866.55078 14.001 0.005
 876.51938 13.707 0.005
 962.90007 13.934 0.005
 986.86638 13.448 0.005
 987.87865 13.457 0.005
 991.89254 13.576 0.005
 996.85874 13.961 0.005
 998.86598 13.914 0.005
1003.79711 13.456 0.005
1005.82256 13.468 0.005
1008.85572 13.588 0.005
1020.81859 13.456 0.005
1025.79823 13.603 0.005
1035.77313 13.431 0.005
1037.80035 13.454 0.005
1038.89939 13.459 0.005
1041.86981 13.559 0.005
1045.77093 13.861 0.005
1049.79135 13.896 0.005
1052.80170 13.446 0.005
1055.67144 13.466 0.005
1058.82324 13.571 0.005
1059.80212 13.639 0.005
1064.74528 13.991 0.005
1068.73710 13.393 0.005
1071.76512 13.460 0.005
1075.78221 13.593 0.005
1078.70400 13.810 0.005
1080.65003 13.969 0.005
1083.74236 13.946 0.005
1086.59286 13.445 0.005
1090.67600 13.499 0.005
1092.67605 13.602 0.005
1094.67220 13.741 0.005
1102.64081 13.428 0.005
1107.60915 13.506 0.005
1112.71532 13.866 0.005
1117.59073 13.981 0.005
1122.60230 13.465 0.005
1128.55089 13.785 0.005
1132.58125 13.940 0.005
1135.64995 13.388 0.005
1138.60273 13.458 0.005
1140.63512 13.491 0.005
1144.63811 13.723 0.005
1151.57261 13.866 0.005
1154.59214 13.447 0.005
1157.63258 13.493 0.005
1160.62939 13.668 0.005
1163.71132 13.915 0.005
1166.67837 13.870 0.005
1170.60732 13.445 0.005
1175.66843 13.557 0.005
1179.66614 13.848 0.005
1183.67499 13.877 0.005
1186.66884 13.445 0.005
1189.55738 13.467 0.005
1192.60200 13.568 0.005
1202.54857 13.406 0.005
1206.55219 13.466 0.005
1212.54370 13.807 0.005
1216.54761 13.898 0.005
1220.54594 13.440 0.005
1227.54160 13.663 0.005
1233.52917 13.883 0.005
1329.79064 13.794 0.005
1330.90078 13.894 0.005
1335.84599 13.796 0.005
1340.92185 13.477 0.005
1347.90316 13.929 0.005
1354.93203 13.448 0.005
1365.89296 13.988 0.005
1367.87051 13.885 0.005
1369.85817 13.443 0.005
1374.85707 13.483 0.005
1395.82264 13.732 0.005
1397.84603 13.905 0.005
1401.85970 13.960 0.005
1407.86700 13.479 0.005
1412.76492 13.750 0.005
1418.80502 13.978 0.005
1430.69900 13.857 0.005
1432.76390 13.980 0.005
1434.72478 13.880 0.005
1438.71677 13.451 0.005
1441.82386 13.489 0.005
1447.68027 13.886 0.005
1451.64635 13.895 0.005
1454.62058 13.444 0.005
1458.67314 13.490 0.005
1459.66616 13.529 0.005
1461.64099 13.644 0.005
1462.69937 13.729 0.005
1470.58820 13.395 0.005
1475.61225 13.499 0.005
1478.56087 13.658 0.005
1479.57703 13.741 0.005
1484.57628 13.891 0.005
1487.60333 13.408 0.005
1490.63901 13.454 0.005
1492.54180 13.498 0.005
1495.59110 13.677 0.005
1498.55697 13.924 0.005
1502.58013 13.980 0.005
1505.64726 13.437 0.005
1509.55819 13.510 0.005
1512.66035 13.705 0.005
1516.56003 13.992 0.005
1518.62994 13.896 0.005
1520.65784 13.406 0.005
1523.57517 13.449 0.005
1526.55806 13.519 0.005
1531.66537 13.883 0.005
1540.58369 13.448 0.005
1546.58149 13.732 0.005
1551.54453 13.889 0.005
1556.58528 13.450 0.005
1567.58164 13.965 0.005
1571.57612 13.442 0.005
1576.56498 13.509 0.005
1582.57570 13.934 0.005
1585.54916 13.905 0.005
1589.55137 13.445 0.005
1599.53135 13.961 0.005
1602.52116 13.922 0.005
1607.51527 13.450 0.005
1702.88585 13.900 0.005
1703.92776 13.932 0.005
1705.93352 13.436 0.005
1716.89376 13.970 0.005
1728.88524 13.600 0.005
1731.87178 13.818 0.005
1738.91656 13.423 0.005
1740.86044 13.445 0.005
1742.86200 13.478 0.005
1743.85826 13.507 0.005
1744.87733 13.558 0.005
1749.82773 13.916 0.005
1750.85420 13.986 0.005
1751.81146 13.943 0.005
1752.82723 13.877 0.005
1753.82831 13.978 0.005
1754.80050 13.517 0.005
1755.82033 13.435 0.005
1756.84948 13.449 0.005
1757.79893 13.453 0.005
1758.80351 13.462 0.005
1759.79339 13.479 0.005
1761.83277 13.568 0.005
1762.81514 13.632 0.005
1763.82082 13.702 0.005
1764.81057 13.776 0.005
1765.80673 13.870 0.005
1766.76003 13.942 0.005
1768.77101 13.938 0.005
1769.67988 13.876 0.005
1771.77316 13.409 0.005
1772.79308 13.442 0.005
1773.76032 13.451 0.005
1775.84414 13.467 0.005
1776.78322 13.494 0.005
1784.82848 13.985 0.005
1788.73181 13.390 0.005
1803.78593 13.965 0.005
1808.79484 13.459 0.005
1811.77803 13.555 0.005
1814.82485 13.765 0.005
1817.79075 13.981 0.005
1821.59260 13.646 0.005
1823.75009 13.451 0.005
1828.83658 13.571 0.005
1829.76134 13.633 0.005
1847.78505 13.720 0.005
1854.76741 13.849 0.005
1859.73139 13.468 0.005
1863.71505 13.662 0.005
1871.77585 13.664 0.005
2090.90645 13.427 0.005
2105.90431 13.855 0.005
2106.86900 13.385 0.005
2113.84931 13.586 0.005
2116.85251 13.826 0.005
2123.79926 13.397 0.005
2127.81422 13.471 0.005
2128.80717 13.494 0.005
2129.83914 13.542 0.005
2130.86372 13.603 0.005
2131.85700 13.676 0.005
2133.87603 13.847 0.005
2134.79108 13.921 0.005
2135.82375 13.976 0.005
2136.84410 13.969 0.005
2137.79775 13.864 0.005
2140.79271 13.423 0.005
2141.82752 13.443 0.005
2142.76949 13.445 0.005
2143.80029 13.458 0.005
2144.84635 13.472 0.005
2155.86014 13.978 0.005
2156.80676 13.414 0.005
2160.73173 13.452 0.005
2162.74263 13.519 0.005
2166.73725 13.795 0.005
2167.78340 13.887 0.005
2171.72201 13.911 0.005
2172.72763 13.923 0.005
2173.70817 13.389 0.005
2177.59917 13.454 0.005
2184.68234 13.898 0.005
2185.64629 13.954 0.005
2187.70370 13.886 0.005
2188.66169 13.941 0.005
2190.67272 13.400 0.005
2191.68098 13.443 0.005
2192.64577 13.443 0.005
2193.66687 13.456 0.005
2194.63500 13.466 0.005
2195.70179 13.491 0.005
2200.61254 13.817 0.005
2201.64961 13.918 0.005
2203.70608 13.982 0.005
2211.62361 13.466 0.005
2212.62461 13.489 0.005
2213.63301 13.544 0.005
2214.61722 13.606 0.005
2215.63166 13.687 0.005
2217.61865 13.851 0.005
2219.66111 13.992 0.005
2222.62968 13.998 0.005
2224.69634 13.426 0.005
2226.61688 13.453 0.005
2228.54117 13.482 0.005
2229.59938 13.514 0.005
2231.55103 13.630 0.005
2233.59528 13.794 0.005
2235.64129 13.947 0.005
2238.52990 13.904 0.005
2240.63375 13.401 0.005
2242.60155 13.442 0.005
2244.61975 13.463 0.005
2248.58257 13.644 0.005
2250.54997 13.799 0.005
2252.60744 13.962 0.005
2255.58555 13.940 0.005
2257.60724 13.402 0.005
2262.59787 13.494 0.005
2266.58731 13.737 0.005
2272.56490 13.962 0.005
2274.55052 13.405 0.005
2277.58557 13.452 0.005
2283.58242 13.764 0.005
2290.57714 13.488 0.005
2292.58769 13.437 0.005
2294.59085 13.465 0.005
2298.56767 13.620 0.005
2300.56644 13.774 0.005
2303.54996 13.970 0.005
2445.89193 13.484 0.005
2458.93304 13.423 0.005
2463.89667 13.507 0.005
2465.90934 13.616 0.005
2467.88219 13.777 0.005
2469.88184 13.938 0.005
2470.91616 13.980 0.005
2471.92738 13.938 0.005
2473.86735 13.972 0.005
2483.83976 13.710 0.005
2486.85724 13.960 0.005
2489.90382 13.929 0.005
2492.88488 13.461 0.005
2496.88449 13.494 0.005
2497.90793 13.541 0.005
2498.91078 13.591 0.005
2499.84089 13.641 0.005
2500.84534 13.722 0.005
2501.83527 13.811 0.005
2502.81508 13.895 0.005
2503.83059 13.968 0.005
2516.75779 13.667 0.005
2517.80457 13.749 0.005
2518.77555 13.827 0.005
2519.85437 13.916 0.005
2520.77256 13.970 0.005
2521.84378 13.957 0.005
2524.84155 13.566 0.005
2526.75915 13.441 0.005
2534.81620 13.772 0.005
2535.83613 13.855 0.005
2537.68350 13.986 0.005
2538.77710 13.954 0.005
2539.68434 13.875 0.005
2541.69625 13.498 0.005
2542.66605 13.431 0.005
2544.64357 13.448 0.005
2545.65977 13.453 0.005
2547.67763 13.515 0.005
2548.69307 13.559 0.005
2550.68799 13.707 0.005
2551.67470 13.783 0.005
2552.69084 13.869 0.005
2554.68402 13.978 0.005
2555.69196 13.938 0.005
2556.67087 13.886 0.005
2557.68345 13.958 0.005
2558.63995 13.417 0.005
2559.59667 13.442 0.005
2560.62987 13.453 0.005
2561.65550 13.466 0.005
2562.64833 13.458 0.005
2563.65612 13.480 0.005
2564.67174 13.525 0.005
2565.65870 13.574 0.005
2566.64369 13.638 0.005
2568.67503 13.806 0.005
2571.62651 14.010 0.005
2572.72400 13.928 0.005
2573.64103 13.933 0.005
2574.62492 13.874 0.005
2576.62455 13.465 0.005
2577.61057 13.455 0.005
2578.60887 13.447 0.005
2579.61826 13.464 0.005
2580.63034 13.490 0.005
2583.60170 13.665 0.005
2584.60921 13.743 0.005
2587.58964 13.977 0.005
2588.61850 13.971 0.005
2589.57961 13.880 0.005
2590.59439 13.961 0.005
2591.59555 13.736 0.005
2593.58615 13.447 0.005
2594.58990 13.454 0.005
2596.56607 13.474 0.005
2597.55341 13.503 0.005
2598.60633 13.545 0.005
2599.58547 13.610 0.005
2607.60638 14.017 0.005
2610.52671 13.447 0.005
2613.51888 13.465 0.005
2615.55069 13.571 0.005
2619.53015 13.860 0.005
2621.54678 13.986 0.005
2623.59473 13.881 0.005
2626.53830 13.443 0.005
2629.54488 13.461 0.005
2635.54596 13.799 0.005
2639.52641 13.919 0.005
2641.57196 13.890 0.005
2646.55782 13.469 0.005
2650.57034 13.663 0.005
2654.53775 13.969 0.005
2656.58581 13.872 0.005
2660.53155 13.440 0.005
2664.55642 13.505 0.005
2669.52911 13.842 0.005
2777.88447 13.447 0.005
2804.89045 13.953 0.005
2810.92282 13.433 0.005
2814.92038 13.488 0.005
2817.90833 13.655 0.005
2825.88407 13.811 0.005
2830.92254 13.481 0.005
2831.76280 13.508 0.005
2832.72829 13.526 0.005
2833.84637 13.601 0.005
2834.85412 13.672 0.005
2837.85229 13.928 0.005
2839.88805 13.966 0.005
2841.86874 13.982 0.005
2844.85400 13.428 0.005
2845.89996 13.462 0.005
2848.93697 13.519 0.005
2850.87007 13.624 0.005
2851.91336 13.692 0.005
2852.78400 13.767 0.005
2853.92389 13.873 0.005
2856.79707 13.965 0.005
2858.89110 13.981 0.005
2860.85718 13.442 0.005
2861.72813 13.425 0.005
2862.90715 13.451 0.005
2863.81623 13.450 0.005
2865.85017 13.501 0.005
2866.86289 13.565 0.005
2867.84384 13.631 0.005
2868.78757 13.703 0.005
2870.79725 13.880 0.005
2872.75467 13.989 0.005
2876.75744 13.405 0.005
2883.80643 13.582 0.005
2885.74162 13.725 0.005
2888.78984 13.970 0.005
2892.78146 13.853 0.005
2894.74773 13.440 0.005
2896.74486 13.451 0.005
2898.76577 13.496 0.005
2900.72775 13.593 0.005
2902.72728 13.731 0.005
2905.73445 13.975 0.005
2907.73571 13.870 0.005
2909.72470 13.679 0.005
2911.71617 13.430 0.005
2915.68756 13.507 0.005
2917.71355 13.597 0.005
2921.71145 13.923 0.005
2923.73276 13.947 0.005
2925.69630 13.989 0.005
2927.69373 13.435 0.005
2930.71161 13.456 0.005
2932.71797 13.519 0.005
2934.69806 13.630 0.005
2937.61857 13.866 0.005
2939.71219 13.987 0.005
2940.61519 13.953 0.005
2941.60882 13.879 0.005
2942.61500 13.975 0.005
2943.56739 13.445 0.005
2944.57082 13.419 0.005
2945.58759 13.433 0.005
2947.58440 13.454 0.005
2949.57856 13.518 0.005
2951.61031 13.641 0.005
2952.63771 13.718 0.005
2954.66427 13.890 0.005
2956.61034 13.986 0.005
2958.59501 13.912 0.005
2961.57582 13.459 0.005
2965.60421 13.501 0.005
2968.57532 13.655 0.005
2970.59466 13.813 0.005
2974.57313 13.897 0.005
2976.52905 13.799 0.005
2977.59605 13.427 0.005
2979.56036 13.458 0.005
2981.60539 13.463 0.005
2987.62911 13.851 0.005
2989.55140 13.981 0.005
2992.55319 13.985 0.005
2995.59605 13.439 0.005
2998.55403 13.483 0.005
3001.55533 13.616 0.005
3004.54730 13.848 0.005
3007.55342 13.946 0.005
3010.55256 13.427 0.005
3016.56968 13.519 0.005
3019.58313 13.715 0.005
3021.59706 13.900 0.005
3023.55240 13.983 0.005
3025.54974 13.909 0.005
3027.58503 13.401 0.005
3029.55695 13.454 0.005
3031.56130 13.479 0.005
3033.56379 13.538 0.005
3036.58099 13.745 0.005
3040.54401 13.976 0.005
3160.84150 13.716 0.005
3183.89340 13.510 0.005
3193.86117 13.976 0.005
3195.92015 13.439 0.005
3197.89573 13.455 0.005
3201.85317 13.581 0.005
3203.86033 13.721 0.005
3204.92393 13.808 0.005
3210.87494 13.836 0.005
3211.90321 13.404 0.005
3215.68167 13.475 0.005
3216.70294 13.490 0.005
3217.77892 13.545 0.005
3218.88896 13.598 0.005
3223.81647 13.990 0.005
3226.80497 13.982 0.005
3240.76361 13.980 0.005
3241.83281 13.961 0.005
3242.69530 13.879 0.005
3243.82793 14.012 0.005
3245.75445 13.431 0.005
3246.75073 13.443 0.005
3247.74207 13.448 0.005
3249.70918 13.490 0.005
3251.72192 13.568 0.005
3254.70926 13.791 0.005
3256.77512 13.942 0.005
3260.68530 13.997 0.005
3262.72124 13.457 0.005
3264.67293 13.463 0.005
3266.74393 13.504 0.005
3268.67724 13.578 0.005
3270.65758 13.714 0.005
3271.64504 13.797 0.005
3272.70187 13.887 0.005
3274.68403 13.993 0.005
3276.69288 13.915 0.005
3277.72570 13.900 0.005
3279.65830 13.446 0.005
3281.61774 13.454 0.005
3283.62356 13.488 0.005
3287.58963 13.722 0.005
3289.60060 13.886 0.005
3293.57761 13.950 0.005
3295.59635 13.399 0.005
3297.57764 13.452 0.005
3299.63453 13.476 0.005
3301.60864 13.542 0.005
3303.67078 13.667 0.005
3306.60342 13.907 0.005
3308.59130 13.976 0.005
3310.59043 13.978 0.005
3312.59271 13.418 0.005
3314.54508 13.452 0.005
3320.58283 13.696 0.005
3321.57855 13.770 0.005
3327.53764 14.015 0.005
3330.53156 13.455 0.005
3335.57260 13.566 0.005
3338.57963 13.785 0.005
3349.57673 13.472 0.005
3353.55408 13.649 0.005
3360.56269 13.957 0.005
3363.53457 13.444 0.005
3367.59776 13.494 0.005
3375.53075 13.974 0.005
3378.57631 13.620 0.005
3386.54267 13.624 0.005
3390.55112 13.936 0.005
3398.53811 13.442 0.005
3402.52621 13.566 0.005
3538.93504 13.736 0.005
3547.89635 13.431 0.005
3554.90454 13.684 0.005
3561.87072 13.980 0.005
3561.92372 13.985 0.005
3564.88706 13.446 0.005
3569.90914 13.564 0.005
3570.72262 13.615 0.005
3571.77940 13.686 0.005
3573.81609 13.861 0.005
3574.86256 13.950 0.005
3577.82114 13.879 0.005
3578.87931 13.975 0.005
3581.82567 13.436 0.005
3582.81005 13.450 0.005
3583.81890 13.461 0.005
3584.79054 13.484 0.005
3586.78900 13.563 0.005
3588.79298 13.711 0.005
3591.85446 13.953 0.005
3593.82864 13.927 0.005
3596.80232 13.392 0.005
3601.79071 13.477 0.005
3607.76809 13.899 0.005
3614.76595 13.447 0.005
3617.74292 13.468 0.005
3619.67427 13.544 0.005
3621.70129 13.671 0.005
3624.80284 13.937 0.005
3626.69822 13.974 0.005
3633.67595 13.471 0.005
3636.75898 13.573 0.005
3638.65246 13.693 0.005
3641.68150 13.931 0.005
3643.70219 13.958 0.005
3646.63543 13.497 0.005
3650.64026 13.459 0.005
3651.71426 13.481 0.005
3653.68544 13.571 0.005
3655.67665 13.695 0.005
3657.60506 13.863 0.005
3658.63180 13.949 0.005
3659.62102 13.990 0.005
3661.59212 13.902 0.005
3663.57883 13.443 0.005
3665.59549 13.438 0.005
3668.55345 13.478 0.005
3669.65591 13.530 0.005
3671.60873 13.644 0.005
3673.65726 13.802 0.005
3675.63963 13.952 0.005
3683.62901 13.470 0.005
3685.63043 13.476 0.005
3687.62874 13.602 0.005
3689.57971 13.745 0.005
3692.55166 13.973 0.005
3694.54504 13.892 0.005
3696.53684 13.733 0.005
3698.57890 13.446 0.005
3700.55810 13.462 0.005
3702.56523 13.513 0.005
3704.56638 13.608 0.005
3706.57590 13.753 0.005
3708.56488 13.923 0.005
3711.57153 13.873 0.005
3713.59401 13.494 0.005
3717.56195 13.465 0.005
3721.52618 13.626 0.005
3724.53127 13.866 0.005
3726.52768 13.974 0.005
3728.53419 13.895 0.005
3734.54534 13.463 0.005
3740.55873 13.797 0.005
3746.53946 13.883 0.005
3761.58737 13.877 0.005
3765.55348 13.437 0.005
3771.56542 13.605 0.005
3776.52483 13.973 0.005
3780.54912 13.493 0.005
3871.86172 13.602 0.005
3900.94809 13.454 0.005
3905.94263 13.644 0.005
3913.90154 13.911 0.005
3917.93852 13.452 0.005
3931.88474 13.424 0.005
3933.92955 13.465 0.005
3936.85132 13.502 0.005
3938.83532 13.607 0.005
3944.88302 13.977 0.005
3946.84757 13.981 0.005
3951.87013 13.464 0.005
3955.83091 13.620 0.005
3958.81232 13.867 0.005
3960.81241 13.981 0.005
3963.80913 13.993 0.005
3965.80103 13.437 0.005
3967.82072 13.452 0.005
3969.78656 13.484 0.005
3971.76223 13.564 0.005
3974.76441 13.797 0.005
3979.71982 13.918 0.005
3980.60247 13.990 0.005
3981.62950 13.417 0.005
3983.89915 13.456 0.005
3987.76770 13.532 0.005
3990.77559 13.722 0.005
3993.71850 13.971 0.005
3995.72422 13.911 0.005
3999.73442 13.448 0.005
4002.70713 13.468 0.005
4004.65882 13.537 0.005
4006.68514 13.662 0.005
4007.54651 13.732 0.005
4008.55737 13.819 0.005
4009.68088 13.905 0.005
4013.68176 13.984 0.005
4015.66616 13.422 0.005
4017.68047 13.452 0.005
4018.71980 13.457 0.005
4019.66929 13.477 0.005
4021.66269 13.559 0.005
4024.63610 13.762 0.005
4026.61506 13.928 0.005
4028.61087 13.970 0.005
4030.62001 13.982 0.005
4032.67515 13.442 0.005
4037.63539 13.519 0.005
4039.58967 13.630 0.005
4041.58195 13.765 0.005
4043.57488 13.945 0.005
4046.56770 13.876 0.005
4048.55010 13.446 0.005
4050.59238 13.442 0.005
4052.54423 13.464 0.005
4054.59858 13.533 0.005
4056.57055 13.662 0.005
4058.57207 13.806 0.005
4061.56759 13.980 0.005
4065.51713 13.389 0.005
4068.51724 13.450 0.005
4070.53581 13.490 0.005
4073.56171 13.664 0.005
4076.62889 13.915 0.005
4078.58888 13.984 0.005
4080.59951 13.969 0.005
4085.54704 13.449 0.005
4092.54199 13.833 0.005
4096.55352 13.876 0.005
4099.59664 13.436 0.005
4104.58751 13.513 0.005
4111.57548 13.977 0.005
4120.53254 13.486 0.005
4126.55741 13.887 0.005
4252.91154 13.454 0.005
4255.82730 13.544 0.005
4268.94014 13.439 0.005
4275.90759 13.770 0.005
4279.78530 13.963 0.005
4282.79591 13.530 0.005
4283.87929 13.443 0.005
4283.93413 13.443 0.005
4285.90307 13.453 0.005
4291.92358 13.707 0.005
4293.89165 13.872 0.005
4296.87616 13.926 0.005
4297.90876 13.927 0.005
4299.84378 13.394 0.005
4300.86516 13.445 0.005
4301.88320 13.450 0.005
4302.89920 13.448 0.005
4306.84685 13.572 0.005
4307.88311 13.647 0.005
4308.64468 13.706 0.005
4308.85110 13.727 0.005
4310.82475 13.890 0.005
4311.81211 13.977 0.005
4312.88598 13.984 0.005
4314.90531 13.957 0.005
4316.81231 13.402 0.005
4319.84426 13.455 0.005
4320.90807 13.467 0.005
4326.82031 13.834 0.005
4327.79820 13.917 0.005
4328.81384 13.978 0.005
4329.81731 13.982 0.005
4330.91317 13.895 0.005
4333.87875 13.432 0.005
4338.88277 13.513 0.005
4340.75448 13.595 0.005
4342.77491 13.762 0.005
4343.74392 13.843 0.005
4344.72612 13.924 0.005
4345.77211 13.983 0.005
4347.76101 13.874 0.005
4349.77421 13.508 0.005
4354.74141 13.485 0.005
4356.74449 13.579 0.005
4357.68196 13.617 0.005
4359.67990 13.780 0.005
4362.64743 13.980 0.005
4365.71965 13.978 0.005
4369.63419 13.449 0.005
4372.65763 13.516 0.005
4375.62008 13.712 0.005
4377.73666 13.891 0.005
4379.62814 13.991 0.005
4380.72397 13.913 0.005
4382.66829 13.914 0.005
4386.64329 13.454 0.005
4388.64411 13.487 0.005
4390.65312 13.588 0.005
4392.67756 13.733 0.005
4395.65876 13.971 0.005
4397.69953 13.887 0.005
4400.64995 13.407 0.005
4403.63856 13.458 0.005
4407.61578 13.602 0.005
4408.64102 13.674 0.005
4410.72455 13.832 0.005
4412.68556 13.984 0.005
4416.67068 13.553 0.005
4418.67958 13.454 0.005
4421.61319 13.488 0.005
4423.69485 13.564 0.005
4425.62571 13.689 0.005
4427.63758 13.859 0.005
4429.54647 13.992 0.005
4431.55102 13.886 0.005
4433.55699 13.459 0.005
4435.54096 13.447 0.005
4437.61311 13.470 0.005
4439.54615 13.525 0.005
4441.58189 13.643 0.005
4443.60898 13.809 0.005
4449.62587 13.911 0.005
4451.58151 13.437 0.005
4453.56385 13.459 0.005
4456.56538 13.537 0.005
4458.56629 13.654 0.005
4464.55748 13.893 0.005
4472.55162 13.500 0.005
4475.57107 13.667 0.005
4478.57770 13.930 0.005
4481.55933 13.876 0.005
4484.55987 13.426 0.005
4486.60823 13.453 0.005
4502.56048 13.449 0.005
4609.87294 13.701 0.005
4638.93787 13.467 0.005
4643.86269 13.755 0.005
4648.92879 13.874 0.005
4652.92199 13.444 0.005
4656.90275 13.510 0.005
4662.75900 13.918 0.005
4663.73061 13.984 0.005
4665.80358 13.876 0.005
4666.89136 14.001 0.005
4670.88564 13.453 0.005
4671.87193 13.462 0.005
4672.85988 13.477 0.005
4675.86622 13.624 0.005
4681.85720 13.942 0.005
4683.83138 13.986 0.005
4685.83852 13.447 0.005
4687.87412 13.455 0.005
4688.78974 13.459 0.005
4689.74749 13.486 0.005
4690.71516 13.516 0.005
4691.71819 13.571 0.005
4693.87325 13.729 0.005
4696.79487 13.979 0.005
4698.73499 13.923 0.005
4700.76642 13.920 0.005
4701.72060 13.405 0.005
4702.83173 13.434 0.005
4703.73096 13.443 0.005
4704.74984 13.455 0.005
4707.74914 13.538 0.005
4708.81790 13.593 0.005
4710.73153 13.736 0.005
4716.73546 13.959 0.005
4719.72758 13.449 0.005
4721.71627 13.470 0.005
4728.73182 13.844 0.005
4731.73296 13.986 0.005
4734.72004 13.589 0.005
4741.68620 13.555 0.005
4747.56355 13.986 0.005
4749.57211 13.886 0.005
4753.64142 13.438 0.005
4755.63017 13.458 0.005
4757.61966 13.520 0.005
4759.63232 13.638 0.005
4761.59751 13.779 0.005
4763.61510 13.964 0.005
4766.58304 13.913 0.005
4769.62141 13.445 0.005
4771.66635 13.459 0.005
4775.64415 13.597 0.005
4777.57607 13.721 0.005
4781.56352 13.986 0.005
4783.54541 13.934 0.005
4785.57802 13.394 0.005
4786.63527 13.437 0.005
4788.59339 13.455 0.005
4790.59566 13.500 0.005
4792.57381 13.593 0.005
4794.55427 13.731 0.005
4796.62422 13.911 0.005
4800.61815 13.976 0.005
4802.59561 13.419 0.005
4804.61874 13.460 0.005
4806.60465 13.474 0.005
4808.52613 13.554 0.005
4810.59144 13.689 0.005
4813.57669 13.939 0.005
4815.54900 13.971 0.005
4817.56942 13.987 0.005
4819.56336 13.432 0.005
4824.55142 13.513 0.005
4826.60118 13.635 0.005
4834.59359 13.947 0.005
4837.58485 13.459 0.005
4846.56011 13.908 0.005
4850.58797 13.950 0.005
4854.56907 13.457 0.005
4862.55120 13.832 0.005
4866.55206 13.881 0.005
