 621.84690 16.029 0.009
 626.92988 16.028 0.007
 627.89555 16.319 0.008
 631.91103 16.016 0.007
 632.90577 16.319 0.008
 635.88170 16.416 0.008
 643.85108 16.400 0.009
 645.87722 16.392 0.009
 649.83990 16.141 0.008
 656.89240 15.943 0.007
 657.89627 16.288 0.009
 658.90504 16.419 0.010
 665.87206 16.355 0.008
 666.87416 15.902 0.006
 667.89318 16.283 0.007
 668.86394 16.490 0.007
 670.82962 16.369 0.008
 671.85208 15.866 0.006
 672.85703 16.254 0.007
 673.77008 16.484 0.008
 684.78503 16.046 0.007
 685.78554 16.321 0.008
 686.74161 15.821 0.007
 687.90291 16.264 0.007
 688.87083 16.498 0.008
 689.73736 16.033 0.007
 697.70322 16.205 0.007
 698.71847 16.433 0.010
 699.72929 15.998 0.007
 700.71437 16.298 0.007
 701.68605 16.259 0.007
 704.68062 15.968 0.007
 706.67897 16.366 0.011
 706.77346 16.062 0.008
 707.70953 16.181 0.008
 708.70705 16.405 0.010
 712.70741 16.172 0.008
 713.72160 16.392 0.008
 714.73815 15.982 0.007
 715.77901 16.308 0.007
 716.76154 16.257 0.007
 720.66856 16.295 0.008
 726.72871 16.428 0.008
 728.72182 16.384 0.008
 729.66621 15.896 0.007
 730.61755 16.262 0.008
 733.67715 16.379 0.009
 739.69936 15.878 0.007
 741.66296 16.483 0.009
 742.65677 16.089 0.007
 744.62528 15.814 0.007
 745.66518 16.251 0.007
 746.60998 16.488 0.008
 748.56442 16.341 0.009
 749.57085 15.805 0.008
 750.54507 16.220 0.010
 751.57519 16.454 0.011
 752.77896 16.122 0.007
 753.71871 16.353 0.008
 754.75024 15.880 0.008
 755.57393 16.217 0.007
 759.57656 15.870 0.007
 760.58089 16.184 0.007
 761.57614 16.439 0.008
 762.57414 16.044 0.008
 762.70440 16.083 0.008
 762.78281 16.136 0.010
 763.59314 16.332 0.009
 763.73739 16.360 0.009
 764.67117 15.843 0.008
 765.55649 16.199 0.009
 766.59342 16.442 0.010
 766.65997 16.454 0.010
 767.56786 16.040 0.008
 767.72149 16.086 0.009
 769.55277 16.151 0.007
 770.64907 16.225 0.008
 771.62523 16.448 0.008
 772.55331 16.006 0.007
 773.57589 16.302 0.007
 774.64571 15.881 0.007
 775.59861 16.187 0.007
 776.67956 16.473 0.009
 777.59650 16.000 0.007
 778.56965 16.337 0.010
 778.66114 16.350 0.009
 779.62903 16.062 0.007
 780.62883 16.190 0.009
 780.72296 16.219 0.009
 781.60540 16.420 0.008
 782.60306 16.005 0.007
 783.58281 16.311 0.007
 784.62240 16.178 0.007
 785.59326 16.173 0.007
 786.59798 16.388 0.008
 787.67838 16.014 0.007
 788.60999 16.321 0.008
 790.56000 16.152 0.007
 795.57176 16.136 0.007
 796.62135 16.404 0.009
 797.69184 15.985 0.007
 798.60925 16.302 0.007
 800.60716 16.151 0.007
 802.58770 15.950 0.007
 805.59374 16.156 0.007
 806.60451 16.391 0.009
 817.63196 15.913 0.007
 819.67305 16.442 0.007
 820.67206 16.146 0.007
 822.59200 15.869 0.007
 823.66927 16.284 0.008
 824.61741 16.525 0.011
 824.68023 16.479 0.011
 825.69060 16.149 0.010
 828.65064 16.259 0.008
 829.61723 16.502 0.009
 832.62416 15.855 0.007
 833.64426 16.276 0.007
 834.65844 16.527 0.011
 836.59183 16.344 0.009
 838.56495 16.257 0.009
 840.58038 16.082 0.007
 845.58604 16.072 0.007
 850.55350 16.052 0.008
 855.56017 16.025 0.008
 856.54805 16.333 0.009
 859.54768 16.459 0.009
 860.58000 16.070 0.008
 866.56729 16.325 0.008
 876.53584 16.343 0.007
 962.91642 16.370 0.008
 986.88270 16.237 0.008
 987.89500 16.493 0.009
 991.90889 16.270 0.007
 996.87664 16.252 0.006
 998.88232 16.087 0.007
1003.81351 16.064 0.008
1005.83892 15.802 0.007
1008.87207 16.057 0.007
1020.83497 15.928 0.007
1025.81462 16.130 0.008
1035.78949 16.319 0.007
1037.81675 16.391 0.008
1038.91577 16.021 0.008
1041.88620 16.180 0.007
1045.78734 16.445 0.008
1049.80776 16.309 0.008
1052.81815 16.400 0.008
1055.68789 16.490 0.008
1058.83970 15.958 0.007
1059.81856 16.289 0.008
1064.76170 16.274 0.008
1068.75357 15.867 0.007
1071.78155 16.109 0.007
1075.79870 16.506 0.008
1078.72047 15.801 0.006
1080.66651 16.466 0.008
1083.75882 15.817 0.005
1086.60938 16.017 0.007
1090.69246 16.491 0.011
1092.69256 16.348 0.008
1094.68871 16.192 0.007
1102.65733 16.309 0.007
1107.62565 16.306 0.007
1112.73184 16.325 0.008
1117.60726 16.295 0.007
1122.61885 16.299 0.008
1128.56744 16.510 0.010
1132.59781 16.264 0.007
1135.66649 16.362 0.008
1138.61927 16.501 0.008
1140.65164 16.371 0.008
1144.65466 16.105 0.007
1151.58913 15.802 0.007
1154.60872 16.082 0.007
1157.65447 16.260 0.008
1160.64598 16.333 0.008
1163.72790 16.508 0.008
1166.69495 15.830 0.006
1170.62386 16.331 0.007
1175.68499 16.378 0.011
1179.68270 16.065 0.007
1183.69157 16.476 0.009
1186.68540 15.823 0.006
1189.57395 15.990 0.007
1192.61855 16.188 0.007
1202.56510 16.152 0.008
1206.56873 16.425 0.010
1212.56029 16.136 0.009
1216.56633 16.492 0.010
1220.56252 16.272 0.008
1227.55812 16.124 0.008
1233.54565 16.360 0.010
1329.80700 16.052 0.008
1330.91714 16.214 0.008
1335.86228 16.195 0.008
1341.92313 16.456 0.009
1347.91949 16.022 0.008
1355.90838 16.189 0.009
1365.90929 16.164 0.008
1367.88685 15.969 0.008
1369.87453 16.418 0.009
1374.87345 16.458 0.009
1395.83904 16.087 0.007
1397.86242 15.855 0.007
1401.87609 16.347 0.008
1407.88339 15.829 0.007
1412.78135 15.814 0.007
1418.82145 16.206 0.008
1430.71546 15.982 0.007
1432.78032 16.163 0.007
1438.73321 16.158 0.007
1441.84033 16.318 0.007
1447.69679 16.471 0.011
1451.66285 16.267 0.008
1454.63707 16.367 0.009
1459.68266 16.404 0.011
1461.65748 16.260 0.008
1462.71585 16.507 0.009
1470.60472 15.781 0.007
1475.62880 15.784 0.007
1478.57738 16.034 0.007
1479.59356 16.343 0.009
1484.59279 16.333 0.009
1487.61985 16.459 0.008
1490.65558 15.836 0.007
1492.55834 16.420 0.010
1495.60762 16.072 0.007
1499.57629 16.313 0.009
1502.59673 16.394 0.009
1505.66381 16.059 0.007
1509.57475 16.295 0.008
1512.67689 16.405 0.010
1516.57662 16.146 0.007
1518.64654 15.972 0.007
1520.67440 16.257 0.008
1523.59174 15.948 0.008
1526.57465 16.128 0.007
1531.68194 16.153 0.008
1546.59805 16.103 0.007
1551.56107 16.096 0.007
1556.60181 16.109 0.009
1567.59817 16.337 0.011
1571.59267 16.065 0.007
1576.58152 16.057 0.007
1580.58627 16.445 0.008
1583.58834 15.886 0.007
1587.57741 16.333 0.008
1592.56943 16.347 0.010
1599.54781 16.178 0.009
1602.53762 16.303 0.010
1607.53173 16.303 0.010
1716.91011 15.842 0.007
1728.90156 16.454 0.009
1731.88814 15.786 0.006
1740.87679 16.320 0.010
1742.90125 16.220 0.009
1743.87462 16.452 0.010
1744.89372 16.045 0.007
1749.84405 16.004 0.007
1750.87056 16.329 0.008
1751.82782 16.187 0.007
1752.84359 16.183 0.007
1753.84464 16.414 0.008
1754.81686 15.993 0.007
1755.83673 16.338 0.011
1756.86587 16.155 0.012
1757.81527 16.144 0.008
1758.81991 16.410 0.008
1759.80977 15.962 0.007
1761.84915 16.270 0.008
1762.83154 16.175 0.007
1763.83720 16.390 0.008
1764.82696 15.966 0.007
1765.82314 16.303 0.008
1766.77640 16.448 0.011
1768.78740 16.381 0.009
1769.69626 15.867 0.007
1771.78957 16.475 0.011
1772.80946 16.120 0.007
1773.77670 16.398 0.009
1775.86058 16.288 0.007
1784.84493 15.948 0.007
1788.74826 16.367 0.008
1803.80241 16.341 0.008
1808.81133 16.364 0.008
1811.79449 16.497 0.007
1814.84133 15.821 0.007
1817.80720 16.062 0.007
1821.60910 16.404 0.010
1823.76661 16.331 0.007
1828.85306 16.360 0.008
1829.77790 15.912 0.007
1847.80157 15.999 0.007
1854.78394 16.307 0.007
1859.74795 16.427 0.009
1863.73163 16.294 0.009
1871.79239 16.383 0.008
2086.91788 16.166 0.009
2104.84997 16.265 0.009
2106.90981 16.142 0.009
2115.90479 16.488 0.011
2116.89092 16.096 0.008
2117.89659 16.364 0.009
2123.83959 15.808 0.007
2128.84414 15.794 0.008
2129.87626 16.236 0.009
2130.82514 16.471 0.010
2131.81866 16.041 0.008
2132.82488 16.352 0.012
2133.91343 15.839 0.008
2134.82976 16.221 0.010
2135.86420 16.489 0.009
2136.86411 16.062 0.009
2137.90908 16.361 0.012
2140.83398 16.464 0.010
2142.88122 16.333 0.010
2143.83528 15.821 0.007
2144.80679 16.201 0.007
2155.89748 16.435 0.013
2156.84401 16.024 0.008
2160.77372 16.402 0.010
2162.78028 16.294 0.008
2166.77505 15.953 0.007
2168.73237 16.443 0.010
2172.76501 16.293 0.009
2173.72710 16.476 0.009
2177.65875 16.267 0.009
2184.72010 16.103 0.009
2185.68358 16.354 0.010
2187.66619 16.249 0.010
2190.71010 16.368 0.010
2191.65193 15.817 0.007
2192.68069 16.241 0.008
2193.70166 16.492 0.009
2194.67294 16.068 0.007
2201.73902 15.821 0.007
2206.62485 15.884 0.009
2211.66350 15.830 0.007
2212.66257 16.220 0.010
2213.67355 16.456 0.012
2214.65992 16.038 0.009
2215.67521 16.316 0.010
2217.65287 16.206 0.010
2219.69602 16.036 0.009
2222.74525 16.225 0.010
2223.68499 16.442 0.011
2225.61452 16.308 0.010
2228.57626 16.390 0.010
2230.51353 16.302 0.013
2232.52733 16.129 0.009
2234.56941 15.943 0.007
2236.55890 16.459 0.010
2238.56428 16.377 0.010
2241.55111 16.480 0.011
2243.58935 16.375 0.009
2248.63379 16.381 0.008
2250.59981 16.280 0.010
2253.58770 16.373 0.011
2258.61041 16.381 0.008
2263.60167 16.368 0.010
2265.62769 16.269 0.009
2272.58395 16.084 0.008
2274.56780 15.818 0.008
2276.53139 16.487 0.013
2291.58400 16.469 0.010
2293.58450 16.335 0.010
2297.58399 16.037 0.009
2299.58047 15.865 0.007
2301.57316 16.440 0.012
2448.90478 16.248 0.011
2460.90484 16.062 0.010
2463.93393 16.213 0.009
2466.85579 16.330 0.011
2467.91966 15.821 0.007
2469.91896 16.448 0.009
2471.90850 16.332 0.009
2472.89857 15.944 0.006
2473.92476 16.216 0.007
2481.88403 16.316 0.011
2483.90769 16.184 0.008
2486.90780 16.329 0.011
2488.90976 16.184 0.010
2492.92209 16.230 0.009
2496.92186 16.312 0.009
2498.79311 16.123 0.008
2499.87810 16.382 0.009
2500.88653 15.957 0.008
2501.87328 16.287 0.009
2502.85344 16.479 0.011
2508.76406 16.105 0.011
2516.79550 16.238 0.010
2517.84227 16.495 0.011
2518.81456 16.094 0.008
2519.81284 16.343 0.009
2520.81101 15.854 0.008
2521.79929 16.243 0.009
2524.80269 16.361 0.011
2526.79652 16.247 0.007
2529.79274 16.342 0.009
2534.85334 16.362 0.011
2535.79098 15.795 0.007
2537.72106 16.425 0.012
2538.82214 16.075 0.009
2539.71930 16.323 0.010
2540.76180 15.850 0.008
2541.73118 16.195 0.009
2542.70100 16.415 0.009
2544.68093 16.312 0.009
2545.69446 16.175 0.008
2547.71245 16.418 0.010
2548.73044 16.008 0.008
2550.72571 16.156 0.008
2551.71224 16.183 0.008
2552.72825 16.409 0.008
2554.72135 16.314 0.009
2555.72929 16.228 0.008
2556.70836 16.169 0.008
2557.72088 16.407 0.009
2558.67736 15.951 0.007
2559.63441 16.289 0.009
2560.66734 16.420 0.009
2561.71296 16.173 0.009
2562.68572 16.391 0.010
2563.69365 15.944 0.008
2564.71001 16.301 0.010
2565.70601 16.398 0.010
2566.68095 16.139 0.008
2568.75000 15.966 0.008
2571.66655 16.133 0.008
2572.74181 16.379 0.011
2573.67988 15.921 0.009
2574.65986 16.269 0.009
2576.69460 16.133 0.009
2577.65966 16.362 0.011
2578.64716 15.877 0.008
2579.65768 16.275 0.009
2580.66582 16.511 0.010
2583.63787 15.862 0.008
2584.64432 16.260 0.009
2586.64552 16.103 0.008
2587.62740 16.345 0.009
2589.61831 16.261 0.009
2590.63505 16.491 0.011
2591.66123 16.090 0.008
2593.62450 15.808 0.007
2594.63052 16.253 0.010
2596.60414 16.073 0.009
2597.59131 16.348 0.011
2598.67151 15.830 0.007
2599.62558 16.230 0.011
2607.64568 16.339 0.011
2610.56701 16.446 0.011
2613.56101 16.045 0.008
2615.59140 16.434 0.010
2619.57591 16.182 0.009
2621.58490 16.009 0.009
2625.56764 16.409 0.013
2627.53833 16.298 0.011
2630.55276 16.402 0.013
2635.56647 16.386 0.009
2637.56136 16.317 0.010
2640.53168 16.374 0.012
2642.57143 16.295 0.011
2646.58278 15.950 0.008
2651.55685 15.914 0.009
2657.53693 16.288 0.012
2661.53346 15.862 0.007
2664.57393 16.102 0.010
2672.55188 16.269 0.012
2676.54208 15.809 0.007
2679.55678 16.090 0.008
2683.53515 16.508 0.015
2777.92190 16.211 0.010
2804.85045 15.944 0.010
2805.86773 16.280 0.013
2811.92285 16.351 0.012
2815.89647 16.289 0.009
2817.94510 16.145 0.010
2830.83565 16.264 0.009
2831.80530 16.495 0.012
2832.76599 16.061 0.008
2832.94386 16.123 0.009
2833.88382 16.352 0.012
2834.93447 15.900 0.008
2838.83584 16.349 0.011
2840.84353 16.244 0.009
2843.84485 16.352 0.009
2844.89057 15.824 0.009
2845.93760 16.281 0.011
2849.87410 15.807 0.007
2850.90685 16.266 0.011
2852.83544 16.057 0.012
2854.84679 15.796 0.008
2857.85421 16.058 0.008
2858.92783 16.351 0.009
2860.89376 16.232 0.009
2861.76519 16.427 0.009
2862.88863 16.071 0.009
2865.81300 16.202 0.009
2866.89972 16.466 0.014
2867.80240 16.013 0.008
2868.80602 16.313 0.009
2869.79255 16.117 0.008
2870.83404 16.197 0.009
2871.87716 16.455 0.010
2872.83399 16.024 0.007
2875.82483 16.193 0.010
2876.79424 16.423 0.010
2879.72076 16.411 0.010
2883.84398 16.293 0.014
2885.77933 16.155 0.008
2890.71021 16.123 0.011
2893.76166 16.287 0.009
2895.81088 16.147 0.008
2897.71437 15.884 0.007
2899.75206 16.481 0.009
2903.76784 16.264 0.007
2906.72005 16.356 0.009
2908.69706 16.268 0.009
2910.69195 16.089 0.009
2912.69729 15.825 0.007
2916.71004 16.349 0.008
2918.68693 16.228 0.009
2922.68690 15.791 0.007
2924.62789 16.454 0.011
2926.62189 16.327 0.009
2929.68310 16.461 0.011
2931.65902 16.339 0.009
2933.66948 16.209 0.009
2935.63383 16.011 0.008
2937.65942 15.972 0.008
2939.67488 16.443 0.010
2940.65205 16.013 0.007
2941.62729 16.308 0.013
2942.65210 16.096 0.008
2943.62343 16.186 0.009
2944.60779 16.391 0.009
2946.56257 16.301 0.009
2946.60253 16.316 0.009
2947.63414 16.235 0.009
2949.61524 16.404 0.009
2950.56678 15.950 0.007
2951.64736 16.302 0.010
2953.59527 16.158 0.008
2955.58041 15.952 0.008
2957.59399 16.434 0.009
2960.60844 15.958 0.008
2962.64828 16.380 0.009
2965.65094 15.944 0.007
2968.61328 16.119 0.009
2970.63211 15.926 0.007
2972.63667 16.469 0.010
2975.54474 15.855 0.007
2977.64055 16.473 0.012
2979.58044 16.359 0.010
2983.56125 16.068 0.013
2986.57784 16.255 0.009
2988.54983 16.093 0.009
2991.57597 16.240 0.009
2994.56171 16.335 0.010
2997.57710 16.472 0.010
3003.55109 16.061 0.009
3009.53367 16.331 0.012
3013.53610 16.030 0.008
3015.57133 15.865 0.008
3018.54843 16.039 0.009
3020.58414 15.893 0.007
3022.53702 16.424 0.012
3024.53679 16.305 0.011
3025.59639 15.909 0.007
3027.62189 16.451 0.009
3029.59359 16.336 0.009
3031.59841 16.203 0.008
3034.52866 16.316 0.010
3183.92985 15.809 0.007
3193.89773 16.013 0.008
3196.86979 16.001 0.007
3197.93221 16.330 0.010
3202.85771 16.314 0.009
3203.89774 16.181 0.007
3206.83557 15.964 0.008
3210.91158 16.401 0.009
3211.86619 15.973 0.007
3215.80130 16.366 0.012
3217.79717 16.282 0.009
3223.85333 16.460 0.010
3228.77203 16.489 0.011
3229.85386 16.125 0.007
3231.83533 15.892 0.007
3238.77219 16.490 0.010
3239.81573 16.088 0.007
3240.80846 16.352 0.010
3241.79193 15.828 0.007
3242.73593 16.242 0.009
3243.86853 16.502 0.011
3244.84712 16.095 0.010
3245.79486 16.328 0.010
3246.78762 15.797 0.007
3247.79600 16.245 0.009
3249.74630 16.065 0.008
3251.75986 15.805 0.007
3254.74755 16.042 0.007
3259.68459 16.012 0.008
3261.72064 16.054 0.007
3263.71786 16.428 0.008
3265.73920 16.324 0.009
3267.72596 16.189 0.007
3269.82047 16.051 0.009
3270.67941 16.295 0.009
3271.68234 16.328 0.009
3273.64065 16.381 0.010
3275.62651 16.313 0.009
3276.72991 16.256 0.010
3277.76855 16.189 0.008
3279.70017 15.957 0.007
3281.65874 16.445 0.008
3283.66041 16.369 0.007
3287.62654 16.129 0.008
3289.64152 15.902 0.007
3293.61508 16.373 0.008
3295.63301 16.275 0.007
3298.57091 16.341 0.007
3300.57321 16.251 0.009
3302.55018 16.072 0.008
3305.65020 16.255 0.013
3307.56249 16.038 0.008
3309.58759 15.801 0.007
3311.53920 16.470 0.010
3314.58215 15.812 0.008
3320.61995 16.229 0.008
3323.56739 16.328 0.010
3327.57491 16.030 0.007
3330.57040 16.189 0.009
3335.61440 16.198 0.009
3338.56007 16.329 0.009
3350.53438 16.153 0.007
3353.59297 16.325 0.008
3359.57002 16.417 0.010
3363.57693 16.282 0.009
3367.63652 15.959 0.007
3372.56999 15.911 0.007
3376.54611 16.353 0.008
3380.53252 16.082 0.011
3395.52729 16.059 0.012
3398.57501 16.238 0.009
3402.57225 15.814 0.007
3543.88591 16.116 0.013
3551.90940 16.274 0.011
3554.94062 16.374 0.009
3561.94786 16.283 0.009
3564.92553 16.369 0.008
3568.87116 16.067 0.007
3570.83216 15.807 0.008
3571.82311 16.246 0.011
3573.86881 16.083 0.010
3575.82459 15.815 0.007
3577.88097 16.494 0.010
3578.91699 16.071 0.007
3579.82205 16.344 0.008
3581.89113 16.238 0.009
3582.84743 16.454 0.010
3583.85766 16.036 0.007
3585.87875 15.805 0.007
3586.83092 16.214 0.007
3588.84922 16.018 0.007
3590.80526 16.131 0.007
3592.77001 16.406 0.007
3594.80950 16.323 0.008
3597.84945 16.417 0.010
3600.88561 16.022 0.009
3602.74651 16.347 0.011
3607.83761 16.399 0.008
3617.79363 16.376 0.008
3619.77173 16.293 0.008
3621.76422 16.126 0.007
3628.79109 15.883 0.008
3630.64295 16.489 0.011
3632.64031 16.343 0.011
3634.71321 16.247 0.008
3637.67204 16.332 0.008
3639.72195 16.246 0.007
3641.71873 16.073 0.007
3643.81714 15.872 0.007
3644.75780 16.242 0.007
3646.68884 16.055 0.007
3650.71007 16.461 0.008
3652.64523 16.314 0.007
3654.61568 16.182 0.007
3656.64723 16.008 0.007
3657.70494 16.334 0.008
3658.67986 15.953 0.007
3659.66256 16.192 0.009
3661.61124 16.005 0.008
3663.63418 16.243 0.010
3665.66652 16.425 0.008
3668.61568 16.336 0.009
3670.56638 16.419 0.010
3672.60581 16.295 0.008
3674.63507 16.162 0.007
3676.59289 15.935 0.007
3682.58183 16.269 0.008
3684.57469 16.132 0.007
3686.56458 15.879 0.007
3688.53766 16.498 0.009
3690.54357 16.353 0.010
3692.59612 16.282 0.009
3694.58270 16.108 0.007
3696.57883 15.857 0.007
3698.61253 16.514 0.011
3700.62258 16.371 0.009
3702.61350 16.274 0.009
3704.61402 16.099 0.007
3706.62888 15.862 0.007
3708.61028 16.502 0.010
3712.56681 16.230 0.008
3714.56948 16.077 0.008
3718.55296 16.485 0.010
3721.58516 15.800 0.007
3725.61403 16.333 0.008
3730.53829 16.324 0.008
3734.60896 16.054 0.007
3738.56103 16.445 0.010
3742.55821 16.205 0.010
3747.55798 16.184 0.009
3751.56677 16.206 0.009
3762.54475 16.159 0.010
3766.55000 16.416 0.008
3772.57675 16.155 0.007
3777.52409 16.132 0.010
3871.89614 16.491 0.012
3902.91644 16.038 0.008
3907.91130 16.035 0.007
3913.93685 16.326 0.007
3918.90664 16.309 0.007
3931.93820 16.393 0.010
3934.87617 16.415 0.008
3936.88445 16.382 0.009
3938.86851 16.301 0.008
3945.87547 16.123 0.007
3950.82042 16.100 0.007
3957.77596 15.784 0.008
3959.76543 16.497 0.009
3961.75956 16.356 0.010
3964.76779 16.485 0.007
3966.76004 16.343 0.007
3968.75372 16.228 0.007
3970.74541 16.044 0.007
3973.71474 16.200 0.008
3975.72698 16.016 0.007
3980.66221 15.985 0.007
3981.66195 16.321 0.008
3982.72633 16.128 0.008
3986.69968 16.319 0.009
3991.72887 16.309 0.008
3994.64129 16.395 0.010
3998.67166 16.127 0.007
4001.64248 16.274 0.007
4003.61392 16.103 0.007
4004.69372 16.376 0.008
4005.68785 15.944 0.007
4007.58110 16.503 0.009
4008.59000 16.111 0.007
4011.64048 16.266 0.007
4014.62292 16.379 0.011
4016.61971 16.266 0.008
4018.61612 16.097 0.007
4020.61956 15.845 0.007
4023.60541 16.088 0.007
4025.60578 15.818 0.007
4027.59390 16.483 0.009
4029.57620 16.335 0.008
4031.56328 16.230 0.007
4033.65756 16.087 0.007
4040.53300 16.028 0.008
4042.56089 16.444 0.009
4044.58389 16.335 0.010
4046.61698 16.217 0.008
4049.52892 16.307 0.007
4051.57850 16.187 0.008
4053.62593 16.033 0.007
4055.51857 16.313 0.010
4057.59394 16.425 0.010
4059.59237 16.310 0.008
4063.53741 15.960 0.007
4065.58704 16.265 0.007
4067.58031 16.388 0.008
4069.53318 16.309 0.008
4071.54400 16.164 0.007
4074.54011 16.279 0.008
4077.54182 16.380 0.008
4079.54200 16.249 0.008
4082.54336 16.392 0.008
4085.62069 16.394 0.009
4092.57619 16.369 0.007
4097.61878 16.386 0.009
4100.61020 16.465 0.009
4105.57419 16.500 0.009
4111.61065 16.104 0.007
4115.53011 16.478 0.010
4120.56100 16.491 0.008
4124.57249 16.219 0.008
4128.59647 15.803 0.007
4252.94414 16.301 0.011
4255.86414 16.389 0.010
4268.92311 16.490 0.011
4275.93802 16.367 0.010
4279.83488 16.075 0.010
4282.82628 16.237 0.009
4283.84533 16.482 0.012
4284.87573 16.076 0.009
4285.94115 16.368 0.010
4292.88361 16.230 0.008
4295.87707 16.347 0.009
4296.90756 15.795 0.007
4297.93949 16.252 0.008
4299.87436 16.047 0.007
4300.89610 16.337 0.008
4301.91467 15.793 0.007
4302.93655 16.234 0.009
4306.93326 15.797 0.007
4307.84785 16.205 0.008
4308.67605 16.381 0.010
4308.88395 16.454 0.010
4310.85613 16.330 0.009
4311.85598 16.028 0.010
4312.91815 16.232 0.008
4314.93723 16.056 0.010
4316.84512 16.152 0.010
4320.87243 16.330 0.009
4326.85465 16.266 0.009
4327.83061 16.183 0.010
4328.84636 16.389 0.010
4329.84769 15.970 0.008
4330.87702 16.312 0.009
4332.89323 16.175 0.009
4334.87019 15.981 0.008
4338.92266 16.406 0.010
4340.79350 16.287 0.009
4341.78636 16.493 0.011
4342.86055 16.142 0.009
4343.77992 16.364 0.010
4344.76199 15.882 0.007
4346.71830 16.509 0.011
4348.72407 16.346 0.009
4350.70071 16.257 0.008
4352.80288 16.122 0.009
4353.65885 16.346 0.010
4354.78018 15.854 0.007
4357.76390 16.102 0.009
4359.71785 15.815 0.007
4362.66551 16.050 0.010
4363.62481 16.328 0.010
4365.68317 16.228 0.010
4369.67713 15.879 0.008
4371.66608 16.436 0.011
4376.66957 16.437 0.010
4378.63617 16.310 0.010
4379.66748 16.128 0.010
4381.62663 16.410 0.012
4382.70518 16.032 0.007
4386.67945 16.417 0.010
4388.68017 16.327 0.009
4390.68899 16.181 0.008
4393.68355 16.326 0.009
4396.65811 16.391 0.010
4398.66309 16.303 0.010
4400.68761 16.168 0.009
4404.66459 16.409 0.011
4407.65248 15.935 0.007
4410.68241 16.146 0.008
4415.66874 16.124 0.008
4418.61426 16.282 0.008
4421.67204 16.377 0.010
4423.67651 16.286 0.010
4426.55272 16.351 0.011
4428.56942 16.234 0.011
4430.62964 16.093 0.008
4432.61551 15.830 0.007
4434.62079 16.491 0.010
4436.59710 16.341 0.009
4438.65976 16.264 0.010
4440.59287 16.077 0.009
4442.55437 15.828 0.008
4444.57918 16.458 0.012
4450.61160 16.051 0.010
4452.58914 15.851 0.007
4454.52620 16.388 0.016
4455.59830 16.036 0.008
4457.53381 16.150 0.010
4459.55392 16.417 0.010
4462.58536 16.059 0.009
4466.60949 16.338 0.010
4471.54414 16.303 0.010
4475.53680 15.958 0.008
4480.57922 15.973 0.008
4482.58618 16.327 0.011
4485.58926 15.977 0.009
4488.59149 16.156 0.010
4609.91387 16.347 0.010
4643.89803 16.001 0.009
4650.93691 16.269 0.009
4655.91632 16.379 0.009
4662.79470 16.358 0.008
4662.91153 16.391 0.009
4663.76632 15.854 0.008
4663.91414 15.954 0.008
4665.83940 16.509 0.011
4665.93323 16.433 0.011
4666.92850 16.145 0.009
4666.93239 16.152 0.010
4670.92150 16.479 0.010
4671.89140 16.119 0.009
4673.87344 15.883 0.007
4674.80185 16.272 0.010
4674.86205 16.258 0.010
4676.92169 16.139 0.010
4677.83729 16.375 0.009
4682.81176 16.358 0.010
4684.84962 16.253 0.009
4686.80960 16.054 0.007
4688.82556 15.796 0.007
4690.75115 16.452 0.009
4691.75417 16.035 0.008
4693.90918 15.837 0.008
4696.88282 16.102 0.010
4697.82134 16.357 0.011
4698.77094 15.904 0.007
4699.76504 16.210 0.008
4700.79978 16.452 0.010
4701.80767 16.051 0.008
4703.76688 16.017 0.007
4704.78564 16.209 0.008
4705.79312 16.425 0.010
4707.78554 16.333 0.008
4709.74133 16.179 0.008
4710.76990 16.417 0.008
4715.74991 16.406 0.010
4716.77560 15.990 0.007
4717.70037 16.292 0.009
4719.78965 16.189 0.008
4721.78330 15.985 0.008
4724.66589 16.127 0.009
4725.74535 16.394 0.009
4728.75092 16.412 0.009
4733.72748 16.471 0.009
4740.66908 16.365 0.009
4741.70446 15.893 0.007
4747.60865 16.251 0.009
4749.60833 16.096 0.009
4753.67932 16.508 0.012
4755.67131 16.364 0.009
4757.65583 16.238 0.008
4759.67052 16.064 0.007
4761.63889 15.800 0.007
4763.65132 16.472 0.011
4767.59707 16.202 0.009
4770.66561 16.343 0.009
4772.60337 16.196 0.008
4774.55792 15.997 0.007
4776.54951 16.271 0.009
4777.65146 16.201 0.009
4780.52014 16.324 0.010
4781.61430 16.144 0.009
4783.58323 16.411 0.010
4785.61859 16.317 0.011
4789.54971 15.961 0.007
4791.53126 16.438 0.010
4793.53867 16.396 0.010
4795.55134 16.306 0.008
4797.54359 16.133 0.008
4798.60694 16.391 0.010
4800.65432 16.325 0.009
4803.54545 16.384 0.009
4804.60055 15.939 0.008
4805.58740 16.304 0.009
4807.52518 16.124 0.011
4809.55453 15.897 0.007
4811.57643 16.493 0.010
4813.55337 16.372 0.011
4815.58928 16.281 0.010
4816.53637 16.507 0.010
4818.58665 16.383 0.010
4820.52814 16.259 0.011
4822.58489 16.109 0.008
4824.56971 15.881 0.008
4826.61935 16.488 0.010
4833.56875 16.356 0.009
4835.59200 16.259 0.010
4837.60295 16.120 0.010
4841.57929 16.487 0.011
4843.57354 16.334 0.010
4846.58263 16.475 0.010
4848.61887 16.341 0.008
4850.60635 16.247 0.009
4854.59759 15.791 0.007
4856.61483 16.452 0.009
4862.56274 16.027 0.007
4868.55309 16.316 0.010
