2090.92954 16.987 0.016
2104.91405 16.700 0.010
2112.86240 17.007 0.012
2115.83117 16.814 0.012
2117.83011 16.376 0.008
2123.90108 16.412 0.010
2125.79231 17.058 0.020
2128.90790 16.700 0.012
2129.89529 16.392 0.008
2131.76130 17.000 0.012
2132.88583 16.995 0.013
2134.89220 16.681 0.011
2135.90561 16.432 0.008
2137.85036 17.048 0.013
2140.89074 16.683 0.010
2141.80215 16.410 0.010
2142.82277 17.020 0.013
2144.75251 16.904 0.011
2156.75104 16.903 0.013
2161.70964 16.967 0.015
2162.84788 16.976 0.012
2167.68959 16.969 0.012
2168.78934 16.946 0.012
2171.80414 16.316 0.007
2172.84011 17.036 0.012
2173.78357 17.025 0.011
2174.67219 16.850 0.011
2177.72074 16.914 0.012
2184.77674 16.993 0.013
2185.74030 17.013 0.018
2187.60987 16.660 0.011
2189.76668 16.379 0.010
2192.73271 16.909 0.010
2193.75988 16.803 0.010
2194.72448 16.558 0.010
2200.74159 16.585 0.008
2203.62970 16.969 0.011
2208.73748 17.035 0.012
2211.73179 16.761 0.012
2212.72555 16.584 0.010
2217.71086 16.763 0.012
2221.59985 16.989 0.012
2223.65029 16.709 0.011
2226.56553 17.047 0.015
2228.62846 16.854 0.011
2230.61547 16.422 0.008
2232.63601 17.035 0.012
2234.62121 16.885 0.011
2236.61030 16.429 0.008
2239.55917 16.966 0.012
2241.61069 16.706 0.011
2243.64121 17.023 0.013
2249.60844 17.062 0.011
2251.56516 16.976 0.012
2254.60471 16.458 0.008
2257.56674 16.974 0.012
2263.56183 16.963 0.011
2265.61047 16.716 0.010
2271.59977 16.718 0.011
2273.59841 17.084 0.016
2277.60535 16.726 0.010
2283.62011 16.737 0.011
2289.61894 16.744 0.010
2291.62494 16.871 0.011
2293.62063 17.022 0.012
2295.61749 16.753 0.011
2296.59994 16.520 0.012
2298.60776 17.072 0.015
2300.60543 16.910 0.012
2303.59494 17.007 0.015
2453.92242 16.815 0.013
2462.91905 17.038 0.013
2464.92935 16.951 0.011
2470.89740 16.955 0.011
2472.83101 16.525 0.010
2481.80401 17.015 0.018
2485.83916 16.937 0.013
2489.84746 16.789 0.012
2492.82889 17.072 0.015
2495.81694 16.745 0.011
2496.82752 16.529 0.008
2497.85093 16.735 0.011
2498.85040 17.028 0.012
2500.78932 16.884 0.012
2501.93414 16.860 0.013
2502.75909 16.414 0.010
2511.77767 16.990 0.015
2516.90497 17.037 0.015
2517.90293 17.048 0.012
2518.87618 16.950 0.013
2519.74875 16.689 0.010
2521.76007 17.048 0.012
2524.69159 16.831 0.013
2529.72746 16.980 0.011
2535.77167 17.012 0.013
2537.79732 16.777 0.013
2538.88095 16.643 0.012
2539.77171 16.994 0.015
2540.82031 17.045 0.013
2541.78711 16.997 0.012
2542.75340 16.890 0.011
2544.73767 16.445 0.010
2545.76812 16.996 0.012
2547.76465 16.997 0.012
2548.78713 16.935 0.012
2550.78209 16.524 0.010
2551.77010 16.968 0.012
2552.78487 17.052 0.013
2553.72546 16.986 0.015
2554.77835 16.904 0.011
2555.78595 16.760 0.011
2556.76596 16.524 0.010
2557.78023 16.922 0.012
2558.73407 17.055 0.012
2559.69619 16.972 0.011
2560.72828 16.869 0.011
2561.76963 16.739 0.011
2562.74322 16.492 0.010
2563.75040 17.009 0.012
2564.77839 17.064 0.013
2565.76645 16.981 0.012
2566.74645 16.904 0.012
2571.72945 16.988 0.013
2573.73303 16.719 0.012
2574.72021 16.461 0.008
2576.76122 17.068 0.013
2577.72235 17.007 0.015
2578.69969 16.878 0.013
2579.71522 16.717 0.012
2580.60763 16.386 0.010
2583.71517 16.978 0.013
2584.70145 16.866 0.012
2587.68507 17.034 0.012
2588.69765 17.039 0.013
2589.69035 16.994 0.012
2590.70367 16.880 0.012
2591.72612 16.746 0.011
2593.73411 16.989 0.013
2594.68913 17.063 0.016
2596.66339 16.865 0.015
2598.54247 16.922 0.013
2599.69209 17.054 0.016
2609.55352 16.570 0.011
2611.60169 17.010 0.016
2614.52927 16.778 0.013
2618.60715 17.053 0.013
2622.57461 16.359 0.008
2627.55737 16.611 0.012
2630.57079 17.030 0.015
2636.59679 17.047 0.015
2637.54369 16.960 0.013
2640.56684 16.333 0.010
2643.58114 16.975 0.012
2649.57853 16.967 0.012
2652.56170 16.336 0.010
2655.57241 16.984 0.018
2659.53567 17.021 0.013
2662.55675 16.831 0.013
2666.55566 17.018 0.013
2670.56581 16.370 0.010
2674.57442 16.852 0.011
2677.56001 17.010 0.016
2680.56652 16.900 0.013
2683.57348 17.048 0.016
2804.78895 16.474 0.015
2805.92997 17.012 0.018
2812.94372 17.062 0.016
2813.94445 17.011 0.015
2816.91973 16.518 0.011
2819.91524 16.979 0.012
2829.89920 17.050 0.012
2831.89991 17.004 0.012
2832.86411 16.898 0.012
2833.94181 16.771 0.015
2835.93153 16.828 0.012
2836.93022 17.069 0.015
2841.88711 17.038 0.012
2843.91013 17.010 0.012
2844.94628 16.932 0.016
2848.88184 17.054 0.016
2851.85793 16.707 0.012
2852.89110 16.519 0.011
2854.90241 17.051 0.012
2857.93798 16.784 0.013
2859.89705 16.930 0.011
2861.82289 16.974 0.011
2862.83293 16.871 0.013
2863.90911 16.777 0.013
2865.75741 17.007 0.013
2866.75338 17.032 0.013
2868.84277 16.877 0.011
2869.92508 16.789 0.011
2872.81378 17.030 0.012
2877.82275 17.062 0.012
2879.84566 17.007 0.012
2884.79460 17.049 0.011
2886.80718 16.869 0.012
2890.75169 17.037 0.016
2893.82010 16.716 0.011
2895.75434 16.991 0.011
2897.78085 16.986 0.013
2900.77015 16.358 0.008
2903.82708 16.988 0.011
2906.77554 16.382 0.008
2908.75324 17.043 0.012
2910.74758 16.847 0.011
2912.75758 16.377 0.007
2916.76755 16.857 0.010
2918.74892 16.365 0.010
2922.74638 16.824 0.012
2924.74265 16.368 0.010
2926.67822 17.031 0.013
2929.73987 16.669 0.010
2931.71698 17.006 0.011
2933.72760 16.956 0.010
2935.69183 16.630 0.011
2939.61935 16.909 0.012
2942.69241 16.337 0.008
2944.64489 17.018 0.013
2946.65888 16.783 0.011
2947.69264 16.638 0.011
2949.67093 17.024 0.013
2950.62344 17.003 0.012
2951.70354 16.953 0.012
2953.65921 16.600 0.011
2955.63615 17.053 0.016
2957.65223 16.929 0.012
2958.64185 16.797 0.011
2960.66998 16.325 0.007
2961.61308 17.020 0.016
2966.62637 16.624 0.010
2970.57390 16.742 0.011
2972.61662 16.702 0.011
2974.55409 16.986 0.013
2976.58736 16.752 0.012
2978.53663 17.053 0.016
2980.62913 17.042 0.013
2983.54181 16.480 0.010
2986.55915 17.014 0.012
2989.58852 16.561 0.010
2994.53868 16.735 0.012
2998.57762 17.030 0.013
3002.57818 16.830 0.013
3005.56945 16.947 0.012
3008.57697 16.775 0.012
3011.58040 16.949 0.016
3015.59036 17.058 0.012
3017.59200 16.949 0.011
3020.56591 16.770 0.011
3022.59357 17.023 0.013
3024.59258 16.794 0.011
3026.56296 16.706 0.011
3028.56385 17.010 0.012
3030.57169 16.790 0.011
3032.58454 16.395 0.010
3035.54259 16.926 0.013
3038.57526 16.449 0.011
3180.93788 17.050 0.011
3184.92990 16.430 0.010
3194.87482 16.815 0.011
3196.93047 16.441 0.010
3202.91755 16.424 0.008
3204.88753 17.037 0.012
3206.90046 16.847 0.011
3211.81207 16.934 0.012
3216.80272 17.022 0.016
3217.91101 16.973 0.015
3224.84930 16.831 0.010
3228.82730 17.073 0.015
3230.80485 16.795 0.010
3238.83210 16.350 0.008
3239.87169 17.049 0.012
3241.73299 16.927 0.012
3242.80934 16.809 0.011
3245.85017 16.999 0.013
3246.84714 17.050 0.013
3248.75212 16.766 0.010
3250.81329 16.352 0.007
3253.76701 16.935 0.013
3256.75015 16.756 0.010
3258.75971 17.010 0.012
3260.75430 16.806 0.011
3262.76392 16.513 0.008
3264.71017 17.010 0.010
3266.78114 16.803 0.011
3268.71440 16.987 0.011
3270.78043 17.049 0.012
3271.74220 16.940 0.011
3273.70083 16.524 0.010
3275.69172 17.071 0.015
3276.78525 17.036 0.015
3278.66560 16.714 0.011
3280.69756 17.018 0.011
3282.69261 17.011 0.010
3286.65134 17.091 0.011
3288.66492 17.014 0.011
3291.64012 16.457 0.010
3294.65176 17.017 0.011
3296.61911 16.707 0.008
3298.62856 17.037 0.011
3300.62869 17.005 0.012
3302.60972 16.686 0.011
3305.70556 17.056 0.011
3307.62226 16.853 0.015
3309.64293 16.475 0.008
3311.59872 17.049 0.011
3315.63237 16.462 0.008
3321.51851 16.438 0.011
3324.60374 16.986 0.012
3329.57567 17.058 0.012
3334.59211 17.023 0.016
3336.59075 16.996 0.012
3350.59103 16.709 0.008
3355.60811 16.872 0.010
3360.60893 17.015 0.011
3369.59176 16.479 0.008
3372.62625 17.007 0.011
3379.58191 16.871 0.012
3387.57875 16.484 0.010
3395.58727 17.091 0.015
3403.56895 16.894 0.013
3527.94193 16.617 0.011
3544.94656 16.824 0.011
3547.93262 17.022 0.012
3552.89708 16.576 0.011
3558.95072 16.375 0.012
3562.94286 16.813 0.010
3569.85256 16.549 0.008
3570.89917 16.401 0.010
3571.89061 17.035 0.013
3573.93361 16.981 0.013
3575.89166 16.594 0.010
3577.92606 17.029 0.011
3579.89365 16.970 0.010
3582.88987 16.353 0.007
3585.86041 16.921 0.008
3590.85471 17.026 0.010
3591.89181 16.931 0.008
3592.84064 16.769 0.008
3596.86920 17.006 0.011
3603.80049 16.904 0.010
3608.84695 17.001 0.011
3615.86149 16.962 0.011
3618.86138 16.343 0.007
3620.86502 17.019 0.010
3622.82232 16.769 0.010
3625.80859 17.057 0.011
3628.71616 16.677 0.011
3630.72963 17.027 0.015
3632.75668 16.983 0.012
3634.66635 16.628 0.010
3638.73186 16.978 0.010
3640.71139 16.697 0.008
3644.73981 16.995 0.010
3646.74945 16.743 0.011
3650.76523 17.002 0.011
3652.71771 16.722 0.008
3654.72044 17.063 0.011
3656.76503 17.012 0.011
3658.72316 16.728 0.010
3659.73502 16.498 0.010
3661.68155 17.070 0.013
3664.75531 16.760 0.008
3666.75051 16.977 0.012
3668.70579 17.004 0.012
3670.68730 16.724 0.011
3672.65532 17.023 0.012
3674.77869 17.021 0.011
3676.68134 16.702 0.010
3682.65219 16.709 0.011
3684.67203 17.067 0.012
3686.63254 16.975 0.012
3688.60534 16.638 0.010
3690.63160 17.025 0.018
3693.61713 16.876 0.012
3695.61405 16.337 0.008
3697.56199 17.016 0.013
3699.60809 16.815 0.010
3701.63748 16.405 0.008
3703.64241 17.044 0.011
3705.52625 16.781 0.010
3707.55227 16.589 0.010
3712.67596 16.726 0.011
3714.54779 17.038 0.013
3716.53169 16.930 0.013
3720.59106 17.027 0.012
3724.63391 16.692 0.010
3726.63408 17.066 0.012
3731.56074 16.331 0.008
3736.56651 16.636 0.008
3741.55696 16.803 0.011
3745.56067 17.030 0.013
3755.55753 16.352 0.010
3760.56531 16.643 0.010
3764.57900 16.960 0.011
3769.54830 17.040 0.012
3774.52812 16.998 0.015
3778.54560 16.640 0.011
3903.92868 17.039 0.011
3909.92232 17.049 0.011
3915.94192 17.037 0.011
3920.91553 16.975 0.010
3933.85317 17.045 0.011
3935.84951 16.858 0.010
3937.88773 16.507 0.008
3945.82043 17.062 0.013
3950.87512 17.009 0.011
3957.84102 17.078 0.018
3959.83641 16.875 0.012
3961.81764 16.426 0.010
3964.82202 16.990 0.010
3966.81465 16.685 0.008
3968.80777 17.059 0.011
3970.79936 16.976 0.010
3973.77059 16.337 0.007
3975.78739 17.056 0.012
3980.71612 17.002 0.012
3981.71606 17.030 0.011
3982.78190 17.002 0.012
3986.75759 16.997 0.011
3991.66709 16.824 0.010
3994.71229 16.951 0.011
3998.83850 16.988 0.012
4001.70474 16.804 0.010
4003.66871 16.674 0.008
4005.74338 17.045 0.010
4008.66715 16.586 0.007
4011.69504 17.039 0.012
4014.70072 16.610 0.011
4016.67464 17.015 0.012
4018.67050 16.925 0.011
4020.70982 16.634 0.008
4023.65993 17.002 0.011
4025.70820 16.835 0.010
4027.64836 16.664 0.010
4029.63348 17.017 0.012
4031.61762 16.774 0.010
4036.67622 16.967 0.011
4038.64938 16.588 0.008
4040.58891 17.060 0.012
4042.65680 16.956 0.012
4045.54975 17.067 0.015
4047.61076 17.008 0.012
4049.62509 16.766 0.008
4051.63397 16.566 0.010
4053.57148 16.979 0.010
4055.57294 16.755 0.012
4060.55517 16.884 0.011
4064.59959 17.052 0.010
4066.57642 16.904 0.010
4069.57021 17.006 0.011
4072.52694 16.888 0.015
4075.54239 17.052 0.012
4077.57727 17.002 0.012
4079.60458 16.808 0.010
4083.53181 16.991 0.015
4087.62586 16.353 0.007
4096.61448 16.967 0.015
4100.56845 17.068 0.013
4107.58562 17.051 0.012
4108.59446 16.919 0.010
4113.62685 17.045 0.011
4119.58762 17.011 0.012
4120.61884 16.990 0.010
4122.61132 16.630 0.010
4127.59933 16.815 0.010
4253.92648 17.068 0.015
4258.88987 17.018 0.016
4273.94459 16.875 0.016
4278.87835 16.976 0.013
4279.88608 16.826 0.015
4282.86012 17.015 0.015
4283.78046 17.021 0.016
4284.93014 16.985 0.013
4289.90087 17.030 0.013
4292.93428 16.709 0.008
4295.92821 17.032 0.012
4297.84875 16.833 0.013
4298.88142 16.685 0.013
4299.92529 16.428 0.008
4300.94733 17.037 0.013
4302.84790 16.964 0.012
4303.85677 16.843 0.011
4307.79672 17.021 0.012
4308.72863 16.881 0.013
4310.90764 16.713 0.011
4312.82482 17.023 0.012
4314.83993 16.962 0.013
4316.89922 16.687 0.011
4320.79195 16.932 0.012
4326.91285 17.006 0.013
4328.90045 16.723 0.011
4329.91892 16.487 0.010
4330.84111 17.007 0.011
4332.92928 17.008 0.015
4336.83996 17.033 0.016
4339.90290 16.892 0.016
4340.82943 16.644 0.011
4342.89664 17.064 0.013
4344.82129 16.962 0.012
4346.79443 16.626 0.011
4348.77822 17.038 0.012
4350.75512 16.936 0.011
4353.71327 16.988 0.012
4355.77194 17.026 0.013
4358.71515 16.550 0.011
4361.73419 17.034 0.012
4363.69419 16.746 0.011
4367.70121 17.016 0.013
4371.70231 16.987 0.013
4376.72463 16.570 0.010
4378.69501 17.046 0.012
4379.72248 17.036 0.015
4381.68093 16.738 0.011
4383.70983 16.837 0.011
4387.65624 16.723 0.010
4391.55753 16.964 0.012
4392.62001 16.869 0.011
4394.67277 16.522 0.008
4396.71473 17.054 0.013
4399.62842 16.708 0.015
4402.70263 17.061 0.012
4406.62560 16.446 0.010
4409.66541 17.001 0.012
4412.65290 16.513 0.010
4417.70022 16.777 0.010
4420.67924 17.057 0.013
4422.69361 16.934 0.012
4425.56675 17.037 0.013
4427.65669 16.998 0.012
4429.61843 16.745 0.013
4431.60552 17.063 0.015
4433.61145 16.991 0.013
4435.59976 16.720 0.011
4437.67099 16.737 0.013
4439.58275 17.022 0.015
4441.61866 16.732 0.011
4443.62741 17.038 0.013
4451.61857 16.994 0.012
4453.60442 16.710 0.012
4455.61663 17.020 0.013
4456.61995 17.048 0.016
4457.61247 17.008 0.018
4460.59735 16.484 0.011
4463.57863 17.007 0.012
4465.60229 16.739 0.010
4468.60175 17.067 0.012
4469.58690 16.984 0.012
4472.57715 16.465 0.008
4475.60514 17.006 0.012
4475.64225 17.012 0.013
4480.62565 17.056 0.013
4482.63691 16.939 0.013
4485.63010 16.655 0.012
4488.63054 16.918 0.016
4490.59771 16.533 0.010
4492.62077 17.084 0.015
4640.90269 16.944 0.013
4647.93320 16.822 0.012
4651.92890 17.042 0.012
4655.84961 16.902 0.011
4662.87173 17.032 0.011
4663.82045 17.005 0.015
4665.89354 16.813 0.012
4671.92737 16.822 0.011
4674.82887 17.052 0.012
4677.89127 16.805 0.010
4682.88143 16.952 0.012
4684.90381 16.650 0.010
4686.86398 17.032 0.011
4688.87999 16.940 0.010
4690.80545 16.521 0.008
4691.80875 16.974 0.012
4694.84083 16.932 0.013
4696.92402 16.654 0.015
4697.79956 16.974 0.013
4699.82035 17.000 0.011
4700.85446 16.943 0.010
4701.88884 16.819 0.011
4703.82162 16.750 0.011
4704.83976 17.044 0.012
4707.85084 16.787 0.010
4709.79947 16.927 0.010
4715.80426 16.815 0.011
4717.75920 17.027 0.010
4720.73793 16.469 0.008
4724.70369 16.861 0.013
4726.69625 16.376 0.008
4729.75110 17.013 0.013
4729.76345 17.029 0.012
4730.75306 16.909 0.010
4733.76745 16.983 0.011
4740.72842 17.052 0.011
4747.66815 16.973 0.011
4749.62657 16.635 0.012
4753.71365 17.013 0.016
4756.70044 16.455 0.010
4758.66017 17.043 0.011
4760.64672 16.840 0.010
4762.63686 16.346 0.008
4768.59244 16.414 0.010
4771.58721 16.952 0.012
4772.65831 16.863 0.011
4775.54039 17.078 0.018
4776.60443 17.028 0.015
4778.60670 16.829 0.011
4780.64729 16.390 0.010
4782.57651 17.027 0.012
4783.63968 16.992 0.013
4786.55967 16.551 0.010
4790.52058 16.764 0.010
4792.60903 16.348 0.008
4794.57269 17.014 0.011
4796.64656 16.874 0.011
4797.62232 16.689 0.011
4799.60749 17.013 0.013
4801.58369 16.950 0.011
4803.56390 16.628 0.010
4805.56944 17.026 0.012
4807.58384 16.967 0.015
4809.60889 16.680 0.010
4812.52671 17.002 0.020
4814.58869 16.825 0.012
4816.59080 16.334 0.008
4818.53267 17.045 0.016
4820.59346 16.833 0.011
4823.63894 17.052 0.012
4826.64774 16.902 0.011
4833.60618 16.704 0.010
4835.62918 17.056 0.013
4837.62643 16.988 0.013
4841.61633 17.054 0.015
4843.61368 16.987 0.015
4846.61918 16.444 0.008
4849.62295 17.006 0.013
4854.61966 17.052 0.011
4863.55012 16.660 0.008
4866.57871 17.058 0.013
4870.55150 16.344 0.010
4871.54333 17.023 0.016
4873.56695 16.959 0.013
