 621.85499 16.756 0.013
 626.93817 16.912 0.010
 627.90414 16.696 0.010
 628.91353 16.277 0.008
 632.91380 16.856 0.011
 633.91832 16.591 0.009
 635.91343 16.840 0.011
 643.88219 16.923 0.010
 645.88566 16.236 0.008
 649.85497 16.890 0.014
 656.90076 16.482 0.008
 657.84194 16.946 0.012
 658.91358 16.818 0.011
 664.80495 16.644 0.009
 664.89348 16.694 0.009
 665.88045 16.295 0.008
 666.89099 16.893 0.009
 667.90181 16.645 0.009
 668.87241 16.895 0.009
 670.83804 16.577 0.009
 671.86057 17.003 0.009
 672.91408 16.857 0.009
 673.71635 16.332 0.008
 673.91806 16.578 0.007
 684.79310 16.613 0.009
 685.73167 16.981 0.009
 686.77407 16.861 0.009
 688.87891 16.945 0.010
 689.76890 16.836 0.009
 697.73491 16.908 0.009
 698.88093 16.777 0.010
 699.73742 16.495 0.008
 700.74603 16.902 0.009
 701.71848 16.633 0.009
 704.69075 16.548 0.010
 706.71452 16.832 0.013
 707.75050 16.512 0.010
 708.71801 16.957 0.016
 712.71836 16.742 0.009
 713.75610 16.321 0.008
 714.77147 16.926 0.009
 716.70509 16.319 0.007
 720.68066 16.881 0.010
 722.64593 16.992 0.011
 726.73806 16.831 0.009
 728.63683 16.940 0.009
 729.70375 16.781 0.009
 730.62786 16.260 0.009
 733.68986 16.252 0.008
 739.75480 16.722 0.011
 741.68138 16.547 0.009
 742.77180 16.971 0.011
 744.72368 16.503 0.009
 745.67495 16.960 0.009
 747.61382 16.295 0.009
 748.57537 16.926 0.012
 749.58307 16.677 0.012
 750.57761 16.392 0.009
 751.58473 16.900 0.012
 752.78732 16.773 0.010
 753.72793 16.246 0.007
 754.69451 16.896 0.012
 755.58356 16.586 0.009
 759.58958 16.969 0.010
 760.59596 16.820 0.009
 761.59291 16.435 0.008
 762.58352 16.909 0.012
 762.71801 16.979 0.012
 763.60250 16.806 0.010
 763.68311 16.816 0.010
 763.77178 16.839 0.013
 764.68969 16.478 0.012
 765.63380 16.951 0.013
 766.53003 16.687 0.012
 766.67062 16.778 0.011
 767.57909 16.241 0.009
 767.63781 16.302 0.010
 767.73250 16.410 0.010
 769.56205 16.663 0.009
 770.53966 16.838 0.010
 771.56438 16.874 0.011
 772.56309 16.611 0.009
 772.74432 16.718 0.009
 773.62494 16.822 0.009
 774.65500 16.882 0.010
 775.60729 16.582 0.009
 776.59654 16.995 0.011
 776.74914 16.513 0.009
 777.54122 16.818 0.011
 778.57904 16.479 0.010
 778.66996 16.564 0.011
 779.55939 16.936 0.013
 779.71417 16.972 0.011
 780.55142 16.792 0.014
 780.56337 16.797 0.011
 780.73234 16.881 0.010
 781.61405 16.426 0.008
 782.54858 16.947 0.012
 782.64826 16.979 0.013
 783.59441 16.766 0.009
 784.63989 16.365 0.008
 785.53628 16.932 0.010
 786.54250 16.682 0.009
 787.62417 16.254 0.008
 788.55241 16.885 0.009
 790.59196 16.656 0.009
 795.57986 16.547 0.009
 796.56711 16.995 0.013
 796.69450 16.943 0.013
 797.54795 16.809 0.009
 798.61737 16.505 0.008
 800.55253 16.744 0.009
 802.64418 16.948 0.012
 806.55029 16.673 0.009
 808.56855 16.895 0.012
 816.64482 16.987 0.010
 817.64006 16.862 0.012
 819.61923 16.970 0.009
 822.60559 16.946 0.010
 824.62559 16.286 0.009
 825.61331 16.899 0.012
 828.65864 16.905 0.011
 829.62526 16.651 0.009
 830.54275 17.003 0.013
 832.63211 16.606 0.009
 834.53434 16.817 0.014
 836.59979 16.963 0.013
 838.61865 16.461 0.009
 840.61159 16.762 0.011
 842.56718 16.902 0.010
 843.61387 16.769 0.010
 845.59807 16.913 0.009
 850.58670 16.996 0.013
 855.59145 16.496 0.011
 856.55620 16.977 0.017
 858.52412 16.346 0.010
 860.52586 16.750 0.012
 867.52205 16.970 0.013
 874.52083 16.782 0.011
 963.90431 16.785 0.009
 986.89070 16.761 0.009
 987.90293 16.282 0.008
 996.88956 16.972 0.010
 998.82190 16.472 0.009
1003.82395 16.722 0.011
1005.84816 16.923 0.011
1008.88115 16.887 0.013
1020.84440 16.765 0.010
1025.83006 16.898 0.011
1035.79776 16.462 0.008
1037.82485 16.810 0.010
1038.84299 16.448 0.009
1041.83121 16.311 0.007
1045.79555 16.908 0.009
1049.82443 16.605 0.009
1053.71576 16.940 0.010
1058.78378 16.321 0.008
1059.82944 16.932 0.011
1061.81589 16.265 0.008
1064.77232 16.559 0.009
1069.68573 16.477 0.009
1074.66693 16.749 0.009
1077.66140 16.693 0.009
1079.66342 16.898 0.011
1081.71062 16.603 0.008
1084.64958 16.987 0.009
1087.66899 16.971 0.010
1090.63699 16.937 0.012
1092.70105 16.372 0.008
1094.69685 16.726 0.009
1095.72731 16.325 0.009
1102.66617 16.840 0.009
1107.63435 16.952 0.009
1112.67749 16.327 0.008
1117.61604 16.626 0.009
1122.63041 16.855 0.010
1128.58043 16.744 0.010
1132.60638 16.246 0.008
1138.65148 16.889 0.009
1140.65988 16.569 0.009
1144.68648 16.979 0.011
1151.59779 16.688 0.009
1154.55488 16.632 0.010
1157.56462 16.549 0.009
1160.58940 16.511 0.009
1163.66783 16.517 0.009
1164.71342 16.956 0.010
1170.56838 16.892 0.009
1178.69092 16.897 0.012
1182.68936 16.805 0.010
1185.63210 16.769 0.009
1187.66860 16.925 0.011
1190.53802 16.868 0.010
1202.61367 16.792 0.010
1208.58418 16.691 0.010
1211.58659 16.619 0.010
1216.57456 16.850 0.011
1219.57898 16.775 0.012
1228.52996 16.662 0.010
1234.52540 16.502 0.011
1235.52397 16.982 0.014
1329.81641 16.245 0.009
1330.92554 16.939 0.012
1335.89672 16.307 0.009
1341.93081 16.972 0.010
1347.92846 16.932 0.012
1349.92383 16.364 0.009
1355.91668 16.317 0.009
1366.87289 16.382 0.009
1367.89490 16.975 0.013
1369.88780 16.274 0.008
1374.88167 16.665 0.010
1395.84792 16.971 0.011
1397.87070 16.567 0.009
1401.88511 16.932 0.010
1402.88281 16.803 0.010
1407.89321 16.937 0.010
1412.79186 16.954 0.012
1418.76580 16.944 0.010
1432.78831 16.965 0.010
1435.71400 16.955 0.012
1439.81178 16.807 0.009
1442.77619 16.741 0.009
1447.70509 16.885 0.013
1451.69577 16.512 0.009
1454.69406 16.409 0.009
1460.63817 16.448 0.010
1462.66206 16.642 0.010
1470.61330 16.794 0.011
1475.66109 16.929 0.011
1478.58729 16.888 0.011
1480.69567 16.275 0.009
1484.60208 16.848 0.010
1487.56124 16.811 0.010
1489.58459 16.943 0.010
1491.64674 16.410 0.009
1494.69476 16.360 0.009
1495.54781 16.872 0.011
1499.51999 16.563 0.011
1502.60488 16.591 0.010
1506.59991 16.939 0.013
1509.58347 16.932 0.010
1514.65982 16.278 0.009
1517.57651 16.801 0.010
1520.61935 16.933 0.010
1522.64805 16.582 0.010
1525.54367 16.406 0.009
1528.64161 16.435 0.009
1544.57439 16.809 0.010
1546.63083 16.952 0.011
1551.59286 16.253 0.008
1555.57105 16.897 0.012
1562.60526 16.509 0.009
1568.57871 16.298 0.008
1573.57371 16.665 0.011
1579.55728 16.524 0.009
1581.58456 16.833 0.009
1584.56940 16.793 0.010
1586.58048 16.940 0.011
1588.55399 16.249 0.010
1592.57711 16.904 0.013
1597.55262 16.998 0.013
1602.54978 16.412 0.009
1607.53998 16.722 0.011
1706.91015 16.975 0.013
1726.94279 17.012 0.016
1730.92629 16.780 0.009
1738.87734 16.886 0.010
1740.88504 16.933 0.013
1744.90191 16.847 0.012
1745.89505 16.505 0.009
1749.87568 16.924 0.009
1750.87899 16.764 0.009
1751.85954 16.258 0.007
1752.85188 16.923 0.012
1753.85269 16.697 0.009
1754.84862 16.322 0.009
1755.84488 16.926 0.015
1756.87458 16.675 0.014
1757.82363 16.910 0.012
1758.82820 16.878 0.010
1759.84133 16.574 0.009
1761.85746 16.846 0.010
1762.83987 16.487 0.009
1763.84541 16.958 0.009
1764.83514 16.813 0.009
1765.83149 16.419 0.009
1766.80523 16.936 0.014
1768.81901 16.283 0.009
1769.73419 16.907 0.010
1773.79515 16.627 0.009
1775.80667 16.860 0.009
1785.78368 16.327 0.007
1788.81884 16.261 0.008
1789.75150 16.902 0.009
1803.85513 16.938 0.011
1809.77883 16.899 0.009
1812.75273 16.874 0.009
1815.80914 16.876 0.010
1821.70572 16.744 0.009
1823.77503 16.926 0.009
1829.70011 16.873 0.011
1830.76709 16.630 0.010
1864.71144 16.661 0.009
1865.71744 16.530 0.009
1873.69001 16.451 0.009
2086.91788 16.848 0.012
2104.84997 16.589 0.009
2106.90981 16.882 0.012
2115.90479 16.734 0.011
2116.89092 16.241 0.008
2117.89659 16.922 0.011
2123.83959 16.865 0.011
2128.84414 16.951 0.014
2129.87626 16.833 0.011
2130.82514 16.364 0.009
2131.81866 16.938 0.012
2132.82488 16.739 0.011
2133.91343 16.379 0.010
2134.82976 16.921 0.014
2135.86420 16.705 0.010
2136.86411 16.245 0.009
2137.90908 16.908 0.015
2140.83398 16.887 0.012
2142.88122 16.943 0.012
2143.83528 16.856 0.011
2144.80679 16.482 0.008
2155.89748 16.732 0.013
2156.84401 16.386 0.009
2160.77372 16.855 0.012
2162.78028 16.985 0.011
2166.77505 16.777 0.009
2167.74587 16.279 0.008
2168.73237 16.915 0.011
2171.75844 16.920 0.010
2172.76501 16.665 0.010
2173.72710 16.843 0.010
2177.65875 16.828 0.011
2184.72010 16.320 0.009
2185.68358 16.903 0.012
2187.66619 16.307 0.009
2190.71010 16.531 0.009
2191.65193 16.848 0.012
2192.68069 16.600 0.009
2193.70166 16.987 0.010
2194.67294 16.852 0.010
2201.73902 16.426 0.009
2206.62485 16.668 0.013
2211.66350 16.843 0.010
2212.66257 16.552 0.010
2213.67355 16.981 0.015
2214.65992 16.802 0.013
2215.67521 16.495 0.010
2217.65287 16.783 0.013
2219.69602 16.952 0.014
2222.74525 16.946 0.013
2223.68499 16.748 0.011
2225.61452 16.892 0.011
2226.66086 16.659 0.011
2228.57626 16.849 0.011
2230.51353 16.950 0.019
2232.52733 16.412 0.010
2234.56941 16.794 0.010
2236.55890 16.934 0.011
2238.56428 16.242 0.009
2241.55111 16.469 0.010
2243.58935 16.649 0.009
2248.63379 16.869 0.010
2250.59981 16.978 0.012
2253.58770 16.939 0.012
2256.56998 16.928 0.013
2258.61041 16.287 0.008
2263.60167 16.661 0.011
2265.62769 16.871 0.010
2270.58588 16.952 0.012
2272.58395 16.419 0.009
2274.56780 16.781 0.013
2276.53139 16.918 0.016
2280.54787 16.656 0.012
2285.58638 16.853 0.011
2289.58329 16.462 0.009
2291.58400 16.803 0.011
2293.58450 16.944 0.013
2295.58081 16.285 0.009
2297.58399 16.733 0.012
2299.58047 16.899 0.012
2301.57316 16.757 0.013
2448.90478 16.866 0.015
2460.90484 16.752 0.013
2463.93393 16.701 0.010
2466.85579 16.600 0.012
2467.91966 16.815 0.011
2469.91896 16.580 0.009
2471.90850 16.844 0.011
2472.89857 16.502 0.008
2473.92476 16.972 0.010
2481.88403 16.237 0.009
2483.90769 16.678 0.009
2486.90780 16.644 0.012
2488.90976 16.877 0.014
2492.92209 16.498 0.009
2496.92186 16.942 0.012
2498.79311 16.318 0.009
2499.87810 16.910 0.011
2500.88653 16.708 0.011
2501.87328 16.326 0.009
2502.85344 16.889 0.013
2508.76406 16.809 0.016
2516.79550 16.915 0.014
2517.84227 16.704 0.011
2518.81456 16.341 0.009
2519.81284 16.873 0.011
2520.81101 16.645 0.011
2521.79929 16.919 0.011
2524.80269 16.981 0.014
2526.79652 16.503 0.008
2529.79274 16.402 0.009
2534.85334 16.743 0.012
2535.79098 16.249 0.009
2537.72106 16.610 0.012
2538.82214 16.446 0.010
2539.71930 16.883 0.012
2540.76180 16.603 0.012
2541.73118 17.001 0.012
2542.70100 16.840 0.011
2544.68093 16.949 0.011
2545.69446 16.798 0.010
2547.71245 16.942 0.012
2548.73044 16.764 0.011
2550.72571 16.928 0.011
2551.71224 16.704 0.010
2552.72825 16.249 0.008
2554.72135 16.660 0.009
2555.72929 16.735 0.010
2556.70836 16.870 0.010
2557.72088 16.599 0.009
2558.67736 16.981 0.012
2559.63441 16.844 0.011
2560.66734 16.476 0.009
2561.71296 16.979 0.014
2562.68572 16.813 0.011
2563.69365 16.429 0.009
2564.71001 16.944 0.013
2565.70601 16.770 0.012
2566.68095 16.292 0.009
2568.75000 16.760 0.012
2571.66655 16.649 0.010
2572.74181 16.242 0.009
2573.67988 16.878 0.015
2574.65986 16.575 0.009
2576.69460 16.856 0.013
2577.65966 16.532 0.011
2578.64716 16.957 0.013
2579.65768 16.822 0.012
2580.66582 16.442 0.009
2583.63787 16.303 0.009
2584.64432 16.924 0.012
2586.64552 16.225 0.008
2587.62740 16.921 0.012
2589.61831 16.716 0.010
2590.63505 16.889 0.012
2591.66123 16.624 0.011
2593.62450 16.857 0.012
2594.63052 16.564 0.011
2596.60414 16.806 0.013
2597.59131 16.407 0.010
2598.67151 16.963 0.014
2599.62558 16.752 0.014
2607.64568 16.892 0.013
2610.56701 16.856 0.012
2613.56101 16.833 0.011
2615.59140 16.969 0.011
2619.57591 16.745 0.010
2621.58490 16.917 0.014
2625.56764 16.654 0.013
2627.53833 16.858 0.014
2630.55276 16.859 0.015
2635.56647 16.927 0.011
2637.56136 16.349 0.009
2640.53168 16.225 0.009
2642.57143 16.694 0.012
2646.58278 16.853 0.012
2651.55685 16.486 0.011
2654.57706 16.452 0.011
2657.53693 16.293 0.010
2661.53346 16.899 0.010
2664.57393 16.919 0.014
2672.55188 16.966 0.019
2676.54208 16.738 0.011
2679.55678 16.705 0.010
2683.53515 16.887 0.017
2777.92190 16.542 0.011
2804.85045 16.919 0.017
2805.86773 16.710 0.016
2811.92285 16.653 0.012
2815.89647 16.996 0.012
2817.94510 16.516 0.011
2830.83565 16.851 0.012
2831.80530 16.527 0.011
2832.76599 16.971 0.013
2832.94386 16.875 0.012
2833.88382 16.843 0.015
2834.93447 16.564 0.010
2838.83584 16.931 0.014
2840.84353 16.281 0.009
2843.84485 16.218 0.008
2844.89057 16.914 0.011
2845.93760 16.715 0.012
2849.87410 16.921 0.012
2850.90685 16.877 0.013
2852.83544 16.964 0.015
2854.84679 16.490 0.011
2857.85421 16.386 0.009
2858.92783 16.961 0.011
2860.89376 16.330 0.009
2861.76519 16.882 0.011
2862.88863 16.733 0.011
2865.81300 16.617 0.010
2866.89972 16.464 0.012
2867.80240 16.868 0.012
2868.80602 16.557 0.010
2869.79255 16.970 0.012
2870.83404 16.847 0.011
2871.87716 16.549 0.009
2872.83399 16.965 0.011
2875.82483 16.953 0.014
2876.79424 16.757 0.010
2879.72076 16.667 0.010
2883.84398 16.438 0.009
2885.77933 16.577 0.009
2890.71021 16.784 0.015
2893.76166 16.773 0.011
2895.81088 16.930 0.011
2897.71437 16.364 0.009
2899.75206 16.643 0.009
2903.76784 16.979 0.009
2906.72005 16.969 0.011
2908.69706 16.394 0.009
2910.69195 16.766 0.012
2912.69729 16.919 0.011
2916.71004 16.665 0.009
2918.68693 16.872 0.011
2922.68690 16.529 0.010
2924.62789 16.785 0.011
2926.62189 16.921 0.012
2929.68310 16.916 0.012
2931.65902 16.229 0.008
2933.66948 16.669 0.009
2935.63383 16.866 0.012
2937.65942 16.944 0.013
2939.67488 16.564 0.010
2940.65205 16.976 0.010
2941.62729 16.811 0.010
2942.65210 16.489 0.009
2943.62343 16.937 0.013
2944.60779 16.765 0.011
2946.56257 16.895 0.012
2946.60253 16.930 0.013
2947.63414 16.758 0.011
2949.61524 16.902 0.011
2950.56678 16.647 0.010
2951.64736 16.281 0.009
2953.59527 16.600 0.010
2955.58041 16.842 0.013
2957.59399 16.991 0.011
2960.60844 16.985 0.014
2962.64828 16.456 0.009
2965.65094 16.338 0.009
2968.61328 16.234 0.009
2970.63211 16.683 0.010
2972.63667 16.894 0.012
2975.54474 16.842 0.011
2977.64055 17.010 0.016
2979.58044 16.443 0.010
2983.56125 16.919 0.013
2986.57784 16.898 0.011
2988.54983 16.695 0.011
2991.57597 16.936 0.012
2994.56171 16.987 0.014
2997.57710 16.971 0.012
3000.56823 16.931 0.012
3003.55109 16.916 0.014
3006.53839 16.897 0.012
3009.53367 16.888 0.016
3013.53610 16.530 0.010
3015.57133 16.839 0.011
3018.54843 16.795 0.014
3020.58414 16.922 0.011
3022.53702 16.256 0.010
3024.53679 16.675 0.013
3025.59639 16.225 0.009
3027.62189 16.676 0.010
3029.59359 16.873 0.012
3031.59841 16.975 0.011
3034.52866 16.967 0.015
3037.54783 16.922 0.015
3183.92985 16.954 0.013
3193.89773 16.630 0.011
3196.86979 16.536 0.009
3197.93221 16.995 0.013
3202.85771 16.350 0.009
3203.89774 16.926 0.010
3206.83557 16.906 0.013
3210.91158 16.687 0.010
3211.86619 16.838 0.011
3215.80130 16.867 0.016
3217.79717 16.951 0.013
3223.85333 16.929 0.013
3228.77203 16.951 0.013
3229.85386 16.883 0.010
3231.83533 17.006 0.014
3238.77219 16.749 0.010
3239.81573 16.343 0.009
3240.80846 16.944 0.013
3241.79193 16.722 0.011
3242.73593 16.378 0.009
3243.86853 16.932 0.013
3244.84712 16.715 0.013
3245.79486 16.564 0.010
3246.78762 16.905 0.012
3247.79600 16.622 0.011
3249.74630 16.863 0.012
3251.75986 16.991 0.010
3254.74755 16.942 0.011
3259.68459 16.361 0.009
3261.72064 16.681 0.009
3263.71786 16.888 0.009
3265.73920 16.988 0.012
3267.72596 16.582 0.009
3269.82047 16.844 0.013
3270.67941 16.441 0.009
3271.68234 16.940 0.012
3273.64065 16.278 0.009
3275.62651 16.694 0.011
3276.72991 16.283 0.009
3277.76855 16.942 0.012
3279.70017 16.390 0.008
3281.65874 16.603 0.009
3283.66041 16.847 0.009
3287.62654 16.424 0.009
3289.64152 16.773 0.009
3293.61508 16.252 0.008
3295.63301 16.688 0.008
3298.57091 16.595 0.008
3300.57321 16.865 0.012
3302.55018 16.951 0.013
3305.65020 16.988 0.012
3307.56249 16.326 0.009
3309.58759 16.749 0.010
3311.53920 16.891 0.011
3314.58215 16.880 0.015
3320.61995 16.838 0.010
3323.56739 16.788 0.011
3327.57491 16.301 0.008
3330.57040 16.249 0.009
3335.61440 16.645 0.011
3338.56007 16.521 0.009
3350.53438 16.523 0.009
3353.59297 16.703 0.009
3359.57002 16.998 0.011
3363.57693 16.778 0.011
3367.63652 16.325 0.009
3372.56999 16.632 0.009
3376.54611 16.978 0.010
3380.53252 16.811 0.016
3386.57950 16.716 0.009
3395.52729 16.516 0.015
3398.57501 16.500 0.009
3402.57225 16.902 0.011
3543.88591 16.820 0.012
3551.90940 16.926 0.015
3554.94062 16.906 0.012
3561.94786 16.572 0.009
3564.92553 16.485 0.008
3568.87116 16.934 0.011
3570.83216 16.323 0.009
3571.82311 16.889 0.015
3573.86881 16.595 0.012
3575.82459 16.586 0.009
3577.88097 16.891 0.011
3578.91699 16.590 0.009
3579.82205 16.987 0.010
3581.89113 16.518 0.009
3582.84743 16.973 0.013
3583.85766 16.807 0.009
3585.87875 16.940 0.009
3586.83092 16.729 0.009
3588.84922 16.900 0.010
3590.80526 16.633 0.009
3592.77001 16.579 0.008
3594.80950 16.876 0.009
3597.84945 16.838 0.011
3600.88561 16.854 0.014
3602.74651 16.905 0.014
3607.83761 16.246 0.008
3617.79363 16.822 0.009
3619.77173 16.948 0.010
3621.76422 16.295 0.007
3628.79109 16.910 0.013
3630.64295 16.940 0.013
3632.64031 16.439 0.010
3634.71321 16.835 0.010
3637.67204 16.746 0.009
3639.72195 16.903 0.009
3641.71873 16.258 0.008
3643.81714 16.761 0.011
3644.75780 16.332 0.007
3646.68884 16.605 0.009
3650.71007 16.979 0.010
3652.64523 16.399 0.008
3654.61568 16.747 0.009
3656.64723 16.926 0.011
3657.70494 16.761 0.009
3658.67986 16.240 0.008
3659.66256 16.913 0.013
3661.61124 16.885 0.013
3663.63418 16.576 0.011
3665.66652 16.875 0.010
3668.61568 16.819 0.011
3670.56638 16.896 0.013
3672.60581 16.316 0.008
3674.63507 16.743 0.009
3676.59289 16.891 0.011
3682.58183 16.850 0.011
3684.57469 16.996 0.011
3686.56458 16.437 0.009
3688.53766 16.783 0.010
3690.54357 16.922 0.013
3692.59612 16.285 0.009
3694.58270 16.699 0.009
3696.57883 16.887 0.010
3698.61253 16.700 0.011
3700.62258 16.614 0.009
3702.61350 16.863 0.011
3704.61402 17.003 0.011
3706.62888 16.481 0.009
3708.61028 16.782 0.011
3712.56681 16.234 0.008
3714.56948 16.665 0.010
3718.55296 16.980 0.012
3721.58516 16.992 0.013
3725.61403 16.821 0.009
3730.53829 16.894 0.010
3734.60896 16.684 0.009
3738.56103 16.987 0.013
3742.55821 16.808 0.013
3747.55798 16.938 0.014
3751.56677 16.699 0.012
3762.54475 16.775 0.014
3766.55000 16.300 0.008
3772.57675 16.484 0.009
3777.52409 16.522 0.012
3871.89614 16.794 0.014
3902.91644 16.898 0.013
3907.91130 17.003 0.013
3913.93685 16.933 0.009
3918.90664 16.446 0.008
3931.93820 16.789 0.012
3934.87617 16.698 0.009
3936.88445 16.879 0.011
3938.86851 16.861 0.011
3945.87547 16.803 0.009
3950.82042 16.922 0.009
3957.77596 16.544 0.012
3959.76543 16.834 0.011
3961.75956 16.933 0.013
3964.76779 16.971 0.009
3966.76004 16.278 0.008
3968.75372 16.677 0.009
3970.74541 16.897 0.009
3973.71474 16.850 0.011
3975.72698 16.987 0.011
3980.66221 16.326 0.009
3981.66195 16.922 0.011
3982.72633 16.764 0.012
3986.69968 16.325 0.009
3991.72887 16.612 0.009
3994.64129 16.493 0.010
3998.67166 16.942 0.011
4001.64248 16.918 0.009
4003.61392 16.519 0.009
4004.69372 16.893 0.011
4005.68785 16.671 0.009
4007.58110 16.857 0.010
4008.59000 16.536 0.008
4011.64048 16.523 0.009
4014.62292 16.421 0.010
4016.61971 16.752 0.010
4018.61612 16.923 0.012
4020.61956 16.250 0.009
4023.60541 16.755 0.010
4025.60578 16.599 0.009
4027.59390 16.852 0.010
4029.57620 16.965 0.011
4031.56328 16.420 0.009
4033.65756 16.813 0.009
4040.53300 16.842 0.012
4042.56089 16.619 0.009
4044.58389 16.867 0.015
4046.61698 16.981 0.013
4049.52892 16.929 0.010
4051.57850 16.404 0.009
4053.62593 16.786 0.009
4055.51857 16.883 0.015
4057.59394 16.252 0.009
4059.59237 16.682 0.009
4063.53741 17.002 0.011
4065.58704 16.570 0.009
4067.58031 16.827 0.010
4069.53318 16.939 0.012
4071.54400 16.326 0.009
4074.54011 16.245 0.009
4077.54182 16.578 0.009
4079.54200 16.632 0.009
4082.54336 16.575 0.009
4085.62069 16.567 0.009
4092.57619 16.923 0.009
4097.61878 16.255 0.009
4100.61020 16.805 0.010
4105.57419 16.500 0.009
4111.61065 16.358 0.008
4115.53011 16.876 0.013
4120.56100 17.010 0.011
4124.57249 16.820 0.010
4128.59647 16.404 0.009
4252.94414 16.951 0.014
4255.86414 16.928 0.013
4268.92311 16.572 0.010
4275.93802 16.938 0.013
4279.83488 16.650 0.013
4282.82628 16.590 0.010
4283.84533 16.979 0.015
4284.87573 16.869 0.013
4285.94115 16.623 0.011
4292.88361 16.936 0.010
4295.87707 16.931 0.011
4296.90756 16.731 0.009
4297.93949 16.284 0.009
4299.87436 16.659 0.009
4300.89610 16.444 0.009
4301.91467 16.900 0.010
4302.93655 16.648 0.010
4306.93326 16.989 0.012
4307.84785 16.811 0.010
4308.67605 16.248 0.009
4308.88395 16.491 0.009
4310.85613 16.772 0.011
4311.85598 16.370 0.011
4312.91815 16.939 0.011
4314.93723 16.347 0.010
4316.84512 16.690 0.013
4320.87243 16.813 0.011
4326.85465 16.962 0.013
4327.83061 16.795 0.014
4328.84636 16.418 0.009
4329.84769 16.947 0.013
4330.87702 16.796 0.011
4332.89323 16.925 0.012
4334.87019 16.236 0.009
4338.92266 16.891 0.012
4340.79350 16.988 0.013
4341.78636 16.834 0.012
4342.86055 16.554 0.010
4343.77992 16.959 0.012
4344.76199 16.794 0.011
4346.71830 16.931 0.013
4348.72407 16.240 0.009
4350.70071 16.654 0.009
4352.80288 16.889 0.012
4353.65885 16.568 0.011
4354.78018 16.672 0.010
4357.76390 16.972 0.014
4359.71785 16.482 0.010
4362.66551 16.326 0.010
4363.62481 16.917 0.013
4365.68317 16.248 0.009
4369.67713 16.896 0.013
4371.66608 16.950 0.014
4376.66957 16.498 0.009
4378.63617 16.793 0.012
4379.66748 16.392 0.010
4381.62663 16.733 0.013
4382.70518 16.354 0.009
4386.67945 16.894 0.011
4388.68017 16.553 0.009
4390.68899 16.603 0.009
4393.68355 16.561 0.010
4396.65811 16.459 0.009
4398.66309 16.772 0.011
4400.68761 16.937 0.012
4404.66459 16.691 0.011
4407.65248 16.643 0.010
4410.68241 16.611 0.010
4415.66874 16.812 0.010
4418.61426 16.752 0.010
4421.67204 16.745 0.011
4423.67651 16.923 0.013
4426.55272 16.864 0.013
4428.56942 16.923 0.015
4430.62964 16.530 0.009
4432.61551 16.807 0.010
4434.62079 16.934 0.012
4436.59710 16.328 0.009
4438.65976 16.747 0.012
4440.59287 16.912 0.013
4442.55437 16.801 0.014
4444.57918 16.606 0.012
4450.61160 16.509 0.011
4452.58914 16.802 0.012
4454.52620 16.894 0.023
4455.59830 16.747 0.011
4457.53381 16.913 0.016
4459.55392 16.389 0.009
4462.58536 16.771 0.012
4466.60949 16.867 0.012
4471.54414 16.937 0.013
4475.53680 16.712 0.012
4480.57922 16.891 0.012
4482.58618 16.867 0.014
4485.58926 16.984 0.016
4488.59149 16.988 0.015
4609.91387 16.883 0.012
4643.89803 16.871 0.013
4650.93691 16.586 0.009
4655.91632 16.812 0.010
4662.79470 16.903 0.010
4662.91153 16.244 0.008
4663.76632 16.840 0.014
4663.91414 16.899 0.012
4665.83940 16.980 0.014
4665.93323 16.535 0.010
4666.92850 16.890 0.013
4666.93239 16.879 0.014
4670.92150 16.525 0.009
4671.89140 16.968 0.013
4673.87344 16.417 0.009
4674.80185 16.920 0.013
4674.86205 16.936 0.013
4676.92169 16.374 0.010
4677.83729 16.917 0.010
4682.81176 16.915 0.012
4684.84962 16.595 0.009
4686.80960 16.831 0.009
4688.82556 16.956 0.011
4690.75115 16.325 0.008
4691.75417 16.918 0.013
4693.90918 16.400 0.010
4696.88282 16.312 0.010
4697.82134 16.919 0.014
4698.77094 16.625 0.009
4699.76504 16.899 0.011
4700.79978 16.863 0.011
4701.80767 16.605 0.010
4703.76688 16.826 0.011
4704.78564 16.526 0.009
4705.79312 16.989 0.013
4707.78554 16.436 0.008
4709.74133 16.756 0.010
4710.76990 16.303 0.008
4715.74991 16.667 0.010
4716.77560 16.438 0.008
4717.70037 16.884 0.012
4719.78965 16.902 0.012
4721.78330 16.588 0.011
4724.66589 16.379 0.009
4725.74535 16.952 0.011
4728.75092 16.919 0.011
4733.72748 16.368 0.009
4740.66908 16.830 0.011
4741.70446 16.479 0.009
4747.60865 16.294 0.009
4749.60833 16.634 0.012
4753.67932 16.870 0.013
4755.67131 16.578 0.009
4757.65583 16.834 0.011
4759.67052 16.954 0.010
4761.63889 16.381 0.008
4763.65132 16.753 0.012
4767.59707 16.508 0.009
4770.66561 16.593 0.010
4772.60337 16.560 0.009
4774.55792 16.799 0.010
4776.54951 16.920 0.012
4777.65146 16.822 0.013
4780.52014 16.698 0.011
4781.61430 16.306 0.009
4783.58323 16.706 0.011
4785.61859 16.907 0.015
4789.54971 16.556 0.009
4791.53126 16.835 0.012
4793.53867 16.948 0.012
4795.55134 16.421 0.009
4797.54359 16.758 0.011
4798.60694 16.376 0.009
4800.65432 16.765 0.010
4803.54545 16.661 0.010
4804.60055 16.287 0.009
4805.58740 16.891 0.011
4807.52518 16.965 0.021
4809.55453 16.564 0.009
4811.57643 16.849 0.011
4813.55337 16.966 0.015
4815.58928 16.392 0.010
4816.53637 16.924 0.012
4818.58665 16.323 0.009
4820.52814 16.670 0.014
4822.58489 16.906 0.011
4824.56971 16.652 0.012
4826.61935 16.648 0.010
4833.56875 16.935 0.011
4835.59200 16.403 0.010
4837.60295 16.762 0.014
4841.57929 16.235 0.009
4843.57354 16.650 0.011
4846.58263 16.595 0.009
4848.61887 16.868 0.010
4850.60635 17.001 0.013
4854.59759 16.798 0.011
4856.61483 16.929 0.011
4862.56274 16.912 0.010
4868.55309 16.838 0.011
