 466.55764 16.385 0.007
 466.57287 16.407 0.007
 466.60348 16.414 0.007
 466.63302 16.426 0.007
 467.55089 15.860 0.006
 467.58034 15.878 0.006
 467.60980 15.903 0.006
 467.63932 15.929 0.006
 469.56027 16.480 0.008
 469.59887 16.485 0.008
 469.63050 16.504 0.008
 471.61280 16.306 0.008
 471.62801 16.303 0.008
 472.54497 16.534 0.009
 472.55971 16.517 0.012
 472.57438 16.504 0.008
 472.58902 16.529 0.008
 622.89154 16.158 0.008
 624.91810 15.849 0.006
 625.90556 16.225 0.008
 626.87706 16.452 0.008
 627.86330 15.954 0.007
 628.90438 16.277 0.008
 629.90216 16.514 0.009
 631.93312 16.359 0.009
 632.87365 16.317 0.008
 633.90909 16.155 0.008
 635.90392 15.812 0.006
 643.87295 16.415 0.008
 645.84465 16.370 0.008
 647.80239 16.182 0.009
 649.79977 15.860 0.007
 656.86014 16.357 0.008
 657.83242 15.974 0.008
 658.87270 16.183 0.008
 663.77899 15.979 0.008
 664.88392 16.306 0.008
 665.83117 16.519 0.008
 666.84173 16.078 0.007
 667.86097 16.338 0.007
 668.83177 16.130 0.006
 670.79733 16.396 0.008
 671.81939 15.819 0.006
 672.82494 16.228 0.006
 673.79231 16.425 0.008
 684.75271 16.424 0.008
 685.80757 15.934 0.007
 686.70885 16.243 0.008
 687.79020 16.512 0.008
 688.73221 16.018 0.006
 689.75938 16.316 0.007
 697.72553 16.250 0.008
 698.79662 16.493 0.008
 699.69565 15.978 0.007
 700.73643 16.299 0.008
 701.70864 16.505 0.008
 704.73667 16.106 0.008
 706.70232 16.379 0.011
 707.73989 15.841 0.007
 708.76404 16.253 0.008
 712.76460 16.511 0.008
 713.74596 16.067 0.006
 714.76092 16.344 0.007
 715.72649 16.286 0.007
 716.69456 16.134 0.008
 726.69476 16.448 0.008
 728.68789 16.369 0.008
 729.69005 15.813 0.007
 730.67443 16.200 0.007
 733.64088 16.234 0.008
 739.66087 16.344 0.008
 741.62667 16.164 0.007
 742.60292 16.376 0.008
 744.65001 16.232 0.008
 745.60096 16.441 0.008
 746.79173 16.045 0.007
 747.66227 16.299 0.008
 748.62398 16.531 0.008
 749.62937 16.071 0.007
 750.62320 16.314 0.008
 751.63166 16.230 0.008
 752.74605 16.184 0.008
 753.68168 16.400 0.008
 759.63956 16.500 0.008
 760.66520 16.063 0.007
 761.64127 16.329 0.008
 761.74651 16.356 0.008
 762.63263 16.373 0.008
 762.66217 16.272 0.008
 763.64883 16.121 0.008
 763.75959 16.173 0.008
 765.58089 15.817 0.007
 766.61837 16.204 0.008
 766.72125 16.234 0.009
 767.62588 16.436 0.010
 767.68753 16.425 0.012
 767.76379 16.488 0.009
 769.60871 16.252 0.008
 769.68243 16.292 0.008
 770.61486 16.510 0.008
 771.64792 16.050 0.007
 772.60976 16.312 0.008
 773.61490 16.458 0.008
 773.76709 16.105 0.008
 774.60788 16.128 0.007
 775.56577 16.348 0.008
 776.64670 15.804 0.006
 777.62095 16.192 0.007
 778.62431 16.424 0.009
 779.65127 15.909 0.007
 779.76156 15.959 0.007
 780.65109 16.272 0.008
 781.56544 16.466 0.008
 781.74589 16.535 0.009
 782.63096 16.017 0.008
 782.76030 16.074 0.008
 783.54793 16.296 0.007
 784.58993 16.517 0.008
 785.61675 16.111 0.007
 785.76234 16.157 0.007
 786.62043 16.361 0.007
 787.70088 15.804 0.006
 788.63372 16.171 0.007
 788.65928 16.195 0.007
 790.58242 15.862 0.007
 792.56037 16.451 0.009
 795.62504 16.499 0.009
 796.55397 16.049 0.008
 796.73929 16.113 0.009
 797.71409 16.360 0.008
 798.57678 16.226 0.008
 799.71471 16.206 0.007
 800.62974 16.393 0.008
 802.68975 16.246 0.010
 805.61706 16.282 0.009
 806.62724 16.529 0.008
 808.55868 16.306 0.009
 816.68967 16.292 0.008
 817.59975 16.500 0.008
 819.56252 16.312 0.008
 820.63884 16.312 0.008
 822.55939 16.357 0.008
 824.58521 16.185 0.008
 825.65834 16.444 0.010
 828.61851 16.501 0.008
 829.58511 16.020 0.007
 832.59198 16.114 0.008
 833.61187 16.354 0.008
 834.58146 15.841 0.006
 836.55958 16.397 0.009
 838.59256 16.261 0.008
 840.60232 16.023 0.008
 845.55372 16.106 0.007
 850.57720 16.462 0.009
 855.58220 16.335 0.009
 859.57000 15.822 0.006
 866.53453 16.315 0.008
 962.93833 16.286 0.008
 966.93781 16.389 0.008
 970.91422 16.198 0.008
 976.89484 16.290 0.008
 986.84926 15.969 0.007
 987.86283 16.287 0.008
 991.93113 15.961 0.006
 996.93484 16.494 0.008
 998.90589 16.273 0.008
1004.80452 16.393 0.008
1006.83309 16.194 0.008
1020.90258 16.277 0.008
1035.75530 16.521 0.009
1037.78450 16.343 0.008
1041.79267 15.813 0.006
1045.75440 16.266 0.007
1052.77849 15.805 0.006
1055.65168 15.850 0.006
1058.86368 16.083 0.008
1059.78167 16.326 0.008
1061.73442 16.103 0.007
1064.81834 16.195 0.008
1068.71976 16.462 0.008
1072.69990 16.076 0.007
1076.67766 16.389 0.008
1078.68823 16.251 0.008
1081.70078 16.270 0.007
1084.63896 16.326 0.007
1087.65886 16.383 0.008
1090.71525 16.436 0.008
1092.74735 16.283 0.008
1094.65403 16.032 0.006
1106.71907 16.317 0.007
1110.63819 16.046 0.008
1116.59666 15.953 0.006
1120.58526 16.345 0.008
1126.66058 16.449 0.008
1129.55901 16.525 0.009
1132.54209 16.475 0.008
1135.59218 15.801 0.006
1138.64185 15.943 0.006
1140.61924 16.521 0.008
1144.67683 16.125 0.007
1151.55644 16.484 0.008
1155.55804 16.086 0.007
1159.55348 16.396 0.008
1162.58589 16.471 0.008
1164.69946 16.316 0.008
1170.55786 16.370 0.008
1178.66795 16.359 0.008
1182.67982 15.850 0.006
1183.71818 16.245 0.008
1185.70136 15.998 0.006
1188.70065 16.085 0.007
1191.58442 16.118 0.008
1202.59951 16.110 0.008
1205.55093 16.174 0.008
1211.57140 16.303 0.009
1217.58203 16.412 0.008
1220.58453 16.478 0.008
1229.53726 15.827 0.007
1238.53350 16.116 0.013
1327.91767 16.363 0.011
1330.83437 16.400 0.009
1335.88613 16.323 0.008
1340.90566 16.198 0.008
1348.94173 16.115 0.007
1354.91528 16.257 0.008
1360.93501 16.362 0.008
1365.93122 16.248 0.008
1367.85472 15.946 0.008
1374.92682 16.379 0.010
1394.86298 16.468 0.010
1395.89446 16.111 0.008
1397.81612 15.971 0.008
1401.84316 16.236 0.008
1402.92810 16.497 0.008
1407.85117 16.348 0.008
1412.74649 16.212 0.008
1417.90485 16.085 0.007
1430.73745 16.493 0.010
1432.74816 16.357 0.008
1435.70455 16.407 0.009
1439.67104 15.983 0.007
1442.67472 16.065 0.007
1447.74992 15.866 0.008
1451.68615 16.282 0.008
1455.70585 16.279 0.008
1460.74658 16.451 0.008
1462.65221 16.262 0.008
1470.65846 16.182 0.008
1471.77759 16.451 0.008
1472.64568 15.891 0.007
1475.65137 16.012 0.007
1477.58044 16.515 0.010
1481.59820 16.150 0.008
1484.64716 16.232 0.008
1487.64224 16.284 0.008
1490.68103 16.351 0.008
1492.58067 16.132 0.008
1495.53747 16.181 0.008
1499.56609 16.502 0.010
1502.56420 16.453 0.009
1505.63078 15.807 0.007
1508.56616 15.896 0.007
1509.54246 16.249 0.008
1512.64431 16.340 0.009
1515.61901 16.375 0.009
1517.62251 16.190 0.008
1520.60965 16.267 0.008
1524.55738 16.500 0.009
1526.59748 16.363 0.008
1531.64908 16.243 0.008
1543.60656 16.457 0.008
1546.62139 16.522 0.008
1551.58317 16.386 0.008
1555.61666 15.951 0.007
1562.59526 16.377 0.009
1569.57442 16.013 0.007
1575.60025 16.186 0.007
1580.57522 16.018 0.007
1583.57789 16.098 0.008
1587.55768 16.404 0.008
1597.54315 16.142 0.008
1603.55125 16.263 0.008
1608.52697 16.124 0.008
1703.91183 16.511 0.009
1705.91738 16.305 0.008
1716.87773 16.305 0.008
1717.88813 16.475 0.008
1729.92381 16.093 0.006
1732.89362 16.170 0.007
1740.84463 16.061 0.007
1742.89240 16.206 0.008
1744.86157 16.378 0.008
1745.88577 15.826 0.007
1749.86623 16.267 0.007
1750.83813 16.502 0.009
1751.84999 16.039 0.007
1752.81132 16.320 0.008
1753.81239 16.471 0.008
1754.83905 16.116 0.008
1755.80438 16.375 0.009
1756.83387 15.805 0.008
1757.78307 16.180 0.008
1758.78756 16.391 0.008
1759.83193 15.893 0.006
1761.81298 16.479 0.008
1762.79935 16.002 0.007
1763.80236 16.311 0.008
1764.79486 16.504 0.008
1765.78932 16.097 0.008
1766.73036 16.325 0.008
1768.80948 16.166 0.008
1769.71886 16.359 0.008
1771.83491 16.244 0.009
1772.77728 16.458 0.008
1773.74461 15.963 0.007
1776.76741 16.054 0.006
1784.74406 15.929 0.006
1788.80957 16.343 0.008
1803.76991 15.816 0.006
1806.76403 15.883 0.006
1808.83366 16.491 0.011
1811.76205 16.496 0.008
1814.80889 15.810 0.006
1817.77454 15.882 0.006
1822.65200 16.520 0.008
1826.80312 16.176 0.008
1829.74540 16.238 0.008
1846.79340 16.330 0.008
1850.75013 15.801 0.007
1854.80620 16.275 0.007
1858.73008 16.487 0.010
1862.72897 16.183 0.007
1867.75343 16.018 0.007
1871.76002 16.365 0.008
2085.90914 16.039 0.009
2086.88843 16.320 0.010
2103.89525 16.387 0.008
2105.92315 16.254 0.008
2106.89098 16.488 0.010
2112.84336 16.313 0.008
2116.87111 16.217 0.008
2123.81803 16.461 0.010
2128.82553 16.414 0.010
2129.85750 15.912 0.008
2130.84387 16.250 0.009
2131.83748 16.503 0.010
2132.80627 16.020 0.008
2133.89460 16.326 0.011
2134.81000 16.467 0.011
2135.84408 16.116 0.008
2137.89208 15.794 0.008
2140.81134 15.863 0.008
2142.75205 16.453 0.010
2143.81755 15.995 0.008
2144.82425 16.300 0.008
2155.87863 16.306 0.011
2156.82521 16.532 0.011
2160.75460 16.144 0.009
2162.76139 15.809 0.007
2166.75600 16.265 0.008
2167.76446 16.505 0.009
2168.71363 16.014 0.008
2171.73955 16.104 0.007
2172.74617 16.361 0.009
2177.63966 16.229 0.008
2184.70130 16.098 0.009
2185.66480 16.151 0.008
2186.68965 16.383 0.012
2187.68483 15.829 0.008
2188.73199 16.255 0.009
2190.69136 15.966 0.008
2191.66474 16.279 0.008
2192.66325 16.523 0.009
2193.68432 16.062 0.007
2194.65442 16.321 0.008
2203.55089 16.487 0.010
2206.60721 16.485 0.013
2211.64130 16.402 0.009
2212.64513 15.896 0.008
2213.65095 16.251 0.009
2214.64214 16.485 0.011
2215.64912 16.004 0.008
2217.63582 16.505 0.011
2219.67868 16.364 0.009
2224.71356 16.247 0.008
2226.63643 15.997 0.009
2228.55833 16.510 0.010
2229.61659 16.069 0.008
2231.64326 16.111 0.008
2232.50999 16.134 0.010
2233.61341 16.368 0.009
2235.66353 16.245 0.008
2238.54707 16.270 0.009
2240.65138 16.074 0.008
2242.61889 16.323 0.010
2248.60354 15.927 0.007
2250.57686 16.509 0.009
2253.57050 16.472 0.008
2255.60716 16.358 0.009
2258.57346 16.412 0.008
2263.58419 16.294 0.008
2266.55498 16.347 0.009
2271.56456 16.229 0.008
2273.56390 15.990 0.009
2275.59883 16.500 0.011
2276.55838 16.074 0.009
2278.59096 16.084 0.008
2280.58682 16.398 0.010
2284.58970 15.977 0.008
2290.60368 16.150 0.008
2293.56596 16.223 0.008
2295.55870 15.942 0.008
2297.56199 16.502 0.012
2299.56109 16.327 0.010
2301.55335 16.133 0.009
2445.91192 16.330 0.010
2460.87884 15.911 0.009
2463.91518 15.908 0.008
2465.92794 16.506 0.009
2467.90093 16.320 0.009
2469.90031 16.093 0.008
2471.88975 16.009 0.008
2472.91922 16.201 0.007
2473.89113 16.396 0.008
2481.90282 16.337 0.011
2483.88864 16.169 0.008
2486.88565 16.221 0.009
2488.87656 15.983 0.009
2489.92299 16.288 0.009
2492.90335 16.339 0.009
2496.90310 15.802 0.007
2497.92651 16.211 0.008
2498.77378 16.419 0.010
2499.85936 15.919 0.007
2500.86493 16.259 0.008
2501.85389 16.506 0.009
2502.83412 16.021 0.008
2508.74536 16.178 0.011
2516.77666 16.076 0.009
2517.82340 16.359 0.009
2518.79484 16.114 0.008
2519.83174 16.160 0.008
2520.79113 16.375 0.009
2521.82327 15.843 0.007
2524.82152 15.978 0.009
2526.77770 16.506 0.009
2534.83408 16.458 0.011
2535.81429 15.949 0.008
2537.70207 16.492 0.012
2538.79803 16.036 0.008
2539.70185 16.319 0.009
2540.74273 16.437 0.012
2541.71375 16.111 0.008
2542.68354 16.351 0.009
2544.66208 16.165 0.008
2545.67711 16.401 0.008
2547.69512 16.243 0.008
2548.71156 16.465 0.009
2550.70669 16.296 0.009
2551.69333 16.517 0.009
2553.64905 16.344 0.011
2554.70257 16.077 0.008
2555.71050 16.178 0.008
2556.68952 16.383 0.009
2557.70206 15.836 0.007
2558.65854 16.219 0.008
2559.61544 16.457 0.010
2560.64850 15.935 0.008
2561.67405 16.275 0.011
2562.66694 16.517 0.010
2563.67487 16.055 0.008
2564.69026 16.336 0.009
2565.68116 16.292 0.009
2566.66144 16.135 0.008
2568.69242 15.805 0.008
2571.64511 15.941 0.009
2573.65854 16.509 0.012
2574.64237 16.037 0.008
2577.62924 16.112 0.009
2578.62931 16.358 0.009
2579.63596 15.828 0.008
2580.64808 16.185 0.008
2583.61939 16.246 0.009
2584.62675 16.467 0.010
2586.62397 16.315 0.008
2587.60838 16.501 0.010
2588.71680 16.126 0.008
2589.59832 16.353 0.009
2590.61345 16.022 0.008
2591.63659 16.163 0.008
2593.60559 15.850 0.007
2594.60936 16.235 0.010
2596.58489 15.969 0.008
2597.57206 16.279 0.009
2598.64593 16.519 0.011
2599.60541 16.070 0.009
2607.62660 15.981 0.008
2610.54642 16.049 0.009
2613.54032 16.118 0.009
2615.56917 15.808 0.008
2619.55687 16.266 0.010
2621.56577 16.015 0.008
2625.54841 16.346 0.011
2628.54178 16.380 0.013
2632.54820 16.007 0.008
2636.54337 16.363 0.011
2639.54386 16.396 0.010
2642.55261 16.470 0.012
2646.56543 16.088 0.008
2651.53746 15.829 0.008
2654.55527 15.974 0.008
2657.55813 16.067 0.008
2660.55391 16.142 0.008
2671.55158 16.132 0.009
2673.56338 15.834 0.008
2676.52475 15.906 0.008
2679.53811 16.020 0.008
2682.54043 16.126 0.009
2777.90295 16.498 0.013
2804.86989 16.329 0.011
2811.90436 15.948 0.010
2814.94001 16.057 0.008
2817.92658 16.133 0.008
2831.78143 16.158 0.009
2832.74739 16.378 0.011
2832.92536 16.423 0.010
2833.86530 15.891 0.008
2835.87395 16.487 0.011
2837.87502 16.292 0.012
2838.93218 16.469 0.012
2840.82492 16.344 0.011
2843.82636 16.388 0.008
2844.87219 15.857 0.008
2845.91818 16.247 0.010
2849.85561 16.532 0.011
2850.88837 16.080 0.008
2851.93194 16.345 0.010
2852.80262 16.377 0.010
2853.94203 16.170 0.008
2856.81529 16.218 0.009
2858.90934 15.981 0.008
2860.87534 16.522 0.010
2861.74651 16.006 0.008
2862.92552 16.346 0.010
2863.83472 16.402 0.012
2865.83162 16.365 0.009
2866.88126 15.801 0.008
2867.82127 16.187 0.008
2868.76894 16.400 0.010
2869.90194 15.951 0.008
2870.81554 16.259 0.008
2871.85846 16.491 0.009
2875.79802 16.090 0.009
2876.77573 16.340 0.009
2877.79763 15.914 0.008
2879.73926 16.382 0.008
2883.82540 16.007 0.008
2885.76020 16.513 0.010
2888.80852 16.051 0.008
2892.79988 16.229 0.010
2894.72904 15.942 0.008
2896.72614 16.503 0.010
2898.74712 16.338 0.009
2900.74596 16.137 0.008
2902.74548 15.790 0.007
2905.75268 15.911 0.008
2907.75408 16.510 0.009
2909.74319 16.323 0.007
2911.73455 16.113 0.008
2915.70602 16.409 0.009
2917.73213 16.258 0.008
2921.72988 16.505 0.011
2923.75183 16.366 0.010
2925.71480 16.175 0.008
2927.71233 15.859 0.008
2930.73038 15.996 0.008
2932.73689 16.518 0.010
2934.71672 16.342 0.008
2937.64073 16.365 0.009
2939.69337 16.218 0.008
2940.63350 16.428 0.008
2941.68332 15.947 0.007
2942.63345 16.253 0.009
2943.60468 16.495 0.011
2944.58927 16.012 0.008
2945.60604 16.319 0.011
2947.61554 16.110 0.008
2949.59685 15.892 0.008
2950.64160 16.183 0.008
2951.62878 16.419 0.010
2952.65771 15.903 0.008
2954.68263 16.496 0.011
2956.62862 16.308 0.008
2958.62303 16.101 0.008
2961.59410 16.166 0.011
2968.59386 16.502 0.011
2970.61311 16.337 0.008
2972.59760 16.154 0.008
2974.59835 15.817 0.007
2976.54805 16.429 0.010
2978.57415 16.263 0.011
2980.59102 16.041 0.009
2982.53624 16.434 0.010
2984.62711 16.370 0.011
2986.63724 16.222 0.009
2988.52960 15.899 0.009
2991.60267 16.050 0.008
2994.58439 16.106 0.008
2997.55718 16.184 0.008
3001.57363 16.499 0.010
3005.53170 16.070 0.010
3008.55336 16.191 0.010
3008.55802 16.187 0.010
3011.56139 16.235 0.010
3016.58805 16.081 0.008
3018.57452 16.091 0.008
3020.60257 16.405 0.009
3021.61538 15.866 0.006
3023.57128 16.462 0.009
3025.56979 16.288 0.009
3027.60330 16.080 0.008
3029.57520 16.222 0.008
3031.57974 16.383 0.009
3033.58211 16.216 0.008
3037.52913 16.510 0.012
3164.92956 16.027 0.008
3183.91153 16.507 0.010
3193.87929 16.272 0.009
3195.93849 16.060 0.008
3197.91395 16.427 0.009
3201.87137 16.189 0.008
3203.87932 15.883 0.007
3206.81719 16.002 0.008
3210.89322 16.362 0.009
3211.88465 15.967 0.007
3215.66076 16.183 0.010
3216.72877 16.404 0.012
3217.92930 15.983 0.008
3218.91393 16.273 0.012
3223.83478 16.151 0.008
3226.82503 16.218 0.008
3229.83216 16.264 0.008
3231.81430 16.049 0.009
3239.79267 15.903 0.007
3240.78993 16.257 0.009
3241.81429 16.494 0.009
3242.71361 15.967 0.008
3243.85006 16.315 0.009
3244.82725 16.430 0.011
3245.77639 16.115 0.008
3246.76884 16.347 0.011
3247.76260 16.034 0.008
3249.72731 16.390 0.009
3251.74083 16.239 0.008
3254.72795 16.294 0.008
3257.74436 16.349 0.008
3259.66354 16.116 0.008
3261.70164 15.799 0.006
3263.68434 16.441 0.008
3265.71873 16.271 0.008
3267.70757 16.035 0.006
3269.78399 16.265 0.010
3270.74081 16.128 0.008
3271.66364 16.353 0.009
3272.72083 15.800 0.007
3274.70670 16.417 0.009
3276.71113 16.272 0.009
3277.74427 16.511 0.010
3279.67659 16.304 0.008
3281.64027 16.097 0.007
3283.64171 16.086 0.007
3287.60793 16.193 0.008
3289.61900 15.977 0.007
3293.59579 16.337 0.008
3295.61458 16.145 0.006
3297.59633 15.800 0.006
3299.65270 16.467 0.007
3301.62694 16.270 0.009
3303.68919 16.077 0.008
3306.62174 16.123 0.007
3308.60946 15.811 0.008
3310.60859 16.424 0.009
3312.65261 16.278 0.008
3314.56347 16.015 0.008
3320.60130 16.184 0.008
3327.55626 16.519 0.009
3330.55049 16.185 0.008
3335.59532 16.468 0.010
3338.59893 16.504 0.009
3349.59526 16.520 0.009
3353.57435 16.148 0.008
3359.55088 16.257 0.008
3363.55822 16.471 0.010
3367.61754 16.203 0.008
3372.54829 16.004 0.007
3376.52760 16.353 0.011
3378.59455 16.190 0.008
3386.56098 16.077 0.007
3390.57456 16.388 0.010
3398.55632 16.350 0.009
3402.54472 15.821 0.006
3528.93692 16.512 0.010
3541.92972 16.299 0.008
3547.91431 16.387 0.008
3554.92252 16.071 0.008
3560.94464 16.202 0.008
3564.90680 16.495 0.008
3568.83766 16.096 0.007
3570.77838 16.135 0.009
3571.80071 16.178 0.010
3573.83820 15.882 0.008
3574.87719 16.259 0.008
3577.83586 16.300 0.008
3578.89443 16.491 0.008
3579.79927 16.067 0.007
3581.84420 16.085 0.008
3581.86691 15.992 0.007
3582.82909 16.176 0.008
3583.83350 16.378 0.008
3586.80784 16.446 0.008
3588.82573 16.277 0.007
3589.81854 16.528 0.008
3591.87334 16.348 0.007
3593.81090 16.134 0.008
3596.89136 16.252 0.008
3601.80899 16.042 0.008
3607.81440 16.207 0.008
3614.78579 16.493 0.008
3617.76529 15.983 0.007
3619.69821 16.376 0.008
3621.71667 16.222 0.008
3624.86497 16.293 0.009
3626.71435 16.052 0.007
3629.66796 16.128 0.008
3631.73033 15.810 0.007
3633.69564 16.431 0.010
3637.64955 16.026 0.008
3639.69963 16.421 0.007
3641.69619 16.385 0.008
3643.72056 16.210 0.007
3646.65552 16.242 0.008
3650.65877 16.511 0.009
3650.68281 16.480 0.009
3651.73275 16.114 0.007
3653.72891 15.810 0.006
3655.69509 16.402 0.008
3657.64587 16.236 0.008
3658.65030 16.456 0.009
3659.63835 15.983 0.008
3660.66847 16.296 0.009
3663.55998 16.317 0.010
3665.63356 16.126 0.008
3668.57198 16.197 0.008
3669.67074 16.437 0.010
3671.62890 16.268 0.008
3673.67376 16.056 0.008
3675.65834 16.280 0.008
3683.64765 16.500 0.009
3685.65278 16.312 0.008
3687.65145 16.117 0.008
3689.59984 15.853 0.007
3692.57568 15.866 0.007
3694.55966 16.447 0.010
3696.56018 16.292 0.008
3698.59387 16.092 0.008
3700.57480 16.065 0.008
3702.58409 16.387 0.008
3704.59036 16.226 0.008
3706.61079 16.001 0.007
3708.58367 16.521 0.010
3711.59026 16.173 0.009
3714.52401 15.806 0.009
3718.60452 16.286 0.009
3721.55342 16.341 0.009
3724.56310 16.364 0.008
3726.58366 16.201 0.008
3728.55677 15.917 0.007
3734.56022 16.130 0.008
3737.57590 16.185 0.008
3742.53452 16.006 0.009
3746.55980 16.344 0.010
3751.53618 16.224 0.011
3756.55244 16.105 0.008
3761.60271 15.869 0.007
3766.52751 16.504 0.011
3772.55033 15.819 0.007
3776.55040 16.288 0.008
3871.87630 15.811 0.008
3901.93882 16.489 0.010
3906.93909 16.385 0.008
3913.91603 16.072 0.007
3918.87954 15.817 0.006
3931.91488 16.420 0.009
3934.85790 16.488 0.008
3936.86610 16.317 0.008
3938.85009 16.115 0.008
3944.89748 16.251 0.008
3946.86561 16.005 0.007
3951.88502 15.885 0.007
3955.85015 16.236 0.009
3958.82667 16.265 0.009
3960.82682 16.068 0.007
3963.82353 16.147 0.009
3965.81541 15.808 0.006
3967.83526 16.451 0.008
3969.80090 16.277 0.008
3971.77709 16.017 0.007
3974.77883 16.125 0.008
3979.73419 15.868 0.007
3980.61754 16.219 0.009
3981.64383 16.451 0.008
3983.83415 16.324 0.009
3986.69571 16.338 0.009
3987.66675 16.295 0.008
3990.79002 15.876 0.006
3993.73482 15.967 0.007
3995.74009 16.515 0.008
3999.74936 16.152 0.007
4002.72150 16.215 0.007
4004.67329 15.929 0.007
4006.69950 16.512 0.008
4007.56288 15.992 0.007
4008.57181 16.298 0.008
4009.73327 16.338 0.008
4013.69838 16.203 0.008
4015.68067 15.913 0.008
4015.69690 15.910 0.008
4018.69606 16.023 0.007
4019.68463 16.308 0.008
4021.67712 16.113 0.007
4024.65059 16.180 0.008
4026.62947 15.849 0.006
4028.62543 16.456 0.008
4030.63799 16.287 0.008
4032.69009 16.073 0.008
4037.66628 15.843 0.006
4039.60422 16.434 0.008
4041.60374 16.267 0.009
4043.58944 16.048 0.008
4046.59877 16.113 0.008
4048.56467 15.821 0.007
4050.60679 16.410 0.008
4052.55889 16.242 0.008
4054.61307 16.029 0.007
4056.58516 16.485 0.009
4058.61871 16.353 0.008
4060.51755 16.159 0.008
4064.51518 16.466 0.009
4066.55665 16.300 0.008
4069.51502 16.345 0.011
4073.59859 15.856 0.007
4077.52194 16.271 0.009
4079.52388 16.051 0.009
4082.52384 16.145 0.009
4085.56155 16.210 0.008
4092.55760 16.363 0.008
4096.58355 16.227 0.008
4100.58634 16.472 0.010
4105.55417 16.351 0.009
4108.53042 16.395 0.010
4113.60831 16.335 0.008
4120.57914 15.893 0.006
4126.57697 16.085 0.008
4252.92626 15.791 0.008
4255.84555 15.870 0.008
4268.89906 16.466 0.010
4275.92119 16.174 0.009
4279.79887 16.425 0.013
4282.80943 16.514 0.011
4283.86237 16.063 0.009
4285.91669 16.120 0.008
4291.93747 15.965 0.008
4292.85599 16.257 0.008
4295.86004 16.323 0.008
4296.88980 16.340 0.008
4297.92266 16.142 0.008
4299.85747 15.787 0.007
4300.87896 16.206 0.008
4301.89697 16.432 0.008
4302.91858 15.945 0.008
4306.86321 16.324 0.010
4307.89749 16.410 0.008
4308.65864 16.041 0.008
4308.86662 16.103 0.008
4310.83897 15.885 0.008
4311.82652 16.177 0.011
4312.90040 16.407 0.008
4314.91987 16.268 0.009
4316.82641 15.992 0.008
4319.86359 16.087 0.008
4320.89045 16.348 0.010
4326.83432 16.455 0.009
4327.81259 15.981 0.008
4328.82822 16.299 0.009
4329.83076 16.524 0.010
4330.85900 16.088 0.008
4333.86030 16.158 0.008
4338.90068 15.993 0.008
4340.77316 16.503 0.010
4341.76831 16.029 0.008
4342.82417 16.342 0.010
4343.76181 16.470 0.010
4344.74396 16.114 0.008
4345.78995 16.361 0.008
4347.77884 16.199 0.008
4349.79203 15.916 0.008
4351.72913 16.465 0.011
4353.75235 16.293 0.010
4357.70122 16.153 0.009
4359.69915 16.390 0.008
4361.70171 16.230 0.009
4362.72443 16.435 0.010
4364.58347 16.261 0.010
4367.68098 16.338 0.010
4370.67263 16.372 0.010
4372.73610 16.219 0.008
4376.65149 16.492 0.011
4378.61807 16.301 0.009
4379.64603 16.467 0.010
4380.75888 16.144 0.008
4382.68633 15.805 0.007
4386.66139 16.247 0.008
4388.66187 16.015 0.008
4390.67086 16.482 0.009
4393.64464 15.980 0.008
4395.67952 16.399 0.010
4398.64496 16.448 0.010
4400.66784 16.292 0.009
4403.69363 16.352 0.009
4407.63372 15.827 0.008
4408.67990 16.229 0.009
4410.70284 15.999 0.008
4415.68697 16.141 0.008
4418.59364 15.792 0.007
4422.65487 16.289 0.009
4424.65193 16.051 0.008
4427.53863 16.085 0.008
4429.56456 15.909 0.009
4431.56900 16.390 0.010
4433.57486 16.241 0.008
4435.56321 15.991 0.008
4437.65225 16.433 0.012
4439.56412 16.340 0.010
4441.59995 16.174 0.008
4443.59068 15.870 0.008
4449.64470 16.090 0.008
4451.59983 16.071 0.008
4453.58181 16.376 0.010
4456.58324 16.468 0.012
4459.53574 16.508 0.012
4464.57543 16.361 0.009
4465.54136 15.799 0.008
4470.56029 16.497 0.012
4474.59679 16.153 0.009
4476.57493 15.804 0.007
4479.59974 15.942 0.008
4481.58441 16.498 0.010
4484.60109 16.449 0.013
4487.62265 15.806 0.008
4609.89594 16.130 0.009
4643.88061 16.342 0.009
4649.93082 16.471 0.010
4661.89396 15.960 0.007
4662.77668 16.230 0.008
4662.89360 16.269 0.008
4663.74837 16.495 0.010
4663.93227 16.514 0.010
4665.82132 16.313 0.010
4665.91527 16.334 0.010
4666.90913 16.255 0.009
4670.90358 16.203 0.008
4671.81782 16.410 0.009
4672.87754 15.926 0.007
4675.89515 16.025 0.008
4681.87488 16.197 0.008
4683.87013 15.908 0.007
4685.85625 16.479 0.010
4688.80759 16.520 0.009
4690.73315 16.331 0.008
4691.73602 16.344 0.010
4693.89111 16.421 0.010
4696.84103 16.453 0.012
4698.75286 16.290 0.008
4699.74687 16.511 0.009
4700.78438 16.066 0.008
4701.78958 16.325 0.009
4702.84972 16.130 0.008
4703.74876 16.131 0.008
4704.76761 16.378 0.008
4705.77485 15.815 0.008
4707.76752 16.422 0.008
4708.83578 15.971 0.007
4710.75175 16.488 0.008
4716.75326 15.830 0.007
4719.74543 15.914 0.008
4721.73439 16.479 0.010
4724.76409 16.482 0.009
4726.65976 16.342 0.009
4729.67074 16.384 0.010
4731.76099 16.239 0.008
4734.74331 16.299 0.008
4736.70809 16.093 0.008
4739.64937 16.133 0.008
4741.72395 15.819 0.006
4747.59056 15.987 0.008
4749.59013 16.504 0.011
4753.65929 16.187 0.009
4755.65321 15.899 0.007
4757.63765 16.479 0.009
4759.65027 16.299 0.008
4761.62054 16.081 0.007
4763.63318 15.962 0.008
4766.60140 15.856 0.008
4769.63947 15.996 0.008
4771.55054 16.483 0.011
4773.67535 16.367 0.008
4775.66219 16.178 0.008
4777.59594 15.814 0.007
4779.63153 16.440 0.009
4781.58145 16.263 0.008
4783.56507 16.028 0.008
4785.59617 16.365 0.009
4789.53158 16.188 0.009
4790.61380 16.440 0.008
4791.61210 15.934 0.007
4793.51623 16.499 0.011
4795.53328 16.300 0.008
4797.52548 16.085 0.008
4798.58878 16.365 0.010
4800.63607 16.207 0.008
4803.52739 16.243 0.009
4804.57757 16.498 0.011
4806.58659 16.318 0.009
4808.54482 16.102 0.008
4808.61232 16.113 0.008
4810.55526 16.051 0.008
4813.59461 15.884 0.008
4815.57074 16.474 0.010
4817.58728 16.289 0.008
4819.58688 16.088 0.008
4821.62878 15.947 0.007
4823.58957 16.383 0.009
4825.61801 16.243 0.008
4832.59113 16.227 0.008
4835.57295 15.820 0.008
4839.59446 16.277 0.009
4842.56152 16.331 0.010
4844.57001 16.136 0.008
4847.62632 16.219 0.011
4849.58618 15.932 0.007
4853.58361 16.324 0.009
4856.57754 16.355 0.008
4865.55067 16.509 0.010
4936.91655 16.400 0.011
4940.89923 15.990 0.008
4940.90309 15.990 0.008
4953.89694 16.508 0.010
4954.88836 16.073 0.008
