 621.87796 15.574 0.007
 625.93823 15.025 0.005
 627.92715 15.580 0.006
 628.93648 15.157 0.005
 629.88031 15.328 0.006
 632.93681 15.331 0.006
 635.93639 15.309 0.005
 643.90515 15.695 0.006
 645.90867 15.534 0.006
 657.86495 15.485 0.007
 664.82792 15.678 0.006
 664.91644 15.704 0.007
 666.91399 15.459 0.006
 667.92481 15.680 0.006
 668.89536 15.080 0.005
 670.86102 15.662 0.006
 671.88360 15.053 0.005
 673.73932 15.615 0.006
 684.81612 15.372 0.006
 685.75469 15.593 0.006
 686.79709 15.080 0.005
 688.90192 15.604 0.006
 689.79193 15.252 0.005
 698.90396 15.313 0.006
 700.76905 15.553 0.006
 706.73751 15.530 0.006
 712.74143 15.498 0.006
 713.77909 15.720 0.006
 714.79453 15.203 0.005
 716.72813 15.706 0.006
 722.66897 15.675 0.006
 726.76107 15.095 0.005
 729.72680 15.048 0.005
 730.65092 15.415 0.006
 739.77789 15.405 0.006
 741.70442 14.963 0.005
 742.79490 15.402 0.006
 744.74671 14.968 0.005
 745.69800 15.369 0.005
 748.59843 15.337 0.006
 750.60072 15.463 0.006
 751.60785 15.318 0.007
 752.81039 15.598 0.007
 753.75102 15.116 0.005
 754.71757 15.332 0.006
 755.60663 15.565 0.007
 759.61266 15.655 0.006
 760.61905 15.267 0.005
 761.61600 15.544 0.006
 762.74114 15.543 0.006
 763.62557 15.251 0.006
 763.70618 15.280 0.006
 763.79484 15.309 0.007
 764.71282 15.559 0.007
 765.65690 15.702 0.007
 766.55309 15.216 0.007
 766.69373 15.255 0.006
 767.60220 15.524 0.007
 767.66093 15.530 0.006
 767.75555 15.556 0.006
 769.58514 15.201 0.006
 772.58619 15.174 0.006
 772.76739 15.263 0.006
 773.64803 15.502 0.006
 775.63038 15.187 0.005
 776.61963 15.486 0.006
 776.77223 15.526 0.006
 777.56428 15.695 0.007
 778.60213 15.147 0.005
 778.69304 15.188 0.006
 779.58248 15.457 0.006
 779.73726 15.505 0.006
 780.58645 15.674 0.007
 780.75542 15.716 0.007
 781.63712 15.144 0.005
 782.57171 15.457 0.006
 782.67134 15.481 0.006
 783.61751 15.684 0.006
 784.66298 15.124 0.005
 785.55936 15.433 0.006
 786.56558 15.656 0.006
 787.64728 15.096 0.005
 788.57552 15.429 0.006
 795.60299 15.648 0.006
 796.59019 15.006 0.005
 796.71759 15.071 0.005
 797.57106 15.397 0.006
 798.64050 15.641 0.006
 800.57564 15.393 0.006
 802.66730 14.988 0.005
 806.57337 15.362 0.006
 808.59164 14.990 0.005
 816.66794 15.593 0.006
 817.66321 15.148 0.005
 819.64234 15.565 0.006
 822.62871 15.536 0.006
 824.64871 15.302 0.006
 825.63641 15.562 0.006
 828.68178 15.550 0.006
 829.64842 15.642 0.006
 830.56589 15.248 0.006
 832.65522 15.670 0.006
 834.55752 15.513 0.006
 836.62291 15.224 0.006
 838.64176 15.702 0.006
 842.64607 15.200 0.005
 845.62777 15.161 0.005
 855.61454 15.448 0.006
 860.54899 15.015 0.005
 867.54512 15.383 0.006
 874.54392 15.587 0.006
 963.92731 14.970 0.005
 986.91369 15.549 0.006
1008.90417 15.684 0.007
1020.86741 15.639 0.006
1025.85302 15.394 0.006
1035.82074 15.582 0.006
1037.84790 15.355 0.006
1038.86602 15.597 0.007
1053.73874 15.521 0.006
1058.80687 15.220 0.006
1059.85241 15.525 0.006
1061.83888 15.217 0.005
1064.79537 15.176 0.006
1069.70876 15.686 0.006
1074.68995 15.434 0.006
1077.68440 15.410 0.005
1079.69466 15.008 0.005
1090.66003 15.608 0.006
1095.75033 15.380 0.006
1102.68918 15.576 0.006
1112.70056 15.671 0.006
1128.60357 15.113 0.006
1132.62944 15.462 0.006
1138.67458 15.449 0.005
1140.68293 15.072 0.005
1144.70956 15.432 0.006
1151.62084 15.610 0.006
1154.57800 15.603 0.006
1163.69094 15.600 0.007
1164.73651 14.985 0.005
1190.56112 15.456 0.006
1202.63673 15.458 0.007
1211.60970 15.420 0.006
1216.59766 14.980 0.005
1235.54710 15.305 0.006
1329.83940 15.279 0.006
1407.91621 15.690 0.007
1418.78879 15.470 0.006
1435.73701 14.967 0.005
1439.83479 15.399 0.006
1442.79918 15.383 0.006
1481.62351 15.092 0.005
1487.58427 15.009 0.005
1494.71779 15.409 0.006
1502.62797 14.977 0.005
1506.62303 15.359 0.006
1509.60657 15.329 0.006
1546.65399 15.464 0.007
1551.61597 15.081 0.005
1555.59412 15.416 0.006
1562.62833 15.625 0.007
1568.60184 15.600 0.006
1573.59681 15.355 0.006
1579.58041 15.331 0.006
1581.60766 15.415 0.006
1584.59250 15.554 0.006
1586.60362 15.555 0.006
1588.57714 15.277 0.006
1590.57424 15.672 0.007
1602.57288 15.724 0.007
1607.56310 15.465 0.006
1738.90036 15.581 0.006
1749.89865 15.270 0.005
1750.90199 15.550 0.006
1751.88250 15.682 0.007
1763.86837 15.721 0.007
1766.82823 15.687 0.007
1769.75717 15.665 0.006
1773.81811 15.069 0.005
1775.82967 15.661 0.006
1785.80672 14.960 0.006
1788.84185 14.970 0.005
1789.77453 15.369 0.005
1809.80190 15.625 0.006
1812.77576 15.683 0.006
1815.83219 15.677 0.006
1821.72881 15.722 0.006
1823.79805 15.510 0.006
1829.72316 15.474 0.006
1830.79017 15.694 0.007
1864.73452 15.255 0.006
1865.74055 15.336 0.005
2104.86893 15.744 0.007
2112.90925 15.515 0.006
2114.86864 15.166 0.006
2115.88530 15.487 0.007
2116.90965 15.719 0.007
2117.87158 15.128 0.006
2123.86163 15.077 0.006
2128.86705 15.662 0.008
2130.80588 15.414 0.007
2131.79887 15.638 0.007
2132.84364 15.014 0.006
2133.85465 15.420 0.007
2135.88360 15.004 0.005
2136.88995 15.407 0.007
2140.85269 15.604 0.007
2141.76288 15.183 0.007
2142.85738 15.399 0.007
2143.86078 15.617 0.007
2144.78859 15.235 0.006
2156.71325 15.717 0.007
2160.79248 15.278 0.007
2162.80283 15.712 0.007
2165.79026 15.732 0.007
2166.79366 15.233 0.006
2167.72690 15.508 0.007
2168.75147 15.728 0.007
2172.78359 15.192 0.006
2173.74576 15.495 0.007
2174.72951 15.716 0.007
2177.67763 15.691 0.007
2184.73896 15.080 0.006
2185.70239 15.438 0.007
2187.64725 15.000 0.006
2189.72882 15.647 0.008
2190.72891 15.013 0.006
2191.63918 15.385 0.007
2192.69813 15.632 0.007
2193.71907 14.984 0.005
2194.69015 15.400 0.006
2200.70457 15.384 0.007
2203.59279 15.341 0.007
2206.64251 15.351 0.007
2208.68660 15.317 0.007
2211.69452 15.424 0.007
2212.68113 15.327 0.007
2214.68112 15.566 0.007
2215.71713 15.302 0.007
2217.67628 15.650 0.008
2219.71326 15.575 0.007
2222.76258 15.579 0.007
2223.66767 15.713 0.007
2225.63187 15.514 0.007
2227.52601 15.188 0.007
2228.59359 15.488 0.007
2230.53167 15.150 0.006
2232.54469 15.706 0.007
2234.58670 15.476 0.007
2236.57594 15.120 0.006
2239.52346 15.078 0.007
2241.56825 15.679 0.007
2243.60662 15.449 0.007
2249.56276 15.417 0.006
2251.61287 15.019 0.006
2254.55604 14.976 0.006
2256.58785 15.628 0.007
2259.60873 15.626 0.007
2262.61522 15.621 0.007
2266.60706 15.036 0.006
2271.58199 15.590 0.007
2273.58124 15.327 0.007
2276.57588 15.313 0.007
2280.56984 15.561 0.007
2285.56577 15.258 0.006
2289.60164 15.551 0.007
2291.60688 15.246 0.006
2293.60315 15.747 0.007
2295.59986 15.524 0.007
2297.60443 15.208 0.006
2299.59907 15.721 0.007
2301.59061 15.488 0.007
2453.87676 15.518 0.008
2460.92341 15.708 0.009
2464.88078 15.134 0.006
2466.87431 15.689 0.007
2468.86857 15.453 0.007
2470.85951 15.075 0.006
2472.87959 15.677 0.006
2474.85038 15.430 0.007
2481.86388 15.627 0.008
2483.92648 15.405 0.007
2486.92728 15.408 0.007
2489.80806 15.376 0.005
2490.80555 15.592 0.008
2497.80189 15.480 0.007
2498.81183 15.328 0.007
2499.89685 15.582 0.007
2500.90525 15.290 0.006
2501.89178 15.324 0.007
2502.87203 15.571 0.007
2508.78263 15.539 0.007
2516.81503 15.219 0.007
2517.86201 15.526 0.007
2518.83627 15.706 0.007
2519.78757 15.184 0.006
2520.82973 15.495 0.007
2521.78032 15.714 0.007
2524.78327 15.706 0.007
2526.81522 15.466 0.006
2529.77375 15.461 0.007
2535.73336 15.436 0.007
2537.73986 15.027 0.006
2538.84030 15.420 0.007
2539.73671 15.625 0.007
2540.78054 14.998 0.006
2541.74875 15.406 0.007
2542.71837 15.627 0.007
2544.69961 15.381 0.007
2545.71188 15.604 0.007
2547.73000 15.378 0.007
2548.74917 15.613 0.007
2550.74434 15.370 0.007
2551.73092 15.587 0.007
2552.74686 14.992 0.006
2553.68764 15.346 0.007
2554.74001 15.591 0.007
2555.74797 15.102 0.006
2556.72719 15.329 0.006
2557.73953 15.589 0.007
2558.69608 15.420 0.007
2559.65299 15.304 0.006
2560.68613 15.571 0.007
2562.70433 15.299 0.007
2563.71234 15.560 0.007
2564.72875 15.558 0.007
2565.72465 15.296 0.007
2566.70361 15.542 0.007
2568.77140 15.289 0.007
2571.69088 15.264 0.007
2572.75934 15.554 0.007
2573.69748 15.697 0.008
2574.67722 15.209 0.006
2576.72169 15.700 0.007
2577.67993 15.197 0.007
2578.66498 15.491 0.007
2579.67512 15.716 0.007
2580.68340 15.174 0.006
2583.65963 15.150 0.006
2584.66194 15.475 0.007
2587.64623 15.466 0.007
2588.65812 15.697 0.007
2589.63710 15.104 0.006
2590.65409 15.457 0.007
2591.68687 15.694 0.007
2593.64365 15.443 0.007
2594.64932 15.670 0.007
2596.62285 15.431 0.007
2597.61011 15.655 0.007
2598.69044 15.049 0.006
2599.65094 15.422 0.007
2608.55159 15.378 0.007
2610.58827 15.015 0.006
2613.57984 15.119 0.007
2615.61096 15.601 0.007
2620.58584 15.330 0.007
2622.53355 15.621 0.007
2625.58699 15.597 0.008
2629.52762 15.255 0.007
2632.56569 15.263 0.006
2636.56212 15.534 0.007
2639.56139 15.516 0.007
2643.53435 15.719 0.008
2649.53902 15.704 0.007
2651.57560 15.488 0.007
2655.53292 15.682 0.010
2658.54930 15.685 0.008
2661.56186 15.667 0.007
2665.52880 14.999 0.007
2669.55497 15.416 0.007
2674.53847 14.981 0.006
2676.55992 15.612 0.007
2678.64248 15.395 0.007
2680.52963 15.184 0.007
2683.55379 15.254 0.007
2804.83169 15.711 0.009
2805.88811 15.173 0.007
2811.94114 15.150 0.007
2815.91496 15.467 0.007
2818.92286 15.461 0.007
2829.86160 14.980 0.006
2831.85182 15.621 0.007
2832.80514 14.989 0.006
2833.90371 15.399 0.007
2835.89245 14.976 0.006
2838.87637 15.009 0.006
2840.88159 15.605 0.007
2843.86755 15.586 0.007
2844.90892 15.151 0.007
2848.81557 15.305 0.007
2849.89360 15.585 0.007
2850.92515 15.394 0.007
2852.85378 15.573 0.007
2854.86513 15.288 0.007
2857.87244 15.278 0.007
2859.85556 15.711 0.007
2860.91208 15.280 0.006
2861.78382 15.512 0.007
2862.86991 15.722 0.007
2863.87183 15.252 0.007
2865.79423 15.717 0.007
2867.78374 15.489 0.007
2868.82438 15.722 0.007
2869.84574 15.188 0.006
2870.85242 15.501 0.007
2872.77654 15.131 0.006
2875.84369 15.152 0.006
2876.81264 15.465 0.007
2877.84213 15.705 0.007
2879.80688 15.457 0.007
2884.75690 15.032 0.006
2886.76270 15.658 0.007
2890.72865 14.987 0.007
2893.78019 14.985 0.006
2895.79104 15.631 0.007
2897.73864 15.375 0.007
2899.77094 14.994 0.006
2903.78965 15.355 0.006
2906.73842 15.337 0.006
2908.71543 15.518 0.007
2910.71027 15.570 0.007
2912.71555 15.307 0.005
2916.72891 15.562 0.007
2918.70595 15.266 0.007
2922.70548 15.533 0.007
2924.64631 15.190 0.006
2926.64042 15.713 0.007
2929.70185 15.726 0.007
2931.67771 15.489 0.007
2933.68998 15.155 0.006
2935.65286 15.694 0.007
2937.67801 15.465 0.007
2939.65620 15.089 0.006
2940.67049 15.454 0.007
2941.64615 15.673 0.007
2942.67377 15.084 0.006
2943.64249 15.441 0.007
2944.62625 15.652 0.007
2946.62483 15.416 0.007
2947.65283 15.648 0.007
2949.63369 15.419 0.007
2950.58518 15.640 0.007
2951.66609 15.004 0.006
2953.61389 15.617 0.007
2955.59889 15.392 0.007
2957.61255 14.984 0.006
2965.66943 15.602 0.007
2968.63197 15.585 0.007
2971.63975 15.581 0.007
2973.62828 15.309 0.007
2975.52504 15.701 0.007
2977.62069 15.569 0.007
2979.60097 15.269 0.007
2982.55556 15.231 0.006
2984.58677 15.748 0.008
2986.59690 15.526 0.007
2988.56934 15.201 0.006
2990.58817 15.738 0.007
2993.59020 15.722 0.007
2997.53396 15.115 0.006
3000.58963 15.119 0.006
3003.56967 15.093 0.006
3006.55930 15.062 0.006
3009.55264 15.037 0.006
3013.55927 15.425 0.007
3017.55372 15.621 0.007
3020.52884 15.613 0.008
3022.55635 15.380 0.007
3024.55548 15.006 0.006
3026.52557 15.585 0.008
3028.52643 15.335 0.008
3030.52954 15.344 0.007
3032.54752 15.588 0.007
3034.54706 15.319 0.006
3038.53788 15.550 0.007
3179.92918 14.981 0.006
3184.89307 15.599 0.007
3193.91608 15.590 0.007
3196.88807 15.578 0.007
3202.87601 15.575 0.007
3203.92049 15.617 0.005
3206.86340 15.706 0.007
3210.92988 15.259 0.006
3211.84597 15.524 0.007
3215.82003 15.722 0.008
3216.76569 15.143 0.006
3217.81555 15.495 0.007
3224.81248 15.694 0.007
3228.79038 15.085 0.006
3230.76389 15.667 0.007
3238.79496 15.434 0.007
3239.83411 15.647 0.007
3240.83124 15.010 0.006
3241.77320 15.406 0.006
3242.76389 15.609 0.007
3244.86571 15.422 0.007
3245.81321 15.633 0.007
3246.81004 14.986 0.006
3247.81429 15.376 0.006
3249.76777 15.099 0.006
3251.78032 15.602 0.007
3254.76641 15.597 0.007
3257.79349 15.583 0.007
3259.70375 15.310 0.007
3261.73943 15.641 0.007
3263.73634 15.561 0.006
3265.76174 15.285 0.006
3267.74444 15.713 0.006
3270.69815 15.742 0.007
3271.70083 15.226 0.006
3273.65933 15.734 0.007
3275.65412 15.501 0.007
3276.74817 15.737 0.008
3277.78707 15.228 0.006
3279.71858 15.741 0.007
3281.68436 15.488 0.006
3283.67877 15.124 0.005
3287.64505 15.438 0.006
3289.65987 15.070 0.005
3291.59824 15.642 0.007
3294.61478 15.617 0.006
3296.58117 15.402 0.006
3298.58903 14.976 0.005
3300.59164 15.619 0.007
3302.57262 15.367 0.007
3305.66862 15.396 0.007
3307.58519 15.146 0.007
3309.60593 15.603 0.007
3311.56148 15.334 0.006
3314.60050 15.338 0.007
3320.63842 15.318 0.006
3323.59078 15.278 0.006
3327.61889 15.552 0.007
3330.59012 15.533 0.007
3335.63476 15.222 0.006
3338.54163 15.162 0.006
3350.55292 15.075 0.005
3357.59002 15.440 0.006
3361.58944 15.645 0.007
3363.59573 15.422 0.007
3369.57269 15.388 0.006
3372.58869 15.373 0.006
3376.56470 15.597 0.007
3380.55105 15.447 0.007
3386.59788 15.557 0.006
3395.54989 15.728 0.007
3399.57376 15.241 0.007
3402.59063 15.225 0.006
3530.94180 15.402 0.006
3543.90686 15.600 0.007
3551.92763 15.273 0.006
3558.91138 15.533 0.007
3562.89827 15.700 0.007
3568.89373 15.694 0.007
3570.85157 15.455 0.007
3571.84183 15.690 0.007
3573.88723 15.447 0.007
3575.84703 15.083 0.005
3577.90361 15.674 0.007
3579.84446 15.418 0.006
3581.91342 15.058 0.005
3582.86583 15.407 0.006
3583.88487 15.633 0.006
3586.87519 15.631 0.006
3588.87334 15.398 0.006
3590.83195 14.966 0.005
3592.79223 15.594 0.006
3594.83302 15.370 0.006
3600.92207 15.369 0.006
3602.78089 15.344 0.007
3603.74512 15.310 0.006
3608.80171 15.519 0.006
3614.83355 15.614 0.006
3615.81927 15.270 0.006
3618.81798 15.245 0.006
3620.84447 15.688 0.007
3622.79850 15.503 0.007
3625.74443 15.486 0.006
3628.76600 15.479 0.007
3630.68146 15.102 0.006
3632.65860 15.668 0.007
3634.68912 15.437 0.006
3637.69439 15.426 0.006
3640.65950 15.426 0.006
3642.70292 15.032 0.006
3644.69522 15.644 0.006
3646.71272 15.393 0.006
3650.72847 15.612 0.007
3652.66993 15.378 0.006
3654.64573 14.997 0.005
3656.69895 15.591 0.007
3657.72709 14.957 0.005
3658.70066 15.355 0.006
3659.68498 15.582 0.007
3660.69070 15.068 0.006
3663.68141 15.266 0.006
3665.70969 15.570 0.007
3668.63828 15.552 0.007
3668.66082 15.555 0.007
3670.64943 15.276 0.006
3672.58213 15.688 0.007
3674.74143 15.548 0.006
3676.62772 15.230 0.006
3682.60442 15.199 0.006
3684.62171 15.697 0.007
3686.58740 15.483 0.006
3688.56036 15.147 0.006
3690.57405 15.689 0.007
3693.57119 15.672 0.007
3695.56679 15.437 0.006
3698.54237 15.427 0.007
3701.59092 15.416 0.006
3703.60152 15.034 0.005
3705.57374 15.623 0.006
3707.57420 15.390 0.006
3712.58918 14.958 0.005
3715.54742 14.966 0.005
3719.62634 15.365 0.006
3722.57331 15.336 0.007
3725.65334 15.358 0.007
3730.55654 15.525 0.006
3735.55919 15.536 0.007
3738.58032 15.542 0.007
3743.53457 15.216 0.006
3748.53847 15.715 0.008
3753.53611 15.473 0.007
3758.55806 15.125 0.006
3762.56462 15.456 0.007
3768.52458 15.421 0.007
3773.52141 14.999 0.007
3777.54738 15.390 0.006
3871.91468 15.391 0.007
3902.93466 15.532 0.007
3907.92965 15.227 0.006
3915.90550 15.701 0.007
3918.92477 15.696 0.007
3932.87619 15.410 0.006
3934.89438 14.996 0.005
3936.90263 15.622 0.007
3938.88683 15.391 0.006
3945.85657 15.587 0.006
3950.83848 15.330 0.006
3957.79408 15.555 0.007
3959.78818 15.275 0.006
3961.77875 15.664 0.007
3964.78589 15.705 0.006
3966.77812 15.530 0.006
3968.77168 15.216 0.006
3970.76330 15.716 0.006
3973.73264 15.698 0.007
3975.74488 15.485 0.006
3980.68010 15.083 0.006
3981.67996 15.427 0.006
3982.74428 15.666 0.007
3986.72148 15.052 0.005
3989.81851 15.075 0.005
3991.75970 15.649 0.007
3994.66070 15.630 0.007
3998.69184 14.964 0.006
4001.66039 14.978 0.005
4003.63216 15.584 0.006
4004.72067 14.961 0.005
4005.70594 15.346 0.006
4007.59917 15.424 0.006
4008.60817 15.310 0.006
4011.65860 15.319 0.006
4014.64102 15.286 0.007
4016.63780 15.606 0.007
4018.63413 15.541 0.007
4020.66683 15.265 0.006
4023.62355 15.228 0.006
4025.62390 15.698 0.007
4027.61199 15.491 0.006
4029.59427 15.185 0.006
4031.58126 15.700 0.007
4036.61664 15.472 0.006
4038.57095 15.097 0.006
4040.55094 15.665 0.007
4042.62027 15.439 0.006
4044.66292 15.113 0.006
4047.57121 15.036 0.005
4049.54699 15.625 0.006
4051.59653 15.408 0.006
4053.60749 15.012 0.005
4055.53669 15.614 0.007
4057.57582 15.390 0.007
4059.61035 14.957 0.005
4063.60174 15.364 0.006
4066.51659 15.349 0.007
4068.58338 15.062 0.005
4071.52507 15.402 0.007
4074.56035 15.425 0.006
4077.61304 15.390 0.007
4079.56013 15.546 0.006
4083.56762 15.637 0.007
4087.58952 15.242 0.006
4095.55344 15.709 0.007
4095.59042 15.702 0.007
4098.57249 15.695 0.007
4102.54463 15.136 0.006
4107.54877 15.675 0.007
4112.54917 15.433 0.006
4119.53874 15.609 0.007
4122.56503 15.609 0.007
4128.56255 15.606 0.007
4253.88619 15.706 0.009
4255.90703 15.518 0.007
4258.92455 15.505 0.007
4273.91086 15.436 0.007
4278.93452 15.054 0.006
4281.76178 14.953 0.006
4282.90164 15.408 0.007
4283.82833 15.601 0.007
4284.89281 14.980 0.006
4289.86723 15.589 0.007
4292.90051 15.592 0.007
4295.89443 15.582 0.007
4296.92866 14.964 0.006
4298.84773 15.577 0.007
4299.89120 15.149 0.006
4300.91304 15.326 0.006
4301.93190 15.575 0.007
4303.82258 15.299 0.007
4307.71959 15.527 0.007
4308.69339 15.717 0.007
4308.90124 15.522 0.007
4310.87332 15.541 0.007
4311.87481 15.635 0.008
4312.93510 15.283 0.006
4314.80375 15.698 0.007
4316.86347 15.527 0.007
4320.84716 15.701 0.007
4326.87154 15.705 0.007
4327.89427 15.173 0.007
4328.86435 15.475 0.007
4329.86447 15.698 0.007
4330.89495 15.155 0.006
4332.91117 15.706 0.007
4334.88815 15.468 0.007
4339.85917 15.080 0.006
4340.81145 15.422 0.007
4341.80428 15.644 0.007
4342.87856 15.061 0.006
4343.79790 15.411 0.007
4344.78004 15.630 0.007
4346.75629 15.390 0.007
4348.74202 14.954 0.006
4350.71876 15.587 0.007
4353.67693 15.576 0.007
4355.73549 15.349 0.007
4358.67884 15.312 0.007
4359.73609 15.575 0.007
4365.64367 15.541 0.007
4369.71718 15.621 0.007
4371.68416 15.536 0.007
4376.68754 15.221 0.006
4378.65421 15.714 0.007
4379.68551 15.209 0.006
4381.64468 15.701 0.007
4383.67320 15.486 0.007
4386.69779 15.468 0.007
4388.69811 15.141 0.006
4390.70706 15.690 0.007
4394.59464 15.045 0.006
4396.67800 15.665 0.007
4398.68113 15.427 0.007
4402.66622 15.643 0.007
4404.68266 15.415 0.007
4407.69117 15.400 0.007
4409.70675 14.986 0.006
4411.70188 15.612 0.007
4415.70574 14.955 0.006
4417.65573 15.590 0.007
4420.64215 15.573 0.007
4422.67417 15.331 0.007
4424.67126 15.221 0.006
4427.55702 15.619 0.007
4429.60009 15.559 0.008
4431.58723 15.266 0.007
4433.59314 15.666 0.007
4435.58146 15.521 0.007
4438.64156 15.530 0.007
4440.61104 15.220 0.007
4442.57252 15.716 0.008
4444.59724 15.502 0.007
4452.60739 15.135 0.006
4454.62760 15.684 0.007
4455.56968 15.093 0.006
4457.57862 15.666 0.008
4460.53302 15.647 0.007
4463.59654 15.645 0.007
4467.57933 15.002 0.006
4470.57876 14.974 0.006
4474.62883 15.399 0.007
4476.60714 14.960 0.006
4481.60284 15.579 0.007
4483.63004 15.360 0.007
4485.61495 15.020 0.006
4488.61211 15.161 0.007
4492.60228 15.318 0.007
4609.93185 15.697 0.007
4643.91597 14.989 0.006
4652.94007 15.310 0.007
4655.89817 15.560 0.007
4661.91195 15.657 0.007
4662.83557 15.235 0.006
4662.93341 15.258 0.006
4663.78426 15.520 0.007
4665.85740 15.219 0.007
4670.93933 15.707 0.007
4671.83579 15.166 0.006
4673.93786 15.712 0.007
4677.85523 15.131 0.006
4682.82959 15.667 0.007
4684.86761 15.442 0.007
4686.82755 15.053 0.005
4688.84377 15.646 0.007
4690.76916 15.394 0.006
4691.77245 15.626 0.007
4694.81873 15.621 0.007
4697.76309 15.634 0.007
4699.78412 15.368 0.007
4700.81800 15.600 0.007
4701.82570 14.957 0.006
4703.78487 15.582 0.007
4704.80361 14.973 0.005
4705.81119 15.362 0.007
4707.82861 15.006 0.006
4709.75941 15.566 0.007
4715.76797 15.558 0.007
4717.72257 15.262 0.006
4720.70148 15.248 0.006
4722.71667 15.694 0.007
4725.72188 15.698 0.007
4730.71244 15.487 0.006
4730.77520 15.502 0.006
4733.74740 15.494 0.007
4740.68994 15.677 0.007
4743.68668 15.667 0.007
4748.67543 15.412 0.006
4750.70829 15.028 0.006
4754.63385 15.375 0.007
4756.64343 14.952 0.006
4758.62364 15.593 0.007
4760.61030 15.356 0.006
4762.60009 15.046 0.006
4767.63571 15.581 0.007
4770.68398 15.579 0.007
4772.62138 15.306 0.006
4774.59684 15.572 0.007
4776.56865 15.540 0.007
4778.56999 15.251 0.006
4780.56725 15.684 0.007
4782.54015 15.516 0.007
4783.60173 15.680 0.007
4789.56787 15.698 0.007
4791.54943 15.487 0.007
4793.55677 15.152 0.006
4795.56970 15.694 0.007
4797.56186 15.458 0.007
4798.62506 15.704 0.007
4801.52632 15.656 0.007
4802.61377 15.123 0.006
4803.58567 15.453 0.007
4805.52068 15.043 0.007
4807.54741 15.638 0.007
4809.57262 15.423 0.007
4811.59448 15.034 0.006
4814.55237 14.993 0.006
4816.55446 15.611 0.007
4818.56847 15.389 0.007
4820.54648 14.962 0.005
4822.60321 15.605 0.007
4824.58803 15.371 0.007
4831.55970 15.582 0.007
4833.58752 15.331 0.006
4835.61027 15.190 0.006
4839.61329 15.322 0.007
4842.57997 15.294 0.007
4844.59044 15.594 0.007
4847.64462 15.592 0.008
4849.60461 15.535 0.007
4853.60188 15.693 0.007
4855.61507 15.524 0.007
4859.60735 15.717 0.007
4862.58889 15.725 0.007
4868.57111 15.691 0.007
