 621.85319 16.201 0.008
 626.93636 16.130 0.006
 627.90234 16.283 0.008
 628.91172 15.999 0.006
 632.91200 16.174 0.008
 633.91651 16.139 0.007
 635.91162 16.208 0.007
 643.88038 16.133 0.006
 645.88386 16.016 0.007
 649.85317 16.186 0.008
 656.89895 15.962 0.006
 657.84014 16.128 0.007
 658.91178 16.282 0.008
 664.80315 16.177 0.006
 664.89168 16.109 0.006
 665.87864 16.055 0.006
 666.88919 16.205 0.006
 667.90001 15.985 0.005
 668.87061 16.093 0.005
 670.83624 15.944 0.006
 671.85877 16.116 0.006
 672.91228 16.277 0.006
 673.71455 15.952 0.006
 673.91626 15.971 0.005
 684.79130 15.980 0.006
 685.72986 16.084 0.005
 686.77227 16.236 0.006
 688.87711 16.135 0.006
 689.76709 16.266 0.006
 697.73311 16.178 0.006
 698.87912 15.953 0.006
 699.73562 16.069 0.006
 700.74423 16.231 0.007
 701.71667 15.957 0.006
 704.68895 15.964 0.007
 706.71271 16.276 0.008
 707.74869 16.005 0.007
 708.71621 16.163 0.008
 712.71656 16.120 0.006
 713.75429 16.057 0.006
 714.76967 16.214 0.006
 716.70328 16.091 0.006
 720.67886 16.274 0.007
 722.64413 16.136 0.006
 726.73626 16.145 0.006
 728.63502 16.191 0.006
 729.70195 16.033 0.006
 730.62606 16.062 0.007
 733.68806 16.109 0.007
 739.75299 16.155 0.008
 741.67958 16.031 0.006
 742.77000 16.194 0.007
 744.72188 16.066 0.006
 745.67314 16.204 0.006
 747.61202 16.079 0.006
 748.57357 16.221 0.008
 749.58127 15.959 0.007
 750.57581 16.093 0.006
 751.58293 16.248 0.008
 752.78552 16.000 0.006
 753.72613 16.155 0.006
 754.69271 16.265 0.008
 755.58175 16.005 0.007
 759.58778 16.192 0.006
 760.59416 16.070 0.006
 761.59111 16.059 0.006
 762.58171 16.230 0.008
 762.71621 16.243 0.008
 763.60070 15.956 0.006
 763.68131 15.955 0.006
 763.76997 15.965 0.007
 764.68789 16.112 0.008
 765.63200 16.255 0.008
 766.52822 15.938 0.007
 766.66882 15.969 0.007
 767.57729 16.123 0.008
 767.63600 16.140 0.008
 767.73070 16.136 0.008
 769.56025 15.984 0.006
 770.53786 16.152 0.007
 771.56258 16.260 0.008
 772.56128 16.013 0.006
 772.74252 16.057 0.007
 773.62314 16.188 0.007
 774.65320 16.079 0.006
 775.60549 16.055 0.006
 776.59473 16.200 0.007
 776.74734 16.245 0.007
 777.53942 16.027 0.007
 778.57723 16.065 0.008
 778.66816 16.084 0.009
 779.55759 16.245 0.008
 779.71236 16.250 0.008
 780.54962 15.973 0.008
 780.56157 15.948 0.007
 780.73054 15.955 0.006
 781.61224 16.115 0.006
 782.54678 16.265 0.008
 782.64646 16.267 0.008
 783.59261 15.980 0.005
 784.63809 16.158 0.007
 785.53448 16.277 0.007
 786.54070 15.994 0.006
 787.62236 16.170 0.007
 788.55060 16.213 0.006
 790.59016 16.198 0.007
 795.57805 16.095 0.006
 796.56530 16.253 0.008
 796.69269 16.263 0.008
 797.54615 15.958 0.006
 798.61557 16.125 0.006
 800.55073 15.982 0.006
 802.64238 16.167 0.008
 806.54848 16.059 0.006
 808.56675 15.981 0.007
 816.64301 16.247 0.006
 817.63826 16.023 0.007
 819.61743 16.108 0.006
 822.60379 15.999 0.006
 824.62379 16.254 0.008
 825.61150 15.961 0.007
 828.65684 15.978 0.006
 829.62346 16.138 0.007
 830.54095 16.277 0.008
 832.63031 16.180 0.007
 834.53254 16.041 0.008
 836.59798 16.034 0.007
 838.61685 16.236 0.007
 840.60979 16.107 0.007
 842.56538 15.972 0.006
 843.61207 16.134 0.007
 845.59627 16.008 0.006
 850.58489 16.094 0.007
 855.58965 16.239 0.008
 856.55440 15.971 0.008
 858.52232 16.273 0.010
 860.52405 16.144 0.008
 867.52025 16.077 0.007
 874.51903 16.148 0.008
 963.90251 16.030 0.006
 986.88890 16.101 0.006
 987.90112 16.248 0.007
 996.88776 16.069 0.006
 998.82009 16.218 0.008
1003.82215 16.117 0.008
1005.84636 15.983 0.006
1008.87935 16.014 0.008
1020.84259 16.130 0.006
1025.82825 16.028 0.006
1035.79596 16.275 0.007
1037.82305 16.151 0.007
1038.84119 16.253 0.008
1041.82941 16.122 0.006
1045.79375 16.082 0.006
1049.82262 16.272 0.007
1053.71395 15.991 0.006
1058.78198 16.083 0.007
1059.82764 16.085 0.007
1061.81408 15.948 0.006
1064.77052 15.964 0.006
1069.68393 16.267 0.007
1074.66513 16.190 0.007
1077.65960 16.210 0.006
1079.66162 16.092 0.007
1081.70881 15.966 0.005
1084.64778 15.974 0.005
1087.66719 16.021 0.006
1090.63519 16.053 0.007
1092.69924 15.968 0.006
1094.69505 16.242 0.006
1095.72551 15.967 0.006
1102.66437 16.181 0.006
1107.63255 16.067 0.005
1112.67569 15.981 0.006
1117.61424 16.242 0.006
1122.62861 16.211 0.007
1128.57863 16.280 0.007
1132.60458 16.021 0.006
1138.64968 16.095 0.006
1140.65808 15.960 0.006
1144.68468 16.156 0.007
1151.59599 16.091 0.006
1154.55308 16.003 0.007
1157.56282 15.965 0.006
1160.58760 15.993 0.006
1163.66603 16.039 0.007
1164.71162 16.197 0.006
1170.56657 16.237 0.006
1178.68911 16.181 0.007
1182.68756 15.974 0.006
1185.63030 15.948 0.005
1187.66680 16.268 0.007
1190.53622 16.279 0.007
1202.61187 15.971 0.007
1208.58238 16.021 0.007
1211.58478 16.050 0.007
1216.57275 15.963 0.007
1219.57718 15.973 0.007
1228.52816 16.067 0.007
1234.52360 16.113 0.008
1235.52217 16.289 0.009
1329.81461 16.065 0.008
1330.92374 16.236 0.008
1335.89492 16.146 0.007
1341.92900 16.188 0.007
1347.92666 16.249 0.008
1349.92203 16.120 0.007
1355.91488 16.178 0.008
1366.87109 16.141 0.007
1367.89310 16.262 0.008
1369.88599 16.156 0.007
1374.87987 16.071 0.007
1395.84612 16.267 0.007
1397.86890 16.131 0.007
1401.88331 16.150 0.006
1402.88101 16.042 0.006
1407.89141 15.949 0.006
1412.79006 16.262 0.008
1418.76399 16.130 0.007
1432.78651 16.182 0.007
1435.71220 16.096 0.007
1439.80998 16.103 0.006
1442.77438 16.148 0.006
1447.70329 16.042 0.008
1451.69397 16.203 0.007
1454.69225 16.244 0.007
1460.63637 16.267 0.008
1462.66026 16.174 0.007
1470.61150 16.086 0.008
1475.65929 15.997 0.006
1478.58548 16.019 0.007
1480.69387 16.121 0.007
1484.60028 16.077 0.007
1487.55943 16.094 0.007
1489.58279 15.957 0.006
1491.64493 16.279 0.008
1494.69295 16.168 0.007
1495.54601 16.026 0.007
1499.51819 16.191 0.008
1502.60307 16.247 0.008
1506.59811 16.007 0.008
1509.58167 16.025 0.006
1514.65801 15.981 0.008
1517.57471 15.948 0.006
1520.61755 15.977 0.006
1522.64625 16.260 0.008
1525.54187 16.241 0.007
1528.63981 16.030 0.006
1544.57258 16.213 0.007
1546.62903 16.108 0.007
1551.59106 15.978 0.006
1555.56924 16.173 0.007
1562.60345 15.954 0.006
1568.57691 16.001 0.006
1573.57191 16.079 0.007
1579.55548 15.964 0.006
1581.58275 16.274 0.007
1584.56759 16.256 0.008
1586.57868 16.170 0.007
1588.55219 16.055 0.008
1592.57531 16.238 0.008
1597.55081 16.124 0.007
1602.54798 16.029 0.007
1607.53818 15.946 0.007
1706.90835 16.080 0.007
1726.94099 16.146 0.008
1730.92449 16.226 0.007
1738.87553 16.247 0.007
1740.88324 16.108 0.007
1744.90010 16.262 0.008
1745.89325 16.030 0.006
1749.87388 16.181 0.006
1750.87718 16.031 0.006
1751.85773 16.072 0.006
1752.85008 16.218 0.007
1753.85088 15.953 0.006
1754.84681 16.096 0.007
1755.84308 16.243 0.008
1756.87278 15.971 0.008
1757.82182 16.120 0.008
1758.82640 16.270 0.007
1759.83952 16.015 0.006
1761.85566 16.233 0.007
1762.83806 16.045 0.006
1763.84361 16.195 0.006
1764.83334 16.110 0.006
1765.82969 16.078 0.006
1766.80342 16.205 0.008
1768.81721 16.095 0.007
1769.73239 16.232 0.007
1773.79334 15.980 0.006
1775.80486 16.280 0.007
1785.78188 16.108 0.006
1788.81703 16.145 0.006
1789.74970 16.272 0.006
1803.85332 16.276 0.007
1809.77703 16.144 0.006
1812.75092 16.049 0.006
1815.80734 15.965 0.006
1821.70392 15.993 0.006
1823.77323 16.207 0.006
1829.69830 15.992 0.006
1830.76529 16.104 0.007
1864.70964 16.129 0.006
1865.71564 16.283 0.007
1873.68821 16.209 0.006
2086.91788 16.119 0.008
2104.84997 16.272 0.008
2106.90981 16.158 0.008
2115.90479 16.251 0.008
2116.89092 15.951 0.007
2117.89659 16.133 0.008
2123.83959 16.176 0.008
2128.84414 16.089 0.008
2129.87626 16.240 0.008
2130.82514 15.952 0.008
2131.81866 16.101 0.008
2132.82488 16.257 0.008
2133.91343 15.987 0.008
2134.82976 16.144 0.008
2135.86420 16.265 0.008
2136.86411 16.000 0.008
2137.90908 16.171 0.009
2140.83398 16.192 0.008
2142.88122 16.062 0.008
2143.83528 16.213 0.008
2144.80679 15.968 0.007
2155.89748 16.067 0.009
2156.84401 16.049 0.008
2160.77372 16.224 0.008
2162.78028 16.120 0.007
2166.77505 16.283 0.008
2167.74587 15.994 0.007
2168.73237 16.144 0.008
2171.75844 16.208 0.008
2172.76501 16.078 0.008
2173.72710 16.059 0.007
2177.65875 16.224 0.008
2184.72010 16.020 0.008
2185.68358 16.157 0.008
2187.66619 16.049 0.008
2190.71010 16.090 0.008
2191.65193 16.225 0.008
2192.68069 15.961 0.007
2193.70166 16.101 0.007
2194.67294 16.252 0.008
2201.73902 16.041 0.007
2206.62485 15.916 0.008
2211.66350 16.271 0.008
2212.66257 15.983 0.008
2213.67355 16.129 0.008
2214.65992 16.278 0.009
2215.67521 16.025 0.008
2217.65287 16.174 0.008
2219.69602 16.200 0.009
2222.74525 16.243 0.008
2223.68499 15.954 0.008
2225.61452 16.247 0.008
2226.66086 15.966 0.008
2228.57626 16.266 0.008
2230.51353 16.140 0.011
2232.52733 16.023 0.008
2234.56941 16.138 0.008
2236.55890 16.186 0.008
2238.56428 16.073 0.008
2241.55111 16.098 0.008
2243.58935 15.983 0.007
2248.63379 16.126 0.007
2250.59981 16.182 0.008
2253.58770 16.226 0.008
2256.56998 16.259 0.008
2258.61041 16.131 0.007
2263.60167 16.033 0.008
2265.62769 16.044 0.007
2270.58588 16.234 0.008
2272.58395 16.113 0.008
2274.56780 15.985 0.008
2276.53139 16.260 0.010
2280.54787 16.047 0.008
2285.58638 15.953 0.007
2289.58329 16.139 0.008
2291.58400 15.997 0.007
2293.58450 16.170 0.008
2295.58081 16.183 0.008
2297.58399 16.072 0.008
2299.58047 15.954 0.008
2301.57316 16.266 0.009
2448.90478 15.981 0.008
2460.90484 16.095 0.009
2463.93393 16.122 0.008
2466.85579 16.160 0.009
2467.91966 16.242 0.008
2469.91896 16.180 0.008
2471.90850 16.051 0.008
2472.89857 16.212 0.006
2473.92476 15.973 0.006
2481.88403 16.273 0.010
2483.90769 16.172 0.008
2486.90780 16.198 0.009
2488.90976 16.077 0.009
2492.92209 16.273 0.008
2496.92186 16.004 0.008
2498.79311 16.276 0.008
2499.87810 16.026 0.008
2500.88653 16.177 0.008
2501.87328 16.087 0.008
2502.85344 16.072 0.008
2508.76406 16.095 0.010
2516.79550 16.044 0.008
2517.84227 16.197 0.008
2518.81456 16.052 0.008
2519.81284 16.060 0.008
2520.81101 16.215 0.009
2521.79929 15.952 0.007
2524.80269 15.963 0.008
2526.79652 16.272 0.007
2529.79274 16.240 0.008
2534.85334 16.220 0.009
2535.79098 15.993 0.008
2537.72106 16.236 0.009
2538.82214 15.951 0.008
2539.71930 16.114 0.008
2540.76180 16.263 0.010
2541.73118 15.971 0.007
2542.70100 16.125 0.008
2544.68093 15.999 0.008
2545.69446 16.158 0.008
2547.71245 16.042 0.008
2548.73044 16.192 0.008
2550.72571 16.063 0.008
2551.71224 16.206 0.008
2552.72825 15.955 0.007
2554.72135 16.242 0.008
2555.72929 15.973 0.007
2556.70836 16.117 0.008
2557.72088 16.270 0.008
2558.67736 15.976 0.007
2559.63441 16.149 0.008
2560.66734 16.270 0.008
2561.71296 16.025 0.008
2562.68572 16.169 0.008
2563.69365 16.148 0.008
2564.71001 16.058 0.008
2565.70601 16.193 0.008
2566.68095 16.014 0.008
2568.75000 16.245 0.009
2571.66655 16.263 0.008
2572.74181 15.996 0.008
2573.67988 16.136 0.009
2574.65986 16.275 0.008
2576.69460 16.166 0.008
2577.65966 16.230 0.009
2578.64716 16.035 0.008
2579.65768 16.186 0.008
2580.66582 16.076 0.008
2583.63787 15.971 0.008
2584.64432 16.087 0.008
2586.64552 15.960 0.007
2587.62740 16.124 0.008
2589.61831 15.989 0.008
2590.63505 16.154 0.008
2591.66123 16.254 0.008
2593.62450 16.162 0.008
2594.63052 16.154 0.008
2596.60414 16.191 0.009
2597.59131 16.048 0.008
2598.67151 16.082 0.008
2599.62558 16.223 0.010
2607.64568 16.183 0.009
2610.56701 16.175 0.008
2613.56101 16.214 0.008
2615.59140 16.095 0.008
2619.57591 16.276 0.008
2621.58490 16.152 0.009
2625.56764 16.164 0.010
2627.53833 16.192 0.009
2630.55276 16.222 0.010
2635.56647 16.153 0.008
2637.56136 16.019 0.008
2640.53168 16.038 0.008
2642.57143 16.067 0.008
2646.58278 16.107 0.008
2651.55685 16.003 0.008
2654.57706 16.039 0.009
2657.53693 16.056 0.009
2661.53346 16.238 0.008
2664.57393 16.283 0.010
2672.55188 16.201 0.011
2676.54208 15.966 0.008
2679.55678 15.980 0.008
2683.53515 16.171 0.011
2777.92190 15.928 0.008
2804.85045 16.181 0.010
2805.86773 15.990 0.010
2811.92285 16.005 0.008
2815.89647 16.181 0.008
2817.94510 16.063 0.008
2830.83565 16.228 0.008
2831.80530 16.027 0.008
2832.76599 16.172 0.008
2832.94386 16.199 0.008
2833.88382 16.043 0.009
2834.93447 16.083 0.008
2838.83584 16.258 0.009
2840.84353 16.128 0.008
2843.84485 16.148 0.008
2844.89057 16.231 0.008
2845.93760 16.037 0.008
2849.87410 16.208 0.008
2850.90685 15.969 0.008
2852.83544 16.213 0.009
2854.84679 16.131 0.009
2857.85421 16.155 0.008
2858.92783 16.243 0.008
2860.89376 16.167 0.008
2861.76519 16.233 0.008
2862.88863 16.056 0.008
2865.81300 16.071 0.008
2866.89972 16.237 0.011
2867.80240 15.954 0.008
2868.80602 16.088 0.008
2869.79255 16.252 0.008
2870.83404 15.968 0.008
2871.87716 16.141 0.008
2872.83399 16.270 0.008
2875.82483 16.243 0.009
2876.79424 16.026 0.008
2879.72076 16.023 0.008
2883.84398 16.248 0.008
2885.77933 16.121 0.007
2890.71021 16.005 0.009
2893.76166 16.037 0.008
2895.81088 16.016 0.007
2897.71437 16.214 0.008
2899.75206 16.096 0.008
2903.76784 16.271 0.006
2906.72005 16.251 0.008
2908.69706 16.177 0.008
2910.69195 16.041 0.008
2912.69729 16.016 0.007
2916.71004 16.108 0.007
2918.68693 15.977 0.007
2922.68690 16.153 0.008
2924.62789 16.018 0.008
2926.62189 16.124 0.008
2929.68310 15.962 0.008
2931.65902 16.251 0.008
2933.66948 16.121 0.007
2935.63383 15.989 0.008
2937.65942 16.258 0.008
2939.67488 16.181 0.008
2940.65205 16.145 0.007
2941.62729 16.043 0.007
2942.65210 16.204 0.008
2943.62343 16.028 0.008
2944.60779 16.059 0.008
2946.56257 15.972 0.008
2946.60253 15.950 0.008
2947.63414 16.107 0.008
2949.61524 15.954 0.007
2950.56678 16.120 0.008
2951.64736 16.267 0.008
2953.59527 16.158 0.008
2955.58041 16.028 0.008
2957.59399 16.095 0.008
2960.60844 15.982 0.008
2962.64828 16.246 0.008
2965.65094 16.264 0.008
2968.61328 16.265 0.009
2970.63211 16.189 0.008
2972.63667 16.067 0.008
2975.54474 16.062 0.008
2977.64055 15.969 0.008
2979.58044 16.261 0.009
2983.56125 16.002 0.008
2986.57784 16.039 0.008
2988.54983 16.087 0.008
2991.57597 15.967 0.008
2994.56171 15.957 0.008
2997.57710 16.002 0.008
3000.56823 16.024 0.008
3003.55109 16.061 0.008
3006.53839 16.070 0.008
3009.53367 16.111 0.009
3013.53610 16.294 0.009
3015.57133 16.172 0.008
3018.54843 16.200 0.010
3020.58414 16.092 0.008
3022.53702 15.972 0.008
3024.53679 16.258 0.010
3025.59639 15.983 0.008
3027.62189 16.269 0.008
3029.59359 16.165 0.008
3031.59841 16.041 0.007
3034.52866 16.063 0.008
3037.54783 16.098 0.009
3183.92985 16.116 0.008
3193.89773 16.098 0.008
3196.86979 15.994 0.007
3197.93221 16.097 0.008
3202.85771 15.991 0.008
3203.89774 16.148 0.007
3206.83557 16.175 0.008
3210.91158 16.007 0.007
3211.86619 16.080 0.008
3215.80130 16.254 0.010
3217.79717 16.126 0.008
3223.85333 16.187 0.008
3228.77203 16.090 0.008
3229.85386 16.245 0.008
3231.83533 16.125 0.008
3238.77219 16.213 0.008
3239.81573 16.045 0.007
3240.80846 16.207 0.008
3241.79193 16.033 0.008
3242.73593 16.069 0.008
3243.86853 16.236 0.008
3244.84712 15.978 0.008
3245.79486 16.111 0.008
3246.78762 16.264 0.008
3247.79600 15.984 0.008
3249.74630 16.273 0.008
3251.75986 16.171 0.007
3254.74755 16.184 0.008
3259.68459 16.073 0.008
3261.72064 15.967 0.007
3263.71786 16.274 0.007
3265.73920 16.151 0.008
3267.72596 16.013 0.006
3269.82047 16.104 0.008
3270.67941 16.034 0.008
3271.68234 16.187 0.008
3273.64065 16.070 0.008
3275.62651 16.001 0.008
3276.72991 16.116 0.008
3277.76855 16.272 0.008
3279.70017 16.138 0.007
3281.65874 15.990 0.006
3283.66041 16.261 0.006
3287.62654 16.045 0.008
3289.64152 16.030 0.006
3293.61508 16.118 0.007
3295.63301 15.970 0.005
3298.57091 16.000 0.005
3300.57321 16.244 0.008
3302.55018 16.173 0.008
3305.65020 16.215 0.008
3307.56249 16.073 0.008
3309.58759 15.960 0.007
3311.53920 16.268 0.008
3314.58215 16.258 0.009
3320.61995 15.998 0.007
3323.56739 15.951 0.007
3327.57491 16.126 0.007
3330.57040 16.165 0.008
3335.61440 16.079 0.008
3338.56007 16.102 0.007
3350.53438 16.189 0.007
3353.59297 16.239 0.008
3359.57002 16.281 0.008
3363.57693 16.049 0.008
3367.63652 16.233 0.008
3372.56999 16.133 0.008
3376.54611 16.254 0.007
3380.53252 16.078 0.010
3386.57950 16.111 0.007
3395.52729 16.195 0.012
3398.57501 16.241 0.008
3402.57225 15.983 0.007
3543.88591 16.099 0.008
3551.90940 16.013 0.008
3554.94062 16.062 0.007
3561.94786 16.265 0.008
3564.92553 16.282 0.007
3568.87116 16.024 0.007
3570.83216 16.098 0.008
3571.82311 16.062 0.008
3573.86881 15.975 0.008
3575.82459 16.232 0.008
3577.88097 16.139 0.008
3578.91699 16.264 0.007
3579.82205 15.975 0.006
3581.89113 16.253 0.008
3582.84743 16.013 0.007
3583.85766 16.167 0.007
3585.87875 16.053 0.006
3586.83092 16.201 0.006
3588.84922 16.087 0.007
3590.80526 15.955 0.006
3592.77001 16.237 0.006
3594.80950 16.123 0.006
3597.84945 16.175 0.008
3600.88561 16.168 0.009
3602.74651 16.069 0.008
3607.83761 15.952 0.006
3617.79363 16.203 0.007
3619.77173 16.063 0.006
3621.76422 15.963 0.006
3628.79109 16.173 0.008
3630.64295 16.027 0.008
3632.64031 16.188 0.008
3634.71321 16.194 0.007
3637.67204 16.248 0.007
3639.72195 16.114 0.006
3641.71873 15.981 0.007
3643.81714 16.234 0.008
3644.75780 16.024 0.006
3646.68884 16.184 0.007
3650.71007 16.072 0.007
3652.64523 15.976 0.006
3654.61568 16.243 0.007
3656.64723 16.128 0.007
3657.70494 16.282 0.007
3658.67986 15.993 0.007
3659.66256 16.146 0.008
3661.61124 16.004 0.008
3663.63418 16.124 0.008
3665.66652 16.215 0.007
3668.61568 16.227 0.008
3670.56638 16.106 0.008
3672.60581 15.982 0.007
3674.63507 16.277 0.007
3676.59289 16.169 0.007
3682.58183 16.211 0.008
3684.57469 16.090 0.007
3686.56458 15.960 0.007
3688.53766 16.274 0.008
3690.54357 16.135 0.008
3692.59612 16.030 0.007
3694.58270 16.122 0.007
3696.57883 16.197 0.007
3698.61253 16.079 0.008
3700.62258 15.951 0.007
3702.61350 16.273 0.008
3704.61402 16.145 0.007
3706.62888 16.012 0.006
3708.61028 16.144 0.008
3712.56681 16.066 0.007
3714.56948 15.951 0.007
3718.55296 16.130 0.008
3721.58516 16.160 0.008
3725.61403 16.055 0.007
3730.53829 16.240 0.007
3734.60896 15.994 0.007
3738.56103 16.179 0.008
3742.55821 16.017 0.008
3747.55798 16.260 0.009
3751.56677 16.009 0.008
3762.54475 15.968 0.008
3766.55000 16.156 0.007
3772.57675 16.209 0.008
3777.52409 16.107 0.008
3871.89614 16.076 0.008
3902.91644 16.003 0.008
3907.91130 16.269 0.008
3913.93685 16.188 0.007
3918.90664 16.220 0.007
3931.93820 16.066 0.008
3934.87617 16.080 0.006
3936.88445 15.957 0.007
3938.86851 16.241 0.008
3945.87547 16.041 0.006
3950.82042 15.979 0.006
3957.77596 16.155 0.009
3959.76543 16.017 0.007
3961.75956 16.183 0.008
3964.76779 16.036 0.006
3966.76004 16.220 0.007
3968.75372 16.106 0.007
3970.74541 15.974 0.006
3973.71474 16.003 0.007
3975.72698 16.257 0.007
3980.66221 16.225 0.008
3981.66195 16.021 0.007
3982.72633 16.100 0.008
3986.69968 16.271 0.008
3991.72887 16.152 0.007
3994.64129 16.170 0.008
3998.67166 15.965 0.007
4001.64248 15.960 0.006
4003.61392 16.275 0.008
4004.69372 15.994 0.007
4005.68785 16.158 0.007
4007.58110 16.014 0.006
4008.59000 16.175 0.006
4011.64048 16.209 0.007
4014.62292 16.232 0.009
4016.61971 16.102 0.007
4018.61612 15.963 0.007
4020.61956 16.269 0.008
4023.60541 16.216 0.008
4025.60578 16.182 0.007
4027.59390 16.066 0.007
4029.57620 15.976 0.006
4031.56328 16.245 0.007
4033.65756 16.130 0.007
4040.53300 16.185 0.008
4042.56089 16.193 0.008
4044.58389 16.091 0.008
4046.61698 15.958 0.007
4049.52892 15.969 0.006
4051.57850 16.276 0.008
4053.62593 16.194 0.007
4055.51857 16.021 0.008
4057.59394 16.044 0.008
4059.59237 16.237 0.007
4063.53741 15.960 0.006
4065.58704 16.285 0.007
4067.58031 16.163 0.007
4069.53318 16.028 0.007
4071.54400 16.140 0.007
4074.54011 15.992 0.007
4077.54182 15.973 0.006
4079.54200 16.264 0.008
4082.54336 16.272 0.007
4085.62069 16.133 0.008
4092.57619 16.118 0.006
4097.61878 16.032 0.007
4100.61020 16.046 0.007
4105.57419 15.956 0.007
4111.61065 16.003 0.006
4115.53011 16.179 0.008
4120.56100 16.105 0.007
4124.57249 16.259 0.008
4128.59647 16.025 0.007
4252.94414 16.113 0.008
4255.86414 16.122 0.008
4268.92311 15.968 0.008
4275.93802 16.187 0.008
4279.83488 16.027 0.008
4282.82628 15.955 0.008
4283.84533 16.110 0.008
4284.87573 16.267 0.009
4285.94115 15.987 0.008
4292.88361 16.204 0.008
4295.87707 16.222 0.008
4296.90756 15.953 0.007
4297.93949 16.115 0.008
4299.87436 15.963 0.007
4300.89610 16.132 0.008
4301.91467 16.287 0.008
4302.93655 16.002 0.008
4306.93326 16.198 0.008
4307.84785 16.126 0.008
4308.67605 16.035 0.008
4308.88395 16.071 0.008
4310.85613 15.982 0.008
4311.85598 16.113 0.010
4312.91815 16.241 0.008
4314.93723 16.134 0.009
4316.84512 15.982 0.008
4320.87243 16.173 0.008
4326.85465 16.206 0.008
4327.83061 15.961 0.008
4328.84636 16.112 0.008
4329.84769 16.262 0.008
4330.87702 15.982 0.008
4332.89323 16.278 0.008
4334.87019 16.161 0.008
4338.92266 16.025 0.008
4340.79350 16.195 0.008
4341.78636 15.996 0.008
4342.86055 16.109 0.008
4343.77992 16.234 0.008
4344.76199 15.953 0.008
4346.71830 16.270 0.009
4348.72407 16.142 0.008
4350.70071 16.012 0.007
4352.80288 16.149 0.008
4353.65885 16.023 0.008
4354.78018 16.205 0.008
4357.76390 16.216 0.009
4359.71785 16.093 0.008
4362.66551 16.126 0.009
4363.62481 16.261 0.009
4365.68317 16.145 0.008
4369.67713 16.154 0.008
4371.66608 16.186 0.008
4376.66957 16.099 0.008
4378.63617 15.963 0.008
4379.66748 16.130 0.009
4381.62663 15.999 0.008
4382.70518 16.164 0.008
4386.67945 16.064 0.008
4388.68017 16.199 0.008
4390.68899 16.096 0.007
4393.68355 16.128 0.008
4396.65811 16.151 0.008
4398.66309 16.021 0.008
4400.68761 16.115 0.008
4404.66459 16.089 0.008
4407.65248 16.096 0.008
4410.68241 16.147 0.008
4415.66874 16.041 0.007
4418.61426 16.064 0.008
4421.67204 16.108 0.008
4423.67651 15.975 0.008
4426.55272 15.987 0.008
4428.56942 16.255 0.010
4430.62964 16.171 0.008
4432.61551 16.043 0.008
4434.62079 15.995 0.008
4436.59710 16.234 0.008
4438.65976 16.115 0.008
4440.59287 15.998 0.008
4442.55437 16.287 0.010
4444.57918 16.160 0.009
4450.61160 16.228 0.010
4452.58914 16.101 0.008
4454.52620 15.941 0.011
4455.59830 16.134 0.008
4457.53381 15.986 0.008
4459.55392 16.254 0.009
4462.58536 16.101 0.008
4466.60949 16.091 0.008
4471.54414 15.985 0.008
4475.53680 16.159 0.008
4480.57922 16.067 0.008
4482.58618 15.956 0.008
4485.58926 15.964 0.008
4488.59149 16.021 0.008
4609.91387 16.061 0.008
4643.89803 16.110 0.008
4650.93691 16.214 0.008
4655.91632 16.210 0.008
4662.79470 15.987 0.007
4662.91153 15.998 0.007
4663.76632 16.136 0.009
4663.91414 16.152 0.008
4665.83940 16.023 0.008
4665.93323 16.028 0.008
4666.92850 16.177 0.008
4666.93239 16.170 0.009
4670.92150 15.960 0.007
4671.89140 16.085 0.008
4673.87344 15.949 0.007
4674.80185 16.089 0.008
4674.86205 16.108 0.008
4676.92169 15.990 0.008
4677.83729 16.125 0.008
4682.81176 16.039 0.008
4684.84962 16.085 0.008
4686.80960 16.203 0.007
4688.82556 16.090 0.007
4690.75115 15.952 0.007
4691.75417 16.116 0.008
4693.90918 16.009 0.008
4696.88282 16.038 0.008
4697.82134 16.165 0.008
4698.77094 16.211 0.008
4699.76504 16.029 0.008
4700.79978 16.189 0.008
4701.80767 16.038 0.008
4703.76688 16.223 0.008
4704.78564 15.957 0.007
4705.79312 16.112 0.008
4707.78554 15.968 0.006
4709.74133 16.279 0.008
4710.76990 16.007 0.006
4715.74991 16.119 0.008
4716.77560 16.069 0.007
4717.70037 16.206 0.008
4719.78965 16.099 0.008
4721.78330 15.956 0.008
4724.66589 15.983 0.008
4725.74535 16.140 0.008
4728.75092 16.170 0.008
4733.72748 16.079 0.007
4740.66908 16.277 0.008
4741.70446 15.999 0.007
4747.60865 16.047 0.008
4749.60833 16.034 0.008
4753.67932 16.121 0.008
4755.67131 15.970 0.007
4757.65583 16.264 0.008
4759.67052 16.160 0.007
4761.63889 16.027 0.006
4763.65132 16.074 0.008
4767.59707 16.089 0.008
4770.66561 16.119 0.008
4772.60337 15.984 0.007
4774.55792 16.259 0.008
4776.54951 16.165 0.008
4777.65146 16.101 0.008
4780.52014 16.071 0.008
4781.61430 16.072 0.008
4783.58323 15.949 0.007
4785.61859 16.264 0.009
4789.54971 15.994 0.007
4791.53126 16.248 0.008
4793.53867 16.188 0.008
4795.55134 16.052 0.007
4797.54359 15.980 0.007
4798.60694 16.098 0.008
4800.65432 15.962 0.007
4803.54545 15.981 0.007
4804.60055 16.159 0.008
4805.58740 16.248 0.008
4807.52518 16.184 0.011
4809.55453 16.056 0.008
4811.57643 15.977 0.007
4813.55337 16.220 0.009
4815.58928 16.122 0.008
4816.53637 16.257 0.008
4818.58665 16.147 0.008
4820.52814 16.023 0.009
4822.58489 16.182 0.008
4824.56971 16.168 0.008
4826.61935 16.079 0.008
4833.56875 16.284 0.008
4835.59200 16.158 0.008
4837.60295 16.029 0.008
4841.57929 16.206 0.008
4843.57354 16.104 0.008
4846.58263 16.115 0.008
4848.61887 15.992 0.007
4850.60635 16.248 0.008
4854.59759 16.067 0.008
4856.61483 15.971 0.007
4862.56274 15.973 0.007
4868.55309 16.065 0.008
