 621.84520 17.396 0.019
 626.92818 17.166 0.011
 627.89385 17.091 0.012
 631.90933 17.371 0.015
 632.90407 17.316 0.014
 635.88000 17.186 0.012
 643.84938 17.227 0.013
 645.87552 17.112 0.012
 649.83821 17.398 0.017
 656.89070 16.963 0.010
 657.89457 17.348 0.015
 658.90334 17.363 0.016
 665.87036 16.952 0.010
 666.87246 17.356 0.011
 667.89148 17.378 0.011
 668.86225 17.361 0.011
 670.82792 17.293 0.013
 671.85038 17.200 0.009
 672.85533 17.141 0.009
 673.76838 16.970 0.009
 684.78334 17.355 0.013
 685.78384 17.337 0.014
 686.73992 17.325 0.013
 687.90122 17.352 0.013
 688.86913 17.314 0.012
 689.73566 17.173 0.010
 697.70152 17.244 0.012
 698.71677 17.181 0.013
 699.72759 17.123 0.011
 700.71267 16.977 0.009
 701.68435 17.324 0.013
 704.67892 17.294 0.015
 706.67727 17.224 0.017
 706.77176 17.290 0.016
 707.70783 17.194 0.014
 708.70535 17.087 0.015
 712.70571 17.382 0.016
 713.71990 17.371 0.012
 714.73645 17.347 0.011
 715.77731 17.294 0.012
 716.75984 17.213 0.011
 720.66686 17.356 0.015
 726.72701 17.158 0.011
 728.72012 16.963 0.010
 729.66451 17.355 0.013
 730.61585 17.350 0.014
 733.67545 17.292 0.016
 739.69767 17.364 0.014
 741.66127 17.336 0.013
 742.65507 17.267 0.013
 744.62359 17.120 0.011
 745.66349 17.044 0.010
 746.60828 17.160 0.011
 748.56273 17.335 0.016
 749.56915 17.331 0.021
 750.54337 17.306 0.019
 751.57349 17.209 0.016
 752.77726 17.248 0.013
 753.71701 17.189 0.011
 754.74854 17.120 0.014
 755.57223 17.211 0.012
 759.57486 17.303 0.012
 760.57920 17.243 0.012
 761.57444 17.171 0.012
 762.57244 17.139 0.014
 762.70271 17.168 0.015
 762.78112 17.225 0.016
 763.59144 17.037 0.014
 763.73569 17.134 0.013
 764.66947 17.001 0.016
 765.55480 17.349 0.017
 766.59172 17.388 0.017
 766.65827 17.339 0.017
 767.56616 17.351 0.020
 767.71980 17.394 0.021
 769.55107 17.110 0.012
 770.64737 17.210 0.013
 771.62354 17.135 0.012
 772.55161 17.007 0.011
 773.57420 17.012 0.010
 774.64401 17.232 0.013
 775.59691 17.341 0.013
 776.67787 17.336 0.015
 777.59480 17.304 0.014
 778.56795 17.274 0.016
 778.65944 17.308 0.016
 779.62733 17.255 0.015
 780.62713 17.189 0.014
 780.72126 17.256 0.016
 781.60370 17.083 0.011
 782.60136 16.972 0.012
 783.58112 17.340 0.012
 784.62071 17.354 0.014
 785.59156 17.369 0.014
 786.59628 17.348 0.013
 787.67668 17.296 0.012
 788.60829 17.262 0.013
 790.55830 17.053 0.012
 795.57006 17.323 0.015
 796.61966 17.302 0.016
 797.69014 17.281 0.013
 798.60756 17.194 0.011
 800.60547 16.997 0.010
 802.58600 17.338 0.015
 805.59205 17.326 0.014
 806.60282 17.256 0.016
 817.63026 17.162 0.013
 819.67135 17.008 0.010
 820.67036 17.152 0.012
 822.59030 17.368 0.015
 823.66758 17.363 0.015
 824.61571 17.304 0.016
 824.67853 17.301 0.017
 825.68890 17.280 0.018
 828.64894 16.978 0.012
 829.61554 17.316 0.015
 832.62246 17.335 0.014
 833.64256 17.320 0.012
 834.65674 17.304 0.019
 836.59013 17.089 0.013
 838.56326 17.376 0.017
 840.57869 17.387 0.016
 845.58435 17.102 0.012
 850.55181 17.388 0.019
 855.55847 16.984 0.015
 856.54635 17.302 0.016
 859.54598 17.356 0.015
 860.57830 17.328 0.016
 866.56560 17.342 0.014
 876.53415 17.366 0.014
 962.91473 17.353 0.016
 986.88101 17.021 0.012
 987.89330 17.022 0.011
 991.90719 17.316 0.014
 996.87495 16.998 0.007
 998.88063 17.381 0.015
1003.81181 17.094 0.013
1005.83723 17.045 0.014
1008.87037 17.370 0.016
1020.83328 17.221 0.013
1025.81292 17.392 0.018
1035.78779 17.366 0.014
1037.81505 17.301 0.014
1038.91407 17.271 0.016
1041.88450 17.062 0.010
1045.78565 17.335 0.012
1049.80606 17.090 0.011
1052.81645 17.345 0.014
1055.68620 17.263 0.013
1058.83800 17.152 0.014
1059.81686 17.041 0.014
1064.76000 17.295 0.015
1068.75187 16.969 0.009
1071.77986 17.376 0.013
1075.79700 17.208 0.011
1078.71877 17.301 0.011
1080.66481 17.382 0.015
1083.75712 17.282 0.011
1086.60768 17.150 0.012
1090.69076 17.358 0.016
1092.69086 17.250 0.014
1094.68702 17.087 0.010
1102.65563 17.178 0.011
1107.62396 17.385 0.012
1112.73014 17.170 0.012
1117.60556 17.325 0.013
1122.61716 16.961 0.011
1128.56575 17.225 0.014
1132.59611 17.243 0.012
1135.66479 17.381 0.013
1138.61757 17.204 0.012
1140.64994 17.059 0.011
1144.65297 17.367 0.015
1151.58743 17.358 0.013
1154.60702 17.343 0.015
1157.65277 17.186 0.014
1160.64428 17.222 0.014
1163.72620 17.388 0.015
1166.69325 17.214 0.011
1170.62217 17.367 0.013
1175.68329 17.219 0.015
1179.68100 17.361 0.016
1183.68987 17.345 0.016
1186.68370 17.056 0.010
1189.57225 17.385 0.012
1192.61685 17.268 0.012
1202.56340 17.194 0.015
1206.56703 17.382 0.016
1212.55859 17.135 0.016
1216.56463 17.390 0.017
1220.56082 17.229 0.015
1227.55642 17.359 0.017
1233.54396 17.360 0.017
1329.80530 17.338 0.019
1330.91544 17.403 0.017
1335.86059 17.030 0.014
1341.92143 17.309 0.014
1347.91780 17.338 0.016
1355.90669 17.166 0.015
1365.90760 17.372 0.016
1367.88516 17.377 0.019
1369.87283 17.275 0.015
1374.87175 17.364 0.016
1395.83734 17.302 0.015
1397.86072 17.230 0.015
1401.87439 17.301 0.013
1407.88170 17.173 0.013
1412.77965 17.371 0.017
1418.81975 16.959 0.010
1430.71376 17.347 0.015
1432.77863 17.276 0.012
1438.73151 17.371 0.013
1441.83863 17.295 0.012
1447.69509 17.346 0.018
1451.66115 17.178 0.013
1454.63537 17.241 0.014
1459.68096 17.307 0.015
1461.65578 17.123 0.013
1462.71416 17.071 0.012
1470.60302 17.122 0.015
1475.62711 17.351 0.016
1478.57569 17.178 0.014
1479.59186 17.108 0.013
1484.59109 17.359 0.015
1487.61815 17.227 0.013
1490.65388 16.955 0.012
1492.55664 17.344 0.017
1495.60592 17.292 0.013
1499.57459 17.007 0.013
1502.59503 17.333 0.016
1505.66212 17.273 0.016
1509.57305 17.361 0.014
1512.67520 17.326 0.016
1516.57492 17.081 0.011
1518.64485 17.015 0.013
1520.67270 17.358 0.016
1523.59004 17.202 0.019
1526.57295 16.976 0.010
1531.68024 17.343 0.016
1546.59636 17.356 0.013
1551.55937 17.203 0.012
1556.60011 17.352 0.018
1567.59647 17.361 0.023
1571.59098 17.097 0.011
1576.57982 17.313 0.016
1580.58457 17.111 0.012
1583.58664 17.364 0.015
1587.57571 17.261 0.014
1592.56774 17.322 0.016
1599.54611 16.988 0.014
1602.53592 17.359 0.019
1607.53004 17.117 0.015
1716.90841 17.368 0.017
1728.89986 17.257 0.014
1731.88644 16.964 0.009
1740.87509 16.979 0.013
1742.89955 17.344 0.016
1743.87292 17.397 0.017
1744.89202 17.345 0.015
1749.84235 16.940 0.009
1750.86886 17.251 0.014
1751.82613 17.340 0.012
1752.84190 17.353 0.015
1753.84294 17.344 0.015
1754.81516 17.301 0.015
1755.83503 17.235 0.019
1756.86417 17.246 0.021
1757.81357 17.078 0.015
1758.81821 16.963 0.011
1759.80807 17.310 0.013
1761.84745 17.372 0.014
1762.82984 17.312 0.014
1763.83550 17.283 0.012
1764.82527 17.246 0.011
1765.82144 17.169 0.012
1766.77470 17.058 0.016
1768.78570 17.314 0.016
1769.69456 17.374 0.019
1771.78788 17.336 0.018
1772.80776 17.303 0.012
1773.77500 17.260 0.015
1775.85888 17.166 0.012
1784.84323 17.147 0.015
1788.74657 17.334 0.014
1803.80072 17.042 0.011
1808.80963 17.310 0.013
1811.79279 17.152 0.010
1814.83963 17.193 0.012
1817.80550 17.322 0.012
1821.60740 17.040 0.015
1823.76492 17.338 0.011
1828.85137 17.290 0.014
1829.77620 17.167 0.014
1847.79987 17.173 0.012
1854.78225 17.329 0.013
1859.74625 17.072 0.012
1863.72994 17.303 0.016
1871.79069 17.350 0.013
2086.92153 17.258 0.017
2104.85361 17.252 0.014
2106.91348 17.140 0.016
2113.83393 17.249 0.017
2114.84820 17.219 0.017
2115.90842 17.175 0.016
2116.89452 17.063 0.013
2117.90023 16.953 0.012
2123.84320 17.224 0.016
2128.84777 17.343 0.019
2129.87992 17.360 0.017
2130.82878 17.345 0.016
2131.82228 17.278 0.016
2132.82847 17.232 0.017
2133.91705 17.217 0.022
2134.83340 17.067 0.015
2135.86858 16.961 0.012
2136.86775 17.239 0.018
2137.91239 17.343 0.022
2140.83763 17.312 0.017
2142.88455 17.205 0.016
2143.83858 17.084 0.014
2144.81010 16.930 0.011
2155.90109 17.393 0.027
2156.84762 17.370 0.017
2162.78389 16.947 0.011
2166.77868 17.327 0.015
2167.74947 17.302 0.015
2168.73598 17.238 0.015
2171.76202 16.946 0.011
2172.76860 17.260 0.016
2173.73069 17.330 0.015
2177.66232 17.199 0.016
2184.72372 17.336 0.021
2185.68718 17.291 0.019
2187.66977 17.130 0.017
2190.71373 17.250 0.016
2191.65554 17.393 0.016
2192.68396 17.348 0.013
2193.70496 17.317 0.014
2194.67620 17.288 0.015
2200.68718 17.372 0.017
2201.74231 17.374 0.016
2206.62815 17.018 0.018
2211.66680 17.345 0.016
2212.66586 17.319 0.017
2213.67685 17.258 0.020
2214.66322 17.196 0.020
2215.67850 17.085 0.015
2217.65616 17.270 0.020
2219.69933 17.359 0.017
2222.74855 17.320 0.021
2223.68828 17.206 0.017
2225.61782 16.946 0.012
2226.66414 17.108 0.016
2228.57957 17.336 0.017
2230.51686 17.224 0.020
2232.53064 17.114 0.015
2234.57271 16.931 0.012
2236.56221 17.367 0.016
2238.56759 17.335 0.017
2241.55440 17.150 0.016
2243.59267 16.949 0.013
2248.63710 17.309 0.015
2250.61151 17.197 0.014
2253.59101 17.094 0.015
2256.57329 17.336 0.018
2258.61374 17.267 0.014
2263.60502 17.348 0.019
2265.63101 17.347 0.016
2270.58923 17.055 0.013
2272.58728 17.367 0.018
2274.57113 17.354 0.020
2276.53865 17.274 0.016
2280.55122 17.030 0.017
2285.58971 17.289 0.016
2289.58665 16.972 0.013
2291.58735 17.367 0.016
2293.58791 17.355 0.018
2295.58425 17.225 0.016
2297.58741 17.129 0.016
2299.58389 17.150 0.016
2301.57657 17.411 0.022
2460.90851 17.345 0.022
2463.93761 17.256 0.016
2466.85945 16.945 0.016
2467.92334 17.066 0.015
2469.92262 17.355 0.015
2471.91215 17.325 0.016
2472.90223 17.241 0.012
2473.92843 17.223 0.014
2481.88768 17.257 0.019
2483.91131 17.127 0.013
2486.91145 17.368 0.021
2488.91341 17.415 0.023
2492.92571 17.155 0.015
2496.92549 17.359 0.016
2498.79675 17.294 0.016
2499.88173 17.294 0.016
2500.89014 17.242 0.017
2501.87689 17.138 0.014
2502.85706 17.071 0.016
2508.76765 17.219 0.025
2516.79912 17.307 0.019
2517.84587 17.298 0.017
2518.81819 17.209 0.016
2519.81645 17.162 0.014
2520.81462 17.048 0.015
2521.80778 16.966 0.012
2524.80631 17.385 0.020
2526.80011 17.271 0.012
2529.79635 17.039 0.013
2534.85695 17.362 0.020
2535.79458 17.301 0.017
2537.72465 17.108 0.018
2538.82549 17.106 0.017
2539.72265 17.125 0.015
2540.76541 17.379 0.023
2541.73454 17.370 0.016
2542.70435 17.346 0.016
2544.68455 17.262 0.016
2545.69781 17.201 0.014
2547.71580 17.015 0.014
2548.73404 17.004 0.014
2550.72932 17.399 0.016
2551.71584 17.376 0.016
2552.73183 17.329 0.014
2553.67260 17.265 0.018
2554.72497 17.208 0.015
2555.73288 17.164 0.015
2556.71196 17.059 0.013
2557.72450 16.977 0.011
2558.68095 17.383 0.016
2559.63798 17.366 0.017
2560.67095 17.342 0.016
2561.71657 17.326 0.018
2562.68930 17.277 0.016
2563.69722 17.218 0.016
2564.71362 17.162 0.016
2565.70935 17.069 0.015
2566.68429 17.006 0.014
2568.75335 17.376 0.023
2571.67013 17.278 0.016
2572.77733 17.267 0.022
2573.68325 17.174 0.019
2574.66321 17.042 0.013
2576.69796 17.308 0.018
2577.66299 17.347 0.021
2578.65052 17.350 0.018
2579.66106 17.323 0.018
2580.66917 17.286 0.016
2583.64121 17.046 0.016
2584.64769 16.984 0.015
2586.66313 17.386 0.016
2587.63100 17.370 0.017
2589.62189 17.285 0.016
2590.63867 17.233 0.017
2591.66483 17.188 0.016
2593.62810 16.977 0.014
2594.63411 17.368 0.020
2596.60776 17.367 0.020
2597.59493 17.347 0.022
2598.67513 17.347 0.018
2599.62921 17.261 0.019
2607.64930 17.313 0.020
2610.57065 17.051 0.016
2613.56455 17.420 0.019
2615.59498 17.356 0.016
2619.57948 17.099 0.016
2621.58853 17.333 0.020
2625.57120 17.332 0.023
2627.54189 17.167 0.018
2630.55615 17.371 0.024
2635.56986 17.273 0.016
2637.56475 17.087 0.014
2640.53508 17.381 0.019
2642.57483 17.372 0.020
2646.58618 17.127 0.016
2651.56047 17.365 0.022
2654.58456 17.210 0.021
2657.54036 17.127 0.019
2661.53687 17.325 0.015
2664.57735 17.181 0.019
2667.53616 17.380 0.022
2672.55530 17.227 0.023
2676.54550 17.358 0.019
2679.56021 17.341 0.017
2683.53877 17.082 0.019
2777.92553 17.157 0.018
2804.85406 17.141 0.024
2805.87134 17.083 0.023
2811.92647 17.303 0.021
2815.90009 17.025 0.014
2817.94873 17.293 0.032
2825.93196 16.970 0.016
2830.83926 17.221 0.016
2831.80886 17.164 0.017
2832.76957 17.058 0.016
2832.94747 17.174 0.018
2833.88741 17.057 0.017
2834.93806 16.949 0.015
2838.83943 17.312 0.020
2840.84711 17.195 0.015
2843.84842 16.971 0.012
2844.89415 17.266 0.016
2845.94117 17.381 0.021
2849.87768 17.231 0.016
2850.91043 17.186 0.017
2852.83903 16.955 0.017
2854.85034 17.315 0.021
2857.85776 17.308 0.017
2858.93138 17.273 0.015
2860.89731 17.122 0.014
2861.76875 17.080 0.014
2862.89217 17.074 0.016
2863.85684 17.370 0.022
2865.81655 17.288 0.016
2867.80597 17.214 0.015
2868.80956 17.171 0.015
2869.79609 17.063 0.014
2870.83760 16.977 0.013
2871.88072 17.032 0.014
2872.83755 17.349 0.015
2875.82839 17.287 0.016
2876.79780 17.222 0.015
2879.72431 17.072 0.014
2883.84753 17.332 0.015
2885.78286 17.229 0.013
2890.71377 17.340 0.024
2893.76519 17.303 0.016
2895.81442 17.191 0.015
2897.71794 16.974 0.014
2899.75560 17.337 0.015
2903.77136 17.254 0.011
2906.72361 16.949 0.012
2908.70062 17.330 0.016
2910.69548 17.319 0.016
2912.70084 17.231 0.014
2916.71358 17.255 0.014
2918.69046 17.365 0.016
2922.69044 17.135 0.016
2924.63142 16.986 0.015
2926.62544 17.357 0.019
2929.68661 17.287 0.016
2931.66256 17.150 0.013
2933.67302 16.964 0.011
2935.63736 17.354 0.019
2937.66296 17.346 0.019
2939.67843 17.251 0.016
2940.65556 17.156 0.012
2941.63083 17.051 0.012
2942.65562 16.981 0.014
2943.62697 17.317 0.017
2944.61135 17.359 0.017
2946.60608 17.308 0.017
2947.63769 17.286 0.016
2949.61876 17.164 0.015
2950.57032 17.030 0.015
2951.65088 16.967 0.015
2953.59882 17.329 0.016
2955.58392 17.356 0.020
2957.59754 17.240 0.014
2960.61667 16.977 0.014
2962.65182 17.339 0.016
2965.65449 17.319 0.016
2968.61683 17.110 0.016
2970.63565 16.974 0.013
2972.64021 17.351 0.019
2975.54830 17.223 0.015
2977.64410 17.149 0.018
2979.58399 17.103 0.016
2981.63128 17.336 0.029
2983.56480 17.314 0.017
2986.58140 17.135 0.014
2988.55338 17.141 0.016
2991.57953 17.345 0.018
2994.56595 17.207 0.016
2997.58066 16.969 0.013
3000.57236 17.357 0.016
3003.55468 17.229 0.017
3006.54197 16.983 0.013
3009.53724 17.371 0.023
3013.53965 17.141 0.016
3015.57491 16.974 0.014
3018.55200 17.373 0.020
3020.58772 17.303 0.016
3024.54039 16.962 0.016
3025.60001 17.072 0.014
3027.62550 17.366 0.016
3029.59718 17.350 0.016
3031.60201 17.213 0.016
3034.53225 17.275 0.016
3037.55144 17.361 0.021
3183.93344 17.046 0.016
3193.90132 17.083 0.013
3196.87341 17.342 0.015
3197.93581 17.355 0.018
3199.93449 17.248 0.022
3202.86127 17.202 0.015
3203.90135 17.372 0.014
3204.94686 17.330 0.018
3206.83917 17.304 0.016
3210.91514 17.077 0.014
3211.86974 17.069 0.014
3215.80488 17.326 0.022
3216.75078 17.232 0.019
3217.80073 17.178 0.018
3223.85690 17.376 0.018
3228.77557 16.987 0.015
3229.85740 16.964 0.011
3231.83890 17.351 0.020
3238.77575 17.162 0.014
3239.81930 17.346 0.016
3240.81200 17.407 0.020
3241.79549 17.351 0.016
3242.73945 17.287 0.015
3243.87206 17.354 0.018
3244.85067 17.266 0.021
3245.79842 17.151 0.016
3246.79117 17.066 0.015
3247.79953 16.958 0.014
3249.74984 17.404 0.019
3251.76341 17.332 0.014
3254.75108 17.145 0.013
3257.77540 17.360 0.013
3259.68813 17.352 0.015
3261.72417 17.264 0.014
3263.72140 17.134 0.012
3265.74273 17.006 0.013
3267.72949 17.385 0.014
3270.68294 17.255 0.016
3271.68586 17.206 0.016
3273.64418 16.979 0.016
3275.63007 17.401 0.021
3276.73343 17.368 0.019
3277.77208 17.355 0.016
3279.70370 17.241 0.014
3281.66225 17.123 0.011
3283.66393 17.148 0.010
3287.63009 17.351 0.016
3289.64504 17.198 0.012
3291.57800 16.985 0.013
3295.63653 17.340 0.011
3298.57442 17.162 0.012
3300.57673 16.951 0.014
3302.55371 17.362 0.019
3305.65373 17.326 0.016
3307.56602 17.218 0.019
3309.59110 16.991 0.012
3311.54272 17.328 0.016
3314.58567 17.364 0.024
3320.62349 17.373 0.015
3323.57092 17.300 0.016
3327.57844 17.016 0.012
3330.57393 17.381 0.019
3335.61794 17.131 0.016
3338.56361 17.349 0.015
3350.53794 17.332 0.014
3353.59651 17.201 0.014
3359.57838 17.351 0.016
3363.58049 17.138 0.016
3367.64009 17.330 0.017
3372.57356 17.129 0.013
3376.54970 17.350 0.014
3380.53613 17.171 0.019
3386.58308 17.357 0.013
3395.53091 17.377 0.025
3398.57862 17.256 0.017
3402.57585 17.295 0.016
3543.88948 17.338 0.016
3551.91296 16.932 0.012
3554.94420 17.332 0.017
3561.95140 17.070 0.017
3564.92910 17.345 0.012
3568.87470 17.067 0.013
3570.83573 17.334 0.020
3571.82667 17.379 0.022
3573.87237 17.314 0.020
3575.82813 17.209 0.014
3577.88450 17.087 0.014
3578.92054 17.013 0.011
3579.82559 17.334 0.013
3581.89467 17.350 0.017
3582.85097 17.322 0.019
3583.86119 17.291 0.014
3585.88230 17.180 0.011
3586.83446 17.061 0.011
3588.85274 17.215 0.014
3590.80879 17.338 0.013
3592.77354 17.271 0.011
3594.81303 17.150 0.012
3597.85295 17.110 0.014
3600.88915 17.358 0.025
3602.75000 17.213 0.018
3607.84113 17.377 0.014
3614.81334 16.989 0.010
3617.79714 17.349 0.013
3619.77522 17.313 0.014
3621.76772 17.172 0.012
3628.79458 17.305 0.021
3630.64647 17.090 0.016
3632.64381 17.058 0.017
3634.71671 17.365 0.015
3637.67552 17.282 0.016
3639.72545 17.172 0.010
3641.72221 16.994 0.012
3643.82063 17.282 0.018
3644.76131 17.346 0.012
3646.69235 17.294 0.016
3650.71358 16.998 0.011
3652.64871 17.358 0.013
3654.62702 17.328 0.015
3656.65072 17.224 0.014
3657.70841 17.192 0.013
3658.68572 17.117 0.015
3659.66604 16.955 0.014
3661.61473 17.378 0.019
3663.63769 17.321 0.018
3665.67000 17.253 0.014
3668.61917 16.986 0.014
3670.56986 17.351 0.017
3672.60931 17.314 0.016
3674.66816 17.300 0.013
3676.60857 17.093 0.013
3682.58531 17.278 0.016
3684.57820 17.175 0.013
3686.56809 16.967 0.012
3688.54115 17.369 0.016
3690.54705 17.327 0.020
3692.59962 17.267 0.016
3694.58619 17.094 0.012
3696.58233 17.181 0.012
3698.61606 17.373 0.019
3700.62609 17.327 0.016
3702.61702 17.223 0.015
3704.61753 17.051 0.014
3706.63241 17.356 0.013
3708.61381 17.355 0.017
3712.57033 17.105 0.013
3714.57303 17.008 0.014
3718.55650 17.315 0.016
3721.58868 17.140 0.016
3725.61758 17.355 0.014
3730.54182 17.127 0.012
3734.61251 17.349 0.014
3738.56458 17.208 0.016
3742.56175 17.263 0.019
3747.56253 17.224 0.017
3751.57033 17.133 0.018
3762.54834 17.378 0.022
3766.55357 17.196 0.013
3772.58033 17.367 0.016
3777.52767 17.060 0.016
3871.89974 17.138 0.016
3902.92003 17.349 0.017
3907.91487 17.191 0.015
3913.94042 17.376 0.013
3918.91019 17.010 0.011
3931.94175 17.390 0.019
3934.87970 17.208 0.013
3936.88802 17.065 0.013
3938.87205 17.315 0.016
3945.87897 17.061 0.012
3950.82390 17.335 0.014
3957.77944 17.386 0.024
3959.76889 17.303 0.016
3961.76302 17.219 0.017
3964.77127 17.149 0.011
3966.76352 17.355 0.013
3968.75719 17.315 0.014
3970.74888 17.182 0.011
3973.71818 17.298 0.016
3975.73044 17.360 0.015
3980.66569 17.078 0.014
3981.66545 16.973 0.012
3982.72979 17.117 0.016
3986.70312 17.300 0.016
3991.73234 17.001 0.014
3994.64474 17.356 0.016
3998.67513 17.101 0.016
4001.64593 17.350 0.014
4003.61736 17.345 0.016
4004.69715 17.314 0.014
4005.69130 17.273 0.013
4007.58456 17.070 0.013
4008.59344 16.960 0.010
4011.64394 17.353 0.015
4014.62637 17.281 0.020
4016.62315 17.102 0.014
4018.61955 17.182 0.014
4020.62300 17.381 0.018
4023.60886 17.284 0.016
4025.60923 17.096 0.014
4027.59736 17.190 0.015
4029.57966 17.368 0.016
4031.56675 17.321 0.014
4033.66099 17.236 0.014
4038.55618 17.429 0.019
4042.56434 17.192 0.015
4044.58735 17.043 0.017
4046.62044 17.365 0.017
4049.53237 17.293 0.013
4051.58195 17.232 0.015
4053.62938 17.102 0.011
4055.52203 17.353 0.021
4057.59738 17.361 0.021
4059.59585 17.312 0.014
4063.54088 16.984 0.012
4065.59293 17.345 0.014
4067.58378 17.339 0.015
4069.53666 17.239 0.016
4071.54748 17.044 0.013
4074.54357 17.395 0.016
4077.54530 17.285 0.014
4079.54548 17.173 0.014
4082.54683 17.304 0.014
4085.62418 17.336 0.017
4092.57966 17.377 0.013
4097.62224 17.204 0.015
4100.61370 16.927 0.012
4105.57770 17.330 0.016
4111.61414 17.346 0.013
4115.53361 17.188 0.016
4120.56452 17.355 0.015
4124.58160 17.228 0.014
4128.59999 17.110 0.013
4252.94769 17.367 0.022
4255.86769 17.249 0.018
4268.92644 16.952 0.013
4275.94137 17.198 0.017
4279.83820 17.404 0.024
4282.82960 17.246 0.017
4283.84865 17.220 0.020
4284.87907 17.148 0.018
4285.94449 17.095 0.016
4292.88693 17.236 0.014
4295.88040 16.977 0.013
4296.91088 17.120 0.012
4297.94282 17.347 0.016
4299.87768 17.364 0.015
4300.89942 17.314 0.015
4301.91797 17.274 0.013
4302.93987 17.200 0.015
4306.93658 17.372 0.018
4307.85114 17.378 0.015
4308.67933 17.309 0.017
4308.88727 17.362 0.016
4310.85942 17.242 0.016
4311.85928 17.174 0.021
4312.92146 17.123 0.013
4314.94054 16.985 0.017
4316.84842 17.382 0.021
4320.87573 17.221 0.016
4326.85794 17.362 0.020
4327.83410 17.364 0.025
4328.84984 17.289 0.016
4329.85096 17.243 0.016
4330.88048 17.144 0.014
4332.89669 16.965 0.014
4334.87368 17.378 0.018
4338.92611 17.291 0.018
4340.79695 17.001 0.014
4341.78983 17.139 0.017
4342.86400 17.325 0.018
4343.78338 17.372 0.016
4344.76546 17.351 0.017
4346.72175 17.272 0.018
4348.72754 17.084 0.015
4350.70420 17.358 0.016
4352.80632 17.385 0.020
4353.66233 17.333 0.018
4354.78367 17.314 0.016
4357.76735 17.146 0.016
4359.72131 17.222 0.016
4362.66896 17.314 0.023
4363.62824 17.295 0.017
4365.68662 17.170 0.018
4369.68060 17.412 0.024
4371.66955 17.340 0.018
4376.67301 16.989 0.015
4378.63963 17.370 0.018
4379.67093 17.398 0.022
4381.63008 17.305 0.021
4382.70864 17.255 0.015
4386.68289 17.090 0.014
4388.68361 17.372 0.016
4390.69245 17.308 0.015
4393.68700 17.120 0.016
4396.66156 17.370 0.019
4398.66655 17.363 0.018
4400.69106 17.283 0.017
4404.66806 16.978 0.015
4407.65595 17.339 0.016
4410.68586 17.217 0.015
4415.67219 17.345 0.015
4418.61771 17.277 0.014
4421.67552 17.077 0.014
4423.67997 17.269 0.017
4426.55618 17.295 0.019
4428.57287 17.204 0.019
4430.63309 17.065 0.015
4432.61899 17.331 0.016
4434.62426 17.362 0.016
4436.60056 17.279 0.015
4438.66322 17.212 0.018
4440.59635 16.957 0.015
4442.55787 17.406 0.022
4444.58267 17.341 0.022
4450.61510 17.223 0.019
4452.59264 17.343 0.017
4454.52968 17.299 0.024
4455.60178 17.262 0.016
4457.53731 17.076 0.017
4459.55740 17.341 0.019
4462.58885 17.373 0.017
4466.61300 17.112 0.015
4471.54766 17.350 0.018
4475.54173 17.122 0.016
4480.58275 17.352 0.017
4482.58971 17.277 0.020
4485.59278 17.074 0.017
4488.59503 17.372 0.023
4609.91743 17.359 0.020
4643.90154 17.160 0.016
4650.94042 17.306 0.016
4655.91983 17.332 0.016
4662.79821 16.967 0.012
4662.91503 17.084 0.013
4663.76980 17.376 0.020
4663.91765 16.971 0.015
4665.84291 17.359 0.021
4665.93674 17.369 0.019
4666.93588 17.365 0.020
4670.92500 17.217 0.016
4671.89492 17.089 0.015
4676.92519 17.351 0.020
4677.84080 17.277 0.014
4682.81523 17.365 0.016
4684.85309 17.373 0.016
4686.81308 17.298 0.013
4688.82904 17.148 0.013
4690.75464 17.158 0.014
4691.75767 17.300 0.019
4693.91264 17.364 0.020
4696.88632 17.311 0.023
4697.82483 17.185 0.017
4698.77439 17.012 0.011
4699.76852 17.005 0.013
4700.80323 17.323 0.016
4701.81114 17.381 0.017
4703.77036 17.332 0.016
4704.78910 17.282 0.014
4705.79660 17.234 0.016
4707.78899 17.074 0.012
4709.74481 17.391 0.016
4710.77338 17.345 0.014
4715.75334 17.153 0.015
4716.77905 17.061 0.009
4717.70510 17.117 0.014
4719.79393 17.403 0.022
4721.78677 17.325 0.021
4724.66933 17.116 0.016
4725.74880 17.076 0.014
4728.75439 17.358 0.016
4733.73096 17.156 0.013
4740.67253 17.275 0.016
4741.70791 17.229 0.013
4743.75648 17.107 0.012
4747.61211 17.331 0.018
4749.61179 17.276 0.019
4753.68276 17.002 0.016
4755.67478 17.346 0.016
4757.65927 17.324 0.016
4759.67397 17.212 0.013
4761.64235 17.083 0.011
4763.65960 17.314 0.017
4767.60052 17.303 0.016
4770.66906 17.109 0.016
4772.60680 17.350 0.015
4774.56136 17.353 0.016
4776.55297 17.284 0.016
4777.65491 17.252 0.016
4780.52361 17.118 0.016
4781.63756 17.189 0.015
4783.58669 17.342 0.018
4785.62207 17.325 0.020
4789.55318 16.965 0.013
4791.53470 17.337 0.018
4793.54212 17.300 0.016
4795.55482 17.238 0.014
4797.54708 17.062 0.015
4798.61042 16.998 0.014
4800.65780 17.327 0.016
4803.54891 17.310 0.016
4804.60400 17.237 0.018
4805.59086 17.190 0.015
4807.52867 16.959 0.017
4809.55802 17.358 0.016
4811.57992 17.362 0.017
4813.55685 17.242 0.018
4815.59277 17.126 0.016
4816.53985 16.990 0.014
4818.59012 17.347 0.017
4820.53162 17.364 0.019
4822.58838 17.296 0.015
4824.57320 17.127 0.016
4826.63284 16.971 0.012
4833.57228 17.155 0.014
4835.59549 16.978 0.015
4836.63561 17.110 0.016
4837.56251 17.323 0.021
4837.60646 17.314 0.020
4838.60656 17.346 0.016
4839.58508 17.321 0.019
4841.55724 17.243 0.017
4841.58281 17.231 0.017
4842.53474 17.187 0.021
4842.60683 17.164 0.018
4843.52893 17.011 0.020
4843.57704 17.069 0.016
4844.52683 17.009 0.022
4844.61721 17.025 0.014
4846.58616 17.360 0.017
4847.62249 17.392 0.022
4848.62240 17.329 0.015
4850.60987 17.268 0.016
4854.60110 17.040 0.014
4856.61834 17.357 0.016
4862.56626 17.014 0.012
4868.55663 17.261 0.016
4935.91263 17.256 0.019
4937.91334 17.136 0.015
4940.91475 17.380 0.019
4954.91770 17.232 0.017
