 621.80486 12.673 0.005
 622.88191 12.682 0.005
 624.90849 12.715 0.005
 625.89593 12.733 0.005
 626.86744 12.750 0.005
 627.85367 12.759 0.005
 628.89475 12.783 0.005
 629.89255 12.802 0.005
 631.92351 12.817 0.005
 632.86403 12.815 0.005
 633.89947 12.804 0.005
 635.89431 12.746 0.005
 643.86332 12.548 0.005
 645.83502 12.542 0.005
 647.79277 12.557 0.005
 649.79016 12.559 0.005
 652.83735 12.594 0.005
 656.85051 12.654 0.005
 657.82277 12.676 0.005
 658.86308 12.700 0.005
 663.76936 12.799 0.005
 664.87429 12.817 0.005
 665.82154 12.818 0.005
 666.83210 12.831 0.005
 667.85133 12.825 0.005
 668.82216 12.815 0.005
 670.78772 12.760 0.005
 671.80976 12.704 0.005
 672.81530 12.663 0.005
 673.78268 12.626 0.005
 684.74306 12.556 0.005
 685.79792 12.565 0.005
 686.69920 12.571 0.005
 687.78055 12.595 0.005
 688.72257 12.605 0.005
 689.74973 12.622 0.005
 697.71588 12.781 0.005
 698.78699 12.802 0.005
 699.68600 12.818 0.005
 700.72678 12.829 0.005
 701.69902 12.835 0.005
 704.72700 12.786 0.005
 706.69267 12.707 0.005
 707.73023 12.662 0.005
 708.75439 12.620 0.005
 712.75494 12.560 0.005
 713.73631 12.555 0.005
 714.75127 12.548 0.005
 715.71683 12.545 0.005
 716.68491 12.548 0.005
 720.71674 12.587 0.005
 726.66752 12.665 0.005
 728.67823 12.698 0.005
 729.68039 12.716 0.005
 730.66475 12.735 0.005
 733.63123 12.788 0.005
 739.65118 12.764 0.005
 741.61699 12.688 0.005
 742.59325 12.644 0.005
 744.64036 12.585 0.005
 745.59128 12.571 0.005
 746.78208 12.562 0.005
 747.65260 12.548 0.005
 748.61436 12.543 0.005
 749.61971 12.542 0.005
 750.61356 12.544 0.005
 751.62198 12.546 0.005
 752.73637 12.560 0.005
 753.67201 12.559 0.005
 759.62988 12.639 0.005
 760.65555 12.657 0.005
 761.63158 12.674 0.005
 761.73683 12.675 0.005
 762.62295 12.693 0.005
 762.65251 12.690 0.005
 763.63918 12.707 0.005
 763.74993 12.713 0.005
 765.57124 12.746 0.005
 766.60872 12.767 0.005
 766.71158 12.770 0.005
 767.61621 12.783 0.005
 767.67786 12.792 0.005
 769.59904 12.816 0.005
 769.67278 12.812 0.005
 770.60518 12.827 0.005
 771.63825 12.824 0.005
 772.60008 12.823 0.005
 773.60521 12.802 0.005
 773.75741 12.801 0.005
 774.59819 12.773 0.005
 775.55611 12.733 0.005
 776.63703 12.682 0.005
 777.61128 12.632 0.005
 778.61465 12.597 0.005
 778.74961 12.608 0.005
 779.64161 12.575 0.005
 779.75188 12.577 0.005
 780.64141 12.553 0.005
 781.55572 12.540 0.005
 781.73621 12.540 0.005
 782.62124 12.531 0.005
 782.74511 12.533 0.005
 783.53827 12.528 0.005
 784.58027 12.530 0.005
 784.67225 12.527 0.005
 785.60709 12.533 0.005
 785.75268 12.535 0.005
 786.61077 12.541 0.005
 786.62766 12.541 0.005
 787.69122 12.548 0.005
 788.62403 12.553 0.005
 788.64960 12.559 0.005
 790.57274 12.580 0.005
 792.55070 12.604 0.005
 795.61538 12.654 0.005
 796.54429 12.671 0.005
 796.72965 12.684 0.005
 797.70444 12.692 0.005
 798.56709 12.709 0.005
 799.70505 12.729 0.005
 800.62008 12.753 0.005
 802.68005 12.796 0.005
 805.60740 12.830 0.005
 806.61759 12.831 0.005
 808.54901 12.801 0.005
 816.68000 12.552 0.005
 817.59009 12.539 0.005
 819.55286 12.545 0.005
 820.62916 12.546 0.005
 822.54974 12.567 0.005
 824.57556 12.578 0.005
 825.64867 12.593 0.005
 828.60881 12.631 0.005
 829.57544 12.645 0.005
 832.58233 12.690 0.005
 833.60222 12.713 0.005
 834.57180 12.728 0.005
 836.54993 12.764 0.005
 838.58292 12.789 0.005
 840.59267 12.818 0.005
 845.54423 12.684 0.005
 850.56751 12.560 0.005
 855.57253 12.560 0.005
 859.56034 12.593 0.005
 866.52489 12.692 0.005
 875.51496 12.803 0.005
 962.92872 12.574 0.005
 966.92821 12.621 0.005
 970.90459 12.688 0.005
 976.88524 12.804 0.005
 982.87312 12.760 0.005
 986.83961 12.580 0.005
 987.85322 12.561 0.005
 991.92125 12.521 0.005
 996.92520 12.564 0.005
 998.89628 12.596 0.005
1004.79486 12.689 0.005
1006.82345 12.731 0.005
1020.89293 12.614 0.005
1025.93072 12.543 0.005
1035.74567 12.607 0.005
1037.77487 12.629 0.005
1041.78302 12.700 0.005
1045.74473 12.777 0.005
1048.72592 12.817 0.005
1052.76882 12.748 0.005
1055.64207 12.615 0.005
1058.85402 12.570 0.005
1059.77203 12.561 0.005
1061.72479 12.560 0.005
1064.80870 12.569 0.005
1068.71010 12.594 0.005
1072.69026 12.643 0.005
1076.66802 12.709 0.005
1078.67857 12.750 0.005
1081.69111 12.801 0.005
1084.62929 12.812 0.005
1087.64919 12.726 0.005
1090.70556 12.593 0.005
1092.73769 12.549 0.005
1094.64436 12.535 0.005
1102.61454 12.589 0.005
1106.70940 12.652 0.005
1110.62853 12.719 0.005
1116.58700 12.812 0.005
1120.57559 12.791 0.005
1126.65092 12.557 0.005
1129.54936 12.535 0.005
1132.53245 12.542 0.005
1135.58251 12.557 0.005
1138.63218 12.588 0.005
1140.60959 12.616 0.005
1144.66717 12.682 0.005
1151.54676 12.800 0.005
1155.54837 12.787 0.005
1159.54381 12.628 0.005
1162.57621 12.566 0.005
1164.68978 12.548 0.005
1170.54822 12.568 0.005
1178.65827 12.670 0.005
1182.67017 12.748 0.005
1183.70852 12.768 0.005
1185.69167 12.800 0.005
1188.69099 12.826 0.005
1191.57474 12.751 0.005
1202.58985 12.552 0.005
1205.54127 12.578 0.005
1211.56176 12.668 0.005
1217.57238 12.759 0.005
1220.57487 12.816 0.005
1229.52759 12.584 0.005
1238.52388 12.563 0.005
1327.90806 12.824 0.005
1330.82477 12.699 0.005
1335.87652 12.541 0.005
1340.89602 12.537 0.005
1348.93211 12.618 0.005
1354.90566 12.726 0.005
1360.92539 12.832 0.005
1365.92160 12.696 0.005
1367.84510 12.598 0.005
1374.91718 12.551 0.005
1394.85337 12.821 0.005
1395.88482 12.823 0.005
1397.80652 12.804 0.005
1401.83355 12.607 0.005
1402.91846 12.580 0.005
1412.73685 12.566 0.005
1417.89518 12.629 0.005
1430.72779 12.831 0.005
1432.73847 12.784 0.005
1435.69492 12.641 0.005
1439.66137 12.558 0.005
1442.66506 12.557 0.005
1447.74025 12.570 0.005
1451.67645 12.607 0.005
1455.69617 12.679 0.005
1458.73362 12.734 0.005
1460.73691 12.771 0.005
1462.64254 12.815 0.005
1470.64880 12.653 0.005
1472.63600 12.581 0.005
1475.64173 12.538 0.005
1477.57079 12.539 0.005
1481.58855 12.544 0.005
1484.63747 12.577 0.005
1487.63259 12.624 0.005
1490.67135 12.678 0.005
1492.57100 12.707 0.005
1495.52779 12.775 0.005
1499.55644 12.832 0.005
1502.55453 12.785 0.005
1505.62112 12.639 0.005
1508.55650 12.559 0.005
1509.53275 12.551 0.005
1512.63464 12.543 0.005
1515.60933 12.559 0.005
1517.61283 12.571 0.005
1520.60000 12.608 0.005
1524.54770 12.665 0.005
1526.58783 12.696 0.005
1531.63941 12.793 0.005
1543.59690 12.553 0.005
1546.61171 12.535 0.005
1551.57349 12.563 0.005
1555.60702 12.605 0.005
1562.58560 12.718 0.005
1569.56475 12.828 0.005
1575.59058 12.623 0.005
1580.56557 12.535 0.005
1583.56825 12.529 0.005
1587.54804 12.561 0.005
1597.53351 12.728 0.005
1603.54159 12.818 0.005
1608.51731 12.686 0.005
1701.89910 12.745 0.005
1703.90223 12.786 0.005
1705.90773 12.814 0.005
1716.86815 12.576 0.005
1717.87851 12.554 0.005
1729.91420 12.617 0.005
1732.88396 12.657 0.005
1740.83500 12.798 0.005
1742.88279 12.809 0.005
1744.85191 12.783 0.005
1745.87617 12.747 0.005
1749.85659 12.590 0.005
1750.82851 12.572 0.005
1751.84034 12.557 0.005
1752.80167 12.552 0.005
1753.80274 12.550 0.005
1754.82941 12.541 0.005
1755.79477 12.548 0.005
1756.82425 12.548 0.005
1757.77344 12.556 0.005
1758.77793 12.555 0.005
1759.82230 12.565 0.005
1761.80334 12.583 0.005
1762.78972 12.599 0.005
1763.79273 12.612 0.005
1764.78524 12.624 0.005
1765.77970 12.647 0.005
1766.72074 12.651 0.005
1768.79985 12.694 0.005
1769.70923 12.714 0.005
1770.82117 12.742 0.005
1771.82530 12.761 0.005
1772.76767 12.771 0.005
1773.73498 12.791 0.005
1776.75778 12.822 0.005
1784.73443 12.577 0.005
1787.87687 12.531 0.005
1788.79993 12.526 0.005
1803.76025 12.697 0.005
1806.75439 12.758 0.005
1808.82400 12.805 0.005
1811.75242 12.821 0.005
1814.79924 12.774 0.005
1817.76490 12.641 0.005
1822.64234 12.541 0.005
1826.79344 12.551 0.005
1829.73568 12.569 0.005
1833.78230 12.617 0.005
1846.78372 12.798 0.005
1850.74048 12.709 0.005
1854.79653 12.579 0.005
1858.72039 12.542 0.005
1862.71929 12.554 0.005
1867.74372 12.614 0.005
1871.75032 12.679 0.005
2085.90914 12.771 0.005
2086.88843 12.787 0.005
2103.89525 12.578 0.026
2105.92315 12.566 0.007
2106.89098 12.575 0.005
2112.84336 12.672 0.007
2116.87111 12.735 0.007
2123.81803 12.822 0.009
2124.83847 12.823 0.005
2128.82553 12.720 0.009
2129.85750 12.675 0.007
2130.84387 12.604 0.007
2131.83748 12.569 0.005
2132.80627 12.556 0.005
2133.89460 12.564 0.005
2134.81000 12.543 0.005
2135.84408 12.535 0.005
2137.89208 12.531 0.005
2140.81134 12.557 0.006
2142.75205 12.573 0.007
2143.81755 12.562 0.011
2144.82425 12.602 0.010
2155.87863 12.782 0.005
2156.82521 12.803 0.005
2160.75460 12.819 0.005
2162.76139 12.755 0.005
2166.75600 12.579 0.005
2167.76446 12.575 0.009
2168.71363 12.561 0.005
2171.73955 12.574 0.010
2172.74617 12.519 0.009
2177.63966 12.584 0.005
2184.70130 12.684 0.005
2185.66480 12.697 0.005
2186.68965 12.718 0.005
2187.68483 12.732 0.005
2188.73199 12.754 0.005
2190.69136 12.790 0.005
2191.66474 12.802 0.005
2192.66325 12.807 0.010
2193.68432 12.804 0.015
2194.65442 12.821 0.013
2203.55089 12.565 0.006
2206.60721 12.549 0.005
2211.64130 12.585 0.007
2212.64513 12.600 0.014
2213.65095 12.594 0.007
2214.64214 12.631 0.005
2215.64912 12.635 0.008
2217.63582 12.661 0.005
2219.67868 12.681 0.007
2224.71356 12.797 0.008
2226.63643 12.824 0.005
2228.55833 12.828 0.006
2229.61659 12.811 0.005
2231.64326 12.761 0.005
2232.50999 12.714 0.005
2233.61341 12.656 0.011
2235.66353 12.578 0.013
2238.54707 12.549 0.006
2240.65138 12.535 0.006
2242.61889 12.550 0.006
2248.60354 12.602 0.018
2250.57686 12.615 0.011
2253.57050 12.655 0.014
2255.60716 12.694 0.005
2258.57346 12.768 0.007
2263.58419 12.826 0.005
2266.55498 12.748 0.005
2271.56456 12.563 0.011
2273.56390 12.585 0.005
2275.59883 12.568 0.008
2276.55838 12.573 0.005
2278.59096 12.571 0.007
2280.58682 12.567 0.006
2284.58970 12.605 0.006
2290.60368 12.719 0.005
2293.56596 12.784 0.007
2295.55870 12.822 0.005
2297.56199 12.827 0.007
2299.56109 12.811 0.005
2301.55335 12.739 0.005
2445.91192 12.548 0.007
2460.87884 12.670 0.005
2465.92794 12.774 0.011
2467.90093 12.803 0.005
2469.90031 12.801 0.011
2471.88975 12.826 0.011
2472.91922 12.816 0.006
2473.89113 12.793 0.005
2481.90282 12.550 0.005
2486.88565 12.543 0.005
2488.87656 12.574 0.005
2489.92299 12.581 0.005
2492.90335 12.604 0.008
2495.89338 12.660 0.005
2496.90310 12.701 0.035
2498.77378 12.710 0.007
2499.85936 12.709 0.013
2502.83412 12.782 0.007
2508.74536 12.765 0.005
2516.77666 12.554 0.005
2517.82340 12.514 0.009
2518.79484 12.564 0.005
2521.82327 12.553 0.014
2524.82152 12.632 0.005
2526.77770 12.599 0.010
2534.83408 12.744 0.005
2537.70207 12.804 0.005
2538.79803 12.800 0.010
2539.70185 12.809 0.009
2540.74273 12.812 0.005
2541.71375 12.835 0.020
2542.68354 12.764 0.009
2544.66208 12.684 0.005
2547.69512 12.570 0.005
2550.70669 12.572 0.007
2551.69333 12.529 0.006
2553.64905 12.563 0.005
2554.70257 12.545 0.007
2555.71050 12.554 0.005
2556.68952 12.558 0.009
2558.65854 12.548 0.011
2559.61544 12.594 0.007
2561.67405 12.615 0.005
2562.66694 12.619 0.010
2563.67487 12.624 0.008
2564.69026 12.661 0.007
2565.68116 12.672 0.008
2568.69242 12.727 0.005
2571.64511 12.794 0.005
2573.65854 12.821 0.005
2574.64237 12.822 0.005
2577.62924 12.787 0.005
2578.62931 12.729 0.007
2579.63596 12.701 0.005
2580.64808 12.647 0.021
2583.61939 12.544 0.007
2584.62675 12.563 0.010
2587.60838 12.509 0.008
2588.71680 12.510 0.011
2589.59832 12.536 0.013
2590.61345 12.535 0.006
2594.60936 12.576 0.005
2596.58489 12.603 0.005
2597.57206 12.602 0.012
2598.64593 12.612 0.014
2599.60541 12.632 0.005
2607.62660 12.785 0.005
2610.54642 12.819 0.005
2613.54032 12.727 0.005
2615.56917 12.654 0.005
2619.55687 12.581 0.005
2621.56577 12.534 0.013
2625.54841 12.588 0.005
2628.54178 12.584 0.005
2632.54820 12.632 0.005
2636.54337 12.696 0.005
2639.54386 12.747 0.005
2642.55261 12.812 0.005
2646.56543 12.798 0.005
2651.53746 12.636 0.005
2654.55527 12.568 0.006
2657.55813 12.520 0.007
2660.55391 12.539 0.007
2671.55158 12.750 0.005
2673.56338 12.765 0.005
2676.52475 12.805 0.005
2679.53811 12.797 0.009
2682.54043 12.751 0.005
2777.90295 12.755 0.005
2804.86989 12.594 0.010
2811.90436 12.723 0.005
2817.92658 12.804 0.008
2825.90438 12.588 0.006
2831.78143 12.521 0.014
2832.74739 12.531 0.007
2833.86530 12.529 0.008
2837.87502 12.601 0.005
2838.93218 12.606 0.005
2840.82492 12.632 0.005
2843.82636 12.672 0.005
2844.87219 12.687 0.007
2845.91818 12.709 0.005
2849.85561 12.768 0.009
2850.88837 12.780 0.005
2851.93194 12.764 0.005
2852.80262 12.798 0.005
2853.94203 12.751 0.014
2856.81529 12.712 0.005
2860.87534 12.537 0.022
2862.92552 12.564 0.007
2863.83472 12.544 0.005
2866.88126 12.546 0.005
2868.76894 12.532 0.009
2871.85846 12.568 0.007
2875.79802 12.643 0.005
2876.77573 12.645 0.010
2877.79763 12.606 0.017
2879.73926 12.693 0.011
2885.76020 12.805 0.005
2888.80852 12.798 0.005
2892.79988 12.663 0.005
2894.72904 12.554 0.008
2896.72614 12.514 0.010
2898.74712 12.574 0.051
2900.74596 12.574 0.026
2905.75268 12.561 0.007
2907.75408 12.618 0.014
2909.74319 12.619 0.005
2917.73213 12.744 0.070
2921.72988 12.818 0.007
2923.75183 12.758 0.011
2925.71480 12.763 0.013
2927.71233 12.606 0.012
2930.73038 12.530 0.007
2932.73689 12.575 0.024
2937.64073 12.543 0.008
2939.69337 12.543 0.009
2940.63350 12.572 0.056
2943.60468 12.568 0.007
2944.58927 12.637 0.008
2945.60604 12.633 0.005
2947.61554 12.653 0.007
2951.62878 12.699 0.017
2952.65771 12.722 0.010
2954.68263 12.786 0.005
2956.62862 12.789 0.030
2958.62303 12.801 0.005
2961.59410 12.709 0.005
2972.59760 12.515 0.016
2974.59835 12.512 0.014
2976.54805 12.560 0.014
2978.57415 12.635 0.005
2980.59102 12.671 0.005
2984.62711 12.735 0.005
2986.63724 12.745 0.007
2988.52960 12.817 0.005
2991.60267 12.838 0.005
2994.58439 12.762 0.007
2997.55718 12.583 0.019
3005.53170 12.511 0.010
3008.55336 12.572 0.005
3008.55802 12.579 0.005
3011.56139 12.537 0.008
3016.58805 12.658 0.007
3018.57452 12.717 0.005
3020.60257 12.731 0.007
3021.61538 12.759 0.009
3023.57128 12.796 0.005
3027.60330 12.805 0.005
3029.57520 12.762 0.005
3031.57974 12.658 0.005
3033.58211 12.531 0.012
3037.52913 12.490 0.014
3164.92956 12.828 0.005
3177.91731 12.554 0.005
3183.91153 12.576 0.007
3193.87929 12.744 0.006
3195.93849 12.725 0.014
3197.91395 12.811 0.006
3201.87137 12.802 0.005
3206.81719 12.568 0.005
3210.89322 12.548 0.005
3211.88465 12.565 0.007
3215.66076 12.564 0.005
3216.72877 12.570 0.005
3217.92930 12.564 0.006
3218.91393 12.607 0.005
3223.83478 12.659 0.005
3226.82503 12.717 0.005
3229.83216 12.766 0.005
3231.81430 12.814 0.007
3239.79267 12.656 0.005
3240.78993 12.616 0.005
3241.81429 12.555 0.007
3242.71361 12.567 0.005
3243.85006 12.555 0.005
3244.82725 12.574 0.005
3245.77639 12.510 0.005
3246.76884 12.542 0.005
3247.76260 12.542 0.009
3249.72731 12.557 0.005
3251.74083 12.529 0.009
3254.72795 12.585 0.005
3257.74436 12.632 0.008
3259.66354 12.670 0.005
3261.70164 12.673 0.007
3265.71873 12.801 0.008
3267.70757 12.812 0.005
3269.78399 12.824 0.005
3270.74081 12.812 0.005
3271.66364 12.782 0.005
3272.72083 12.717 0.007
3274.70670 12.606 0.005
3276.71113 12.577 0.005
3277.74427 12.534 0.020
3279.67659 12.547 0.007
3281.64027 12.560 0.007
3283.64171 12.561 0.013
3287.60793 12.582 0.005
3289.61900 12.609 0.007
3293.59579 12.670 0.005
3295.61458 12.703 0.007
3297.59633 12.760 0.008
3299.65270 12.762 0.006
3301.62694 12.810 0.005
3303.68919 12.813 0.005
3306.62174 12.733 0.013
3308.60946 12.645 0.005
3310.60859 12.584 0.013
3312.65261 12.535 0.013
3314.56347 12.541 0.005
3320.60130 12.546 0.014
3327.55626 12.686 0.006
3330.55049 12.708 0.006
3335.59532 12.804 0.005
3338.59893 12.785 0.011
3349.59526 12.549 0.005
3353.57435 12.533 0.005
3359.55088 12.603 0.005
3363.55822 12.666 0.005
3367.61754 12.703 0.010
3372.54829 12.841 0.005
3376.52760 12.709 0.012
3378.59455 12.639 0.005
3386.56098 12.498 0.014
3390.57456 12.565 0.005
3398.55632 12.662 0.005
3402.54472 12.749 0.005
3528.93692 12.570 0.005
3541.92972 12.750 0.005
3547.91431 12.795 0.007
3554.92252 12.547 0.005
3560.94464 12.519 0.009
3564.90680 12.543 0.006
3568.83766 12.603 0.005
3570.77838 12.652 0.005
3571.80071 12.680 0.005
3573.83820 12.699 0.005
3574.87719 12.718 0.005
3577.83586 12.797 0.005
3578.89443 12.794 0.008
3579.79927 12.828 0.005
3581.84420 12.826 0.005
3581.86691 12.809 0.009
3582.82909 12.806 0.005
3583.83350 12.783 0.005
3584.80520 12.752 0.005
3588.82573 12.587 0.007
3589.81854 12.551 0.007
3593.81090 12.529 0.010
3596.89136 12.521 0.006
3601.80899 12.580 0.007
3607.81440 12.701 0.005
3614.78579 12.795 0.005
3617.76529 12.771 0.005
3619.69821 12.715 0.007
3621.71667 12.637 0.005
3624.86497 12.591 0.005
3626.71435 12.563 0.005
3629.66796 12.545 0.005
3631.73033 12.567 0.005
3633.69564 12.583 0.005
3637.64955 12.642 0.005
3639.69963 12.698 0.025
3641.69619 12.685 0.005
3643.72056 12.719 0.005
3646.65552 12.783 0.005
3650.65877 12.803 0.005
3650.68281 12.799 0.005
3651.73275 12.742 0.014
3653.72891 12.690 0.010
3655.69509 12.680 0.015
3657.64587 12.595 0.007
3658.65030 12.574 0.005
3659.63835 12.556 0.007
3660.66847 12.528 0.007
3663.55998 12.564 0.005
3665.63356 12.518 0.006
3668.57198 12.564 0.005
3669.67074 12.619 0.005
3671.62890 12.658 0.005
3673.67376 12.648 0.005
3675.65834 12.686 0.007
3681.62964 12.797 0.005
3681.64927 12.808 0.005
3683.64765 12.825 0.005
3687.65145 12.761 0.011
3692.57568 12.569 0.006
3694.55966 12.542 0.005
3698.59387 12.529 0.005
3700.57480 12.535 0.005
3702.58409 12.538 0.007
3704.59036 12.601 0.006
3708.58367 12.649 0.005
3711.59026 12.700 0.005
3714.52401 12.748 0.005
3718.60452 12.801 0.005
3724.56310 12.687 0.005
3726.58366 12.624 0.005
3728.55677 12.598 0.010
3734.56022 12.544 0.005
3737.57590 12.581 0.005
3742.53452 12.629 0.005
3746.55980 12.662 0.009
3751.53618 12.787 0.005
3756.55244 12.775 0.005
3761.60271 12.603 0.005
3766.52751 12.510 0.005
3772.55033 12.570 0.005
3776.55040 12.619 0.005
3871.87630 12.555 0.005
3901.93882 12.524 0.005
3906.93909 12.508 0.007
3913.91603 12.610 0.021
3918.87954 12.671 0.005
3931.91488 12.735 0.005
3934.85790 12.580 0.011
3936.86610 12.558 0.005
3938.85009 12.555 0.005
3944.89748 12.530 0.009
3946.86561 12.574 0.005
3951.88502 12.658 0.005
3955.85015 12.709 0.005
3958.82667 12.759 0.005
3960.82682 12.757 0.008
3963.82353 12.804 0.005
3965.81541 12.736 0.022
3967.83526 12.652 0.007
3969.80090 12.623 0.005
3971.77709 12.572 0.006
3974.77883 12.547 0.005
3979.73419 12.579 0.005
3980.61754 12.591 0.005
3981.64383 12.577 0.014
3983.83415 12.631 0.005
3986.69571 12.670 0.005
3987.66675 12.668 0.010
3990.79002 12.723 0.005
3993.73482 12.782 0.005
3995.74009 12.817 0.006
3999.74936 12.739 0.012
4002.72150 12.632 0.014
4004.67329 12.567 0.005
4007.56288 12.515 0.011
4008.57181 12.519 0.006
4009.73327 12.522 0.005
4013.69838 12.519 0.009
4015.68067 12.580 0.005
4015.69690 12.573 0.005
4018.69606 12.606 0.007
4019.68463 12.621 0.005
4021.67712 12.667 0.005
4024.65059 12.704 0.005
4026.62947 12.741 0.005
4028.62543 12.779 0.005
4030.63799 12.819 0.005
4032.69009 12.850 0.005
4037.66628 12.613 0.010
4039.60422 12.585 0.005
4041.60374 12.563 0.005
4043.58944 12.551 0.005
4046.59877 12.542 0.005
4048.56467 12.554 0.005
4052.55889 12.583 0.005
4054.61307 12.605 0.005
4056.58516 12.651 0.005
4058.61871 12.638 0.009
4060.51755 12.714 0.005
4064.51518 12.780 0.007
4066.55665 12.804 0.005
4069.51502 12.774 0.005
4073.59859 12.607 0.005
4077.52194 12.563 0.006
4079.52388 12.549 0.005
4082.52384 12.582 0.005
4085.56155 12.588 0.007
4092.55760 12.638 0.011
4096.58355 12.748 0.005
4100.58634 12.817 0.005
4105.55417 12.718 0.005
4108.53042 12.536 0.007
4113.60831 12.543 0.005
4120.57914 12.619 0.005
4126.57697 12.688 0.005
4252.92626 12.494 0.009
4255.84555 12.504 0.007
4268.89906 12.718 0.008
4275.92119 12.818 0.005
4279.79887 12.671 0.005
4282.80943 12.511 0.017
4291.93747 12.571 0.007
4292.85599 12.566 0.027
4295.86004 12.606 0.015
4296.88980 12.624 0.006
4297.92266 12.628 0.005
4299.85747 12.651 0.011
4300.87896 12.618 0.074
4301.89697 12.674 0.010
4302.91858 12.673 0.007
4306.86321 12.804 0.005
4307.89749 12.799 0.026
4308.65864 12.784 0.008
4310.83897 12.773 0.007
4311.82652 12.764 0.005
4314.91987 12.593 0.008
4316.82641 12.586 0.007
4319.86359 12.562 0.005
4320.89045 12.529 0.006
4326.83432 12.533 0.008
4327.81259 12.592 0.005
4328.82822 12.545 0.011
4329.83076 12.595 0.011
4330.85900 12.567 0.010
4333.86030 12.646 0.005
4338.90068 12.744 0.005
4340.77316 12.761 0.042
4341.76831 12.812 0.005
4342.82417 12.773 0.014
4343.76181 12.791 0.009
4349.79203 12.599 0.005
4351.72913 12.593 0.005
4353.75235 12.576 0.005
4357.70122 12.539 0.005
4359.69915 12.529 0.005
4361.70171 12.548 0.005
4362.72443 12.561 0.005
4364.58347 12.591 0.005
4367.68098 12.606 0.006
4370.67263 12.634 0.015
4372.73610 12.735 0.021
4378.61807 12.826 0.005
4379.64603 12.819 0.005
4380.75888 12.793 0.013
4382.68633 12.725 0.005
4386.66139 12.587 0.005
4388.66187 12.533 0.008
4393.64464 12.513 0.007
4400.66784 12.594 0.005
4403.69363 12.614 0.008
4407.63372 12.724 0.005
4408.67990 12.757 0.006
4415.68697 12.758 0.020
4422.65487 12.527 0.013
4427.53863 12.529 0.007
4429.56456 12.567 0.005
4431.56900 12.568 0.005
4433.57486 12.559 0.008
4435.56321 12.592 0.011
4437.65225 12.690 0.007
4439.56412 12.671 0.005
4441.59995 12.727 0.005
4443.59068 12.773 0.005
4449.64470 12.799 0.006
4451.59983 12.683 0.013
4453.58181 12.655 0.005
4456.58324 12.592 0.007
4459.53574 12.563 0.007
4464.57543 12.561 0.008
4465.54136 12.511 0.009
4470.56029 12.621 0.005
4474.59679 12.684 0.005
4476.57493 12.735 0.007
4479.59974 12.815 0.006
4481.58441 12.817 0.005
4484.60109 12.821 0.005
4487.62265 12.689 0.005
4609.89594 12.631 0.005
4643.88061 12.632 0.005
4649.93082 12.669 0.010
4661.89396 12.619 0.014
4662.89360 12.543 0.016
4663.74837 12.557 0.007
4663.93227 12.568 0.014
4665.82132 12.532 0.007
4665.91527 12.517 0.007
4666.90913 12.543 0.005
4670.90358 12.529 0.005
4671.81782 12.548 0.005
4675.89515 12.550 0.012
4681.87488 12.648 0.011
4683.87013 12.714 0.005
4685.85625 12.761 0.005
4688.80759 12.771 0.010
4690.73315 12.808 0.005
4691.73602 12.829 0.006
4693.89111 12.772 0.005
4696.84103 12.655 0.005
4698.75286 12.560 0.010
4699.74687 12.556 0.005
4700.78438 12.509 0.011
4701.78958 12.556 0.005
4702.84972 12.542 0.005
4703.74876 12.543 0.005
4704.76761 12.524 0.005
4705.77485 12.563 0.005
4707.76752 12.591 0.007
4710.75175 12.575 0.006
4716.75326 12.698 0.005
4719.74543 12.743 0.005
4721.73439 12.766 0.005
4726.65976 12.792 0.005
4729.67074 12.731 0.005
4731.76099 12.657 0.007
4734.74331 12.534 0.014
4736.70809 12.590 0.005
4739.64937 12.566 0.005
4741.72395 12.551 0.007
4747.59056 12.647 0.010
4749.59013 12.639 0.005
4753.65929 12.707 0.005
4755.65321 12.719 0.008
4759.65027 12.784 0.005
4763.63318 12.745 0.005
4766.60140 12.638 0.005
4769.63947 12.547 0.005
4771.55054 12.534 0.005
4773.67535 12.540 0.006
4775.66219 12.547 0.005
4777.59594 12.555 0.006
4779.63153 12.575 0.007
4781.58145 12.583 0.008
4783.56507 12.618 0.005
4785.59617 12.694 0.005
4787.55254 12.711 0.005
4789.53158 12.755 0.005
4790.61380 12.716 0.028
4791.61210 12.780 0.007
4793.51623 12.812 0.005
4797.52548 12.762 0.007
4798.58878 12.772 0.005
4803.52739 12.519 0.009
4804.57757 12.544 0.005
4806.58659 12.533 0.005
4808.61232 12.525 0.006
4810.55526 12.525 0.008
4813.59461 12.520 0.008
4815.57074 12.600 0.005
4817.58728 12.630 0.008
4819.58688 12.674 0.007
4821.62878 12.654 0.010
4823.58957 12.729 0.005
4825.61801 12.761 0.005
4832.59113 12.787 0.005
4835.57295 12.684 0.005
4842.56152 12.557 0.008
4847.62632 12.586 0.005
4849.58618 12.600 0.009
4853.58361 12.647 0.005
4856.57754 12.680 0.005
4865.55067 12.794 0.005
4936.91655 12.790 0.010
4940.89923 12.595 0.006
4953.89694 12.564 0.005
4954.88836 12.614 0.014
