2090.88084 17.030 0.018
2103.93377 16.943 0.011
2105.88549 17.012 0.014
2106.85009 16.926 0.013
2116.83405 16.685 0.010
2123.78089 17.046 0.015
2127.79399 16.891 0.016
2128.78877 16.642 0.012
2129.82019 17.043 0.014
2130.78727 16.914 0.012
2131.87574 16.698 0.012
2132.76867 16.995 0.016
2134.77232 16.657 0.013
2135.80524 17.064 0.013
2136.82148 16.875 0.012
2137.77956 16.645 0.011
2140.77337 16.652 0.011
2142.78684 16.886 0.014
2143.78181 16.640 0.010
2144.87411 17.004 0.012
2155.84177 16.695 0.013
2156.78837 17.049 0.015
2160.69750 16.863 0.014
2162.72426 17.013 0.013
2166.71870 16.873 0.013
2167.80205 16.674 0.011
2171.70354 16.985 0.013
2172.70917 16.883 0.012
2173.68979 16.583 0.010
2178.63622 16.851 0.014
2184.66379 16.837 0.014
2185.62785 16.529 0.010
2187.72228 16.874 0.015
2188.64317 16.559 0.012
2190.65421 16.868 0.011
2191.70315 16.602 0.010
2192.62819 16.974 0.011
2193.64619 16.851 0.011
2194.61768 16.512 0.010
2195.68348 16.988 0.011
2201.63111 16.992 0.012
2203.66754 16.586 0.010
2204.62368 16.967 0.015
2211.60529 16.822 0.014
2212.60582 16.510 0.010
2213.61408 16.969 0.015
2214.59947 16.813 0.013
2215.61391 16.518 0.011
2217.59892 16.840 0.013
2219.64357 16.976 0.016
2222.61243 16.995 0.016
2224.66823 16.587 0.010
2226.59970 16.837 0.015
2228.52401 16.963 0.015
2229.58227 16.816 0.012
2231.53376 17.002 0.016
2233.53856 16.416 0.010
2235.62390 16.823 0.010
2237.54338 16.971 0.016
2240.59899 16.972 0.014
2242.58083 16.461 0.010
2244.60245 16.806 0.012
2250.53287 16.784 0.014
2252.57399 16.980 0.013
2255.55901 16.958 0.013
2257.58822 16.497 0.009
2262.58060 16.835 0.012
2266.53553 16.432 0.012
2271.54229 16.793 0.011
2273.54535 16.994 0.018
2275.57840 16.494 0.011
2277.56273 16.816 0.011
2280.53044 16.751 0.021
2284.57087 16.470 0.010
2289.56457 16.690 0.012
2293.53669 16.452 0.012
2295.53632 16.817 0.014
2297.53787 16.915 0.017
2299.54342 16.502 0.011
2301.53507 16.687 0.016
2444.91440 16.450 0.011
2458.91372 16.778 0.013
2463.87733 16.960 0.013
2465.88981 16.501 0.010
2467.86379 16.770 0.013
2468.92702 16.414 0.009
2471.87147 16.610 0.011
2473.84901 16.758 0.011
2483.82133 16.862 0.012
2486.83694 16.781 0.015
2488.82851 16.724 0.015
2489.88505 16.517 0.010
2492.86656 16.601 0.012
2496.86599 16.950 0.012
2497.88844 16.769 0.012
2499.82243 16.953 0.013
2500.82685 16.724 0.012
2501.81685 16.850 0.012
2502.79661 16.935 0.013
2511.82051 16.956 0.014
2516.85461 16.645 0.012
2517.78275 16.942 0.013
2518.75708 16.686 0.012
2520.75408 16.928 0.012
2526.74064 16.940 0.011
2534.79879 16.906 0.014
2535.85493 16.970 0.015
2538.75363 16.923 0.014
2539.66681 16.635 0.011
2540.68395 17.059 0.020
2541.67227 16.909 0.013
2542.64835 16.642 0.011
2544.62517 16.870 0.012
2545.64238 16.633 0.010
2548.67464 16.654 0.011
2550.66940 16.917 0.013
2551.65610 16.655 0.011
2552.67217 17.037 0.011
2554.66554 16.645 0.010
2555.67333 17.037 0.014
2556.65243 16.881 0.013
2557.66468 16.653 0.009
2558.62155 17.030 0.016
2559.57745 16.842 0.014
2560.61128 16.629 0.012
2561.63699 17.019 0.020
2562.62956 16.886 0.013
2563.63758 16.627 0.014
2564.65318 17.065 0.016
2565.63888 16.903 0.012
2566.62622 16.629 0.011
2568.62895 16.878 0.015
2571.61379 16.855 0.018
2573.61458 17.034 0.018
2573.62263 17.026 0.016
2574.60686 16.870 0.015
2575.62419 16.593 0.010
2577.59156 16.862 0.016
2578.58933 16.608 0.013
2579.60064 17.027 0.014
2583.58399 16.878 0.014
2584.59182 16.618 0.013
2587.57098 16.575 0.011
2588.59910 17.012 0.014
2589.55618 16.853 0.013
2590.57560 16.585 0.013
2591.57686 17.016 0.015
2593.56688 16.599 0.010
2594.57123 17.002 0.016
2596.54640 16.573 0.012
2597.53472 16.989 0.015
2598.58179 16.879 0.013
2599.56400 16.613 0.014
2606.64871 17.046 0.016
2609.59165 17.033 0.014
2611.56180 16.589 0.014
2614.56715 16.594 0.011
2618.56037 17.017 0.015
2620.55820 16.578 0.012
2623.56580 16.577 0.012
2626.55739 16.595 0.012
2628.52406 16.813 0.029
2632.53057 16.569 0.012
2636.52567 16.977 0.025
2638.55951 16.577 0.014
2641.54982 16.562 0.011
2645.55940 17.004 0.014
2650.55192 16.588 0.011
2653.56149 16.589 0.012
2659.57506 16.596 0.011
2667.56117 16.857 0.014
2671.53037 16.561 0.012
2673.52733 16.849 0.019
2675.54284 17.003 0.017
2681.55189 17.006 0.016
2777.86616 16.415 0.012
2804.90906 16.438 0.015
2809.93222 16.806 0.013
2813.91772 16.490 0.010
2817.89015 16.985 0.017
2820.94072 16.980 0.015
2829.93943 16.987 0.014
2831.74138 16.803 0.016
2831.93762 16.502 0.010
2832.88267 16.983 0.013
2833.79803 16.766 0.016
2835.91218 16.992 0.015
2837.83413 16.436 0.014
2838.85475 17.021 0.018
2839.84646 16.772 0.014
2844.83584 16.961 0.012
2845.83216 16.788 0.013
2848.91885 16.815 0.015
2850.85033 16.995 0.015
2851.89493 16.785 0.012
2852.92811 16.499 0.011
2853.90580 16.981 0.014
2856.77874 16.972 0.017
2858.87294 16.420 0.009
2859.93396 16.968 0.014
2860.83811 16.773 0.012
2862.81454 16.967 0.015
2863.79721 16.778 0.016
2865.87051 16.983 0.014
2866.82953 16.794 0.015
2867.76555 16.598 0.010
2869.81097 16.756 0.011
2875.76078 16.732 0.013
2877.76107 16.955 0.012
2883.78807 16.959 0.011
2885.72320 16.823 0.013
2888.77140 16.535 0.010
2892.75785 16.932 0.017
2894.76645 16.555 0.011
2896.76788 16.759 0.011
2898.78418 16.962 0.012
2900.70836 16.888 0.012
2902.70917 16.719 0.011
2905.71625 16.707 0.011
2907.71293 16.946 0.012
2909.70466 16.893 0.011
2911.69776 16.705 0.010
2915.66940 17.014 0.013
2917.69483 16.709 0.010
2921.68995 16.943 0.014
2923.70634 16.710 0.012
2925.67758 16.946 0.013
2927.67512 17.007 0.015
2930.69295 16.921 0.013
2932.69575 16.707 0.011
2934.67419 16.930 0.012
2937.59976 16.916 0.015
2940.59658 16.909 0.011
2942.59660 17.036 0.013
2944.55253 16.649 0.013
2946.54404 16.886 0.015
2947.56610 16.661 0.012
2951.59186 17.069 0.019
2952.61891 16.915 0.014
2954.64609 17.035 0.018
2956.59203 16.654 0.010
2958.57678 16.900 0.013
2961.53105 16.863 0.017
2964.56802 16.910 0.015
2966.57069 17.049 0.013
2969.60757 17.068 0.014
2971.62119 16.688 0.012
2973.60900 16.917 0.013
2975.58335 17.050 0.014
2977.57592 16.651 0.014
2979.54195 16.864 0.015
2981.58673 17.045 0.020
2985.64101 16.937 0.015
2987.53862 17.002 0.015
2990.56263 17.034 0.013
2992.53234 16.650 0.014
2995.57659 16.645 0.009
2998.53384 16.664 0.015
3001.53589 16.636 0.013
3004.52731 16.633 0.019
3007.53504 16.600 0.012
3010.53428 16.621 0.013
3016.55147 16.651 0.012
3019.55527 16.627 0.010
3021.57875 16.892 0.011
3023.53313 17.019 0.019
3025.53046 16.608 0.014
3027.56665 16.908 0.014
3029.53028 17.023 0.021
3031.53343 16.644 0.012
3033.54564 16.908 0.012
3035.57901 17.059 0.014
3040.52583 16.636 0.015
3133.90911 16.875 0.014
3160.82145 16.835 0.014
3175.93232 16.881 0.011
3182.93651 16.594 0.009
3185.92638 16.608 0.009
3191.93276 16.596 0.009
3195.90210 17.010 0.012
3197.87771 16.559 0.010
3199.91118 16.895 0.015
3203.83987 16.514 0.009
3204.90586 17.027 0.013
3206.94305 16.627 0.012
3210.85688 16.998 0.012
3211.92148 16.883 0.012
3216.68469 17.015 0.017
3218.80115 16.482 0.012
3226.78692 16.808 0.012
3229.79200 16.826 0.011
3231.74634 16.957 0.015
3238.91030 16.855 0.012
3240.73460 16.957 0.014
3242.67727 16.552 0.010
3243.80993 16.978 0.015
3244.79094 16.823 0.013
3245.73645 16.405 0.009
3246.72894 16.967 0.014
3247.72406 16.787 0.013
3248.77046 16.446 0.009
3250.77364 16.803 0.010
3256.71185 16.768 0.011
3258.67647 16.994 0.013
3262.69880 16.760 0.009
3264.65447 16.980 0.011
3266.72547 16.427 0.009
3268.65521 16.750 0.010
3270.62892 16.978 0.014
3271.62666 16.746 0.011
3272.67618 16.501 0.010
3274.66579 16.757 0.011
3276.65817 16.976 0.014
3277.65961 16.717 0.015
3278.70774 16.431 0.012
3280.65636 16.752 0.009
3282.64690 16.982 0.008
3288.62783 16.939 0.010
3292.60215 16.734 0.009
3295.57788 16.724 0.007
3297.55950 16.919 0.011
3299.61645 16.817 0.008
3301.59043 16.750 0.013
3303.65270 16.967 0.013
3306.58358 16.948 0.011
3308.57320 16.983 0.015
3310.57224 16.695 0.012
3312.57449 16.945 0.013
3315.59502 16.949 0.011
3320.55830 17.036 0.015
3321.56030 16.922 0.012
3324.58460 16.953 0.011
3329.53805 17.048 0.014
3334.52849 16.675 0.014
3336.55006 16.957 0.013
3349.55839 16.696 0.008
3352.59417 16.739 0.010
3362.54610 17.045 0.016
3367.57580 16.728 0.011
3372.52708 16.921 0.019
3378.55367 16.927 0.012
3385.55266 16.701 0.011
3389.55143 17.014 0.013
3397.56473 16.740 0.015
3400.55153 16.753 0.013
3564.86865 17.023 0.012
3569.88720 16.669 0.009
3570.70251 17.009 0.017
3572.93425 16.681 0.011
3574.84077 16.871 0.012
3576.82330 17.051 0.015
3577.85889 16.873 0.011
3581.80391 16.597 0.009
3582.78685 17.018 0.012
3583.80092 16.892 0.012
3585.82851 17.030 0.009
3589.79670 16.866 0.010
3591.81097 17.059 0.010
3593.84993 16.630 0.010
3596.72883 16.534 0.009
3601.76898 16.861 0.010
3608.77825 16.579 0.008
3615.79286 16.999 0.011
3618.79016 17.011 0.011
3620.82192 16.610 0.009
3622.77363 16.848 0.011
3626.67369 16.493 0.009
3629.70017 16.505 0.011
3631.70674 16.837 0.017
3633.64649 17.018 0.016
3636.73690 16.990 0.012
3638.67488 16.476 0.009
3641.65942 16.442 0.008
3643.68401 16.820 0.013
3646.61165 16.807 0.011
3649.60361 16.816 0.008
3650.61329 16.429 0.008
3651.69240 17.013 0.011
3653.65877 16.468 0.008
3655.65424 16.820 0.011
3657.58705 17.003 0.014
3658.58864 16.775 0.012
3659.60264 16.450 0.010
3664.66122 16.778 0.009
3666.68475 16.982 0.011
3692.52918 16.748 0.011
3694.52643 16.792 0.014
3696.51872 16.965 0.012
3698.51468 16.805 0.017
3700.53566 16.743 0.011
3702.54157 16.965 0.016
3704.58660 16.461 0.009
3706.54890 16.741 0.010
3708.54233 16.983 0.014
3711.54976 16.968 0.014
3713.57213 16.475 0.009
3719.54305 16.597 0.011
3722.55118 16.563 0.010
3727.55455 16.770 0.012
3740.54053 16.592 0.011
3745.53382 16.759 0.016
3749.53579 16.621 0.015
3760.53689 16.767 0.013
3765.52519 16.946 0.014
3771.54360 16.962 0.014
3775.54848 16.780 0.013
3780.53101 16.988 0.015
3870.88581 17.068 0.020
3871.84165 16.911 0.018
3900.93011 16.998 0.012
3912.94381 16.895 0.011
3917.91294 16.712 0.009
3937.85079 16.943 0.014
3944.86502 16.686 0.010
3946.82988 16.917 0.010
3955.81313 16.887 0.016
3958.79471 16.923 0.012
3960.79473 17.037 0.011
3963.79148 17.015 0.013
3965.78331 16.643 0.008
3967.79708 16.906 0.009
3969.76899 17.022 0.010
3971.74451 16.607 0.009
3974.74669 16.635 0.010
3979.70215 16.874 0.011
3980.58476 16.469 0.010
3981.60901 16.972 0.011
3983.87047 16.695 0.011
3990.75728 17.025 0.011
3993.68506 17.017 0.014
3993.70713 16.985 0.012
3995.70484 16.574 0.008
3999.71221 17.029 0.011
4002.68939 17.005 0.010
4004.64105 16.551 0.009
4006.66747 16.854 0.009
4007.66026 16.535 0.008
4008.53946 16.969 0.012
4015.64368 16.851 0.016
4017.66250 17.005 0.011
4019.65147 16.556 0.010
4024.61827 16.849 0.011
4026.59721 16.985 0.011
4028.59300 16.502 0.008
4030.60224 16.844 0.010
4039.57189 16.818 0.010
4041.56398 17.029 0.014
4046.52944 16.420 0.008
4056.55267 16.973 0.014
4059.51428 16.990 0.014
4061.53152 16.379 0.006
4067.52727 16.431 0.009
4076.61109 16.532 0.010
4078.56968 16.824 0.010
4080.58168 16.978 0.012
4087.56366 16.782 0.010
4093.58317 16.824 0.010
4099.57877 16.815 0.012
4103.60566 16.526 0.011
4111.55777 16.808 0.009
4124.55258 16.465 0.009
4132.55467 16.805 0.015
4255.80794 16.947 0.020
4303.90684 16.991 0.013
4306.82307 16.965 0.017
4308.62776 16.990 0.015
4316.79570 16.738 0.014
4327.78036 16.957 0.016
4328.79612 16.720 0.012
4329.88172 16.635 0.013
4331.86252 16.751 0.012
4333.89681 16.972 0.014
4338.86505 16.709 0.014
4340.73675 16.683 0.012
4341.73287 17.072 0.016
4342.75708 16.956 0.014
4343.72618 16.665 0.010
4345.75429 16.916 0.012
4347.74319 17.056 0.012
4349.73488 16.692 0.010
4351.69301 16.915 0.014
4354.72370 16.914 0.013
4358.75602 16.692 0.013
4361.68390 16.656 0.011
4363.58682 16.880 0.016
4367.66310 16.637 0.012
4371.62869 17.017 0.015
4373.64704 16.627 0.010
4377.71874 17.062 0.012
4379.61046 16.608 0.012
4380.70629 17.046 0.013
4382.65040 16.639 0.011
4390.63542 16.884 0.012
4416.65072 17.021 0.013
4430.58955 16.578 0.013
4434.60244 17.017 0.014
4438.60131 16.877 0.014
4450.55378 16.844 0.013
4453.54578 16.833 0.014
4456.54731 16.819 0.014
4463.55922 16.575 0.012
4466.54335 16.538 0.011
4476.54019 16.967 0.015
4479.57291 17.012 0.016
4483.56668 16.842 0.013
4486.58665 16.871 0.017
4492.58410 16.875 0.014
4609.85514 16.989 0.016
4630.93314 16.975 0.013
4652.89499 16.807 0.014
4658.85719 16.761 0.015
4661.87623 16.795 0.011
4662.72318 17.013 0.015
4663.71273 16.920 0.015
4664.72561 16.712 0.015
4683.81274 16.521 0.010
4685.82084 16.775 0.011
4687.85638 16.981 0.012
4689.72972 16.953 0.013
4690.69735 16.921 0.012
4691.70038 16.694 0.014
4693.85549 16.985 0.016
4696.77709 16.948 0.015
4698.71722 16.984 0.012
4700.74862 16.739 0.010
4701.70290 17.009 0.012
4702.81383 16.976 0.013
4703.71311 16.711 0.011
4704.73207 16.908 0.011
4705.73928 16.966 0.012
4708.80012 16.973 0.011
4710.71382 16.995 0.010
4716.71690 16.976 0.011
4719.70974 16.971 0.017
4721.68032 16.696 0.012
4725.68562 17.047 0.014
4728.70725 16.971 0.013
4734.69287 17.035 0.012
4743.66750 17.078 0.015
4762.56877 16.892 0.012
4762.68032 16.926 0.012
4766.56526 16.647 0.013
4771.64834 16.917 0.011
4786.60006 16.897 0.014
4788.57434 17.044 0.013
4792.53245 16.888 0.013
4794.53625 17.021 0.013
4796.60598 16.654 0.010
4800.57158 17.044 0.013
4802.57761 16.641 0.011
4808.56768 16.635 0.012
4810.57360 16.901 0.012
4817.55142 16.634 0.010
4819.54538 16.880 0.013
4820.58827 16.656 0.011
4822.57622 16.907 0.012
4823.54962 16.587 0.010
4823.57151 16.653 0.009
4824.54165 17.030 0.015
4824.64036 17.052 0.014
4825.59214 16.914 0.013
4832.55056 16.642 0.011
4834.57564 16.917 0.014
4837.56690 16.908 0.016
4841.53268 16.660 0.016
4843.53738 16.875 0.015
4845.53493 17.050 0.017
4846.54228 16.887 0.013
4849.56793 16.897 0.012
4853.56554 16.652 0.011
4856.54652 16.661 0.010
4948.90971 17.045 0.015
4949.91032 16.875 0.012
