2104.88015 16.777 0.010
2112.92050 16.774 0.010
2115.89654 16.909 0.013
2116.92441 16.751 0.011
2117.88280 17.113 0.013
2123.87839 16.892 0.012
2128.87832 16.961 0.014
2130.81712 16.992 0.012
2131.81013 16.836 0.012
2132.85489 17.018 0.013
2133.86739 17.077 0.016
2134.86050 17.023 0.014
2135.89742 16.871 0.010
2136.90121 16.906 0.014
2140.86393 17.049 0.014
2141.77415 17.084 0.015
2142.87404 16.994 0.015
2143.88310 16.876 0.013
2144.79872 17.124 0.012
2156.72451 17.114 0.016
2160.80374 17.100 0.014
2162.81406 16.974 0.011
2166.80491 16.943 0.011
2167.73814 16.733 0.010
2168.76273 17.104 0.013
2172.80103 17.094 0.013
2173.75706 17.056 0.011
2174.74079 16.916 0.010
2177.68892 17.013 0.014
2184.75021 17.101 0.016
2186.73851 16.923 0.015
2187.65851 16.965 0.016
2189.74013 17.046 0.016
2190.74023 16.900 0.012
2191.64436 17.038 0.012
2192.70825 17.102 0.011
2193.73545 17.047 0.011
2194.70029 16.881 0.012
2200.71467 17.099 0.013
2203.60292 17.106 0.013
2206.65263 16.850 0.013
2208.69672 17.106 0.014
2211.70464 16.992 0.013
2212.69125 17.086 0.013
2214.69127 16.878 0.015
2215.72725 16.942 0.015
2217.68642 17.004 0.014
2219.72340 16.985 0.015
2222.77270 16.927 0.015
2223.67776 17.099 0.016
2228.60369 17.079 0.013
2230.54177 16.731 0.012
2232.55478 17.034 0.012
2234.59680 16.752 0.010
2236.58602 17.063 0.013
2239.53357 17.107 0.015
2241.57835 16.930 0.012
2243.61670 17.105 0.014
2249.57288 16.922 0.011
2251.62684 17.093 0.013
2254.58061 16.734 0.011
2256.59795 17.056 0.016
2259.61878 17.141 0.015
2262.62526 16.768 0.012
2266.61713 16.712 0.012
2271.59206 17.087 0.014
2273.59129 16.908 0.015
2276.58597 17.031 0.015
2280.57988 17.047 0.014
2285.57584 16.889 0.011
2289.61168 16.905 0.011
2291.61693 17.097 0.012
2293.61336 16.888 0.011
2295.61006 17.108 0.014
2297.61462 16.904 0.012
2299.60926 17.074 0.015
2301.60080 16.914 0.014
2453.88795 16.846 0.015
2460.93465 17.043 0.018
2464.89199 16.987 0.012
2466.88549 17.058 0.016
2468.87974 16.991 0.013
2470.87073 17.111 0.013
2472.89082 17.023 0.011
2481.87633 16.817 0.015
2483.93777 17.108 0.014
2486.93850 17.063 0.016
2489.82052 16.784 0.010
2490.81676 17.099 0.017
2496.80048 16.933 0.011
2497.82277 16.767 0.012
2498.82307 17.097 0.013
2499.90810 17.079 0.012
2500.91648 16.981 0.013
2501.91118 16.802 0.011
2502.88328 17.138 0.015
2508.79388 16.930 0.018
2516.82627 16.926 0.013
2517.87328 16.769 0.012
2518.84754 17.088 0.014
2519.79884 17.051 0.012
2520.84100 16.926 0.012
2521.79160 16.765 0.011
2524.79451 16.882 0.013
2526.82647 17.119 0.011
2529.78500 16.803 0.010
2535.74461 17.000 0.013
2537.75111 16.945 0.016
2538.85159 17.098 0.016
2539.74700 17.014 0.013
2540.79179 16.889 0.015
2541.75901 16.951 0.012
2542.72867 17.110 0.013
2544.71085 16.831 0.011
2545.72215 17.081 0.013
2547.74029 17.017 0.013
2548.76046 16.862 0.012
2550.75560 17.106 0.012
2551.74273 16.984 0.013
2552.75810 16.864 0.011
2553.69890 17.120 0.016
2554.75125 17.101 0.013
2555.75922 16.988 0.013
2556.73845 16.837 0.011
2557.75078 17.072 0.012
2558.70733 17.081 0.013
2559.66429 16.972 0.012
2560.69739 16.802 0.011
2561.74295 17.105 0.016
2562.71559 17.095 0.014
2563.72363 16.959 0.013
2564.74001 16.815 0.012
2565.73491 17.137 0.014
2566.71390 17.092 0.015
2571.70216 16.974 0.014
2572.76963 16.814 0.013
2573.70779 17.101 0.016
2574.68749 17.083 0.013
2576.73195 16.827 0.012
2577.69019 17.124 0.015
2578.67524 17.070 0.016
2579.68541 16.957 0.014
2580.69368 16.778 0.011
2583.66992 16.936 0.014
2584.67222 16.752 0.011
2587.65751 16.913 0.013
2588.66941 16.736 0.011
2589.66249 17.116 0.014
2590.67036 17.065 0.014
2591.69812 16.927 0.013
2593.65493 17.099 0.015
2594.66146 17.056 0.015
2596.63413 16.762 0.013
2597.62298 17.140 0.019
2598.70168 17.054 0.015
2599.66221 16.922 0.015
2608.56289 16.989 0.014
2610.59948 17.011 0.014
2613.59088 17.112 0.018
2615.62649 16.881 0.014
2620.59687 16.947 0.013
2622.54465 16.995 0.012
2625.59803 17.095 0.019
2629.53785 17.090 0.016
2632.57591 17.070 0.013
2636.57235 17.104 0.015
2639.57162 16.849 0.011
2643.54459 16.825 0.012
2649.55003 17.095 0.014
2651.58786 16.844 0.014
2655.54767 16.796 0.013
2658.55950 16.974 0.018
2661.57617 17.087 0.012
2665.53905 17.084 0.015
2669.56520 17.080 0.014
2674.54997 16.973 0.013
2676.57011 17.118 0.013
2677.53331 17.058 0.018
2680.54056 17.093 0.017
2683.56478 16.790 0.015
2804.84270 17.126 0.020
2805.89912 17.101 0.022
2811.95213 16.805 0.021
2815.92597 16.819 0.012
2818.93855 16.956 0.012
2829.87262 17.074 0.014
2831.86515 16.741 0.012
2832.81614 17.085 0.015
2833.91475 17.085 0.016
2835.90349 16.778 0.012
2837.90922 17.075 0.020
2840.89262 17.103 0.014
2843.87863 16.731 0.010
2844.91992 17.108 0.013
2848.82660 17.107 0.018
2849.90464 17.049 0.013
2850.93618 16.937 0.014
2852.86483 17.112 0.016
2854.87617 16.926 0.013
2857.88348 17.070 0.015
2859.87077 16.740 0.010
2860.92313 17.095 0.013
2861.79488 17.015 0.012
2862.88097 16.930 0.013
2863.88287 16.741 0.014
2865.80530 17.023 0.014
2867.79478 16.965 0.012
2868.83541 17.099 0.013
2869.85601 17.022 0.014
2870.86351 16.891 0.012
2872.78757 17.090 0.012
2875.85476 16.840 0.012
2876.88074 17.126 0.016
2877.85314 17.022 0.012
2879.81793 16.981 0.011
2884.76798 17.092 0.012
2886.78076 16.839 0.012
2890.73969 16.843 0.015
2893.79129 16.990 0.014
2895.80215 17.081 0.012
2897.74972 16.971 0.013
2899.78203 17.118 0.012
2903.80074 17.130 0.010
2906.74949 16.782 0.010
2908.72650 17.055 0.013
2910.72139 16.760 0.011
2912.72731 17.076 0.011
2916.73996 17.064 0.011
2918.71701 16.732 0.011
2922.71660 16.739 0.012
2924.71588 17.038 0.013
2926.65153 16.803 0.013
2929.71289 16.941 0.013
2931.68882 17.106 0.012
2933.70097 16.910 0.010
2935.66390 17.119 0.015
2937.68902 16.896 0.012
2939.66722 17.104 0.014
2940.68149 17.020 0.011
2941.65720 16.875 0.010
2942.68480 16.760 0.011
2943.65353 17.094 0.013
2944.63726 17.032 0.016
2946.63586 16.954 0.012
2947.66383 17.080 0.015
2949.64469 16.863 0.011
2950.59619 17.069 0.013
2951.67708 17.103 0.015
2953.62491 16.853 0.012
2955.60987 17.089 0.017
2957.62355 16.842 0.011
2965.68043 16.874 0.011
2968.64295 16.989 0.014
2971.65073 17.088 0.013
2973.63924 16.864 0.012
2975.53604 17.064 0.014
2977.63169 16.840 0.014
2979.61197 17.103 0.016
2982.56656 17.100 0.015
2986.60784 17.100 0.013
2988.58030 16.949 0.012
2990.59915 17.119 0.014
2993.60193 16.775 0.010
2997.54793 16.738 0.011
3000.60514 16.959 0.012
3003.58064 17.052 0.015
3006.57024 17.113 0.012
3009.56358 16.740 0.012
3013.57023 16.731 0.012
3017.56465 16.747 0.011
3020.53981 16.915 0.012
3022.56724 17.107 0.015
3024.56644 16.917 0.012
3026.53648 17.083 0.014
3028.53739 16.902 0.014
3030.54048 17.109 0.013
3032.55843 16.911 0.013
3034.55795 17.105 0.012
3038.54878 17.098 0.015
3179.94009 17.039 0.011
3184.90394 16.913 0.013
3193.92701 16.728 0.010
3196.89901 16.898 0.011
3202.89156 17.121 0.013
3203.93144 17.045 0.010
3206.87433 17.095 0.013
3210.94082 17.088 0.012
3211.85695 17.031 0.013
3216.77663 16.812 0.013
3217.82652 17.096 0.015
3224.82348 16.829 0.010
3228.80135 16.808 0.012
3230.77484 17.072 0.011
3238.80595 17.067 0.013
3239.84507 16.962 0.011
3240.84224 16.831 0.013
3241.78420 17.096 0.012
3242.77484 17.097 0.014
3243.89800 16.995 0.012
3244.87669 16.832 0.013
3245.82419 17.095 0.013
3246.82106 17.098 0.014
3247.82528 16.986 0.012
3249.77873 17.093 0.014
3251.79130 16.924 0.010
3254.77742 17.073 0.011
3257.80449 17.099 0.011
3261.75039 17.117 0.012
3263.74738 16.909 0.009
3265.77500 17.111 0.013
3267.75544 16.923 0.010
3270.70913 17.028 0.012
3271.71183 16.850 0.011
3273.67034 17.115 0.015
3275.66513 16.860 0.013
3276.75916 16.768 0.012
3277.79803 17.092 0.013
3279.72955 16.876 0.011
3281.69535 17.073 0.011
3283.68978 16.862 0.009
3287.65607 16.829 0.010
3289.67090 17.089 0.011
3291.60927 16.808 0.010
3294.62585 16.995 0.011
3296.59218 17.102 0.012
3300.60260 17.118 0.013
3302.58362 16.951 0.013
3305.67963 17.108 0.013
3307.59618 16.786 0.013
3309.61692 17.091 0.012
3311.57244 16.736 0.010
3314.61610 16.970 0.013
3320.64939 17.125 0.011
3323.60180 16.752 0.010
3327.62986 16.763 0.010
3330.60116 16.942 0.012
3335.64575 16.779 0.014
3338.55259 16.914 0.012
3350.56392 16.883 0.010
3357.60213 17.071 0.013
3361.60041 17.031 0.012
3363.60672 16.775 0.012
3369.58365 17.030 0.011
3372.59961 17.103 0.012
3376.57564 17.107 0.013
3380.56197 17.085 0.013
3386.60882 16.881 0.010
3395.56081 17.075 0.016
3399.58462 17.068 0.014
3402.60155 16.868 0.011
3543.91768 16.992 0.013
3551.94034 16.940 0.012
3558.92226 16.877 0.012
3562.91301 16.834 0.009
3568.90457 17.093 0.012
3570.86619 16.814 0.012
3571.85269 17.105 0.016
3573.89807 16.990 0.015
3575.85790 17.104 0.012
3577.91446 16.968 0.011
3579.85536 17.099 0.012
3581.92430 16.977 0.012
3582.87668 16.784 0.011
3583.89577 17.106 0.011
3585.85657 16.941 0.009
3586.88604 16.793 0.008
3588.88421 17.078 0.012
3590.84281 16.742 0.009
3592.80312 17.051 0.010
3594.84391 16.732 0.009
3600.93294 17.115 0.016
3603.75602 17.100 0.012
3608.81265 17.021 0.011
3614.84444 16.737 0.009
3615.84927 17.089 0.012
3618.82891 16.778 0.009
3620.85538 17.042 0.011
3622.80940 16.804 0.010
3625.75535 16.859 0.009
3628.77691 16.996 0.013
3630.69236 17.114 0.014
3632.66953 17.006 0.016
3634.70451 17.117 0.012
3637.70529 16.809 0.010
3640.67160 16.956 0.009
3644.70610 16.952 0.009
3646.72366 17.129 0.014
3650.73940 17.132 0.011
3652.68087 16.944 0.010
3654.65664 17.126 0.011
3656.70987 16.942 0.010
3657.73801 16.798 0.010
3658.71155 17.129 0.013
3659.69593 17.090 0.014
3660.70158 16.960 0.012
3663.69235 17.059 0.012
3665.72062 16.786 0.011
3668.64917 16.928 0.011
3668.67173 16.938 0.010
3670.66036 17.118 0.014
3672.59307 16.896 0.012
3674.75237 17.137 0.012
3676.63864 16.912 0.010
3682.61528 17.097 0.012
3684.63261 16.901 0.010
3686.59829 17.088 0.012
3688.57126 16.865 0.011
3690.58498 17.123 0.014
3693.58210 16.948 0.012
3695.57768 17.020 0.011
3698.55910 17.049 0.016
3701.60180 16.944 0.011
3703.61243 17.022 0.010
3705.58462 17.019 0.010
3707.58509 17.025 0.011
3712.60004 16.847 0.011
3715.55827 16.992 0.011
3719.63723 16.984 0.013
3722.58415 17.074 0.013
3725.66423 16.922 0.012
3730.56743 17.078 0.010
3735.57007 16.960 0.011
3739.56976 16.948 0.011
3743.54543 16.968 0.012
3748.54931 16.793 0.014
3753.54697 17.108 0.017
3758.56888 17.060 0.014
3762.57544 17.076 0.013
3768.53542 16.751 0.011
3773.53226 17.096 0.014
3777.55821 17.108 0.013
3871.92860 16.951 0.015
3902.94547 17.079 0.017
3907.94047 16.992 0.013
3915.91631 16.950 0.011
3918.93557 17.077 0.013
3933.82326 17.080 0.013
3934.90525 17.049 0.012
3936.91349 16.745 0.010
3938.89769 17.066 0.012
3945.86747 17.114 0.011
3950.84919 17.020 0.011
3957.80483 17.097 0.018
3959.80331 16.855 0.012
3961.78949 17.094 0.014
3964.79665 17.051 0.010
3966.78887 16.980 0.010
3968.78241 17.095 0.013
3970.77404 16.976 0.009
3973.74502 17.108 0.013
3975.75834 16.839 0.010
3980.69083 17.078 0.013
3981.69072 17.069 0.011
3982.75504 16.966 0.013
3986.73222 16.944 0.012
3989.82929 17.088 0.013
3991.77048 16.792 0.010
3994.67152 16.921 0.011
4001.67118 17.042 0.011
4003.64289 16.792 0.009
4004.73144 17.119 0.011
4005.71671 17.048 0.011
4007.60991 16.894 0.012
4008.61896 17.079 0.010
4011.66935 16.774 0.010
4014.66730 16.906 0.012
4016.64859 17.109 0.013
4018.64490 16.893 0.012
4020.68384 17.087 0.012
4023.63431 16.939 0.012
4025.63467 16.988 0.011
4027.62281 16.992 0.012
4029.60503 16.981 0.011
4031.59201 17.074 0.012
4036.62740 17.111 0.011
4038.58172 16.843 0.010
4040.56170 17.079 0.013
4042.63105 16.850 0.011
4044.67368 17.101 0.018
4047.58513 17.126 0.014
4049.55773 16.965 0.010
4051.60729 17.117 0.012
4053.61827 16.997 0.010
4055.54750 17.133 0.016
4057.58657 17.035 0.015
4059.62111 17.108 0.012
4063.61247 17.131 0.011
4066.52737 16.741 0.010
4068.59474 17.058 0.011
4071.53588 17.126 0.014
4074.57108 16.776 0.010
4077.62376 16.957 0.013
4079.57084 17.106 0.012
4083.57835 17.091 0.014
4087.60027 17.110 0.011
4095.56413 17.098 0.011
4095.60117 17.112 0.012
4098.58319 16.756 0.011
4102.55534 16.741 0.010
4107.55947 17.108 0.012
4112.55989 17.025 0.012
4119.54944 17.104 0.013
4122.57575 16.800 0.011
4128.57587 17.043 0.013
4253.89912 16.914 0.017
4255.91774 17.104 0.017
4258.93449 16.765 0.014
4273.92083 16.903 0.017
4279.77400 17.096 0.021
4282.74731 17.130 0.017
4282.91158 16.790 0.012
4283.83833 17.112 0.017
4284.90611 17.054 0.015
4289.87719 16.872 0.012
4292.91048 17.018 0.012
4295.90441 17.107 0.013
4296.93867 17.040 0.011
4298.85770 17.051 0.014
4299.90120 17.105 0.011
4300.92303 17.011 0.012
4301.94185 16.886 0.011
4303.83258 17.100 0.013
4307.72959 17.070 0.014
4308.70336 16.940 0.013
4308.91122 17.026 0.012
4310.88329 17.056 0.015
4311.88481 17.107 0.019
4314.81377 17.121 0.015
4316.87345 16.984 0.013
4320.85715 16.985 0.012
4326.88154 17.121 0.014
4327.90507 17.083 0.016
4328.87506 16.990 0.015
4329.87448 16.837 0.012
4330.90570 17.098 0.014
4332.92196 17.010 0.013
4334.91525 17.076 0.017
4339.86996 17.085 0.015
4340.82220 16.943 0.013
4341.81506 16.767 0.012
4342.88933 17.112 0.015
4343.80864 17.070 0.014
4344.79079 16.937 0.012
4346.76707 17.099 0.013
4348.75279 16.917 0.012
4350.72959 17.102 0.012
4353.68772 16.910 0.013
4355.74627 17.046 0.014
4358.68962 17.106 0.014
4359.74685 17.029 0.012
4362.69719 17.092 0.016
4365.67119 17.050 0.015
4369.72798 16.860 0.014
4371.69496 16.997 0.013
4376.69832 16.849 0.011
4378.66502 17.088 0.013
4379.69629 16.990 0.014
4381.65548 17.097 0.015
4383.68398 16.988 0.012
4386.70858 17.098 0.013
4388.70887 16.849 0.011
4390.71781 17.085 0.013
4394.60541 17.070 0.013
4396.68883 16.826 0.012
4398.69193 17.105 0.015
4402.67698 17.078 0.013
4404.69344 16.813 0.013
4407.70196 16.990 0.014
4409.71754 17.128 0.014
4411.71266 16.978 0.012
4415.71651 16.974 0.013
4417.66651 17.090 0.012
4420.65292 16.788 0.011
4422.68494 17.075 0.013
4424.68205 16.785 0.012
4427.56778 16.907 0.013
4429.61089 17.097 0.019
4431.59800 16.910 0.013
4433.60388 17.103 0.015
4435.59222 16.889 0.012
4438.65230 17.055 0.013
4440.62180 16.740 0.011
4442.58325 17.064 0.015
4444.60797 16.766 0.014
4452.61818 16.760 0.011
4454.63838 17.058 0.014
4455.58045 16.869 0.012
4457.58935 17.106 0.019
4460.54375 17.031 0.013
4463.60727 16.889 0.012
4467.59008 16.861 0.013
4470.58948 17.008 0.013
4474.63604 17.031 0.014
4476.61436 16.927 0.011
4481.62207 17.104 0.014
4483.64070 16.879 0.013
4485.62217 17.086 0.017
4488.62279 17.002 0.018
4492.61304 17.014 0.014
4643.92671 16.855 0.013
4655.90888 16.821 0.010
4661.92269 17.076 0.013
4662.84626 16.943 0.011
4662.94413 16.986 0.012
4663.79500 16.746 0.013
4665.86815 17.085 0.015
4671.84655 16.737 0.011
4677.86593 17.058 0.012
4682.84035 16.916 0.012
4684.87836 17.101 0.012
4686.83832 16.909 0.010
4688.85456 17.099 0.012
4690.77989 16.876 0.011
4691.78322 16.833 0.012
4694.82950 16.895 0.015
4697.77385 17.043 0.016
4699.79488 16.834 0.011
4700.82877 17.112 0.012
4701.83645 17.028 0.012
4703.79565 16.850 0.011
4704.81438 17.114 0.012
4705.82199 17.041 0.015
4707.83940 16.778 0.010
4709.77020 17.011 0.011
4715.77878 16.974 0.012
4717.73337 16.990 0.011
4720.71224 17.080 0.013
4722.72748 16.819 0.010
4725.73268 16.977 0.013
4730.72325 16.822 0.009
4730.78595 16.840 0.009
4733.75817 16.991 0.011
4736.67487 17.101 0.014
4738.76766 16.845 0.011
4739.62192 17.100 0.015
4740.64989 17.064 0.013
4740.70075 17.084 0.012
4741.66360 16.944 0.011
4743.69745 17.109 0.012
4747.58202 17.094 0.014
4748.63104 17.049 0.012
4748.68621 17.065 0.013
4749.65155 16.922 0.014
4750.71907 16.804 0.014
4753.62052 16.911 0.013
4754.59359 16.778 0.014
4754.64462 16.757 0.013
4755.62647 17.103 0.014
4756.65422 17.031 0.013
4757.60705 16.910 0.011
4758.63443 16.743 0.010
4759.62854 17.121 0.013
4760.62110 17.032 0.011
4762.61090 16.796 0.011
4767.64649 17.107 0.013
4770.69477 16.745 0.012
4772.63213 17.017 0.013
4774.60762 16.870 0.011
4776.57940 17.019 0.015
4778.58077 16.982 0.012
4780.57801 17.025 0.013
4782.55091 17.083 0.013
4783.61250 17.090 0.014
4786.53282 17.122 0.016
4789.57864 16.856 0.011
4791.56020 17.093 0.013
4793.56755 16.853 0.011
4795.58042 17.079 0.011
4797.57259 16.839 0.012
4798.63582 16.957 0.012
4801.53706 16.820 0.011
4802.62452 17.028 0.013
4803.59645 17.095 0.012
4805.53146 16.847 0.013
4807.55819 17.072 0.015
4809.58333 16.814 0.011
4811.60524 17.074 0.014
4814.56307 17.078 0.014
4816.56526 16.981 0.012
4818.57919 17.125 0.014
4820.55718 16.971 0.013
4822.61397 17.105 0.012
4824.59880 16.979 0.013
4831.57041 17.073 0.014
4833.59828 16.817 0.010
4835.62100 17.089 0.016
4839.62403 17.097 0.015
4842.59068 17.135 0.015
4844.60113 16.981 0.014
4847.65535 17.106 0.019
4849.61534 16.805 0.011
4853.61260 16.789 0.011
4854.54170 17.109 0.014
4855.62582 17.025 0.017
4856.53299 16.924 0.012
4859.52760 17.074 0.019
4862.52504 17.070 0.017
4862.52865 17.084 0.014
4862.58499 17.106 0.012
4862.59963 17.109 0.013
4863.53531 17.044 0.011
4864.52963 16.919 0.016
4864.56974 16.923 0.011
4865.52740 16.755 0.013
4865.57255 16.731 0.011
4866.53437 17.119 0.018
4866.54343 17.145 0.016
4866.57465 17.096 0.015
4867.58212 17.051 0.013
4868.54477 16.900 0.012
4868.58178 16.921 0.012
4870.52433 17.112 0.018
4871.52270 17.027 0.019
4874.51953 17.141 0.020
4876.54323 16.885 0.011
4947.92041 17.129 0.015
4953.92420 16.841 0.013
