 621.86901 16.304 0.009
 628.92753 16.229 0.007
 632.92785 15.983 0.006
 633.93232 16.243 0.007
 635.92744 16.168 0.007
 643.89620 16.269 0.006
 645.89970 16.173 0.007
 649.86901 15.819 0.006
 656.91478 15.582 0.006
 657.85599 16.085 0.007
 664.81899 15.916 0.006
 664.90752 15.963 0.006
 665.89451 16.227 0.007
 666.90504 15.650 0.006
 667.91587 16.132 0.006
 668.88643 16.225 0.006
 670.85207 16.235 0.006
 671.87464 15.690 0.006
 672.92816 16.166 0.006
 673.73041 16.294 0.007
 684.80718 16.019 0.006
 685.74572 16.272 0.006
 686.78813 15.771 0.006
 688.89297 15.582 0.006
 689.78299 16.041 0.006
 697.74896 16.195 0.006
 698.89502 15.624 0.006
 699.75148 16.059 0.006
 700.76010 16.311 0.007
 701.73254 15.872 0.006
 704.70484 16.081 0.007
 706.72857 15.915 0.006
 707.76458 16.236 0.007
 708.73208 15.602 0.006
 712.73246 16.241 0.006
 713.77015 15.668 0.006
 714.78557 16.146 0.006
 716.71919 15.958 0.006
 720.69475 16.185 0.007
 722.66002 16.265 0.007
 726.75214 16.031 0.006
 728.65093 15.734 0.006
 729.71783 16.180 0.007
 730.64196 16.010 0.006
 733.70397 15.847 0.007
 739.76893 16.212 0.007
 741.69547 16.082 0.006
 742.78590 16.302 0.008
 744.73774 16.235 0.007
 745.68904 15.573 0.006
 747.62794 16.313 0.007
 748.58947 15.880 0.006
 749.59716 16.218 0.008
 750.59175 15.559 0.006
 751.59887 16.099 0.007
 752.80144 16.077 0.007
 753.74200 15.993 0.006
 754.70860 16.254 0.007
 755.59768 15.620 0.006
 759.60368 16.257 0.007
 760.61007 15.677 0.006
 761.60705 16.142 0.006
 762.59763 16.215 0.008
 762.73218 15.872 0.006
 763.61661 15.997 0.006
 763.69721 16.037 0.006
 763.78587 16.080 0.008
 764.70383 16.270 0.008
 765.64795 15.757 0.006
 766.54414 16.148 0.008
 766.68477 16.187 0.008
 767.59322 16.092 0.008
 767.65195 15.902 0.007
 767.74659 15.600 0.006
 769.57619 16.278 0.007
 770.56394 15.754 0.006
 771.57850 16.178 0.008
 772.57722 15.927 0.006
 772.75843 15.562 0.006
 773.63907 16.046 0.006
 775.62141 15.837 0.006
 776.61067 16.194 0.006
 776.76326 16.231 0.007
 777.55532 15.755 0.006
 778.59314 16.066 0.007
 778.68407 16.122 0.008
 779.57348 16.299 0.008
 779.72827 16.304 0.007
 780.57750 15.849 0.006
 780.74646 15.934 0.006
 781.62816 16.235 0.007
 782.56275 15.577 0.006
 782.66237 15.593 0.006
 783.60851 16.102 0.006
 784.65399 16.299 0.007
 785.55038 15.860 0.006
 786.55661 16.209 0.006
 787.63829 15.606 0.006
 788.56653 16.094 0.006
 790.60609 15.942 0.006
 795.59400 15.964 0.006
 796.58121 16.245 0.008
 796.70860 16.263 0.008
 797.56208 15.645 0.006
 798.63152 16.136 0.006
 800.56666 15.976 0.006
 802.65830 15.772 0.006
 806.56440 16.265 0.007
 808.58264 16.164 0.007
 816.65893 16.305 0.006
 817.65422 15.903 0.006
 819.63333 15.573 0.006
 822.61972 15.916 0.006
 824.63971 15.604 0.006
 825.62744 16.114 0.007
 828.67276 16.241 0.007
 829.63941 15.665 0.006
 830.55690 16.144 0.008
 832.64622 15.989 0.006
 834.54848 15.643 0.006
 836.61391 16.123 0.007
 838.63275 16.260 0.007
 840.62568 16.181 0.007
 842.63709 16.031 0.006
 843.62793 16.291 0.007
 845.61879 16.188 0.006
 850.60078 16.194 0.007
 855.60553 16.213 0.008
 856.57029 15.572 0.006
 858.53822 16.309 0.008
 860.53996 16.211 0.008
 867.53613 16.115 0.008
 874.53488 15.976 0.006
 963.91833 16.173 0.007
 986.90472 16.269 0.007
 987.91696 15.959 0.006
 996.90357 16.046 0.006
 998.83593 16.257 0.007
1003.83795 16.262 0.008
1005.86224 16.187 0.007
1008.89518 16.299 0.008
1020.85844 16.235 0.007
1025.84407 16.240 0.007
1035.81180 16.254 0.006
1037.83892 16.175 0.007
1038.85706 15.915 0.006
1041.84524 15.789 0.006
1045.80960 16.285 0.006
1049.83851 16.071 0.006
1053.72979 15.629 0.006
1058.79788 15.581 0.006
1059.84348 16.119 0.007
1061.82993 15.944 0.006
1064.78641 16.103 0.006
1069.69982 16.116 0.006
1074.68098 16.125 0.007
1077.67544 16.248 0.006
1079.67751 16.148 0.007
1081.72470 16.012 0.006
1084.66365 16.172 0.006
1087.68311 16.280 0.006
1090.65109 15.847 0.006
1092.71515 16.295 0.007
1095.74140 15.571 0.006
1102.68022 16.305 0.006
1107.64845 16.285 0.006
1112.69160 16.231 0.007
1117.63011 16.213 0.006
1122.64450 16.037 0.006
1128.59457 16.018 0.006
1132.62047 15.653 0.006
1138.66560 16.089 0.006
1140.67396 15.922 0.006
1144.70059 16.253 0.007
1151.61187 16.255 0.007
1154.56902 16.252 0.007
1157.57871 15.694 0.006
1160.60354 16.008 0.006
1163.68195 16.203 0.007
1164.72752 15.561 0.006
1170.58246 16.052 0.006
1178.70503 16.251 0.008
1182.70348 15.967 0.006
1185.64619 16.130 0.006
1187.68272 15.964 0.006
1190.55209 16.129 0.006
1202.62775 16.030 0.007
1208.59828 16.304 0.008
1211.60069 15.551 0.006
1216.58866 15.574 0.006
1219.59305 15.933 0.007
1228.54408 16.234 0.008
1235.53810 16.261 0.008
1329.83043 15.739 0.007
1335.91075 16.091 0.007
1349.93783 15.715 0.006
1355.93073 16.186 0.008
1366.88692 15.566 0.006
1367.90893 16.063 0.008
1369.90183 15.875 0.006
1374.89569 15.922 0.007
1395.86198 16.277 0.007
1397.88479 16.184 0.007
1401.89913 15.844 0.006
1402.89687 16.196 0.007
1407.90726 16.222 0.007
1412.80589 16.227 0.008
1418.77986 15.578 0.006
1432.80238 16.265 0.007
1435.72807 16.136 0.008
1439.82584 16.200 0.006
1442.79024 16.281 0.007
1447.71919 16.281 0.008
1451.70983 16.062 0.006
1454.70814 16.211 0.008
1460.65226 15.569 0.006
1462.67614 16.290 0.008
1470.62743 15.625 0.006
1475.67518 15.704 0.006
1478.60143 15.975 0.007
1481.61456 16.154 0.007
1484.61620 16.267 0.008
1487.57533 15.918 0.006
1489.59872 16.271 0.007
1491.66088 16.202 0.007
1494.70882 16.293 0.008
1495.56198 15.831 0.006
1499.53413 16.305 0.008
1502.61901 15.593 0.006
1506.61405 16.237 0.008
1509.59761 16.259 0.007
1514.67390 15.999 0.007
1517.59063 15.716 0.006
1520.63344 16.026 0.006
1522.66215 15.812 0.006
1525.55778 16.031 0.007
1528.65575 16.199 0.007
1544.58852 15.616 0.006
1546.64498 16.174 0.007
1551.60698 16.122 0.007
1555.58514 16.155 0.007
1562.61933 16.038 0.008
1568.59285 16.306 0.008
1573.58781 16.314 0.008
1579.57140 15.938 0.006
1581.59866 15.644 0.006
1584.58350 15.964 0.006
1586.59461 15.694 0.006
1588.56813 16.179 0.008
1590.56527 16.270 0.008
1597.56669 16.175 0.006
1602.56388 16.199 0.008
1607.55410 16.211 0.007
1706.92416 16.141 0.007
1730.94320 16.226 0.007
1738.89140 16.268 0.007
1740.89908 16.253 0.008
1744.91597 15.994 0.006
1745.90915 16.254 0.007
1749.88973 16.008 0.006
1750.89303 16.269 0.007
1751.87356 15.753 0.006
1752.86593 16.164 0.007
1753.86672 15.851 0.006
1754.86264 16.022 0.007
1755.85893 16.272 0.008
1756.88862 15.827 0.008
1757.83769 16.182 0.007
1758.84223 15.697 0.006
1759.85535 16.043 0.006
1761.87150 15.867 0.006
1762.85393 16.189 0.007
1763.85942 15.570 0.006
1764.84915 16.071 0.006
1765.84554 16.299 0.008
1766.81928 15.868 0.007
1768.83308 15.568 0.006
1769.74822 16.042 0.007
1773.80918 15.576 0.006
1775.82073 16.282 0.006
1785.79776 16.184 0.006
1788.83292 15.734 0.006
1789.76557 16.151 0.006
1803.86920 15.878 0.006
1809.79293 16.235 0.006
1812.76681 16.311 0.006
1815.82323 15.642 0.006
1821.71984 16.119 0.006
1823.78912 15.988 0.006
1829.71419 16.242 0.007
1830.78118 15.760 0.006
1864.72554 16.144 0.007
1865.73158 15.982 0.006
1873.70416 16.174 0.006
2104.86893 15.992 0.007
2112.90925 16.189 0.008
2114.86864 16.046 0.008
2115.88530 16.285 0.009
2116.90965 15.850 0.007
2117.87158 16.203 0.008
2123.86163 15.564 0.006
2128.86705 15.592 0.007
2130.80588 16.314 0.008
2131.79887 15.914 0.008
2132.84364 16.252 0.010
2133.85465 15.641 0.007
2135.88360 16.210 0.008
2136.88995 15.969 0.008
2140.85269 16.153 0.009
2141.76288 15.956 0.008
2142.85738 16.265 0.009
2143.86078 15.733 0.007
2144.78859 16.140 0.008
2156.71325 16.012 0.008
2160.79248 15.588 0.007
2162.80283 16.294 0.008
2165.79026 15.568 0.007
2166.79366 16.092 0.008
2167.72690 16.306 0.008
2168.75147 15.893 0.008
2172.78359 16.283 0.008
2173.74576 15.913 0.007
2174.72951 16.222 0.008
2177.67763 16.297 0.009
2184.73896 16.249 0.010
2185.70239 15.688 0.008
2187.64725 16.223 0.009
2189.72882 16.261 0.011
2190.72891 15.756 0.007
2191.63918 16.149 0.008
2192.69813 15.980 0.007
2193.71907 16.022 0.007
2194.69015 16.263 0.008
2200.70457 15.852 0.007
2203.59279 16.034 0.008
2206.64251 16.196 0.009
2208.68660 16.086 0.008
2211.69452 16.227 0.008
2212.68113 15.589 0.007
2214.68112 16.282 0.010
2215.71713 15.942 0.008
2217.67628 15.623 0.008
2219.71326 16.198 0.009
2222.76258 15.740 0.008
2223.66767 16.141 0.009
2225.63187 15.972 0.007
2227.52601 15.642 0.008
2228.59359 16.130 0.008
2230.53167 15.960 0.008
2232.54469 15.677 0.007
2234.58670 16.059 0.008
2236.57594 16.261 0.009
2239.52346 16.061 0.009
2241.56825 16.266 0.009
2243.60662 16.207 0.008
2249.56276 15.568 0.006
2251.61287 16.300 0.008
2254.55604 15.586 0.006
2256.58785 16.282 0.010
2259.60873 15.641 0.006
2262.61522 15.956 0.008
2266.60706 16.117 0.008
2271.58199 16.021 0.008
2273.58124 16.257 0.010
2276.57588 15.787 0.008
2280.56984 16.190 0.009
2285.56577 16.198 0.008
2289.60164 15.912 0.007
2291.60688 15.613 0.006
2293.60315 16.277 0.008
2295.59986 16.231 0.008
2297.60443 16.113 0.008
2299.59907 15.964 0.008
2301.59061 15.711 0.008
2453.87676 16.242 0.012
2460.92341 16.267 0.012
2464.88078 16.007 0.008
2466.87431 15.766 0.008
2468.86857 15.862 0.008
2470.85951 16.279 0.008
2472.87959 16.164 0.007
2474.85038 16.041 0.008
2481.86388 15.897 0.008
2483.92648 15.603 0.006
2486.92728 15.963 0.009
2489.80806 16.098 0.007
2490.80555 16.293 0.011
2497.80189 16.241 0.009
2498.81183 15.677 0.007
2499.89685 16.165 0.008
2500.90525 15.924 0.008
2501.89178 16.013 0.008
2502.87203 16.280 0.009
2508.78263 15.758 0.008
2516.81503 16.062 0.008
2517.86201 16.295 0.009
2518.83627 15.883 0.008
2519.78757 16.204 0.008
2520.82973 15.562 0.007
2521.78032 16.079 0.008
2524.78327 16.219 0.009
2526.81522 16.105 0.007
2529.77375 16.219 0.008
2535.73336 15.635 0.007
2537.73986 16.253 0.010
2538.84030 16.024 0.008
2539.73671 16.254 0.008
2540.78054 15.732 0.008
2541.74875 16.153 0.008
2542.71837 16.173 0.008
2544.69961 16.262 0.008
2545.71188 15.726 0.007
2547.73000 15.997 0.008
2548.74917 16.044 0.008
2550.74434 15.804 0.007
2551.73092 16.187 0.008
2552.74686 15.672 0.007
2553.68764 16.048 0.009
2554.74001 16.280 0.008
2555.74797 15.843 0.007
2556.72719 16.202 0.008
2557.73953 15.581 0.006
2558.69608 16.045 0.008
2559.65299 16.277 0.009
2560.68613 15.846 0.007
2562.70433 15.560 0.006
2563.71234 16.094 0.008
2564.72875 16.304 0.009
2565.72465 15.913 0.008
2566.70361 16.221 0.008
2568.77140 16.116 0.009
2571.69088 16.226 0.008
2572.75934 15.658 0.008
2573.69748 16.141 0.009
2574.67722 16.261 0.008
2576.72169 16.231 0.008
2577.67993 15.667 0.008
2578.66498 16.125 0.008
2579.67512 16.204 0.009
2580.68340 15.986 0.008
2583.65963 16.148 0.009
2584.66194 16.113 0.008
2587.64623 15.751 0.008
2588.65812 16.168 0.008
2589.63710 16.016 0.008
2590.65409 16.021 0.008
2591.68687 16.289 0.009
2593.64365 16.182 0.009
2594.64932 15.717 0.008
2596.62285 16.276 0.010
2597.61011 15.803 0.008
2598.69044 16.210 0.009
2599.65094 15.581 0.007
2608.55159 16.217 0.010
2610.58827 16.096 0.009
2613.57984 16.238 0.010
2615.61096 16.123 0.008
2620.58584 16.126 0.009
2622.53355 15.955 0.008
2625.58699 16.161 0.011
2629.52762 15.704 0.008
2632.56569 16.028 0.008
2636.56212 15.713 0.008
2639.56139 15.846 0.007
2643.53435 16.299 0.010
2649.53902 15.901 0.008
2651.57560 15.615 0.008
2655.53292 16.250 0.013
2658.54930 16.241 0.010
2661.56186 15.705 0.006
2665.52880 16.256 0.012
2669.55497 16.022 0.008
2674.53847 16.060 0.009
2676.55992 15.837 0.007
2678.64248 15.577 0.007
2680.52963 16.316 0.011
2683.55379 15.574 0.008
2804.83169 15.883 0.009
2805.88811 16.219 0.012
2811.94114 15.684 0.008
2815.91496 16.259 0.009
2818.92286 16.044 0.008
2829.86160 16.043 0.008
2831.85182 15.817 0.008
2832.80514 16.182 0.009
2833.90371 15.567 0.008
2835.89245 16.307 0.009
2838.87637 15.560 0.007
2840.88159 16.293 0.009
2843.86755 15.584 0.006
2844.90892 16.117 0.008
2848.81557 15.624 0.008
2849.89360 16.146 0.008
2850.92515 16.148 0.008
2852.85378 16.238 0.010
2854.86513 16.145 0.009
2857.87244 16.256 0.009
2859.85556 16.167 0.008
2860.91208 15.748 0.007
2861.78382 15.987 0.008
2862.86991 16.290 0.009
2863.87183 15.814 0.009
2865.79423 15.948 0.008
2867.78374 16.268 0.008
2868.82438 15.810 0.007
2869.84574 16.199 0.008
2870.85242 15.581 0.007
2872.77654 16.295 0.008
2875.84369 15.563 0.007
2876.81264 16.074 0.008
2877.84213 16.308 0.009
2879.80688 16.218 0.008
2884.75690 16.211 0.008
2886.76270 16.108 0.008
2890.72865 15.601 0.008
2893.78019 15.972 0.008
2895.79104 15.706 0.007
2897.73864 16.185 0.009
2899.77094 16.267 0.008
2903.78965 16.025 0.007
2906.73842 16.171 0.008
2908.71543 16.034 0.008
2910.71027 15.792 0.008
2912.71555 15.662 0.006
2916.72891 16.211 0.008
2918.70595 16.065 0.008
2922.70548 15.565 0.007
2924.64631 16.303 0.008
2926.64042 16.221 0.009
2929.70185 16.281 0.009
2931.67771 16.234 0.008
2933.68998 16.137 0.008
2935.65286 15.952 0.008
2937.67801 15.680 0.007
2939.65620 16.198 0.008
2940.67049 15.997 0.007
2941.64615 16.254 0.008
2942.67377 15.747 0.008
2943.64249 16.152 0.008
2944.62625 16.116 0.008
2946.62483 16.272 0.009
2947.65283 15.759 0.008
2949.63369 15.904 0.008
2950.58518 16.012 0.008
2951.66609 16.283 0.009
2953.61389 16.186 0.008
2955.59889 16.043 0.009
2957.61255 15.839 0.007
2965.66943 16.109 0.008
2968.63197 16.233 0.009
2971.63975 16.269 0.009
2973.62828 16.243 0.008
2975.52504 16.088 0.008
2977.62069 15.981 0.008
2979.60097 15.694 0.008
2982.55556 15.972 0.008
2984.58677 15.751 0.008
2986.59690 15.973 0.008
2988.56934 16.267 0.008
2990.58817 16.163 0.008
2993.59020 16.284 0.008
2997.53396 16.068 0.008
3000.58963 16.214 0.008
3003.56967 16.299 0.009
3006.55930 15.576 0.007
3009.55264 15.937 0.008
3013.55927 16.274 0.009
3017.55372 16.159 0.008
3020.52884 16.259 0.011
3022.55635 16.153 0.009
3024.55548 16.011 0.008
3026.52557 15.737 0.009
3028.52643 15.927 0.012
3030.52954 16.280 0.010
3032.54752 16.200 0.010
3034.54706 16.064 0.008
3038.53788 15.575 0.008
3179.92918 16.036 0.008
3184.89307 16.032 0.009
3193.91608 15.557 0.006
3196.88807 15.891 0.007
3202.87601 16.221 0.008
3203.92049 15.652 0.006
3206.86340 15.954 0.007
3210.92988 16.056 0.007
3211.84597 15.975 0.008
3215.82003 16.145 0.010
3216.76569 15.961 0.008
3217.81555 16.248 0.009
3224.81248 16.178 0.008
3228.79038 15.811 0.008
3230.76389 15.671 0.006
3238.79496 15.890 0.007
3239.83411 16.227 0.008
3240.83124 15.620 0.007
3241.77320 16.092 0.008
3242.76389 16.304 0.009
3244.86571 16.234 0.009
3245.81321 15.625 0.007
3246.81004 16.115 0.008
3247.81429 16.236 0.008
3249.76777 16.227 0.009
3251.78032 16.128 0.007
3254.76641 16.237 0.008
3257.79349 16.007 0.007
3259.70375 16.265 0.009
3261.73943 16.162 0.008
3263.73634 16.015 0.007
3265.76174 15.816 0.007
3267.74444 15.681 0.006
3270.69815 15.805 0.007
3271.70083 16.179 0.008
3273.65933 16.037 0.008
3275.65412 15.832 0.008
3276.74817 16.232 0.010
3277.78707 15.578 0.006
3279.71858 16.311 0.008
3281.68436 16.201 0.008
3283.67877 16.098 0.006
3287.64505 15.589 0.006
3289.65987 16.272 0.007
3291.59824 16.233 0.008
3294.61478 16.287 0.008
3296.58117 16.236 0.007
3298.58903 16.124 0.007
3300.59164 15.959 0.008
3302.57262 15.671 0.007
3305.66862 16.018 0.008
3307.58519 15.743 0.008
3309.60593 15.875 0.007
3311.56148 16.260 0.008
3314.60050 15.647 0.007
3320.63842 16.093 0.007
3323.59078 16.201 0.008
3327.61889 15.920 0.007
3330.59012 16.106 0.008
3335.63476 16.135 0.008
3338.54163 16.223 0.008
3350.55292 16.169 0.008
3357.59002 16.073 0.008
3361.58944 15.563 0.006
3363.59573 16.288 0.008
3369.57269 15.953 0.007
3372.58869 16.127 0.007
3376.56470 15.690 0.006
3380.55105 16.255 0.008
3386.59788 15.812 0.006
3395.54989 16.310 0.010
3399.57376 16.082 0.008
3402.59063 16.217 0.008
3530.94180 16.274 0.008
3543.90686 15.627 0.006
3551.92763 15.909 0.007
3558.91138 15.631 0.006
3562.89827 16.248 0.008
3568.89373 15.721 0.006
3570.85157 16.175 0.008
3571.84183 15.997 0.008
3573.88723 15.754 0.008
3575.84703 16.028 0.007
3577.90361 16.281 0.008
3579.84446 16.180 0.007
3581.91342 16.066 0.007
3582.86583 16.284 0.008
3583.88487 15.852 0.006
3586.87519 16.075 0.006
3588.87334 15.890 0.007
3590.83195 15.569 0.006
3592.79223 16.305 0.007
3594.83302 16.217 0.008
3600.92207 15.694 0.007
3602.78089 16.285 0.010
3603.74512 15.933 0.007
3608.80171 15.989 0.007
3614.83355 16.271 0.007
3615.81927 15.796 0.007
3618.81798 16.048 0.007
3620.84447 15.832 0.006
3622.79850 15.648 0.007
3625.74443 15.809 0.006
3628.76600 16.067 0.008
3630.68146 15.815 0.007
3632.65860 15.649 0.007
3634.68912 16.306 0.008
3637.69439 15.556 0.006
3640.65950 15.896 0.007
3642.70292 15.630 0.007
3644.69522 16.299 0.007
3646.71272 16.245 0.008
3650.72847 15.988 0.007
3652.66993 15.677 0.006
3654.64573 16.213 0.008
3656.69895 16.251 0.008
3657.72709 15.777 0.006
3658.70066 16.182 0.008
3659.68498 15.979 0.008
3660.69070 16.036 0.008
3663.68141 16.172 0.008
3665.70969 16.061 0.008
3668.63828 16.194 0.008
3668.66082 16.184 0.008
3670.64943 16.054 0.008
3672.58213 15.834 0.008
3674.74143 15.587 0.006
3676.62772 16.294 0.008
3682.60442 15.913 0.007
3684.62171 15.606 0.006
3686.58740 16.296 0.008
3688.56036 16.218 0.008
3690.57405 16.109 0.008
3693.57119 16.236 0.008
3695.56679 16.141 0.008
3698.54237 16.260 0.009
3701.59092 16.003 0.007
3703.60152 16.263 0.008
3705.57374 16.184 0.007
3707.57420 16.041 0.007
3712.58918 16.054 0.007
3715.54742 16.202 0.008
3719.62634 15.925 0.008
3722.57331 16.106 0.008
3725.65334 16.262 0.009
3730.55654 16.235 0.007
3735.55919 16.262 0.008
3738.58032 15.995 0.008
3743.53457 15.908 0.008
3748.53847 15.651 0.008
3753.53611 15.579 0.007
3758.55806 15.622 0.007
3762.56462 16.270 0.010
3768.52458 15.665 0.008
3773.52141 15.741 0.010
3777.54738 16.277 0.008
3871.91468 15.566 0.007
3902.93466 16.181 0.008
3907.92965 16.206 0.008
3915.90550 16.290 0.008
3918.92477 15.663 0.006
3932.87619 16.269 0.008
3934.89438 16.178 0.008
3936.90263 16.041 0.007
3938.88683 15.833 0.006
3945.85657 15.555 0.006
3950.83848 15.565 0.006
3957.79408 16.280 0.010
3959.78818 16.246 0.008
3961.77875 16.139 0.008
3964.78589 16.236 0.007
3966.77812 16.135 0.007
3968.77168 15.979 0.007
3970.76330 15.695 0.006
3973.73264 15.995 0.007
3975.74488 15.736 0.006
3980.68010 15.751 0.007
3981.67996 16.173 0.008
3982.74428 15.693 0.007
3986.72148 16.186 0.008
3989.81851 16.324 0.008
3991.75970 16.218 0.008
3994.66070 16.306 0.009
3998.69184 16.112 0.008
4001.66039 16.206 0.007
4003.63216 16.090 0.007
4004.72067 16.243 0.008
4005.70594 15.963 0.006
4007.59917 15.595 0.006
4008.60817 16.109 0.007
4011.65860 16.242 0.008
4014.64102 16.158 0.009
4016.63780 16.273 0.008
4018.63413 16.167 0.008
4020.66683 16.054 0.008
4023.62355 16.169 0.008
4025.62390 16.030 0.007
4027.61199 15.812 0.006
4029.59427 15.665 0.006
4031.58126 16.304 0.008
4036.61664 16.318 0.008
4038.57095 16.216 0.008
4040.55094 16.097 0.008
4042.62027 15.936 0.007
4044.66292 15.673 0.008
4047.57121 15.939 0.007
4049.54699 15.621 0.006
4051.59653 16.228 0.008
4053.60749 16.246 0.007
4055.53669 16.147 0.008
4057.57582 16.000 0.008
4059.61035 15.775 0.006
4063.60174 16.279 0.008
4066.51659 15.897 0.008
4068.58338 16.302 0.008
4071.52507 15.675 0.008
4074.56035 15.873 0.007
4077.61304 16.123 0.008
4079.56013 15.914 0.007
4083.56762 16.294 0.009
4087.58952 16.151 0.008
4095.55344 16.265 0.008
4095.59042 16.276 0.008
4098.57249 15.884 0.007
4102.54463 16.196 0.008
4107.54877 16.220 0.008
4112.54917 16.229 0.008
4119.53874 16.119 0.008
4122.56503 16.247 0.009
4128.56255 15.744 0.007
4253.88619 15.942 0.010
4255.90703 16.293 0.011
4258.92455 15.601 0.008
4273.91086 15.613 0.008
4278.93452 15.698 0.008
4281.76178 15.920 0.008
4282.90164 16.253 0.009
4283.82833 15.666 0.008
4284.89281 16.153 0.009
4289.86723 16.174 0.008
4292.90051 16.283 0.008
4295.89443 15.616 0.007
4296.92866 16.055 0.008
4298.84773 15.831 0.007
4299.89120 16.186 0.008
4300.91304 15.573 0.006
4301.93190 16.083 0.008
4303.82258 15.862 0.008
4307.71959 16.298 0.009
4308.69339 15.827 0.008
4308.90124 15.932 0.008
4310.87332 15.603 0.007
4311.87481 16.126 0.010
4312.93510 16.228 0.008
4314.80375 16.236 0.009
4316.86347 16.142 0.009
4320.84716 15.692 0.007
4326.87154 16.170 0.009
4327.89427 15.767 0.008
4328.86435 16.023 0.008
4329.86447 16.280 0.009
4330.89495 15.829 0.008
4332.91117 15.575 0.007
4334.88815 16.298 0.011
4339.85917 16.311 0.009
4340.81145 15.853 0.008
4341.80428 16.201 0.009
4342.87856 15.574 0.007
4343.79790 16.058 0.008
4344.78004 16.295 0.008
4346.75629 16.212 0.008
4348.74202 16.075 0.008
4350.71876 15.879 0.007
4353.67693 16.072 0.008
4355.73549 15.936 0.008
4358.67884 16.098 0.008
4359.73609 16.266 0.008
4365.64367 15.969 0.009
4369.71718 16.077 0.009
4371.68416 16.255 0.010
4376.68754 16.271 0.008
4378.65421 16.190 0.008
4379.68551 15.707 0.007
4381.64468 16.293 0.010
4383.67320 16.183 0.008
4386.69779 16.306 0.009
4388.69811 16.225 0.008
4390.70706 16.103 0.008
4394.59464 15.565 0.007
4396.67800 16.310 0.009
4398.68113 16.248 0.009
4402.66622 15.967 0.008
4404.68266 15.704 0.008
4407.69117 16.009 0.008
4409.70675 15.773 0.007
4411.70188 15.840 0.007
4415.70574 16.184 0.009
4417.65573 16.042 0.008
4420.64215 16.188 0.009
4422.67417 16.076 0.008
4424.67126 15.870 0.008
4427.55702 16.048 0.008
4429.60009 15.898 0.009
4431.58723 15.565 0.007
4433.59314 16.297 0.009
4435.58146 16.230 0.008
4438.64156 16.248 0.009
4440.61104 16.228 0.009
4442.57252 16.149 0.010
4444.59724 15.988 0.009
4452.60739 16.184 0.008
4454.62760 16.044 0.008
4455.56968 16.264 0.009
4457.57862 16.182 0.010
4460.53302 16.275 0.010
4463.59654 15.568 0.006
4467.57933 16.210 0.009
4470.57876 16.315 0.009
4474.62883 16.129 0.008
4476.60714 15.967 0.008
4481.60284 15.982 0.008
4483.63004 15.736 0.008
4485.61495 16.046 0.008
4488.61211 15.779 0.008
4492.60228 16.281 0.009
4609.93185 16.027 0.008
4643.91597 15.754 0.007
4652.94007 16.297 0.009
4655.89817 15.560 0.006
4661.91195 16.097 0.008
4662.83557 16.301 0.008
4662.93341 16.289 0.008
4663.78426 15.859 0.008
4665.85740 15.579 0.007
4670.93933 15.673 0.007
4671.83579 16.113 0.008
4673.93786 15.999 0.008
4677.85523 16.184 0.008
4682.82959 16.103 0.008
4684.86761 16.284 0.008
4686.82755 16.180 0.008
4688.84377 16.033 0.007
4690.76916 15.755 0.007
4691.77245 16.181 0.008
4694.81873 16.314 0.011
4697.76309 15.651 0.008
4699.78412 16.294 0.008
4700.81800 15.877 0.007
4701.82570 16.222 0.008
4703.78487 16.089 0.008
4704.80361 16.302 0.008
4705.81119 15.930 0.008
4707.82861 15.611 0.006
4709.75941 16.316 0.008
4715.76797 15.960 0.008
4717.72257 15.630 0.006
4720.70148 15.964 0.008
4722.71667 15.682 0.007
4725.72188 15.995 0.008
4730.71244 16.014 0.007
4730.77520 16.031 0.007
4733.74740 16.189 0.008
4740.68994 16.063 0.008
4743.68668 16.201 0.008
4748.67543 16.229 0.008
4750.70829 16.093 0.008
4754.63385 15.575 0.007
4756.64343 16.277 0.008
4758.62364 16.235 0.008
4760.61030 16.115 0.008
4762.60009 15.955 0.008
4767.63571 15.990 0.008
4770.68398 16.181 0.010
4772.62138 16.017 0.008
4774.59684 15.766 0.007
4776.56865 15.960 0.008
4778.56999 16.283 0.008
4780.56725 16.183 0.009
4782.54015 16.034 0.008
4783.60173 16.302 0.009
4789.56787 15.892 0.007
4791.54943 15.572 0.007
4793.55677 16.311 0.009
4795.56970 16.220 0.008
4797.56186 16.106 0.008
4798.62506 16.238 0.008
4801.52632 15.629 0.006
4802.61377 16.151 0.008
4803.58567 16.203 0.008
4805.52068 16.238 0.012
4807.54741 16.151 0.009
4809.57262 16.014 0.008
4811.59448 15.769 0.007
4814.55237 16.021 0.008
4816.55446 15.796 0.007
4818.56847 15.657 0.006
4820.54648 16.277 0.008
4822.60321 16.209 0.008
4824.58803 16.090 0.008
4831.55970 15.923 0.008
4833.58752 15.621 0.006
4835.61027 16.243 0.008
4839.61329 16.163 0.009
4842.57997 16.247 0.010
4844.59044 16.174 0.008
4847.64462 16.273 0.012
4849.60461 16.192 0.008
4853.60188 15.843 0.008
4855.61507 15.583 0.007
4859.60735 16.232 0.009
4862.58889 16.294 0.008
4868.57111 15.913 0.008
