 621.84837 15.160 0.006
 626.93135 15.742 0.006
 627.89702 15.167 0.005
 631.91250 15.512 0.006
 632.90724 15.724 0.007
 635.88317 15.715 0.006
 643.85255 15.483 0.006
 645.87869 15.097 0.005
 649.84137 15.460 0.006
 656.89387 15.678 0.006
 657.89774 15.060 0.005
 658.90651 15.487 0.006
 665.87353 15.664 0.006
 666.87563 15.054 0.005
 667.89465 15.452 0.005
 668.86541 15.656 0.005
 670.83109 15.438 0.006
 671.85355 15.646 0.005
 672.85850 15.068 0.005
 673.77155 15.403 0.005
 684.78650 15.476 0.005
 685.78701 15.394 0.005
 686.74308 15.622 0.006
 687.90438 15.162 0.005
 688.87230 15.415 0.005
 689.73883 15.633 0.006
 697.70469 15.342 0.005
 698.71994 15.611 0.007
 699.73076 15.745 0.006
 700.71584 15.334 0.005
 701.68752 15.590 0.006
 704.68209 15.594 0.007
 706.68044 15.309 0.006
 706.77493 15.350 0.006
 707.71100 15.602 0.006
 708.70852 15.781 0.007
 712.70888 15.326 0.006
 713.72307 15.590 0.006
 714.73962 15.779 0.006
 715.78048 15.331 0.005
 716.76301 15.591 0.006
 720.67003 15.791 0.006
 726.73018 15.787 0.006
 728.72329 15.572 0.006
 729.66768 15.767 0.006
 730.61902 15.218 0.005
 733.67862 15.262 0.006
 739.70083 15.234 0.005
 741.66444 15.752 0.006
 742.65824 15.208 0.005
 744.62675 15.745 0.006
 745.66665 15.209 0.005
 746.61145 15.517 0.006
 747.56921 15.717 0.007
 748.56590 15.152 0.005
 749.57232 15.512 0.007
 750.54654 15.716 0.007
 751.57666 15.156 0.005
 752.78043 15.541 0.006
 753.72018 15.751 0.006
 754.75171 15.236 0.006
 755.57540 15.499 0.006
 759.57803 15.704 0.006
 760.58236 15.122 0.005
 761.57761 15.493 0.005
 762.57561 15.702 0.007
 762.70587 15.724 0.007
 762.78428 15.765 0.007
 763.59461 15.124 0.005
 763.73886 15.193 0.005
 764.67264 15.508 0.007
 765.55796 15.685 0.007
 766.59489 15.102 0.005
 766.66144 15.132 0.005
 767.56933 15.487 0.006
 767.72297 15.523 0.007
 769.55424 15.067 0.005
 770.65054 15.484 0.006
 771.62670 15.695 0.006
 772.55478 15.066 0.005
 773.57736 15.474 0.006
 774.64718 15.685 0.006
 775.60008 15.080 0.005
 776.68104 15.487 0.006
 777.59797 15.677 0.006
 778.57112 15.052 0.005
 778.66261 15.103 0.005
 779.63050 15.488 0.006
 780.63030 15.687 0.007
 780.72443 15.706 0.007
 781.60687 15.062 0.005
 782.60453 15.465 0.006
 783.58428 15.668 0.006
 784.62387 15.062 0.005
 785.59473 15.467 0.006
 786.59945 15.663 0.006
 787.67985 15.083 0.005
 788.61146 15.458 0.005
 790.56147 15.048 0.005
 795.57323 15.657 0.006
 796.62282 15.039 0.005
 797.69331 15.476 0.006
 798.61072 15.656 0.006
 800.60864 15.444 0.005
 802.58917 15.087 0.005
 805.59521 15.111 0.005
 806.60598 15.436 0.006
 817.63343 15.191 0.005
 819.67452 15.644 0.005
 820.67353 15.115 0.005
 822.59347 15.638 0.006
 823.67075 15.180 0.005
 824.61888 15.410 0.006
 824.68170 15.424 0.006
 825.69207 15.673 0.007
 828.65211 15.642 0.006
 829.61870 15.477 0.006
 832.62563 15.501 0.005
 833.64573 15.402 0.005
 834.65991 15.643 0.006
 836.59330 15.376 0.006
 838.56642 15.699 0.007
 840.58185 15.610 0.006
 845.58751 15.354 0.005
 850.55497 15.778 0.007
 855.56164 15.601 0.006
 856.54952 15.780 0.007
 859.54915 15.777 0.007
 860.58147 15.315 0.006
 866.56877 15.309 0.006
 876.53731 15.564 0.005
 962.91790 15.221 0.005
 986.88418 15.119 0.005
 987.89647 15.496 0.006
 991.91036 15.699 0.006
 996.87812 15.477 0.005
 998.88380 15.075 0.005
1003.81498 15.686 0.006
1005.84039 15.455 0.006
1008.87354 15.471 0.006
1020.83645 15.438 0.006
1025.81609 15.213 0.006
1035.79096 15.396 0.005
1037.81822 15.434 0.006
1038.91724 15.424 0.006
1041.88767 15.413 0.005
1045.78881 15.612 0.006
1049.80923 15.635 0.006
1052.81962 15.653 0.006
1055.68936 15.774 0.006
1058.84117 15.670 0.007
1059.82003 15.355 0.006
1064.76317 15.765 0.007
1068.75504 15.291 0.005
1071.78303 15.326 0.005
1075.80017 15.591 0.006
1078.72194 15.566 0.005
1080.66798 15.240 0.005
1083.76029 15.282 0.005
1086.61085 15.197 0.005
1090.69393 15.539 0.006
1092.69403 15.231 0.005
1094.69018 15.756 0.006
1102.65880 15.522 0.005
1107.62713 15.160 0.005
1112.73331 15.744 0.006
1117.60873 15.492 0.005
1122.62032 15.106 0.005
1128.56891 15.047 0.005
1132.59928 15.481 0.005
1135.66796 15.486 0.005
1138.62074 15.473 0.005
1140.65311 15.077 0.005
1144.65613 15.478 0.006
1151.59060 15.657 0.006
1154.61019 15.663 0.006
1157.65594 15.669 0.006
1160.64745 15.667 0.006
1163.72937 15.666 0.006
1166.69642 15.657 0.005
1170.62534 15.264 0.005
1175.68646 15.661 0.007
1179.68417 15.223 0.005
1183.69304 15.415 0.006
1186.68687 15.418 0.005
1189.57542 15.376 0.005
1192.62002 15.375 0.005
1202.56657 15.603 0.006
1206.57020 15.783 0.007
1212.56176 15.784 0.007
1216.56780 15.308 0.006
1220.56399 15.580 0.006
1227.55959 15.789 0.007
1233.54713 15.784 0.007
1329.80847 15.679 0.007
1330.91861 15.163 0.005
1335.86376 15.701 0.007
1341.92460 15.716 0.007
1347.92096 15.700 0.007
1355.90985 15.496 0.007
1365.91076 15.655 0.006
1367.88832 15.452 0.007
1369.87600 15.042 0.005
1374.87492 15.658 0.007
1395.84051 15.624 0.006
1397.86389 15.397 0.006
1401.87756 15.628 0.006
1407.88486 15.629 0.007
1412.78282 15.336 0.006
1418.82292 15.336 0.006
1430.71693 15.274 0.006
1432.78179 15.789 0.007
1438.73468 15.784 0.006
1441.84180 15.780 0.006
1447.69826 15.762 0.007
1451.66432 15.206 0.005
1454.63854 15.180 0.006
1459.68413 15.718 0.007
1461.65895 15.521 0.006
1462.71732 15.741 0.006
1470.60619 15.497 0.006
1475.63027 15.102 0.005
1478.57886 15.068 0.005
1479.59503 15.477 0.006
1484.59426 15.051 0.005
1487.62132 15.053 0.005
1490.65705 15.065 0.005
1492.55981 15.659 0.007
1495.60909 15.653 0.006
1499.57776 15.070 0.005
1502.59820 15.063 0.005
1505.66529 15.052 0.005
1509.57622 15.421 0.006
1512.67836 15.437 0.006
1516.57809 15.638 0.006
1518.64801 15.424 0.006
1520.67587 15.102 0.005
1523.59321 15.423 0.007
1526.57612 15.528 0.006
1531.68341 15.645 0.006
1546.59952 15.617 0.006
1551.56254 15.340 0.005
1556.60328 15.753 0.007
1567.59964 15.588 0.007
1571.59414 15.789 0.006
1576.58299 15.580 0.006
1580.58774 15.775 0.006
1583.58981 15.774 0.006
1587.57888 15.254 0.005
1592.57091 15.754 0.007
1599.54928 15.242 0.006
1602.53909 15.204 0.006
1607.53321 15.729 0.007
1716.91158 15.059 0.005
1728.90303 15.047 0.005
1731.88961 15.092 0.005
1740.87826 15.245 0.006
1742.90272 15.658 0.007
1743.87609 15.344 0.006
1744.89519 15.414 0.006
1749.84552 15.545 0.005
1750.87203 15.406 0.006
1751.82930 15.641 0.006
1752.84507 15.596 0.006
1753.84611 15.378 0.005
1754.81833 15.629 0.006
1755.83820 15.638 0.007
1756.86734 15.385 0.007
1757.81674 15.622 0.007
1758.82138 15.686 0.006
1759.81124 15.361 0.005
1761.85062 15.674 0.006
1762.83301 15.365 0.005
1763.83867 15.620 0.006
1764.82843 15.733 0.006
1765.82461 15.351 0.005
1766.77787 15.615 0.007
1768.78887 15.336 0.006
1769.69773 15.591 0.007
1771.79104 15.339 0.007
1772.81093 15.601 0.006
1773.77817 15.777 0.006
1775.86205 15.613 0.006
1784.84640 15.600 0.006
1788.74973 15.796 0.007
1803.80389 15.776 0.006
1808.81280 15.551 0.006
1811.79596 15.558 0.005
1814.84280 15.550 0.006
1817.80867 15.538 0.005
1821.61057 15.682 0.007
1823.76808 15.530 0.005
1828.85453 15.215 0.005
1829.77937 15.514 0.006
1847.80304 15.499 0.005
1854.78542 15.698 0.006
1859.74942 15.477 0.006
1863.73310 15.668 0.006
1871.79386 15.465 0.005
2086.91788 15.660 0.007
2104.84997 15.629 0.007
2106.90981 15.400 0.007
2115.90479 15.377 0.007
2116.89092 15.626 0.007
2117.89659 15.642 0.007
2123.83959 15.739 0.007
2128.84414 15.601 0.007
2129.87626 15.749 0.007
2130.82514 15.314 0.006
2131.81866 15.589 0.007
2132.82488 15.779 0.007
2133.91343 15.352 0.007
2134.82976 15.602 0.007
2135.86420 15.774 0.007
2136.86411 15.316 0.007
2137.90908 15.606 0.007
2140.83398 15.580 0.007
2142.88122 15.306 0.006
2143.83528 15.579 0.007
2144.80679 15.785 0.007
2155.89748 15.585 0.007
2156.84401 15.779 0.007
2160.77372 15.227 0.006
2162.78028 15.751 0.007
2166.77505 15.207 0.006
2167.74587 15.523 0.007
2168.73237 15.732 0.007
2171.75844 15.739 0.007
2172.76501 15.189 0.006
2173.72710 15.519 0.006
2177.65875 15.711 0.007
2184.72010 15.128 0.006
2185.68358 15.481 0.007
2187.66619 15.092 0.006
2190.71010 15.093 0.006
2191.65193 15.477 0.007
2192.68069 15.682 0.007
2193.70166 15.085 0.005
2194.67294 15.470 0.006
2201.73902 15.691 0.007
2206.62485 15.461 0.007
2211.66350 15.038 0.005
2212.66257 15.446 0.007
2213.67355 15.660 0.007
2214.65992 15.065 0.006
2215.67521 15.448 0.007
2217.65287 15.092 0.006
2219.69602 15.667 0.007
2222.74525 15.667 0.007
2223.68499 15.094 0.006
2225.61452 15.637 0.007
2226.66086 15.200 0.006
2228.57626 15.642 0.007
2230.51353 15.365 0.007
2232.52733 15.678 0.007
2234.56941 15.636 0.007
2236.55890 15.358 0.006
2238.56428 15.679 0.007
2241.55111 15.716 0.007
2243.58935 15.625 0.007
2248.63379 15.363 0.006
2250.59981 15.723 0.007
2253.58770 15.755 0.007
2256.56998 15.770 0.007
2258.61041 15.616 0.007
2263.60167 15.337 0.007
2265.62769 15.766 0.007
2270.58588 15.583 0.007
2272.58395 15.296 0.006
2274.56780 15.783 0.007
2276.53139 15.583 0.007
2280.54787 15.769 0.008
2285.58638 15.556 0.007
2289.58329 15.785 0.007
2291.58400 15.562 0.007
2293.58450 15.270 0.007
2295.58081 15.777 0.007
2297.58399 15.542 0.007
2299.58047 15.231 0.006
2301.57316 15.752 0.008
2448.90478 15.639 0.007
2460.90484 15.635 0.007
2463.93393 15.638 0.007
2466.85579 15.624 0.007
2467.91966 15.579 0.007
2469.91896 15.631 0.007
2471.90850 15.365 0.007
2472.89857 15.624 0.005
2473.92476 15.643 0.006
2481.88403 15.607 0.007
2483.90769 15.339 0.006
2486.90780 15.340 0.007
2488.90976 15.756 0.008
2492.92209 15.328 0.007
2496.92186 15.590 0.007
2498.79311 15.258 0.006
2499.87810 15.583 0.007
2500.88653 15.776 0.007
2501.87328 15.284 0.006
2502.85344 15.565 0.007
2508.76406 15.544 0.008
2516.79550 15.226 0.007
2517.84227 15.547 0.007
2518.81456 15.763 0.007
2519.81284 15.219 0.006
2520.81101 15.537 0.007
2521.79929 15.751 0.007
2524.80269 15.733 0.007
2526.79652 15.528 0.006
2529.79274 15.526 0.007
2534.85334 15.209 0.006
2535.79098 15.515 0.007
2537.72106 15.118 0.007
2538.82214 15.524 0.007
2539.71930 15.700 0.007
2540.76180 15.148 0.007
2541.73118 15.496 0.007
2542.70100 15.698 0.007
2544.68093 15.493 0.007
2545.69446 15.683 0.007
2547.71245 15.490 0.007
2548.73044 15.699 0.007
2550.72571 15.480 0.007
2551.71224 15.692 0.007
2552.72825 15.069 0.005
2554.72135 15.682 0.007
2555.72929 15.057 0.006
2556.70836 15.470 0.007
2557.72088 15.676 0.007
2558.67736 15.036 0.006
2559.63441 15.432 0.007
2560.66734 15.664 0.007
2561.71296 15.047 0.006
2562.68572 15.445 0.007
2563.69365 15.667 0.007
2564.71001 15.044 0.006
2565.70601 15.459 0.007
2566.68095 15.653 0.007
2568.75000 15.455 0.007
2571.66655 15.430 0.007
2572.74181 15.656 0.007
2573.67988 15.089 0.007
2574.65986 15.427 0.007
2576.69460 15.109 0.006
2577.65966 15.431 0.007
2578.64716 15.652 0.007
2579.65768 15.257 0.006
2580.66582 15.418 0.006
2583.63787 15.408 0.007
2584.64432 15.635 0.007
2586.64552 15.418 0.006
2587.62740 15.637 0.007
2589.61831 15.381 0.007
2590.63505 15.631 0.007
2591.66123 15.472 0.007
2593.62450 15.627 0.007
2594.63052 15.604 0.007
2596.60414 15.628 0.007
2597.59131 15.700 0.007
2598.67151 15.387 0.007
2599.62558 15.626 0.007
2607.64568 15.356 0.007
2610.56701 15.321 0.007
2613.56101 15.312 0.007
2615.59140 15.781 0.007
2619.57591 15.306 0.007
2621.58490 15.787 0.008
2625.56764 15.286 0.007
2627.53833 15.784 0.008
2630.55276 15.776 0.009
2635.56647 15.569 0.007
2637.56136 15.265 0.007
2640.53168 15.227 0.007
2642.57143 15.760 0.008
2646.58278 15.252 0.007
2651.55685 15.756 0.008
2654.57706 15.744 0.008
2657.53693 15.722 0.008
2661.53346 15.169 0.006
2664.57393 15.190 0.007
2672.55188 15.711 0.009
2676.54208 15.121 0.006
2679.55678 15.126 0.006
2683.53515 15.480 0.007
2777.92190 15.669 0.007
2804.85045 15.626 0.008
2805.86773 15.523 0.008
2811.92285 15.456 0.007
2815.89647 15.378 0.007
2817.94510 15.481 0.007
2830.83565 15.329 0.007
2831.80530 15.590 0.007
2832.76599 15.776 0.007
2832.94386 15.684 0.007
2833.88382 15.338 0.007
2834.93447 15.622 0.007
2838.83584 15.789 0.007
2840.84353 15.583 0.007
2843.84485 15.578 0.007
2844.89057 15.761 0.007
2845.93760 15.347 0.007
2849.87410 15.578 0.007
2850.90685 15.782 0.008
2852.83544 15.572 0.007
2854.84679 15.278 0.007
2857.85421 15.277 0.007
2858.92783 15.576 0.007
2860.89376 15.279 0.006
2861.76519 15.552 0.007
2862.88863 15.788 0.007
2865.81300 15.771 0.007
2866.89972 15.295 0.007
2867.80240 15.553 0.007
2868.80602 15.757 0.007
2869.79255 15.220 0.006
2870.83404 15.549 0.007
2871.87716 15.770 0.007
2872.83399 15.222 0.006
2875.82483 15.227 0.007
2876.79424 15.527 0.007
2879.72076 15.510 0.007
2883.84398 15.744 0.007
2885.77933 15.511 0.007
2890.71021 15.108 0.007
2893.76166 15.130 0.006
2895.81088 15.714 0.007
2897.71437 15.486 0.007
2899.75206 15.097 0.006
2903.76784 15.487 0.005
2906.72005 15.478 0.007
2908.69706 15.044 0.006
2910.69195 15.656 0.007
2912.69729 15.456 0.007
2916.71004 15.664 0.007
2918.68693 15.439 0.007
2922.68690 15.651 0.007
2924.62789 15.410 0.007
2926.62189 15.289 0.006
2929.68310 15.135 0.006
2931.65902 15.636 0.007
2933.66948 15.406 0.006
2935.63383 15.433 0.007
2937.65942 15.629 0.007
2939.67488 15.403 0.007
2940.65205 15.634 0.007
2941.62729 15.554 0.007
2942.65210 15.384 0.007
2943.62343 15.630 0.007
2944.60779 15.630 0.007
2946.56257 15.613 0.007
2946.60253 15.615 0.007
2947.63414 15.608 0.007
2949.61524 15.606 0.007
2950.56678 15.735 0.007
2951.64736 15.376 0.007
2953.59527 15.733 0.007
2955.58041 15.605 0.007
2957.59399 15.342 0.006
2960.60844 15.336 0.007
2962.64828 15.725 0.007
2965.65094 15.736 0.007
2968.61328 15.771 0.007
2970.63211 15.603 0.007
2972.63667 15.322 0.007
2975.54474 15.284 0.006
2977.64055 15.781 0.008
2979.58044 15.577 0.007
2983.56125 15.762 0.007
2986.57784 15.771 0.007
2988.54983 15.556 0.007
2991.57597 15.555 0.007
2994.56171 15.537 0.007
2997.57710 15.549 0.007
3000.56823 15.541 0.007
3003.55109 15.549 0.007
3006.53839 15.541 0.007
3009.53367 15.518 0.007
3013.53610 15.729 0.007
3015.57133 15.537 0.007
3018.54843 15.515 0.007
3020.58414 15.180 0.006
3022.53702 15.715 0.008
3024.53679 15.501 0.007
3025.59639 15.727 0.007
3027.62189 15.526 0.007
3029.59359 15.168 0.006
3031.59841 15.723 0.007
3034.52866 15.693 0.007
3037.54783 15.684 0.008
3183.92985 15.371 0.007
3193.89773 15.584 0.007
3196.86979 15.586 0.007
3197.93221 15.764 0.007
3202.85771 15.576 0.007
3203.89774 15.787 0.007
3206.83557 15.774 0.007
3210.91158 15.298 0.006
3211.86619 15.571 0.007
3215.80130 15.748 0.008
3217.79717 15.552 0.007
3223.85333 15.555 0.007
3228.77203 15.204 0.006
3229.85386 15.542 0.006
3231.83533 15.215 0.006
3238.77219 15.510 0.007
3239.81573 15.734 0.007
3240.80846 15.180 0.006
3241.79193 15.508 0.007
3242.73593 15.703 0.007
3243.86853 15.202 0.006
3244.84712 15.533 0.007
3245.79486 15.718 0.007
3246.78762 15.142 0.006
3247.79600 15.513 0.007
3249.74630 15.107 0.006
3251.75986 15.719 0.007
3254.74755 15.683 0.007
3259.68459 15.470 0.007
3261.72064 15.066 0.005
3263.71786 15.678 0.006
3265.73920 15.471 0.007
3267.72596 15.044 0.005
3269.82047 15.702 0.007
3270.67941 15.052 0.006
3271.68234 15.443 0.007
3273.64065 15.141 0.006
3275.62651 15.652 0.007
3276.72991 15.054 0.006
3277.76855 15.473 0.006
3279.70017 15.086 0.005
3281.65874 15.652 0.006
3283.66041 15.407 0.005
3287.62654 15.636 0.007
3289.64152 15.398 0.005
3293.61508 15.630 0.006
3295.63301 15.387 0.005
3298.57091 15.372 0.005
3300.57321 15.704 0.007
3302.55018 15.616 0.007
3305.65020 15.634 0.007
3307.56249 15.335 0.007
3309.58759 15.758 0.007
3311.53920 15.591 0.007
3314.58215 15.595 0.007
3320.61995 15.600 0.007
3323.56739 15.581 0.007
3327.57491 15.787 0.007
3330.57040 15.777 0.007
3335.61440 15.579 0.007
3338.56007 15.562 0.007
3350.53438 15.567 0.006
3353.59297 15.555 0.006
3359.57002 15.548 0.007
3363.57693 15.760 0.007
3367.63652 15.225 0.006
3372.56999 15.738 0.007
3376.54611 15.154 0.005
3380.53252 15.499 0.007
3386.57950 15.502 0.006
3395.52729 15.490 0.008
3398.57501 15.493 0.007
3402.57225 15.698 0.007
3543.88591 15.598 0.007
3551.90940 15.326 0.007
3554.94062 15.321 0.006
3561.94786 15.595 0.007
3564.92553 15.577 0.006
3568.87116 15.763 0.007
3570.83216 15.560 0.007
3571.82311 15.746 0.008
3573.86881 15.568 0.007
3575.82459 15.240 0.006
3577.88097 15.780 0.007
3578.91699 15.248 0.005
3579.82205 15.532 0.006
3581.89113 15.241 0.006
3582.84743 15.532 0.007
3583.85766 15.759 0.007
3585.87875 15.552 0.006
3586.83092 15.745 0.006
3588.84922 15.529 0.006
3590.80526 15.179 0.005
3592.77001 15.719 0.006
3594.80950 15.513 0.006
3597.84945 15.530 0.007
3600.88561 15.528 0.007
3602.74651 15.104 0.006
3607.83761 15.724 0.007
3617.79363 15.082 0.005
3619.77173 15.675 0.006
3621.76422 15.469 0.006
3628.79109 15.672 0.007
3630.64295 15.428 0.007
3632.64031 15.278 0.006
3634.71321 15.649 0.007
3637.67204 15.642 0.006
3639.72195 15.429 0.005
3641.71873 15.187 0.006
3643.81714 15.673 0.007
3644.75780 15.119 0.005
3646.68884 15.640 0.007
3650.71007 15.395 0.006
3652.64523 15.625 0.006
3654.61568 15.366 0.006
3656.64723 15.659 0.007
3657.70494 15.399 0.006
3658.67986 15.640 0.007
3659.66256 15.663 0.007
3661.61124 15.616 0.007
3663.63418 15.352 0.007
3665.66652 15.696 0.007
3668.61568 15.768 0.007
3670.56638 15.591 0.007
3672.60581 15.323 0.006
3674.63507 15.763 0.007
3676.59289 15.594 0.006
3682.58183 15.573 0.006
3684.57469 15.279 0.006
3686.56458 15.772 0.007
3688.53766 15.553 0.006
3690.54357 15.256 0.006
3692.59612 15.788 0.007
3694.58270 15.561 0.006
3696.57883 15.266 0.005
3698.61253 15.791 0.007
3700.62258 15.570 0.006
3702.61350 15.261 0.006
3704.61402 15.771 0.007
3706.62888 15.561 0.006
3708.61028 15.254 0.006
3712.56681 15.535 0.006
3714.56948 15.205 0.006
3718.55296 15.525 0.007
3721.58516 15.524 0.007
3725.61403 15.749 0.007
3730.53829 15.504 0.006
3734.60896 15.738 0.007
3738.56103 15.131 0.006
3742.55821 15.490 0.007
3747.55798 15.103 0.006
3751.56677 15.481 0.007
3762.54475 15.069 0.006
3766.55000 15.458 0.006
3772.57675 15.457 0.006
3777.52409 15.092 0.006
3871.89614 15.380 0.007
3902.91644 15.603 0.007
3907.91130 15.318 0.006
3913.93685 15.305 0.005
3918.90664 15.776 0.007
3931.93820 15.270 0.006
3934.87617 15.237 0.005
3936.88445 15.778 0.007
3938.86851 15.545 0.007
3945.87547 15.748 0.007
3950.82042 15.517 0.006
3957.77596 15.714 0.007
3959.76543 15.479 0.006
3961.75956 15.096 0.006
3964.76779 15.090 0.005
3966.76004 15.670 0.006
3968.75372 15.486 0.006
3970.74541 15.065 0.005
3973.71474 15.054 0.006
3975.72698 15.661 0.007
3980.66221 15.438 0.006
3981.66195 15.651 0.007
3982.72633 15.049 0.006
3986.69968 15.433 0.006
3991.72887 15.121 0.005
3994.64129 15.475 0.007
3998.67166 15.407 0.006
4001.64248 15.387 0.006
4003.61392 15.667 0.007
4004.69372 15.397 0.006
4005.68785 15.638 0.006
4007.58110 15.341 0.006
4008.59000 15.630 0.006
4011.64048 15.631 0.006
4014.62292 15.630 0.007
4016.61971 15.344 0.006
4018.61612 15.742 0.007
4020.61956 15.634 0.007
4023.60541 15.612 0.007
4025.60578 15.324 0.006
4027.59390 15.775 0.007
4029.57620 15.595 0.006
4031.56328 15.303 0.006
4033.65756 15.785 0.007
4040.53300 15.260 0.006
4042.56089 15.781 0.007
4044.58389 15.585 0.007
4046.61698 15.266 0.006
4049.52892 15.231 0.005
4051.57850 15.771 0.007
4053.62593 15.557 0.006
4055.51857 15.219 0.006
4057.59394 15.766 0.007
4059.59237 15.554 0.006
4063.53741 15.736 0.007
4065.58704 15.529 0.006
4067.58031 15.210 0.005
4069.53318 15.719 0.007
4071.54400 15.515 0.006
4074.54011 15.508 0.006
4077.54182 15.500 0.006
4079.54200 15.162 0.005
4082.54336 15.137 0.005
4085.62069 15.174 0.006
4092.57619 15.501 0.006
4097.61878 15.136 0.006
4100.61020 15.113 0.005
4105.57419 15.686 0.007
4111.61065 15.687 0.006
4115.53011 15.028 0.005
4120.56100 15.661 0.006
4124.57249 15.032 0.005
4128.59647 15.457 0.006
4252.94414 15.602 0.007
4255.86414 15.591 0.007
4268.92311 15.780 0.007
4275.93802 15.289 0.007
4279.83488 15.551 0.007
4282.82628 15.548 0.007
4283.84533 15.769 0.008
4284.87573 15.241 0.007
4285.94115 15.569 0.007
4292.88361 15.759 0.007
4295.87707 15.753 0.007
4296.90756 15.227 0.006
4297.93949 15.545 0.007
4299.87436 15.202 0.006
4300.89610 15.526 0.007
4301.91467 15.744 0.007
4302.93655 15.215 0.006
4306.93326 15.536 0.007
4307.84785 15.724 0.007
4308.67605 15.062 0.006
4308.88395 15.185 0.006
4310.85613 15.728 0.007
4311.85598 15.157 0.007
4312.91815 15.533 0.007
4314.93723 15.197 0.007
4316.84512 15.709 0.008
4320.87243 15.131 0.006
4326.85465 15.107 0.006
4327.83061 15.487 0.007
4328.84636 15.689 0.007
4329.84769 15.073 0.006
4330.87702 15.494 0.007
4332.89323 15.112 0.006
4334.87019 15.701 0.007
4338.92266 15.092 0.006
4340.79350 15.663 0.007
4341.78636 15.053 0.006
4342.86055 15.475 0.007
4343.77992 15.667 0.007
4344.76199 15.074 0.006
4346.71830 15.652 0.007
4348.72407 15.428 0.007
4350.70071 15.351 0.006
4352.80288 15.655 0.007
4353.65885 15.536 0.007
4354.78018 15.432 0.007
4357.76390 15.416 0.007
4359.71785 15.456 0.007
4362.66551 15.640 0.008
4363.62481 15.361 0.007
4365.68317 15.640 0.007
4369.67713 15.373 0.007
4371.66608 15.723 0.007
4376.66957 15.611 0.007
4378.63617 15.338 0.007
4379.66748 15.603 0.007
4381.62663 15.324 0.007
4382.70518 15.609 0.007
4386.67945 15.783 0.007
4388.68017 15.597 0.007
4390.68899 15.327 0.006
4393.68355 15.315 0.006
4396.65811 15.311 0.007
4398.66309 15.792 0.007
4400.68761 15.583 0.007
4404.66459 15.802 0.007
4407.65248 15.785 0.007
4410.68241 15.792 0.007
4415.66874 15.563 0.007
4418.61426 15.541 0.007
4421.67204 15.549 0.007
4423.67651 15.243 0.007
4426.55272 15.179 0.007
4428.56942 15.734 0.008
4430.62964 15.528 0.007
4432.61551 15.189 0.006
4434.62079 15.733 0.007
4436.59710 15.514 0.007
4438.65976 15.195 0.006
4440.59287 15.715 0.007
4442.55437 15.486 0.007
4444.57918 15.135 0.007
4450.61160 15.130 0.007
4452.58914 15.701 0.007
4454.52620 15.487 0.009
4455.59830 15.697 0.007
4457.53381 15.471 0.007
4459.55392 15.064 0.006
4462.58536 15.079 0.006
4466.60949 15.479 0.007
4471.54414 15.033 0.006
4475.53680 15.433 0.007
4480.57922 15.035 0.006
4482.58618 15.664 0.007
4485.58926 15.645 0.007
4488.59149 15.645 0.007
4609.91387 15.785 0.007
4643.89803 15.234 0.007
4650.93691 15.543 0.007
4655.91632 15.210 0.006
4662.79470 15.479 0.006
4662.91153 15.521 0.007
4663.76632 15.702 0.008
4663.91414 15.732 0.007
4665.83940 15.504 0.007
4665.93323 15.533 0.007
4666.92850 15.739 0.007
4666.93239 15.733 0.007
4670.92150 15.150 0.006
4671.89140 15.509 0.007
4673.87344 15.122 0.006
4674.80185 15.485 0.007
4674.86205 15.492 0.007
4676.92169 15.141 0.006
4677.83729 15.488 0.006
4682.81176 15.063 0.006
4684.84962 15.690 0.007
4686.80960 15.461 0.006
4688.82556 15.058 0.005
4690.75115 15.677 0.007
4691.75417 15.063 0.006
4693.90918 15.707 0.007
4696.88282 15.665 0.007
4697.82134 15.050 0.006
4698.77094 15.440 0.006
4699.76504 15.663 0.007
4700.79978 15.071 0.006
4701.80767 15.445 0.007
4703.76688 15.147 0.006
4704.78564 15.440 0.006
4705.79312 15.655 0.007
4707.78554 15.419 0.006
4709.74133 15.357 0.006
4710.76990 15.424 0.006
4715.74991 15.451 0.007
4716.77560 15.411 0.006
4717.70037 15.634 0.007
4719.78965 15.402 0.006
4721.78330 15.445 0.007
4724.66589 15.735 0.007
4725.74535 15.389 0.006
4728.75092 15.373 0.006
4733.72748 15.721 0.007
4740.66908 15.326 0.006
4741.70446 15.600 0.007
4747.60865 15.581 0.007
4749.60833 15.288 0.007
4753.67932 15.581 0.007
4755.67131 15.290 0.006
4757.65583 15.805 0.007
4759.67052 15.582 0.007
4761.63889 15.264 0.006
4763.65132 15.789 0.007
4767.59707 15.234 0.006
4770.66561 15.255 0.006
4772.60337 15.770 0.007
4774.55792 15.535 0.007
4776.54951 15.176 0.006
4777.65146 15.547 0.007
4780.52014 15.519 0.007
4781.61430 15.735 0.007
4783.58323 15.524 0.007
4785.61859 15.199 0.007
4789.54971 15.513 0.007
4791.53126 15.116 0.006
4793.53867 15.711 0.007
4795.55134 15.503 0.006
4797.54359 15.103 0.006
4798.60694 15.506 0.007
4800.65432 15.163 0.006
4803.54545 15.090 0.006
4804.60055 15.502 0.007
4805.58740 15.703 0.007
4807.52518 15.482 0.008
4809.55453 15.073 0.006
4811.57643 15.689 0.007
4813.55337 15.475 0.007
4815.58928 15.080 0.006
4816.53637 15.476 0.007
4818.58665 15.065 0.006
4820.52814 15.663 0.008
4822.58489 15.466 0.006
4824.56971 15.059 0.006
4826.61935 15.673 0.007
4833.56875 15.047 0.005
4835.59200 15.666 0.007
4837.60295 15.460 0.007
4841.57929 15.655 0.007
4843.57354 15.430 0.007
4846.58263 15.437 0.006
4848.61887 15.081 0.005
4850.60635 15.640 0.007
4854.59759 15.238 0.006
4856.61483 15.642 0.007
4862.56274 15.627 0.007
4868.55309 15.634 0.007
