2086.92153 16.411 0.010
2104.85361 16.466 0.009
2106.91348 16.307 0.009
2113.83393 16.519 0.011
2114.84820 16.344 0.010
2115.90842 16.557 0.010
2116.89452 16.380 0.008
2117.90023 16.517 0.009
2123.84320 16.297 0.008
2128.84777 16.512 0.011
2129.87992 16.338 0.009
2130.82878 16.527 0.010
2131.82228 16.361 0.009
2132.82847 16.557 0.011
2133.91705 16.450 0.012
2134.83340 16.490 0.010
2135.86858 16.440 0.009
2136.86775 16.366 0.010
2137.91239 16.483 0.012
2140.83763 16.286 0.009
2142.88455 16.310 0.009
2143.83858 16.501 0.009
2144.81010 16.343 0.008
2155.90109 16.298 0.011
2156.84762 16.489 0.010
2162.78389 16.548 0.009
2166.77868 16.440 0.009
2167.74947 16.437 0.009
2168.73598 16.382 0.009
2171.76202 16.492 0.009
2172.76860 16.308 0.008
2173.73069 16.498 0.009
2177.66232 16.513 0.010
2184.72372 16.451 0.011
2185.68718 16.335 0.010
2187.66977 16.319 0.010
2190.71373 16.507 0.010
2191.65554 16.340 0.009
2192.68396 16.515 0.008
2193.70496 16.360 0.007
2194.67620 16.543 0.009
2200.68718 16.332 0.009
2201.74231 16.471 0.009
2206.62815 16.341 0.011
2211.66680 16.541 0.009
2212.66586 16.420 0.010
2213.67685 16.450 0.011
2214.66322 16.468 0.012
2215.67850 16.347 0.009
2217.65616 16.286 0.010
2219.69933 16.318 0.009
2222.74855 16.515 0.012
2223.68828 16.360 0.009
2225.61782 16.382 0.008
2226.66414 16.514 0.010
2228.57957 16.525 0.010
2230.51686 16.490 0.013
2232.53064 16.372 0.010
2234.57271 16.277 0.008
2236.56221 16.290 0.008
2238.56759 16.347 0.009
2241.55440 16.554 0.011
2243.59267 16.515 0.009
2248.63710 16.478 0.008
2250.61151 16.480 0.009
2253.59101 16.333 0.009
2256.57329 16.533 0.010
2258.61374 16.505 0.008
2263.60502 16.485 0.011
2265.63101 16.492 0.009
2270.58923 16.357 0.008
2272.58728 16.396 0.009
2274.57113 16.409 0.010
2276.53865 16.437 0.009
2280.55122 16.491 0.012
2285.58971 16.375 0.009
2289.58665 16.420 0.009
2291.58735 16.439 0.009
2293.58791 16.475 0.010
2295.58425 16.483 0.010
2297.58741 16.486 0.010
2299.58389 16.516 0.011
2301.57657 16.532 0.011
2460.90851 16.534 0.012
2463.93761 16.400 0.009
2466.85945 16.485 0.011
2467.92334 16.457 0.010
2469.92262 16.476 0.009
2471.91215 16.490 0.009
2472.90223 16.306 0.007
2473.92843 16.508 0.008
2481.88768 16.477 0.011
2483.91131 16.359 0.008
2486.91145 16.495 0.012
2488.91341 16.524 0.012
2492.92571 16.530 0.010
2496.92549 16.432 0.009
2498.79675 16.444 0.009
2499.88173 16.458 0.009
2500.89014 16.306 0.009
2501.87689 16.478 0.009
2502.85706 16.293 0.010
2508.76765 16.380 0.013
2516.79912 16.467 0.011
2517.84587 16.294 0.009
2518.81819 16.479 0.010
2519.81645 16.297 0.008
2520.81462 16.507 0.010
2521.80778 16.330 0.008
2524.80631 16.541 0.011
2526.80011 16.554 0.008
2529.79635 16.439 0.009
2534.85695 16.322 0.010
2535.79458 16.494 0.010
2537.72465 16.522 0.012
2538.82549 16.374 0.010
2539.72265 16.525 0.010
2540.76541 16.386 0.011
2541.73454 16.559 0.010
2542.70435 16.406 0.009
2544.68455 16.424 0.009
2545.69781 16.440 0.009
2547.71580 16.328 0.009
2548.73404 16.475 0.009
2550.72932 16.478 0.009
2551.71584 16.297 0.008
2552.73183 16.489 0.008
2553.67260 16.358 0.010
2554.72497 16.523 0.010
2555.73288 16.382 0.009
2556.71196 16.536 0.009
2557.72450 16.394 0.008
2558.68095 16.530 0.009
2559.63798 16.398 0.009
2560.67095 16.470 0.009
2561.71657 16.442 0.010
2562.68930 16.333 0.009
2563.69722 16.475 0.010
2564.71362 16.281 0.009
2565.70935 16.483 0.010
2566.68429 16.298 0.009
2568.75335 16.352 0.011
2571.67013 16.531 0.010
2572.77733 16.407 0.012
2573.68325 16.528 0.012
2574.66321 16.404 0.009
2576.69796 16.448 0.010
2577.66299 16.372 0.010
2578.65052 16.449 0.010
2579.66106 16.289 0.009
2580.66917 16.481 0.009
2583.64121 16.306 0.010
2584.64769 16.516 0.010
2586.66313 16.526 0.010
2587.63100 16.402 0.009
2589.62189 16.424 0.009
2590.63867 16.506 0.010
2591.66483 16.450 0.010
2593.62810 16.468 0.010
2594.63411 16.331 0.010
2596.60776 16.298 0.010
2597.59493 16.496 0.012
2598.67513 16.306 0.009
2599.62921 16.509 0.011
2607.64930 16.380 0.010
2610.57065 16.459 0.010
2613.56455 16.296 0.009
2615.59498 16.328 0.008
2619.57948 16.403 0.010
2621.58853 16.426 0.011
2625.57120 16.467 0.012
2627.54189 16.481 0.011
2630.55615 16.312 0.011
2635.56986 16.543 0.009
2637.56475 16.474 0.009
2640.53508 16.444 0.010
2642.57483 16.477 0.011
2646.58618 16.507 0.010
2651.56047 16.419 0.011
2654.58456 16.364 0.011
2657.54036 16.473 0.012
2661.53687 16.499 0.009
2664.57735 16.382 0.011
2667.53616 16.494 0.012
2672.55530 16.478 0.013
2676.54550 16.500 0.010
2679.56021 16.355 0.009
2683.53877 16.424 0.012
2777.92553 16.513 0.011
2804.85406 16.270 0.012
2805.87134 16.489 0.014
2811.92647 16.533 0.012
2815.90009 16.351 0.009
2817.94873 16.300 0.014
2825.93196 16.383 0.011
2830.83926 16.391 0.009
2831.80886 16.431 0.010
2832.76957 16.364 0.010
2832.94747 16.282 0.010
2833.88741 16.476 0.012
2834.93806 16.287 0.009
2838.83943 16.319 0.010
2840.84711 16.360 0.009
2843.84842 16.489 0.008
2844.89415 16.428 0.009
2845.94117 16.335 0.010
2849.87768 16.284 0.009
2850.91043 16.502 0.011
2852.83903 16.499 0.012
2854.85034 16.521 0.012
2857.85776 16.391 0.009
2858.93138 16.429 0.009
2860.89731 16.372 0.009
2861.76875 16.434 0.009
2862.89217 16.300 0.010
2863.85684 16.484 0.012
2865.81655 16.497 0.009
2867.80597 16.516 0.009
2868.80956 16.326 0.009
2869.79609 16.511 0.009
2870.83760 16.361 0.008
2871.88072 16.543 0.010
2872.83755 16.385 0.008
2875.82839 16.447 0.010
2876.79780 16.435 0.009
2879.72431 16.339 0.008
2883.84753 16.340 0.008
2885.78286 16.356 0.008
2890.71377 16.538 0.013
2893.76519 16.444 0.009
2895.81442 16.481 0.009
2897.71794 16.496 0.010
2899.75560 16.497 0.009
2903.77136 16.540 0.007
2906.72361 16.408 0.008
2908.70062 16.447 0.010
2910.69548 16.461 0.010
2912.70084 16.475 0.009
2916.71358 16.509 0.009
2918.69046 16.533 0.010
2922.69044 16.454 0.010
2924.63142 16.402 0.009
2926.62544 16.304 0.009
2929.68661 16.488 0.010
2931.66256 16.492 0.009
2933.67302 16.515 0.008
2935.63736 16.535 0.011
2937.66296 16.486 0.011
2939.67843 16.369 0.010
2940.65556 16.459 0.008
2941.63083 16.307 0.008
2942.65562 16.473 0.010
2943.62697 16.291 0.009
2944.61135 16.472 0.010
2946.60608 16.496 0.010
2947.63769 16.344 0.009
2949.61876 16.366 0.009
2950.57032 16.536 0.011
2951.65088 16.411 0.010
2953.59882 16.400 0.009
2955.58392 16.447 0.011
2957.59754 16.462 0.009
2960.61667 16.292 0.009
2962.65182 16.336 0.009
2965.65449 16.533 0.010
2968.61683 16.409 0.011
2970.63565 16.436 0.009
2972.64021 16.459 0.011
2975.54830 16.281 0.008
2977.64410 16.345 0.011
2979.58399 16.343 0.010
2981.63128 16.380 0.014
2983.56480 16.407 0.010
2986.58140 16.371 0.009
2988.55338 16.299 0.009
2991.57953 16.483 0.010
2994.56595 16.337 0.009
2997.58066 16.534 0.010
3000.57236 16.441 0.009
3003.55468 16.303 0.009
3006.54197 16.480 0.009
3009.53724 16.346 0.011
3013.53965 16.388 0.010
3015.57491 16.425 0.010
3018.55200 16.324 0.010
3020.58772 16.268 0.008
3024.54039 16.329 0.010
3025.60001 16.525 0.010
3027.62550 16.526 0.009
3029.59718 16.473 0.010
3031.60201 16.356 0.009
3034.53225 16.461 0.010
3037.55144 16.297 0.010
3183.93344 16.333 0.009
3193.90132 16.467 0.009
3196.87341 16.284 0.008
3197.93581 16.499 0.010
3199.93449 16.518 0.013
3202.86127 16.369 0.009
3203.90135 16.541 0.008
3204.94686 16.431 0.010
3206.83917 16.405 0.009
3210.91514 16.480 0.009
3211.86974 16.295 0.009
3215.80488 16.326 0.011
3216.75078 16.507 0.012
3217.80073 16.349 0.010
3223.85690 16.458 0.010
3228.77557 16.270 0.009
3229.85740 16.487 0.008
3231.83890 16.498 0.011
3238.77575 16.433 0.009
3239.81930 16.352 0.008
3240.81200 16.472 0.010
3241.79549 16.300 0.008
3242.73945 16.484 0.009
3243.87206 16.319 0.009
3244.85067 16.498 0.012
3245.79842 16.325 0.009
3246.79117 16.519 0.010
3247.79953 16.355 0.009
3249.74984 16.378 0.009
3251.76341 16.392 0.008
3254.75108 16.414 0.008
3257.77540 16.476 0.008
3259.68813 16.488 0.009
3261.72417 16.497 0.008
3263.72140 16.529 0.008
3265.74273 16.531 0.009
3267.72949 16.521 0.008
3270.68294 16.447 0.009
3271.68586 16.377 0.009
3273.64418 16.322 0.010
3275.63007 16.304 0.010
3276.73343 16.487 0.010
3277.77208 16.343 0.009
3279.70370 16.351 0.008
3281.66225 16.383 0.007
3283.66393 16.401 0.007
3287.63009 16.449 0.009
3289.64504 16.474 0.007
3291.57800 16.495 0.009
3295.63653 16.530 0.007
3298.57442 16.380 0.007
3300.57673 16.403 0.009
3302.55371 16.423 0.010
3305.65373 16.280 0.008
3307.56602 16.283 0.010
3309.59110 16.324 0.008
3311.54272 16.346 0.008
3314.58567 16.536 0.013
3320.62349 16.286 0.007
3323.57092 16.503 0.009
3327.57844 16.529 0.009
3330.57393 16.424 0.010
3335.61794 16.270 0.009
3338.56361 16.492 0.009
3350.53794 16.324 0.007
3353.59651 16.486 0.009
3359.57838 16.535 0.009
3363.58049 16.385 0.009
3367.64009 16.293 0.009
3372.57356 16.515 0.009
3376.54970 16.500 0.008
3380.53613 16.316 0.010
3386.58308 16.318 0.007
3395.53091 16.350 0.012
3398.57862 16.482 0.010
3402.57585 16.523 0.009
3543.88948 16.288 0.008
3551.91296 16.415 0.009
3554.94420 16.375 0.009
3561.95140 16.526 0.011
3564.92910 16.396 0.007
3568.87470 16.411 0.009
3570.83573 16.466 0.011
3571.82667 16.350 0.010
3573.87237 16.305 0.010
3575.82813 16.297 0.008
3577.88450 16.346 0.009
3578.92054 16.530 0.008
3579.82559 16.362 0.007
3581.89467 16.390 0.009
3582.85097 16.518 0.011
3583.86119 16.413 0.008
3585.88230 16.452 0.007
3586.83446 16.360 0.007
3588.85274 16.285 0.007
3590.80879 16.294 0.007
3592.77354 16.321 0.007
3594.81303 16.348 0.007
3597.85295 16.522 0.009
3600.88915 16.444 0.012
3602.75000 16.454 0.011
3607.84113 16.321 0.007
3614.81334 16.494 0.008
3617.79714 16.456 0.007
3619.77522 16.478 0.008
3621.76772 16.499 0.008
3628.79458 16.399 0.011
3630.64647 16.414 0.010
3632.64381 16.440 0.011
3634.71671 16.465 0.008
3637.67552 16.290 0.008
3639.72545 16.331 0.007
3641.72221 16.359 0.008
3643.82063 16.413 0.010
3644.76131 16.520 0.007
3646.69235 16.503 0.009
3650.71358 16.292 0.007
3652.64871 16.286 0.007
3654.62702 16.288 0.007
3656.65072 16.331 0.008
3657.70841 16.536 0.009
3658.68572 16.388 0.009
3659.66604 16.546 0.011
3661.61473 16.515 0.010
3663.63769 16.426 0.010
3665.67000 16.334 0.008
3668.61917 16.496 0.010
3670.56986 16.478 0.010
3672.60931 16.516 0.010
3674.66816 16.528 0.008
3676.60857 16.534 0.009
3682.58531 16.297 0.008
3684.57820 16.273 0.007
3686.56809 16.316 0.008
3688.54115 16.339 0.008
3690.54705 16.369 0.010
3692.59962 16.411 0.009
3694.58619 16.422 0.008
3696.58233 16.467 0.008
3698.61606 16.483 0.010
3700.62609 16.486 0.009
3702.61702 16.505 0.009
3704.61753 16.531 0.009
3706.63241 16.527 0.008
3708.61381 16.454 0.010
3712.57033 16.314 0.008
3714.57303 16.281 0.008
3718.55650 16.339 0.009
3721.58868 16.539 0.010
3725.61758 16.361 0.007
3730.54182 16.479 0.008
3734.61251 16.525 0.008
3738.56458 16.517 0.010
3742.56175 16.325 0.010
3747.56253 16.510 0.011
3751.57033 16.545 0.012
3762.54834 16.516 0.012
3766.55357 16.538 0.008
3772.58033 16.317 0.008
3777.52767 16.486 0.011
3871.89974 16.398 0.010
3902.92003 16.457 0.010
3907.91487 16.327 0.008
3913.94042 16.393 0.007
3918.91019 16.306 0.007
3931.94175 16.396 0.009
3934.87970 16.463 0.008
3936.88802 16.497 0.009
3938.87205 16.505 0.009
3945.87897 16.396 0.008
3950.82390 16.305 0.007
3957.77944 16.536 0.013
3959.76889 16.545 0.010
3961.76302 16.511 0.011
3964.77127 16.465 0.007
3966.76352 16.476 0.007
3968.75719 16.506 0.008
3970.74888 16.505 0.007
3973.71818 16.343 0.008
3975.73044 16.396 0.008
3980.66569 16.432 0.009
3981.66545 16.445 0.008
3982.72979 16.307 0.009
3986.70312 16.321 0.008
3991.73234 16.536 0.010
3994.64474 16.435 0.009
3998.67513 16.484 0.010
4001.64593 16.316 0.007
4003.61736 16.320 0.008
4004.69715 16.532 0.008
4005.69130 16.373 0.007
4007.58456 16.371 0.008
4008.59344 16.543 0.008
4011.64394 16.433 0.008
4014.62637 16.299 0.010
4016.62315 16.293 0.008
4018.61955 16.330 0.008
4020.62300 16.345 0.009
4023.60886 16.533 0.010
4025.60923 16.457 0.009
4027.59736 16.376 0.008
4029.57966 16.330 0.008
4031.56675 16.292 0.007
4033.66099 16.326 0.007
4038.55618 16.523 0.010
4042.56434 16.412 0.008
4044.58735 16.348 0.011
4046.62044 16.282 0.008
4049.53237 16.495 0.008
4051.58195 16.532 0.009
4053.62938 16.538 0.008
4055.52203 16.522 0.012
4057.59738 16.399 0.011
4059.59585 16.320 0.007
4063.54088 16.293 0.007
4065.59293 16.351 0.007
4067.58378 16.371 0.008
4069.53666 16.400 0.008
4071.54748 16.405 0.008
4074.54357 16.350 0.008
4077.54530 16.477 0.008
4079.54548 16.517 0.009
4082.54683 16.364 0.008
4085.62418 16.493 0.010
4092.57966 16.501 0.007
4097.62224 16.383 0.009
4100.61370 16.491 0.009
4105.57770 16.469 0.009
4111.61414 16.529 0.008
4115.53361 16.530 0.010
4120.56452 16.498 0.008
4124.58160 16.512 0.009
4128.59999 16.550 0.009
4252.94769 16.289 0.010
4255.86769 16.495 0.011
4268.92644 16.477 0.009
4275.94137 16.396 0.010
4279.83820 16.440 0.012
4282.82960 16.311 0.009
4283.84865 16.499 0.012
4284.87907 16.297 0.010
4285.94449 16.507 0.011
4292.88693 16.417 0.008
4295.88040 16.347 0.009
4296.91088 16.468 0.008
4297.94282 16.283 0.008
4299.87768 16.298 0.008
4300.89942 16.494 0.009
4301.91797 16.344 0.008
4302.93987 16.537 0.010
4306.93658 16.495 0.010
4307.85114 16.404 0.008
4308.67933 16.547 0.010
4308.88727 16.453 0.009
4310.85942 16.356 0.009
4311.85928 16.469 0.013
4312.92146 16.283 0.008
4314.94054 16.321 0.011
4316.84842 16.321 0.010
4320.87573 16.381 0.009
4326.85794 16.455 0.011
4327.83410 16.320 0.012
4328.84984 16.483 0.010
4329.85096 16.301 0.009
4330.88048 16.501 0.010
4332.89669 16.530 0.011
4334.87368 16.552 0.011
4338.92611 16.421 0.010
4340.79695 16.433 0.010
4341.78983 16.446 0.010
4342.86400 16.271 0.009
4343.78338 16.464 0.009
4344.76546 16.282 0.009
4346.72175 16.294 0.010
4348.72754 16.324 0.009
4350.70420 16.340 0.008
4352.80632 16.397 0.010
4353.66233 16.535 0.010
4354.78367 16.417 0.009
4357.76735 16.365 0.010
4359.72131 16.322 0.009
4362.66896 16.495 0.013
4363.62824 16.308 0.009
4365.68662 16.343 0.010
4369.68060 16.378 0.011
4371.66955 16.416 0.010
4376.67301 16.283 0.009
4378.63963 16.306 0.009
4379.67093 16.488 0.012
4381.63008 16.511 0.012
4382.70864 16.365 0.009
4386.68289 16.422 0.009
4388.68361 16.450 0.009
4390.69245 16.467 0.009
4393.68700 16.308 0.009
4396.66156 16.506 0.011
4398.66655 16.534 0.010
4400.69106 16.519 0.010
4404.66806 16.361 0.010
4407.65595 16.482 0.010
4410.68586 16.327 0.009
4415.67219 16.537 0.009
4418.61771 16.431 0.009
4421.67552 16.287 0.009
4423.67997 16.297 0.010
4426.55618 16.505 0.011
4428.57287 16.512 0.012
4430.63309 16.534 0.010
4432.61899 16.495 0.009
4434.62426 16.399 0.009
4436.60056 16.312 0.008
4438.66322 16.303 0.010
4440.59635 16.310 0.010
4442.55787 16.336 0.010
4444.58267 16.357 0.011
4450.61510 16.464 0.012
4452.59264 16.471 0.010
4454.52968 16.483 0.013
4455.60178 16.296 0.009
4457.53731 16.329 0.011
4459.55740 16.348 0.010
4462.58885 16.514 0.010
4466.61300 16.325 0.009
4471.54766 16.494 0.010
4475.54173 16.539 0.011
4480.58275 16.458 0.010
4482.58971 16.452 0.012
4485.59278 16.297 0.010
4488.59503 16.503 0.012
4609.91743 16.425 0.010
4643.90154 16.494 0.010
4650.94042 16.367 0.008
4655.91983 16.418 0.008
4662.79821 16.496 0.008
4662.91503 16.494 0.009
4663.76980 16.278 0.009
4663.91765 16.333 0.009
4665.84291 16.353 0.010
4665.93674 16.352 0.010
4666.93588 16.544 0.011
4670.92500 16.422 0.009
4671.89492 16.457 0.010
4676.92519 16.289 0.010
4677.84080 16.500 0.008
4682.81523 16.366 0.009
4684.85309 16.387 0.008
4686.81308 16.433 0.008
4688.82904 16.450 0.008
4690.75464 16.480 0.009
4691.75767 16.307 0.010
4693.91264 16.338 0.010
4696.88632 16.540 0.013
4697.82483 16.392 0.010
4698.77439 16.540 0.008
4699.76852 16.401 0.008
4700.80323 16.528 0.009
4701.81114 16.416 0.009
4703.77036 16.437 0.009
4704.78910 16.354 0.008
4705.79660 16.461 0.010
4707.78899 16.491 0.008
4709.74481 16.482 0.009
4710.77338 16.322 0.007
4715.75334 16.517 0.010
4716.77905 16.378 0.007
4717.70510 16.472 0.009
4719.79393 16.326 0.010
4721.78677 16.283 0.010
4724.66933 16.480 0.010
4725.74880 16.316 0.008
4728.75439 16.525 0.009
4733.73096 16.451 0.008
4740.67253 16.288 0.008
4741.70791 16.512 0.008
4743.75648 16.541 0.008
4747.61211 16.534 0.010
4749.61179 16.489 0.011
4753.68276 16.302 0.010
4755.67478 16.301 0.008
4757.65927 16.324 0.008
4759.67397 16.360 0.008
4761.64235 16.379 0.007
4763.65960 16.401 0.010
4767.60052 16.440 0.009
4770.66906 16.284 0.009
4772.60680 16.309 0.008
4774.56136 16.334 0.008
4776.55297 16.349 0.008
4777.65491 16.544 0.010
4780.52361 16.402 0.010
4781.63756 16.390 0.009
4783.58669 16.330 0.009
4785.62207 16.276 0.009
4789.55318 16.330 0.008
4791.53470 16.350 0.009
4793.54212 16.378 0.009
4795.55482 16.415 0.008
4797.54708 16.444 0.009
4798.61042 16.318 0.009
4800.65780 16.279 0.008
4803.54891 16.505 0.009
4804.60400 16.334 0.010
4805.59086 16.523 0.009
4807.52867 16.546 0.013
4809.55802 16.530 0.010
4811.57992 16.441 0.009
4813.55685 16.358 0.010
4815.59277 16.293 0.009
4816.53985 16.460 0.009
4818.59012 16.459 0.010
4820.53162 16.504 0.011
4822.58838 16.524 0.009
4824.57320 16.529 0.011
4826.63284 16.403 0.009
4833.57228 16.480 0.009
4835.59549 16.507 0.011
4836.63561 16.368 0.010
4837.56251 16.543 0.013
4837.60646 16.542 0.012
4838.60656 16.401 0.009
4839.58508 16.538 0.011
4841.55724 16.476 0.010
4841.58281 16.453 0.010
4842.53474 16.438 0.013
4842.60683 16.444 0.011
4843.52893 16.424 0.014
4843.57704 16.352 0.010
4844.52683 16.471 0.015
4844.61721 16.469 0.009
4846.58616 16.474 0.010
4847.62249 16.292 0.010
4848.62240 16.501 0.009
4850.60987 16.506 0.010
4854.60110 16.515 0.010
4856.61834 16.403 0.008
4862.56626 16.315 0.008
4868.55663 16.369 0.009
4935.91263 16.317 0.009
4937.91334 16.349 0.009
4940.91475 16.486 0.010
4954.91770 16.384 0.009
