 625.93620 15.516 0.006
 627.92512 15.119 0.005
 628.93445 15.332 0.005
 632.93477 15.376 0.006
 635.93436 15.177 0.005
 643.90312 15.303 0.005
 645.90663 15.690 0.006
 649.87593 15.722 0.006
 656.92170 15.622 0.006
 657.86292 15.710 0.006
 664.82589 15.685 0.006
 664.91441 15.690 0.006
 665.90142 15.078 0.005
 666.91195 15.359 0.005
 667.92278 15.556 0.005
 668.89333 15.734 0.006
 670.85898 15.398 0.005
 671.88157 15.593 0.006
 673.73729 15.163 0.005
 684.81409 15.087 0.005
 686.79506 15.537 0.006
 689.78990 15.425 0.006
 697.75588 15.479 0.005
 699.75838 15.410 0.006
 700.76702 15.299 0.005
 701.73948 15.521 0.006
 704.71174 15.334 0.006
 706.73548 15.713 0.006
 707.77149 15.122 0.005
 708.73901 15.390 0.006
 712.73939 15.437 0.006
 713.77706 15.621 0.006
 714.79249 15.642 0.006
 716.72610 15.471 0.006
 720.70168 15.541 0.006
 726.75904 15.129 0.005
 728.65785 15.570 0.006
 729.72477 15.735 0.006
 730.64889 15.179 0.005
 733.71088 15.650 0.006
 739.77586 15.539 0.006
 741.70239 15.085 0.005
 742.79287 15.383 0.006
 745.69597 15.152 0.005
 747.63487 15.582 0.006
 748.59639 15.741 0.006
 749.60408 15.178 0.005
 750.59868 15.437 0.006
 751.60582 15.621 0.006
 753.74898 15.300 0.005
 754.71554 15.497 0.006
 755.60460 15.644 0.006
 759.61063 15.688 0.006
 760.61702 15.082 0.005
 761.61397 15.344 0.005
 762.60455 15.545 0.006
 762.73911 15.584 0.006
 763.62354 15.729 0.006
 763.70415 15.735 0.006
 764.71079 15.154 0.006
 765.65487 15.420 0.006
 766.69170 15.596 0.006
 767.60017 15.752 0.007
 767.65889 15.723 0.007
 767.75352 15.708 0.006
 769.58311 15.433 0.006
 770.57088 15.611 0.006
 771.58544 15.672 0.006
 772.58416 15.248 0.005
 772.76535 15.312 0.005
 773.64600 15.495 0.006
 775.62835 15.241 0.005
 776.61760 15.327 0.005
 776.77019 15.362 0.005
 777.56225 15.527 0.006
 778.60010 15.697 0.006
 779.58044 15.070 0.005
 779.73523 15.129 0.005
 781.63509 15.555 0.006
 782.66931 15.703 0.006
 783.61547 15.160 0.005
 784.66094 15.429 0.005
 785.55732 15.583 0.006
 786.56355 15.734 0.006
 787.64525 15.218 0.005
 788.57349 15.441 0.006
 790.61304 15.575 0.006
 795.60095 15.343 0.006
 796.58816 15.533 0.006
 796.71556 15.567 0.006
 797.56903 15.702 0.006
 798.63847 15.130 0.005
 800.57361 15.569 0.006
 806.57134 15.230 0.005
 808.58961 15.639 0.006
 816.66591 15.736 0.006
 817.66117 15.138 0.005
 819.64031 15.583 0.006
 822.62668 15.423 0.005
 824.64668 15.649 0.006
 825.63437 15.253 0.005
 828.67975 15.218 0.005
 829.64639 15.325 0.005
 832.65319 15.091 0.005
 834.55549 15.528 0.006
 836.62087 15.134 0.005
 838.63973 15.589 0.006
 840.63263 15.229 0.006
 842.64403 15.641 0.006
 843.63490 15.608 0.006
 845.62574 15.498 0.005
 855.61251 15.152 0.005
 858.54518 15.748 0.007
 860.54696 15.412 0.006
 874.54189 15.151 0.005
 963.92527 15.645 0.006
 986.91166 15.696 0.006
 987.92390 15.081 0.005
 996.91049 15.446 0.005
 998.84285 15.719 0.006
1003.84492 15.304 0.006
1005.86916 15.694 0.006
1008.90213 15.560 0.006
1020.86538 15.657 0.006
1035.81871 15.627 0.006
1037.84586 15.273 0.005
1038.86398 15.501 0.006
1041.85214 15.334 0.005
1045.81650 15.374 0.005
1053.73671 15.428 0.005
1059.85038 15.153 0.005
1061.83685 15.568 0.006
1069.70673 15.571 0.006
1074.68791 15.676 0.006
1077.68237 15.642 0.006
1079.69263 15.312 0.005
1081.73168 15.696 0.006
1084.67058 15.539 0.006
1087.69001 15.400 0.005
1090.65800 15.204 0.005
1092.72206 15.615 0.006
1095.74829 15.489 0.006
1102.68715 15.377 0.005
1107.65536 15.597 0.005
1112.69852 15.514 0.006
1117.63705 15.321 0.005
1122.65142 15.569 0.006
1128.60154 15.212 0.005
1132.62741 15.298 0.005
1138.67255 15.725 0.006
1140.68089 15.387 0.005
1144.70753 15.451 0.006
1151.61881 15.302 0.005
1154.57597 15.145 0.005
1157.58567 15.717 0.006
1160.61049 15.585 0.006
1164.73447 15.653 0.006
1170.58944 15.309 0.005
1178.71200 15.410 0.006
1182.71044 15.473 0.006
1185.65314 15.294 0.005
1187.68969 15.676 0.006
1190.55909 15.522 0.006
1202.63470 15.606 0.006
1208.60525 15.344 0.006
1211.60767 15.081 0.005
1216.59563 15.378 0.006
1235.54507 15.388 0.006
1329.83737 15.310 0.006
1335.91772 15.743 0.006
1355.93768 15.204 0.005
1366.89384 15.060 0.005
1367.91585 15.359 0.006
1369.90878 15.723 0.006
1374.90260 15.203 0.005
1395.86886 15.632 0.006
1397.89169 15.275 0.006
1401.90604 15.337 0.005
1402.90379 15.539 0.006
1407.91418 15.732 0.006
1412.81280 15.214 0.005
1418.78676 15.645 0.006
1430.84805 15.683 0.005
1432.80928 15.466 0.005
1435.73498 15.269 0.006
1439.83275 15.351 0.005
1442.79715 15.116 0.005
1447.72610 15.412 0.006
1451.71673 15.459 0.006
1460.65916 15.702 0.006
1462.68307 15.371 0.006
1470.63434 15.457 0.006
1475.68209 15.667 0.006
1478.60838 15.517 0.006
1481.62148 15.362 0.006
1484.62315 15.151 0.005
1487.58224 15.710 0.006
1489.60564 15.443 0.005
1491.66781 15.374 0.006
1494.71576 15.675 0.006
1495.56892 15.146 0.005
1499.54105 15.087 0.005
1502.62593 15.734 0.006
1506.62099 15.664 0.006
1509.60454 15.616 0.006
1514.68086 15.071 0.005
1517.59757 15.680 0.006
1520.64039 15.555 0.006
1522.66909 15.198 0.006
1525.56473 15.667 0.006
1528.66273 15.641 0.006
1544.59551 15.578 0.006
1546.65196 15.498 0.006
1555.59209 15.719 0.006
1562.62630 15.591 0.006
1568.59981 15.330 0.005
1573.59477 15.548 0.006
1579.57838 15.210 0.006
1581.60563 15.626 0.006
1584.59046 15.495 0.006
1586.60159 15.059 0.005
1588.57511 15.483 0.006
1590.57221 15.104 0.005
1597.57365 15.616 0.006
1602.57085 15.286 0.005
1607.56107 15.538 0.006
1706.93107 15.711 0.006
1738.89833 15.291 0.005
1740.90601 15.672 0.006
1744.92289 15.730 0.006
1745.91607 15.104 0.005
1749.89662 15.179 0.005
1750.89996 15.419 0.005
1751.88046 15.573 0.006
1752.87285 15.706 0.006
1753.87366 15.225 0.005
1754.86957 15.480 0.006
1755.86586 15.650 0.006
1757.84460 15.277 0.005
1758.84916 15.495 0.005
1759.86225 15.666 0.006
1762.86084 15.552 0.006
1763.86634 15.718 0.006
1764.85607 15.103 0.005
1765.85242 15.373 0.005
1766.82619 15.565 0.006
1768.84000 15.160 0.005
1769.75514 15.403 0.005
1773.81608 15.448 0.005
1775.82764 15.400 0.005
1785.80468 15.572 0.005
1788.83982 15.415 0.005
1789.77250 15.601 0.005
1803.87611 15.396 0.005
1809.79986 15.634 0.005
1812.77373 15.645 0.006
1815.83016 15.531 0.006
1821.72678 15.125 0.005
1823.79602 15.596 0.006
1829.72113 15.253 0.005
1830.78813 15.492 0.006
1864.73248 15.437 0.005
1865.73852 15.635 0.006
1873.71112 15.708 0.006
2104.86893 15.732 0.006
2112.90925 15.630 0.006
2114.86864 15.458 0.006
2115.88530 15.670 0.007
2116.90965 15.265 0.006
2117.87158 15.311 0.006
2123.86163 15.719 0.006
2128.86705 15.226 0.006
2130.80588 15.629 0.006
2131.79887 15.686 0.006
2132.84364 15.276 0.006
2133.85465 15.491 0.006
2135.88360 15.177 0.005
2136.88995 15.321 0.006
2140.85269 15.357 0.006
2141.76288 15.544 0.007
2142.85738 15.745 0.007
2143.86078 15.147 0.005
2144.78859 15.393 0.006
2156.71325 15.519 0.006
2160.79248 15.571 0.006
2162.80283 15.141 0.005
2165.79026 15.721 0.007
2166.79366 15.211 0.006
2167.72690 15.434 0.006
2168.75147 15.627 0.006
2172.78359 15.657 0.006
2173.74576 15.244 0.005
2177.67763 15.065 0.005
2184.73896 15.721 0.007
2185.70239 15.217 0.006
2187.64725 15.599 0.007
2189.72882 15.269 0.006
2190.72891 15.479 0.006
2191.63918 15.650 0.007
2192.69813 15.225 0.005
2193.71907 15.311 0.005
2194.69015 15.538 0.006
2200.70457 15.151 0.005
2203.59279 15.756 0.007
2206.64251 15.611 0.007
2208.68660 15.286 0.006
2211.69452 15.125 0.005
2212.68113 15.323 0.006
2214.68112 15.674 0.007
2215.71713 15.095 0.006
2217.67628 15.543 0.007
2219.71326 15.166 0.006
2222.76258 15.660 0.007
2223.66767 15.229 0.006
2225.63187 15.620 0.006
2227.52601 15.249 0.006
2228.59359 15.481 0.006
2230.53167 15.337 0.006
2232.54469 15.522 0.006
2234.58670 15.070 0.005
2236.57594 15.568 0.006
2239.52346 15.368 0.006
2241.56825 15.712 0.007
2243.60662 15.452 0.006
2249.56276 15.158 0.005
2251.61287 15.542 0.006
2254.55604 15.364 0.006
2256.58785 15.736 0.007
2259.60873 15.608 0.006
2262.61522 15.459 0.006
2266.60706 15.508 0.006
2271.58199 15.691 0.006
2273.58124 15.384 0.006
2276.57588 15.190 0.006
2280.56984 15.237 0.006
2285.56577 15.513 0.006
2289.60164 15.561 0.006
2291.60688 15.143 0.005
2293.60315 15.582 0.006
2295.59986 15.205 0.005
2297.60443 15.633 0.006
2299.59907 15.258 0.006
2301.59061 15.624 0.007
2453.87676 15.673 0.009
2460.92341 15.676 0.009
2464.88078 15.730 0.006
2466.87431 15.401 0.006
2468.86857 15.737 0.007
2470.85951 15.449 0.006
2472.87959 15.604 0.005
2474.85038 15.492 0.006
2481.86388 15.362 0.006
2483.92648 15.723 0.006
2486.92728 15.602 0.007
2489.80806 15.423 0.005
2490.80555 15.610 0.008
2497.80189 15.510 0.006
2498.81183 15.697 0.006
2499.89685 15.099 0.005
2500.90525 15.377 0.006
2501.89178 15.578 0.006
2502.87203 15.757 0.007
2508.78263 15.429 0.006
2516.81503 15.534 0.006
2517.86201 15.710 0.007
2518.83627 15.104 0.006
2519.78757 15.373 0.006
2520.82973 15.569 0.006
2521.78032 15.733 0.007
2524.78327 15.592 0.007
2526.81522 15.240 0.005
2529.77375 15.520 0.006
2535.73336 15.542 0.006
2537.73986 15.077 0.006
2538.84030 15.396 0.006
2539.73671 15.555 0.006
2540.78054 15.736 0.007
2541.74875 15.165 0.005
2542.71837 15.415 0.006
2544.69961 15.740 0.007
2545.71188 15.226 0.006
2547.73000 15.649 0.006
2548.74917 15.464 0.006
2550.74434 15.517 0.006
2551.73092 15.664 0.007
2552.74686 15.087 0.005
2553.68764 15.331 0.006
2554.74001 15.550 0.006
2555.74797 15.705 0.007
2556.72719 15.103 0.005
2557.73953 15.380 0.006
2558.69608 15.566 0.006
2559.65299 15.725 0.007
2560.68613 15.159 0.005
2562.70433 15.627 0.006
2563.71234 15.721 0.007
2564.72875 15.258 0.006
2565.72465 15.481 0.006
2566.70361 15.635 0.006
2568.77140 15.316 0.006
2571.69088 15.098 0.005
2572.75934 15.350 0.006
2573.69748 15.564 0.007
2574.67722 15.721 0.006
2576.72169 15.389 0.006
2577.67993 15.580 0.007
2578.66498 15.745 0.007
2579.67512 15.204 0.006
2580.68340 15.430 0.006
2583.65963 15.253 0.006
2584.66194 15.485 0.006
2587.64623 15.307 0.006
2588.65812 15.514 0.006
2589.63710 15.683 0.006
2590.65409 15.079 0.005
2591.68687 15.342 0.006
2593.64365 15.695 0.007
2594.64932 15.117 0.006
2596.62285 15.561 0.006
2597.61011 15.729 0.007
2598.69044 15.204 0.006
2599.65094 15.410 0.006
2608.55159 15.666 0.007
2610.58827 15.346 0.006
2613.57984 15.108 0.006
2615.61096 15.582 0.006
2620.58584 15.650 0.007
2622.53355 15.463 0.006
2625.58699 15.301 0.006
2629.52762 15.320 0.006
2632.56569 15.116 0.005
2636.56212 15.195 0.006
2639.56139 15.644 0.006
2643.53435 15.328 0.006
2649.53902 15.565 0.006
2651.57560 15.159 0.006
2655.53292 15.237 0.007
2658.54930 15.602 0.007
2661.56186 15.679 0.006
2665.52880 15.685 0.009
2669.55497 15.722 0.007
2674.53847 15.216 0.006
2676.55992 15.643 0.006
2678.64248 15.302 0.006
2680.52963 15.655 0.008
2683.55379 15.555 0.007
2804.83169 15.546 0.007
2805.88811 15.722 0.008
2811.94114 15.462 0.006
2815.91496 15.485 0.006
2818.92286 15.325 0.006
2829.86160 15.224 0.006
2831.85182 15.634 0.007
2832.80514 15.641 0.006
2833.90371 15.283 0.006
2835.89245 15.668 0.007
2838.87637 15.535 0.007
2840.88159 15.095 0.006
2843.86755 15.731 0.006
2844.90892 15.184 0.006
2848.81557 15.231 0.006
2849.89360 15.455 0.006
2850.92515 15.650 0.007
2852.85378 15.292 0.006
2854.86513 15.685 0.007
2857.87244 15.552 0.006
2859.85556 15.105 0.006
2860.91208 15.400 0.006
2861.78382 15.550 0.006
2862.86991 15.718 0.007
2863.87183 15.205 0.006
2865.79423 15.574 0.006
2867.78374 15.234 0.006
2868.82438 15.474 0.006
2869.84574 15.628 0.006
2870.85242 15.362 0.006
2872.77654 15.519 0.006
2875.84369 15.347 0.006
2876.81264 15.556 0.006
2877.84213 15.715 0.007
2879.80688 15.387 0.006
2884.75690 15.592 0.006
2886.76270 15.251 0.006
2890.72865 15.298 0.006
2893.78019 15.081 0.006
2895.79104 15.547 0.006
2897.73864 15.110 0.006
2899.77094 15.567 0.006
2903.78965 15.623 0.006
2906.73842 15.471 0.006
2908.71543 15.426 0.006
2910.71027 15.512 0.006
2912.71555 15.083 0.005
2916.72891 15.115 0.005
2918.70595 15.581 0.006
2922.70548 15.607 0.006
2924.64631 15.243 0.006
2926.64042 15.629 0.006
2929.70185 15.522 0.006
2931.67771 15.071 0.005
2933.68998 15.550 0.006
2935.65286 15.123 0.006
2937.67801 15.579 0.007
2939.65620 15.185 0.006
2940.67049 15.442 0.006
2941.64615 15.609 0.006
2942.67377 15.638 0.007
2943.64249 15.255 0.006
2944.62625 15.483 0.006
2946.62483 15.374 0.006
2947.65283 15.309 0.006
2949.63369 15.679 0.006
2950.58518 15.085 0.006
2951.66609 15.347 0.006
2953.61389 15.698 0.006
2955.59889 15.387 0.006
2957.61255 15.724 0.006
2965.66943 15.179 0.005
2968.63197 15.696 0.007
2971.63975 15.564 0.006
2973.62828 15.149 0.006
2975.52504 15.558 0.006
2977.62069 15.225 0.006
2979.60097 15.627 0.007
2982.55556 15.480 0.006
2984.58677 15.240 0.006
2986.59690 15.539 0.006
2988.56934 15.087 0.006
2990.58817 15.574 0.006
2993.59020 15.410 0.006
2997.53396 15.447 0.006
3000.58963 15.287 0.006
3003.56967 15.153 0.006
3006.55930 15.709 0.006
3009.55264 15.582 0.007
3013.55927 15.605 0.006
3017.55372 15.650 0.006
3020.52884 15.497 0.007
3022.55635 15.115 0.006
3024.55548 15.548 0.006
3026.52557 15.080 0.006
3028.52643 15.583 0.009
3030.52954 15.155 0.006
3032.54752 15.585 0.007
3034.54706 15.259 0.006
3038.53788 15.305 0.006
3179.92918 15.555 0.006
3184.89307 15.770 0.008
3193.91608 15.310 0.006
3196.88807 15.095 0.005
3202.87601 15.596 0.006
3203.92049 15.700 0.005
3206.86340 15.605 0.006
3210.92988 15.658 0.006
3211.84597 15.397 0.006
3215.82003 15.104 0.006
3216.76569 15.351 0.006
3217.81555 15.546 0.006
3224.81248 15.450 0.006
3228.79038 15.481 0.006
3230.76389 15.435 0.006
3238.79496 15.130 0.005
3239.83411 15.415 0.006
3240.83124 15.621 0.007
3241.77320 15.744 0.006
3242.76389 15.207 0.006
3244.86571 15.622 0.006
3245.81321 15.619 0.006
3246.81004 15.274 0.006
3247.81429 15.496 0.006
3249.76777 15.313 0.006
3251.78032 15.528 0.006
3254.76641 15.354 0.006
3257.79349 15.143 0.005
3259.70375 15.584 0.007
3261.73943 15.189 0.005
3263.73634 15.611 0.006
3265.76174 15.278 0.006
3267.74444 15.653 0.005
3270.69815 15.533 0.006
3271.70083 15.708 0.006
3273.65933 15.347 0.006
3275.65412 15.708 0.007
3276.74817 15.153 0.006
3277.78707 15.402 0.006
3279.71858 15.706 0.006
3281.68436 15.456 0.006
3283.67877 15.639 0.005
3287.64505 15.337 0.005
3289.65987 15.521 0.005
3291.59824 15.093 0.005
3294.61478 15.696 0.006
3296.58117 15.380 0.005
3298.58903 15.737 0.005
3300.59164 15.437 0.006
3302.57262 15.687 0.006
3305.66862 15.664 0.006
3307.58519 15.314 0.006
3309.60593 15.676 0.006
3311.56148 15.341 0.006
3314.60050 15.137 0.006
3320.63842 15.613 0.006
3323.59078 15.493 0.005
3327.61889 15.539 0.006
3330.59012 15.358 0.006
3335.63476 15.602 0.006
3338.54163 15.445 0.006
3350.55292 15.564 0.006
3357.59002 15.464 0.006
3361.58944 15.520 0.006
3363.59573 15.080 0.005
3369.57269 15.561 0.006
3372.58869 15.434 0.006
3376.56470 15.471 0.006
3380.55105 15.485 0.006
3386.59788 15.130 0.005
3395.54989 15.483 0.006
3399.57376 15.545 0.006
3402.59063 15.360 0.005
3530.94180 15.250 0.005
3543.90686 15.578 0.006
3551.92763 15.657 0.006
3558.91138 15.567 0.006
3562.89827 15.601 0.006
3568.89373 15.264 0.005
3570.85157 15.658 0.006
3571.84183 15.279 0.006
3573.88723 15.548 0.006
3575.84703 15.072 0.005
3577.90361 15.572 0.006
3579.84446 15.134 0.005
3581.91342 15.600 0.006
3582.86583 15.724 0.006
3583.88487 15.237 0.005
3586.87519 15.528 0.005
3588.87334 15.500 0.006
3590.83195 15.192 0.005
3592.79223 15.535 0.005
3594.83302 15.083 0.005
3600.92207 15.599 0.006
3602.78089 15.221 0.006
3603.74512 15.433 0.006
3608.80171 15.670 0.006
3614.83355 15.380 0.005
3615.81927 15.569 0.006
3618.81798 15.431 0.005
3620.84447 15.687 0.006
3622.79850 15.470 0.006
3625.74443 15.277 0.005
3628.76600 15.119 0.005
3630.68146 15.515 0.006
3632.65860 15.086 0.006
3634.68912 15.558 0.006
3637.69439 15.411 0.005
3640.65950 15.213 0.005
3642.70292 15.616 0.006
3644.69522 15.287 0.005
3646.71272 15.675 0.006
3650.72847 15.702 0.006
3652.66993 15.378 0.005
3654.64573 15.723 0.006
3656.69895 15.422 0.006
3657.72709 15.607 0.006
3658.70066 15.692 0.006
3659.68498 15.241 0.006
3660.69070 15.466 0.006
3663.68141 15.270 0.006
3665.70969 15.679 0.006
3668.63828 15.542 0.006
3668.66082 15.548 0.006
3670.64943 15.100 0.005
3672.58213 15.545 0.006
3674.74143 15.210 0.005
3676.62772 15.587 0.006
3682.60442 15.284 0.005
3684.62171 15.671 0.006
3686.58740 15.338 0.005
3688.56036 15.704 0.006
3690.57405 15.371 0.006
3693.57119 15.169 0.005
3695.56679 15.621 0.006
3698.54237 15.461 0.006
3701.59092 15.287 0.005
3703.60152 15.660 0.006
3705.57374 15.343 0.005
3707.57420 15.734 0.006
3712.58918 15.194 0.005
3715.54742 15.699 0.006
3719.62634 15.242 0.006
3722.57331 15.686 0.007
3725.65334 15.557 0.006
3730.55654 15.735 0.006
3735.55919 15.266 0.006
3738.58032 15.244 0.006
3743.53457 15.343 0.006
3748.53847 15.597 0.008
3753.53611 15.616 0.007
3758.55806 15.350 0.006
3762.56462 15.369 0.006
3768.52458 15.723 0.008
3773.52141 15.305 0.007
3777.54738 15.335 0.006
3871.91468 15.256 0.006
3902.93466 15.433 0.006
3907.92965 15.610 0.006
3915.90550 15.700 0.006
3918.92477 15.569 0.006
3932.87619 15.322 0.005
3934.89438 15.697 0.006
3936.90263 15.375 0.005
3938.88683 15.714 0.006
3945.85657 15.640 0.006
3950.83848 15.099 0.005
3957.79408 15.713 0.007
3959.78818 15.421 0.006
3961.77875 15.716 0.006
3964.78589 15.642 0.006
3966.77812 15.291 0.005
3968.77168 15.675 0.006
3970.76330 15.333 0.005
3973.73264 15.084 0.005
3975.74488 15.575 0.006
3980.68010 15.731 0.006
3981.67996 15.216 0.005
3982.74428 15.477 0.006
3986.72148 15.513 0.006
3989.81851 15.363 0.006
3991.75970 15.712 0.006
3994.66070 15.565 0.006
3998.69184 15.619 0.006
4001.66039 15.452 0.005
4003.63216 15.568 0.006
4004.72067 15.297 0.005
4005.70594 15.514 0.005
4007.59917 15.186 0.005
4008.60817 15.318 0.005
4011.65860 15.106 0.005
4014.64102 15.747 0.007
4016.63780 15.424 0.006
4018.63413 15.700 0.006
4020.66683 15.465 0.006
4023.62355 15.281 0.005
4025.62390 15.674 0.006
4027.61199 15.332 0.005
4029.59427 15.690 0.006
4031.58126 15.371 0.005
4036.61664 15.605 0.006
4038.57095 15.247 0.005
4040.55094 15.658 0.006
4042.62027 15.301 0.005
4044.66292 15.704 0.007
4047.57121 15.554 0.006
4049.54699 15.097 0.005
4051.59653 15.588 0.006
4053.60749 15.208 0.005
4055.53669 15.604 0.006
4057.57582 15.265 0.006
4059.61035 15.655 0.006
4063.60174 15.676 0.006
4066.51659 15.541 0.006
4068.58338 15.156 0.005
4071.52507 15.723 0.008
4074.56035 15.617 0.006
4077.61304 15.504 0.006
4079.56013 15.264 0.005
4083.56762 15.087 0.005
4087.58952 15.158 0.005
4095.55344 15.290 0.005
4095.59042 15.289 0.005
4098.57249 15.142 0.005
4102.54463 15.090 0.005
4107.54877 15.416 0.006
4112.54917 15.640 0.006
4119.53874 15.541 0.006
4122.56503 15.419 0.006
4128.56255 15.688 0.006
4253.88619 15.180 0.006
4255.90703 15.544 0.007
4258.92455 15.361 0.006
4273.91086 15.347 0.006
4278.93452 15.595 0.007
4281.76178 15.382 0.006
4282.90164 15.601 0.006
4283.82833 15.712 0.007
4284.89281 15.259 0.006
4289.86723 15.518 0.006
4292.90051 15.355 0.006
4295.89443 15.120 0.005
4296.92866 15.409 0.006
4298.84773 15.741 0.007
4299.89120 15.205 0.006
4300.91304 15.444 0.006
4301.93190 15.638 0.006
4303.82258 15.254 0.006
4307.71959 15.269 0.006
4308.69339 15.493 0.006
4308.90124 15.525 0.006
4310.87332 15.077 0.006
4311.87481 15.371 0.006
4312.93510 15.570 0.006
4314.80375 15.112 0.006
4316.86347 15.590 0.007
4320.84716 15.619 0.006
4326.87154 15.319 0.006
4327.89427 15.549 0.007
4328.86435 15.713 0.007
4329.86447 15.086 0.006
4330.89495 15.372 0.006
4332.91117 15.739 0.007
4334.88815 15.424 0.007
4339.85917 15.619 0.007
4340.81145 15.609 0.006
4341.80428 15.260 0.006
4342.87856 15.513 0.006
4343.79790 15.652 0.007
4344.78004 15.253 0.006
4346.75629 15.522 0.006
4348.74202 15.083 0.005
4350.71876 15.541 0.006
4353.67693 15.379 0.006
4355.73549 15.752 0.008
4358.67884 15.617 0.007
4359.73609 15.629 0.006
4365.64367 15.522 0.007
4369.71718 15.561 0.007
4371.68416 15.136 0.006
4376.68754 15.456 0.006
4378.65421 15.652 0.007
4379.68551 15.264 0.006
4381.64468 15.652 0.007
4383.67320 15.309 0.006
4386.69779 15.082 0.006
4388.69811 15.577 0.006
4390.70706 15.165 0.005
4394.59464 15.207 0.006
4396.67800 15.636 0.006
4398.68113 15.280 0.006
4402.66622 15.333 0.006
4404.68266 15.701 0.007
4407.69117 15.592 0.006
4409.70675 15.185 0.006
4411.70188 15.604 0.006
4415.70574 15.643 0.007
4417.65573 15.294 0.006
4420.64215 15.119 0.006
4422.67417 15.556 0.006
4424.67126 15.117 0.006
4427.55702 15.724 0.007
4429.60009 15.425 0.007
4431.58723 15.738 0.008
4433.59314 15.460 0.006
4435.58146 15.538 0.006
4438.64156 15.690 0.007
4440.61104 15.335 0.006
4442.57252 15.671 0.008
4444.59724 15.379 0.006
4452.60739 15.478 0.006
4454.62760 15.323 0.006
4455.56968 15.308 0.006
4457.57862 15.658 0.008
4460.53302 15.553 0.007
4463.59654 15.389 0.006
4467.57933 15.439 0.006
4470.57876 15.263 0.006
4474.62883 15.319 0.006
4476.60714 15.715 0.007
4481.60284 15.143 0.005
4483.63004 15.597 0.007
4485.61495 15.223 0.006
4488.61211 15.556 0.008
4492.60228 15.162 0.006
4609.93185 15.392 0.006
4643.91597 15.612 0.006
4652.94007 15.372 0.006
4655.89817 15.156 0.005
4661.91195 15.632 0.006
4662.83557 15.617 0.006
4662.93341 15.493 0.006
4663.78426 15.255 0.006
4665.85740 15.672 0.007
4670.93933 15.109 0.006
4671.83579 15.362 0.006
4673.93786 15.749 0.008
4677.85523 15.730 0.006
4682.82959 15.282 0.006
4684.86761 15.669 0.006
4686.82755 15.327 0.005
4688.84377 15.697 0.006
4690.76916 15.366 0.006
4691.77245 15.553 0.006
4694.81873 15.419 0.006
4697.76309 15.217 0.006
4699.78412 15.635 0.006
4700.81800 15.493 0.006
4701.82570 15.288 0.006
4703.78487 15.650 0.006
4704.80361 15.114 0.005
4705.81119 15.338 0.006
4707.82861 15.729 0.006
4709.75941 15.376 0.006
4715.76797 15.733 0.007
4717.72257 15.453 0.006
4720.70148 15.282 0.006
4722.71667 15.661 0.006
4725.72188 15.530 0.006
4730.71244 15.731 0.006
4730.77520 15.732 0.006
4733.74740 15.597 0.006
4740.68994 15.508 0.006
4743.68668 15.328 0.006
4748.67543 15.560 0.006
4750.70829 15.192 0.006
4754.63385 15.236 0.006
4756.64343 15.635 0.006
4758.62364 15.276 0.005
4760.61030 15.655 0.006
4762.60009 15.326 0.006
4767.63571 15.582 0.006
4770.68398 15.453 0.007
4772.62138 15.713 0.007
4774.59684 15.468 0.006
4776.56865 15.548 0.006
4778.56999 15.499 0.006
4780.56725 15.130 0.006
4782.54015 15.533 0.006
4783.60173 15.706 0.007
4789.56787 15.408 0.006
4791.54943 15.709 0.007
4793.55677 15.472 0.006
4795.56970 15.448 0.006
4797.56186 15.516 0.006
4798.62506 15.688 0.006
4801.52632 15.537 0.006
4802.61377 15.714 0.006
4803.58567 15.123 0.005
4805.52068 15.575 0.008
4807.54741 15.180 0.006
4809.57262 15.618 0.006
4811.59448 15.255 0.006
4814.55237 15.372 0.006
4816.55446 15.520 0.006
4818.56847 15.087 0.005
4820.54648 15.591 0.006
4822.60321 15.153 0.005
4824.58803 15.594 0.006
4831.55970 15.491 0.006
4833.58752 15.194 0.005
4835.61027 15.543 0.006
4839.61329 15.576 0.007
4842.57997 15.418 0.006
4844.59044 15.736 0.007
4847.64462 15.641 0.008
4849.60461 15.300 0.006
4853.60188 15.342 0.006
4855.61507 15.707 0.007
4859.60735 15.748 0.007
4862.58889 15.623 0.006
4868.57111 15.292 0.006
