2104.88382 17.223 0.013
2112.92411 17.189 0.013
2115.90016 17.055 0.015
2116.92802 16.971 0.013
2117.89107 16.816 0.011
2123.88200 17.048 0.013
2128.88191 17.224 0.019
2130.82071 17.108 0.014
2131.81371 17.005 0.014
2132.85845 16.907 0.014
2133.87095 16.794 0.014
2134.86408 16.618 0.012
2135.90143 17.246 0.014
2136.90475 17.222 0.018
2140.86748 16.948 0.013
2141.77773 16.619 0.012
2142.87730 16.576 0.011
2143.88635 17.216 0.016
2144.80196 17.229 0.013
2156.72804 16.771 0.013
2160.80728 17.209 0.016
2162.81760 17.106 0.012
2166.80841 17.159 0.013
2167.74168 17.242 0.014
2168.76625 17.220 0.015
2172.81714 16.891 0.011
2173.76054 16.601 0.009
2174.74428 17.216 0.013
2177.69240 17.119 0.014
2184.75372 17.187 0.018
2187.66201 16.888 0.016
2190.74372 17.232 0.015
2191.64784 17.223 0.015
2192.71142 17.185 0.012
2193.73862 17.126 0.011
2194.70346 17.019 0.012
2200.71786 17.180 0.014
2203.60610 16.795 0.012
2206.65584 17.242 0.017
2208.69991 17.196 0.015
2211.70786 16.906 0.012
2212.69442 16.704 0.011
2214.69448 17.158 0.017
2215.73046 17.218 0.018
2217.68960 17.145 0.017
2219.72660 16.921 0.014
2222.77589 17.237 0.018
2223.68096 17.218 0.017
2227.53930 16.743 0.015
2228.60689 16.560 0.010
2230.54499 17.257 0.017
2232.55797 17.092 0.013
2234.60004 16.945 0.012
2236.58926 16.601 0.010
2239.53680 17.212 0.017
2241.58160 17.028 0.012
2243.61995 16.816 0.012
2249.57997 17.031 0.012
2251.63010 16.832 0.011
2254.58388 17.230 0.014
2256.60122 17.165 0.016
2259.62207 16.842 0.012
2262.62855 17.240 0.017
2266.62045 16.972 0.014
2271.59537 17.200 0.016
2273.59460 17.037 0.017
2276.58931 16.599 0.011
2280.58323 17.106 0.015
2285.57920 17.162 0.013
2289.61504 17.070 0.012
2291.62032 16.822 0.010
2293.60998 17.213 0.014
2295.60669 17.199 0.016
2297.61125 17.065 0.014
2299.60590 16.810 0.012
2301.59743 17.207 0.018
2453.89165 16.801 0.016
2460.93831 16.979 0.017
2464.89565 17.236 0.014
2466.88913 17.153 0.018
2468.88339 16.927 0.013
2470.87435 16.668 0.010
2472.89448 17.251 0.013
2481.87993 17.183 0.018
2483.94138 17.082 0.015
2486.94209 16.635 0.014
2489.82411 17.155 0.015
2490.82035 17.078 0.018
2496.80404 17.225 0.014
2497.82634 17.161 0.016
2498.82670 17.114 0.013
2499.91168 17.076 0.013
2500.92005 16.969 0.013
2501.90658 16.760 0.011
2502.88682 16.593 0.011
2508.79741 16.875 0.018
2516.82978 16.882 0.013
2517.87682 16.758 0.011
2518.85105 16.977 0.014
2519.80234 17.211 0.014
2520.84450 17.233 0.015
2521.79510 17.183 0.015
2524.79803 16.840 0.015
2526.83001 17.124 0.011
2529.78850 17.163 0.013
2535.74811 17.240 0.016
2537.75462 17.123 0.020
2539.74341 16.933 0.013
2540.79528 16.840 0.014
2541.75543 16.584 0.010
2542.72506 17.179 0.014
2544.71435 17.171 0.014
2545.72948 17.121 0.013
2547.73671 16.921 0.012
2548.76397 16.816 0.012
2550.75911 17.190 0.014
2551.74621 17.234 0.015
2552.76160 17.183 0.014
2553.70238 17.098 0.016
2554.75472 17.046 0.013
2555.76271 16.947 0.012
2556.74195 16.776 0.011
2557.75427 16.558 0.010
2558.71082 17.159 0.013
2559.66775 17.200 0.015
2560.70086 17.176 0.014
2561.74643 17.114 0.017
2562.71906 17.023 0.015
2563.72711 16.914 0.012
2564.74352 16.766 0.012
2565.73134 16.699 0.012
2566.71029 17.192 0.015
2571.70566 16.914 0.016
2572.76603 16.811 0.014
2573.70419 17.025 0.016
2574.68392 17.235 0.014
2576.72837 17.195 0.015
2577.68661 17.103 0.015
2578.67166 16.983 0.014
2579.68183 16.893 0.014
2580.69011 16.674 0.011
2583.66634 17.212 0.016
2584.66864 17.152 0.014
2587.66101 16.839 0.013
2588.67293 16.657 0.011
2589.66602 17.224 0.015
2590.67387 17.208 0.016
2591.70163 17.210 0.015
2593.65845 17.090 0.015
2594.66496 16.971 0.014
2596.63764 16.604 0.012
2597.62650 17.195 0.019
2598.70522 17.194 0.016
2599.66577 17.205 0.019
2608.56643 17.119 0.017
2610.60304 16.937 0.014
2613.59437 17.157 0.020
2615.63004 17.198 0.017
2620.60038 16.628 0.011
2622.54817 17.243 0.016
2625.60159 17.051 0.018
2629.53440 17.236 0.018
2632.57245 17.123 0.014
2636.56891 17.005 0.015
2639.56816 17.184 0.014
2643.54114 16.668 0.011
2649.55362 17.007 0.014
2651.59147 16.774 0.015
2655.54428 17.185 0.018
2658.55611 16.900 0.017
2661.56868 17.178 0.013
2665.53569 17.002 0.016
2669.56184 17.189 0.016
2674.54594 16.914 0.013
2676.56678 17.026 0.013
2680.53723 17.148 0.018
2683.56849 16.754 0.013
2804.84638 16.886 0.018
2805.90279 16.801 0.015
2812.91931 16.939 0.014
2815.92960 17.216 0.015
2818.94217 17.146 0.014
2829.87623 16.732 0.012
2831.87664 17.164 0.018
2832.81975 17.197 0.016
2833.91834 17.173 0.017
2835.90708 17.047 0.014
2840.89617 17.240 0.015
2843.88220 17.026 0.013
2844.92349 16.945 0.012
2849.90819 17.182 0.015
2850.93973 17.161 0.019
2852.86837 16.896 0.015
2854.87970 16.774 0.012
2857.88699 17.208 0.016
2859.87430 17.034 0.013
2860.92667 16.939 0.012
2861.79839 16.583 0.010
2862.88447 16.727 0.012
2863.88637 17.191 0.020
2865.80884 17.155 0.016
2867.79827 16.976 0.013
2868.83890 16.870 0.012
2869.85247 16.704 0.012
2870.86700 16.949 0.013
2872.79106 17.194 0.013
2875.85823 17.003 0.013
2876.88423 16.918 0.015
2877.85662 16.697 0.010
2879.82138 17.219 0.013
2884.77146 16.795 0.011
2886.78424 17.209 0.015
2890.74737 17.039 0.016
2893.79475 16.576 0.011
2895.80557 17.235 0.014
2897.75318 17.132 0.015
2899.78543 16.953 0.012
2903.80417 17.247 0.011
2906.75290 17.030 0.012
2908.72993 16.724 0.011
2910.72483 17.187 0.015
2912.73074 17.183 0.011
2916.74340 16.764 0.010
2918.72044 17.196 0.015
2922.72297 17.022 0.014
2924.71930 16.696 0.011
2926.65498 17.257 0.018
2929.71634 17.122 0.014
2931.69373 16.881 0.011
2933.70441 17.149 0.012
2935.66734 17.199 0.018
2937.69242 17.090 0.015
2939.67065 16.840 0.012
2940.68492 16.643 0.009
2941.66065 17.232 0.013
2942.68822 17.213 0.014
2943.65694 17.197 0.015
2944.64071 17.152 0.018
2946.63929 16.928 0.013
2947.66724 16.852 0.014
2949.64814 17.183 0.014
2950.59964 17.212 0.015
2951.68052 17.215 0.016
2953.62840 17.036 0.014
2955.61329 16.779 0.014
2957.62701 17.200 0.013
2965.68390 17.225 0.015
2968.64642 17.161 0.016
2971.65421 16.830 0.012
2973.64271 17.220 0.015
2975.53951 17.175 0.014
2977.63517 17.052 0.017
2979.61545 16.782 0.014
2982.57005 17.188 0.016
2984.60125 17.124 0.019
2986.61138 16.932 0.012
2988.58383 17.003 0.013
2990.60265 17.233 0.015
2993.60544 17.041 0.012
2997.55323 17.219 0.014
3000.60872 17.131 0.014
3003.58422 16.724 0.011
3006.57380 17.215 0.014
3009.56719 16.987 0.015
3013.57380 17.181 0.016
3017.56825 17.020 0.013
3020.54342 17.212 0.014
3022.57087 17.246 0.017
3024.57009 17.081 0.015
3026.54010 16.866 0.012
3028.54101 17.215 0.016
3030.54413 17.208 0.015
3032.56207 17.097 0.016
3034.56163 16.893 0.011
3038.55244 17.191 0.017
3179.94374 17.059 0.012
3184.90755 17.228 0.017
3193.93060 17.220 0.013
3196.90265 16.942 0.012
3202.89512 17.122 0.013
3203.93500 17.044 0.009
3206.87789 17.030 0.014
3210.94437 17.155 0.014
3211.86049 16.994 0.013
3216.78019 17.175 0.018
3217.83005 17.135 0.019
3224.82701 17.197 0.013
3228.80485 16.828 0.012
3230.77834 17.218 0.012
3238.80942 17.262 0.016
3239.84852 17.226 0.013
3242.77830 17.034 0.015
3243.90145 17.005 0.013
3244.88015 16.924 0.015
3245.82764 16.610 0.010
3246.82451 17.257 0.015
3247.82876 17.238 0.014
3249.78219 17.121 0.014
3251.79474 16.939 0.010
3254.78087 17.217 0.012
3257.80796 17.143 0.011
3261.75383 16.820 0.010
3263.75081 17.233 0.011
3265.83071 17.163 0.013
3267.75886 16.909 0.011
3270.71256 17.206 0.014
3271.71524 17.244 0.014
3273.67377 17.079 0.014
3275.66855 16.843 0.014
3276.76257 16.760 0.013
3277.80143 16.583 0.010
3279.73297 17.211 0.013
3281.69877 17.073 0.012
3283.69319 16.878 0.009
3287.65949 17.203 0.013
3289.67432 17.083 0.011
3291.61706 16.773 0.011
3294.62925 17.244 0.013
3298.60344 16.905 0.010
3300.60601 16.905 0.012
3302.58706 17.232 0.015
3305.68305 17.072 0.013
3307.59958 16.717 0.013
3309.62035 17.206 0.013
3311.57587 17.193 0.012
3314.61955 16.912 0.013
3320.65284 17.152 0.012
3323.60523 16.720 0.009
3327.63334 17.202 0.014
3330.60463 16.907 0.013
3335.64924 17.200 0.022
3338.55607 16.841 0.012
3350.56743 17.237 0.012
3357.60617 17.183 0.015
3361.60799 17.021 0.012
3363.61027 16.738 0.012
3369.58722 17.015 0.012
3376.57922 17.114 0.013
3380.56557 17.207 0.015
3386.61245 16.918 0.011
3395.56448 16.702 0.014
3399.59304 17.198 0.015
3402.60522 16.898 0.012
3543.92130 17.171 0.015
3551.94391 17.133 0.019
3558.92583 16.661 0.010
3562.91657 17.133 0.011
3568.90808 17.219 0.013
3570.86974 17.089 0.015
3571.85622 16.990 0.015
3573.90160 16.741 0.013
3575.86140 17.233 0.014
3577.91797 17.184 0.014
3579.85885 17.010 0.010
3581.92779 16.750 0.010
3582.88018 17.153 0.013
3583.89929 17.159 0.011
3586.88952 17.106 0.010
3588.88770 16.885 0.011
3590.84629 17.238 0.013
3592.80658 17.198 0.010
3594.84739 17.064 0.011
3600.93639 17.258 0.019
3603.75947 16.881 0.011
3608.81609 17.187 0.012
3614.84788 17.254 0.012
3615.85271 17.220 0.012
3618.83234 17.081 0.011
3620.85880 16.843 0.010
3622.81282 17.211 0.013
3625.75877 17.083 0.011
3628.78031 16.747 0.011
3630.69576 17.238 0.015
3632.67293 17.139 0.018
3634.70787 16.988 0.012
3637.70867 17.245 0.015
3640.67497 17.138 0.011
3644.70947 16.612 0.008
3650.74279 16.994 0.010
3652.68423 16.562 0.008
3654.66004 17.221 0.012
3656.71326 17.204 0.012
3657.74140 17.123 0.012
3658.71494 16.946 0.012
3659.69933 16.801 0.013
3660.70498 16.599 0.010
3663.69577 17.178 0.014
3665.72403 17.113 0.015
3668.65256 16.623 0.009
3668.67511 16.564 0.008
3670.66374 17.223 0.014
3672.59645 17.090 0.013
3674.75578 17.009 0.011
3676.64205 16.681 0.009
3682.61869 16.895 0.011
3684.63603 16.741 0.010
3686.60172 17.230 0.014
3688.57470 17.089 0.012
3690.58841 16.860 0.012
3693.58553 17.234 0.015
3695.58110 17.196 0.013
3698.56251 16.887 0.015
3701.60525 17.203 0.014
3703.61587 17.183 0.011
3705.58809 16.977 0.010
3707.58855 16.673 0.009
3712.60348 17.084 0.012
3715.56172 16.603 0.009
3719.64070 17.179 0.015
3722.58765 16.866 0.012
3725.66774 17.206 0.015
3730.57094 16.845 0.009
3735.57361 17.130 0.012
3739.57329 16.620 0.009
3743.54899 17.157 0.014
3748.55288 17.230 0.020
3753.55059 16.964 0.016
3758.57250 17.232 0.016
3762.57905 16.861 0.012
3768.53906 17.053 0.013
3773.53590 17.224 0.015
3777.56184 16.968 0.012
3871.93233 17.163 0.022
3902.94910 16.563 0.017
3907.94409 17.041 0.016
3915.91991 17.020 0.011
3918.93915 16.680 0.010
3933.82684 16.566 0.009
3934.90879 17.014 0.011
3936.91703 17.254 0.013
3938.90122 17.107 0.012
3945.87096 17.190 0.012
3950.85263 17.227 0.012
3957.80826 16.626 0.012
3959.80670 17.252 0.015
3961.79292 17.148 0.015
3964.80004 16.779 0.008
3966.79227 17.177 0.011
3968.78581 17.175 0.012
3970.77745 17.020 0.010
3973.74840 17.187 0.013
3975.76169 17.208 0.014
3980.69421 16.576 0.009
3981.69408 17.222 0.012
3982.75842 17.190 0.016
3986.73558 17.007 0.012
3989.83266 16.556 0.010
3991.77385 17.218 0.013
3994.67487 16.932 0.011
4001.67456 17.074 0.011
4003.64622 16.743 0.009
4004.73478 16.625 0.008
4005.72004 17.249 0.012
4007.61324 17.183 0.013
4008.62231 17.116 0.010
4011.67270 16.790 0.010
4014.67066 17.224 0.015
4016.65192 17.160 0.014
4018.64827 16.915 0.012
4020.68719 16.595 0.010
4023.63765 17.191 0.016
4025.63800 17.039 0.011
4027.62616 16.713 0.009
4029.60835 17.197 0.013
4031.59536 17.153 0.012
4036.63074 16.978 0.010
4038.58507 17.216 0.012
4040.56505 17.043 0.013
4042.63442 16.901 0.011
4045.51567 17.237 0.019
4047.58849 17.155 0.014
4049.56108 16.970 0.010
4051.61067 16.693 0.010
4053.62164 17.193 0.011
4055.55084 17.167 0.016
4057.58993 16.985 0.015
4059.62449 16.699 0.009
4063.61588 17.171 0.012
4066.53078 16.782 0.010
4068.59813 17.183 0.012
4071.53928 17.160 0.014
4074.57446 16.864 0.011
4077.62720 17.185 0.016
4079.57429 17.156 0.013
4083.58178 16.623 0.011
4087.60371 17.160 0.012
4095.56759 17.179 0.012
4095.60464 17.171 0.012
4098.58666 16.882 0.013
4102.55883 17.207 0.016
4107.56295 16.577 0.009
4112.56341 17.055 0.012
4119.55301 17.149 0.014
4122.57931 16.841 0.011
4128.57947 17.067 0.012
4253.90273 16.676 0.015
4255.92136 17.173 0.018
4258.93792 17.116 0.019
4273.92421 17.179 0.020
4279.77736 17.220 0.023
4282.75065 16.982 0.016
4282.91494 17.108 0.015
4283.84168 16.936 0.015
4284.90947 16.883 0.014
4289.88053 17.135 0.016
4292.91381 16.875 0.011
4295.90771 17.191 0.014
4296.94199 17.224 0.014
4298.86099 17.054 0.016
4299.90450 16.986 0.011
4300.92634 16.874 0.011
4301.94513 16.753 0.012
4303.83587 17.254 0.015
4307.73287 16.839 0.012
4308.70666 16.560 0.011
4308.91450 16.879 0.011
4310.88656 17.220 0.018
4311.88807 17.217 0.022
4314.81705 17.026 0.014
4316.87672 16.860 0.014
4320.86039 17.203 0.014
4326.88477 17.202 0.016
4327.90846 17.210 0.019
4328.87847 17.217 0.018
4329.87771 17.176 0.016
4330.90911 17.110 0.014
4332.92535 16.897 0.014
4334.91864 17.089 0.018
4339.87336 16.977 0.015
4340.82559 16.792 0.012
4341.81846 16.634 0.011
4342.89271 17.217 0.016
4343.81199 17.226 0.016
4344.79418 17.156 0.014
4346.77046 16.985 0.013
4348.75617 16.647 0.010
4350.73296 17.222 0.013
4353.69107 17.034 0.014
4355.74963 16.871 0.013
4358.69297 17.229 0.017
4362.70054 16.938 0.014
4365.67453 17.189 0.017
4369.73132 17.087 0.020
4371.69829 16.811 0.013
4376.70165 17.151 0.015
4378.66837 16.900 0.012
4379.69964 16.803 0.013
4381.65885 17.190 0.017
4383.68731 17.185 0.014
4386.71192 16.938 0.013
4388.71222 16.579 0.010
4390.72115 17.244 0.015
4394.60877 16.871 0.012
4396.69218 16.560 0.010
4398.69529 17.251 0.018
4402.68034 16.937 0.012
4404.69679 16.579 0.012
4407.70531 17.214 0.017
4409.72091 17.066 0.015
4411.71601 16.815 0.011
4415.71987 17.202 0.016
4417.66987 17.020 0.012
4420.65630 16.861 0.013
4422.68835 17.228 0.017
4424.68542 17.146 0.017
4427.57117 16.579 0.011
4429.61426 17.206 0.023
4431.60139 17.157 0.016
4433.60727 16.983 0.013
4435.59564 16.617 0.011
4438.65570 17.267 0.018
4440.62522 17.093 0.015
4442.58669 16.848 0.013
4444.61139 17.203 0.019
4452.62163 17.175 0.015
4454.64183 17.231 0.017
4455.58391 17.175 0.016
4457.59280 16.997 0.017
4460.54722 17.183 0.015
4463.61077 17.164 0.016
4467.59359 16.629 0.012
4470.59299 17.190 0.016
4474.63956 16.908 0.014
4476.61789 17.199 0.014
4481.62561 16.932 0.014
4483.64425 16.693 0.012
4485.62573 17.211 0.019
4488.62635 17.119 0.022
4492.61661 17.192 0.016
4643.93028 17.021 0.015
4655.91242 17.190 0.014
4661.92618 16.687 0.011
4662.84975 17.201 0.013
4662.94763 16.928 0.013
4663.79849 17.224 0.018
4665.87164 17.140 0.017
4671.85001 17.232 0.016
4677.86938 16.595 0.010
4682.84380 17.045 0.013
4684.88180 16.820 0.011
4686.84176 17.172 0.012
4688.85799 17.193 0.012
4690.78329 16.980 0.012
4691.78664 16.875 0.012
4694.83291 17.184 0.017
4697.77724 17.077 0.016
4699.79826 16.891 0.011
4700.83216 16.775 0.010
4701.83984 16.613 0.010
4703.79905 17.240 0.016
4704.81774 17.177 0.013
4705.82536 17.125 0.016
4707.84278 16.940 0.011
4709.77357 17.183 0.012
4715.78214 16.902 0.012
4717.73675 17.257 0.013
4720.71561 17.142 0.014
4722.73084 16.941 0.011
4725.73603 17.229 0.015
4730.72660 16.973 0.010
4730.78929 17.009 0.011
4733.76151 17.218 0.013
4740.70409 16.578 0.010
4743.70079 17.178 0.013
4748.68956 16.650 0.010
4750.72240 17.235 0.024
4754.64798 16.889 0.013
4756.65754 17.015 0.013
4758.63777 17.230 0.013
4760.62444 17.108 0.012
4762.61425 16.858 0.012
4767.64985 17.174 0.015
4770.69813 16.933 0.015
4772.63547 17.186 0.016
4774.61097 17.198 0.014
4776.58276 17.095 0.015
4778.58413 16.815 0.011
4780.58136 17.234 0.015
4782.55428 17.180 0.015
4783.61588 17.128 0.015
4786.53618 16.751 0.012
4789.58202 17.238 0.014
4791.56360 17.161 0.014
4793.57093 16.961 0.013
4795.58381 16.582 0.009
4797.57599 17.241 0.017
4798.63921 17.229 0.015
4801.54047 16.916 0.012
4802.62794 16.863 0.013
4803.59985 16.587 0.010
4805.53487 17.241 0.017
4807.56162 17.140 0.017
4809.58676 16.961 0.012
4811.60867 16.607 0.011
4814.56649 17.208 0.016
4816.56870 17.058 0.013
4818.58264 16.831 0.013
4820.56064 17.176 0.015
4822.61745 17.225 0.014
4824.60229 17.081 0.016
4831.57389 17.150 0.016
4833.60179 16.966 0.012
4835.62453 16.652 0.012
4839.62755 17.170 0.017
4842.59421 16.828 0.014
4844.60467 17.261 0.018
4849.61890 16.982 0.014
4853.61617 17.216 0.017
4855.62942 17.127 0.016
4862.60323 17.202 0.014
4868.58537 17.198 0.015
