2086.92886 15.278 0.006
2104.86099 15.108 0.006
2106.92089 14.729 0.006
2113.84132 15.012 0.006
2114.85557 15.166 0.006
2115.91948 15.314 0.006
2116.90195 14.689 0.006
2117.90764 14.875 0.006
2123.85186 15.046 0.006
2128.85517 15.062 0.006
2129.88733 15.226 0.006
2130.83621 15.189 0.006
2131.82971 14.754 0.006
2132.83589 14.947 0.006
2133.92450 15.102 0.006
2134.84083 15.246 0.006
2135.87602 14.970 0.006
2136.87654 14.787 0.006
2137.91916 14.981 0.006
2140.84509 14.851 0.006
2142.89135 14.988 0.006
2143.85211 15.138 0.006
2144.81687 15.289 0.006
2156.85506 14.893 0.006
2160.78480 14.725 0.006
2162.79136 15.052 0.006
2165.77517 14.742 0.006
2166.78614 14.926 0.006
2167.75693 15.069 0.006
2168.74346 15.233 0.006
2171.76949 14.944 0.006
2172.77606 15.088 0.006
2173.73818 15.252 0.006
2177.66980 15.098 0.006
2185.69466 14.827 0.006
2187.67723 15.132 0.006
2190.72123 14.850 0.006
2192.69079 15.162 0.006
2193.71178 15.309 0.006
2194.68300 14.686 0.006
2200.69548 14.896 0.006
2201.74914 15.062 0.006
2206.63497 15.066 0.006
2211.67361 15.084 0.006
2213.68366 14.933 0.006
2214.67003 14.795 0.006
2215.68533 14.965 0.006
2217.66297 15.280 0.006
2222.75538 15.306 0.006
2225.62463 15.010 0.006
2226.67098 15.165 0.006
2228.58638 14.670 0.006
2230.52369 15.021 0.006
2232.53742 15.312 0.006
2234.57950 14.876 0.006
2236.56900 15.194 0.006
2238.57439 14.722 0.006
2241.56118 15.210 0.006
2243.59947 14.746 0.006
2248.64388 14.777 0.006
2250.62205 15.094 0.006
2253.60092 14.802 0.006
2256.58005 15.290 0.006
2258.62050 14.828 0.006
2265.63776 15.184 0.006
2270.59595 15.187 0.006
2272.59401 14.715 0.006
2274.57785 15.050 0.006
2276.54537 15.268 0.006
2280.55795 15.221 0.006
2285.59640 15.268 0.006
2289.59333 15.112 0.006
2291.59403 14.756 0.006
2293.59472 14.995 0.006
2295.59103 15.308 0.006
2297.59420 14.845 0.006
2299.59068 15.158 0.006
2301.58335 14.689 0.006
2466.86683 14.685 0.006
2467.93072 14.888 0.006
2469.92999 15.210 0.006
2471.91956 14.728 0.006
2472.90961 14.908 0.006
2473.93580 15.062 0.006
2481.89505 14.777 0.006
2483.91870 15.102 0.006
2486.91885 14.807 0.006
2488.93421 15.121 0.006
2490.79641 14.867 0.006
2492.93310 14.993 0.006
2496.93290 14.855 0.006
2498.80420 15.141 0.006
2499.88914 15.318 0.006
2500.89760 14.685 0.006
2501.88433 14.871 0.006
2502.86450 15.030 0.006
2508.77508 15.191 0.006
2516.80655 14.943 0.006
2517.85331 15.087 0.006
2518.82568 15.246 0.006
2519.82390 15.032 0.006
2520.82208 14.773 0.006
2521.81525 14.962 0.006
2524.81379 14.879 0.006
2526.80757 14.986 0.006
2529.80381 14.722 0.006
2534.86444 14.681 0.006
2535.80207 14.852 0.006
2537.73215 15.154 0.006
2538.83240 15.314 0.006
2539.72960 14.681 0.006
2540.77289 14.877 0.006
2541.74148 15.026 0.006
2542.71127 15.179 0.006
2544.69203 14.693 0.006
2545.70475 14.887 0.006
2547.72272 15.197 0.006
2548.74151 15.268 0.006
2550.73679 14.921 0.006
2551.72333 15.062 0.006
2552.73930 15.230 0.006
2553.68009 15.221 0.006
2554.73244 14.760 0.006
2555.74034 14.943 0.006
2556.71945 15.073 0.006
2557.73198 15.253 0.006
2558.68842 15.055 0.006
2559.64543 14.768 0.006
2560.67844 14.953 0.006
2561.72406 15.110 0.006
2562.69674 15.278 0.006
2563.70472 14.858 0.006
2564.72111 14.805 0.006
2565.71626 14.987 0.006
2566.69121 15.122 0.006
2568.76763 14.673 0.006
2571.67761 15.140 0.006
2572.75211 15.313 0.006
2573.69019 14.673 0.006
2574.67015 14.844 0.006
2576.70488 15.175 0.006
2577.66993 15.316 0.006
2578.65746 14.686 0.006
2579.66798 14.878 0.006
2580.67609 15.045 0.006
2583.64815 14.709 0.006
2584.65460 14.899 0.006
2586.65580 15.213 0.006
2587.63846 15.261 0.006
2589.62933 14.915 0.006
2590.64610 15.077 0.006
2591.67228 15.235 0.006
2593.63553 14.768 0.006
2594.64157 14.950 0.006
2596.61520 15.256 0.006
2597.60238 15.023 0.006
2598.68256 14.797 0.006
2599.63663 14.970 0.006
2607.65672 14.687 0.006
2610.57807 15.150 0.006
2613.57185 14.854 0.006
2615.60230 15.175 0.006
2619.58677 15.050 0.006
2621.59592 15.285 0.006
2625.57850 15.220 0.006
2627.54918 14.746 0.006
2630.56300 15.239 0.006
2635.57671 15.276 0.006
2640.54192 15.269 0.006
2642.58165 14.834 0.006
2646.59303 14.685 0.006
2651.56770 14.691 0.006
2654.59519 15.198 0.006
2657.54718 14.891 0.006
2661.55321 14.743 0.006
2664.58415 15.240 0.006
2667.54294 14.945 0.006
2668.57008 15.088 0.006
2672.56209 14.957 0.006
2676.55227 14.812 0.006
2679.56698 15.296 0.006
2683.54595 15.153 0.006
2777.93270 14.680 0.006
2804.86124 15.123 0.006
2805.87853 15.298 0.007
2811.93365 14.679 0.006
2815.90734 15.317 0.006
2825.93921 15.177 0.006
2830.84647 15.111 0.006
2831.81612 14.754 0.006
2832.78917 14.942 0.006
2833.89466 15.094 0.006
2834.94529 15.275 0.006
2836.90362 14.804 0.006
2838.84669 15.113 0.006
2840.85436 14.755 0.006
2843.85571 15.130 0.006
2844.90142 15.317 0.006
2845.94844 14.698 0.006
2849.88495 15.307 0.006
2850.91770 14.694 0.006
2852.84632 15.040 0.006
2854.85766 15.308 0.006
2857.86504 15.063 0.006
2858.93865 15.218 0.006
2860.90462 14.748 0.006
2861.77610 14.915 0.006
2862.89947 15.076 0.006
2863.86415 15.228 0.006
2865.82384 14.755 0.006
2867.81326 15.076 0.006
2868.81686 15.242 0.006
2869.80338 15.015 0.006
2870.84495 14.786 0.006
2871.88802 14.965 0.006
2872.84482 15.109 0.006
2875.83572 14.808 0.006
2876.80514 14.980 0.006
2879.73164 14.754 0.006
2883.85489 15.307 0.006
2885.79021 14.850 0.006
2890.72108 14.815 0.006
2893.77254 15.288 0.006
2895.82175 14.913 0.006
2897.72529 15.211 0.006
2899.76292 14.739 0.006
2903.78198 15.071 0.006
2906.73098 15.083 0.006
2908.70798 14.985 0.006
2910.70286 14.971 0.006
2912.70819 15.277 0.006
2916.72094 15.135 0.006
2918.69783 14.693 0.006
2922.69781 15.305 0.006
2924.63875 14.842 0.006
2926.63279 15.168 0.006
2929.69399 14.881 0.006
2931.66993 15.190 0.006
2933.68036 14.718 0.006
2935.64470 15.058 0.006
2937.67029 15.227 0.006
2939.68575 14.933 0.006
2940.66292 15.074 0.006
2941.63818 15.225 0.006
2942.66298 15.095 0.006
2943.63433 14.762 0.006
2944.61869 14.941 0.006
2946.61344 15.255 0.006
2947.64506 14.933 0.006
2949.62608 14.971 0.006
2950.57761 15.091 0.006
2951.65822 15.283 0.006
2953.60616 14.813 0.006
2955.59124 15.126 0.006
2957.60486 14.692 0.006
2962.65913 14.673 0.006
2965.66180 15.192 0.006
2968.62413 14.897 0.006
2970.64294 15.205 0.006
2972.64756 14.739 0.006
2975.55560 15.221 0.006
2977.65141 14.767 0.006
2979.59130 15.076 0.006
2981.63858 14.984 0.006
2983.57209 14.962 0.006
2986.58867 14.866 0.006
2988.56065 14.977 0.006
2991.59046 14.718 0.006
2994.57533 15.145 0.006
2997.58793 14.854 0.006
3000.57995 15.310 0.006
3003.56193 15.038 0.006
3006.54920 14.717 0.006
3009.54449 15.213 0.006
3013.54686 15.074 0.006
3015.58212 15.084 0.006
3018.55923 15.084 0.006
3020.59494 14.886 0.006
3022.54859 14.974 0.006
3024.54762 15.277 0.006
3025.60720 14.719 0.006
3027.63269 15.015 0.006
3029.60438 15.298 0.006
3031.60918 14.856 0.006
3034.53942 15.322 0.006
3037.55858 15.048 0.006
3179.92091 15.250 0.006
3183.94060 15.121 0.006
3193.90852 15.154 0.006
3196.88062 14.882 0.006
3197.94302 15.032 0.006
3202.86851 15.040 0.006
3203.90859 15.205 0.006
3206.84640 14.911 0.006
3210.92241 14.763 0.006
3211.87698 14.942 0.006
3215.81219 14.777 0.006
3216.75805 14.939 0.006
3217.80803 15.094 0.006
3223.86416 15.294 0.006
3228.78286 15.302 0.006
3229.86467 14.675 0.006
3231.84617 15.024 0.006
3238.78305 15.319 0.006
3239.82662 14.707 0.006
3240.81932 14.898 0.006
3241.80280 15.049 0.006
3242.74678 15.187 0.006
3243.87940 15.236 0.006
3244.85797 14.749 0.006
3245.80573 14.920 0.006
3246.79849 15.076 0.006
3247.80684 15.230 0.006
3249.75715 14.751 0.006
3251.77075 15.087 0.006
3254.75846 14.778 0.006
3257.78272 15.265 0.006
3259.69544 14.781 0.006
3261.73149 15.095 0.006
3263.72872 14.766 0.006
3265.75008 14.992 0.006
3267.73686 15.299 0.006
3270.69029 15.002 0.006
3271.69317 15.141 0.006
3273.65150 14.683 0.006
3275.64635 15.024 0.006
3276.74078 15.180 0.006
3277.77942 15.292 0.006
3279.71102 14.887 0.006
3281.66962 15.203 0.006
3283.67130 14.727 0.006
3287.63743 15.216 0.006
3289.65237 14.938 0.006
3291.59046 15.234 0.006
3293.62596 14.784 0.006
3295.64387 15.093 0.006
3298.58178 14.795 0.006
3300.58406 15.118 0.006
3302.56103 14.828 0.006
3305.66111 15.144 0.006
3307.57337 14.699 0.006
3309.59841 15.016 0.006
3311.55003 15.313 0.006
3314.59300 15.045 0.006
3320.63081 15.205 0.006
3323.57823 14.919 0.006
3327.58576 14.763 0.006
3330.58126 15.250 0.006
3335.62523 15.282 0.006
3338.57091 14.982 0.006
3350.54522 15.308 0.006
3353.60382 15.043 0.006
3359.58568 15.225 0.006
3363.58771 15.077 0.006
3367.64734 14.963 0.006
3372.58082 14.977 0.006
3376.55696 14.820 0.006
3380.54334 14.676 0.006
3386.59028 14.881 0.006
3395.53809 14.746 0.006
3398.58578 15.227 0.006
3402.58303 15.097 0.006
3543.89658 15.152 0.006
3551.92011 14.896 0.006
3558.90365 15.230 0.006
3562.89076 15.100 0.006
3568.88187 15.270 0.006
3570.84292 14.803 0.006
3571.83383 14.987 0.006
3573.87955 15.296 0.006
3575.83531 14.826 0.006
3577.89168 15.164 0.006
3578.92775 15.323 0.006
3579.83277 14.671 0.006
3581.90186 15.035 0.006
3582.85814 15.175 0.006
3583.86838 15.320 0.006
3585.88952 14.882 0.006
3586.84166 15.038 0.006
3588.85993 15.298 0.006
3590.81599 14.892 0.006
3592.78075 15.211 0.006
3594.82024 14.739 0.006
3600.90602 14.974 0.006
3602.76459 15.247 0.006
3607.84838 15.291 0.006
3614.82059 14.841 0.006
3617.80437 15.314 0.006
3619.78250 14.858 0.006
3621.77498 15.169 0.006
3630.65377 15.050 0.006
3632.65108 15.281 0.006
3634.72398 14.928 0.006
3637.68279 15.166 0.006
3639.73273 14.958 0.006
3641.72950 15.261 0.006
3643.82794 14.829 0.006
3644.76859 14.982 0.006
3646.69964 15.286 0.006
3650.72085 15.139 0.006
3652.65597 14.717 0.006
3654.63430 15.009 0.006
3656.65798 15.313 0.006
3657.71569 14.686 0.006
3658.69298 14.876 0.006
3659.67331 15.037 0.006
3661.62201 15.311 0.006
3663.64496 14.888 0.006
3665.67727 15.197 0.006
3668.62641 14.908 0.006
3670.57713 15.212 0.006
3672.61658 14.748 0.006
3674.67542 15.082 0.006
3676.61585 15.110 0.006
3682.59255 14.796 0.006
3684.58548 15.101 0.006
3686.57536 14.808 0.006
3688.54843 14.985 0.006
3690.55431 15.288 0.006
3692.60689 14.843 0.006
3694.59344 15.157 0.006
3696.58957 14.684 0.006
3698.62818 15.045 0.006
3700.63333 15.291 0.006
3702.62424 14.896 0.006
3704.62477 15.218 0.006
3706.63964 14.747 0.006
3708.62106 15.070 0.006
3712.57756 14.937 0.006
3714.58024 15.255 0.006
3718.56370 15.096 0.006
3721.59590 14.816 0.006
3725.62476 14.680 0.006
3730.54901 14.678 0.006
3734.61972 15.301 0.006
3738.57175 15.209 0.006
3742.56894 15.071 0.006
3747.56968 15.084 0.006
3751.57748 14.954 0.006
3762.55545 15.138 0.006
3766.56068 15.027 0.006
3772.58746 15.206 0.006
3777.53478 15.216 0.006
3871.90682 14.747 0.006
3902.92716 15.065 0.006
3907.92195 15.073 0.006
3913.94752 15.275 0.006
3918.91736 15.291 0.006
3932.86852 15.186 0.006
3934.88688 14.703 0.006
3936.89519 15.056 0.006
3938.87926 15.272 0.006
3945.88616 14.939 0.006
3950.83105 14.959 0.006
3957.78658 15.289 0.006
3959.77600 14.812 0.006
3961.77017 15.132 0.006
3964.77840 14.833 0.006
3966.77066 15.149 0.006
3968.76436 14.680 0.006
3970.75601 15.027 0.006
3973.72534 14.702 0.006
3975.73760 15.037 0.006
3980.67286 15.055 0.006
3981.67260 15.204 0.006
3982.73693 15.215 0.006
3986.71028 15.231 0.006
3991.73950 15.265 0.006
3994.65190 14.973 0.006
3998.68230 14.826 0.006
4001.65311 15.294 0.006
4003.62454 14.831 0.006
4004.70432 15.016 0.006
4005.69850 15.173 0.006
4007.59176 14.670 0.006
4008.60065 14.860 0.006
4011.65112 15.314 0.006
4014.63354 15.058 0.006
4016.63035 15.297 0.006
4018.62675 14.920 0.006
4020.63020 15.232 0.006
4023.61607 14.939 0.006
4025.61641 15.255 0.006
4027.60452 14.778 0.006
4029.58684 15.088 0.006
4031.57393 14.946 0.006
4033.66816 14.986 0.006
4038.56335 15.005 0.006
4040.54361 15.304 0.006
4042.57152 14.848 0.006
4046.62763 14.701 0.006
4049.53950 15.182 0.006
4051.58914 14.716 0.006
4053.63652 15.062 0.006
4055.52920 15.280 0.006
4057.60456 14.931 0.006
4059.60298 15.232 0.006
4063.54979 15.089 0.006
4065.60009 14.949 0.006
4067.59093 14.983 0.006
4069.54378 15.277 0.006
4071.55461 14.818 0.006
4074.55072 15.299 0.006
4077.55245 15.020 0.006
4079.55264 15.309 0.006
4082.55395 15.028 0.006
4085.63130 14.724 0.006
4092.58677 15.072 0.006
4097.62930 15.102 0.006
4100.62076 14.799 0.006
4105.58477 14.813 0.006
4111.62120 15.018 0.006
4115.54066 14.842 0.006
4120.57159 14.885 0.006
4124.58863 14.743 0.006
4128.60700 15.167 0.006
4253.87645 15.228 0.007
4255.87472 14.738 0.006
4268.93305 15.287 0.006
4275.94799 14.854 0.006
4279.84483 14.662 0.006
4282.83623 15.178 0.006
4283.85527 15.312 0.006
4284.88571 14.710 0.006
4289.86032 14.731 0.006
4292.89358 15.241 0.006
4295.88706 14.945 0.006
4296.91754 15.094 0.006
4297.94949 15.272 0.006
4299.88435 14.790 0.006
4300.90609 14.974 0.006
4301.92463 15.120 0.006
4302.94653 15.294 0.006
4306.94324 15.148 0.006
4307.85783 15.292 0.006
4308.68603 14.881 0.006
4308.89396 14.700 0.006
4310.86610 15.003 0.006
4311.86598 15.145 0.006
4312.92813 15.322 0.006
4316.85511 15.173 0.006
4320.88244 15.053 0.006
4326.86466 15.224 0.006
4327.88694 15.191 0.006
4328.85696 14.755 0.006
4329.85769 14.938 0.006
4330.88763 15.093 0.006
4332.90380 14.984 0.006
4334.88084 14.975 0.006
4339.87743 14.984 0.006
4340.80413 15.112 0.006
4341.79696 15.278 0.006
4342.87120 14.714 0.006
4343.79056 14.813 0.006
4344.77263 14.995 0.006
4346.72889 15.295 0.006
4348.73472 14.830 0.006
4350.71139 15.150 0.006
4353.66950 14.846 0.006
4354.79087 15.033 0.006
4359.72850 15.045 0.006
4362.67613 14.724 0.006
4363.63544 14.896 0.006
4365.69381 15.221 0.006
4369.68775 15.077 0.006
4371.67675 15.144 0.006
4376.68020 14.963 0.006
4378.64686 14.969 0.006
4379.67813 15.121 0.006
4381.63727 14.842 0.006
4382.71584 14.825 0.006
4386.69009 14.676 0.006
4388.69084 15.032 0.006
4390.69965 15.317 0.006
4393.69415 15.052 0.006
4396.66875 14.710 0.006
4398.67374 15.057 0.006
4400.69824 15.261 0.006
4404.67526 15.234 0.006
4407.66312 14.944 0.006
4410.69303 14.965 0.006
4415.67937 14.815 0.006
4418.62491 15.121 0.006
4421.68272 14.835 0.006
4423.68716 15.160 0.006
4426.56336 14.853 0.006
4428.58005 15.162 0.006
4430.64021 14.690 0.006
4432.62615 15.038 0.006
4434.63138 15.294 0.006
4436.60773 14.896 0.006
4438.67037 15.231 0.006
4442.56500 15.084 0.006
4444.58976 15.146 0.006
4450.62223 14.810 0.006
4452.59974 15.121 0.006
4454.53681 14.852 0.006
4455.60889 14.815 0.006
4457.54444 15.125 0.006
4459.56451 14.703 0.006
4462.59595 15.157 0.006
4466.62009 15.041 0.006
4471.55474 15.055 0.006
4475.54881 14.918 0.006
4480.58984 14.941 0.006
4482.59678 15.255 0.006
4485.60664 14.985 0.006
4488.60208 14.803 0.006
4609.92442 15.034 0.006
4643.90859 15.108 0.006
4650.94747 14.987 0.006
4655.92692 15.000 0.006
4662.80529 15.306 0.006
4662.92211 15.310 0.006
4663.77690 14.675 0.006
4663.92474 14.691 0.006
4665.85001 15.036 0.006
4665.94382 15.046 0.006
4666.94299 15.194 0.006
4670.93211 15.054 0.006
4671.90202 15.212 0.006
4676.93232 15.242 0.006
4677.84795 15.193 0.006
4682.82234 15.065 0.006
4684.86024 14.967 0.006
4686.82021 15.272 0.006
4688.83616 14.807 0.006
4690.76180 15.112 0.006
4691.76483 15.291 0.006
4693.91978 14.845 0.006
4696.91654 15.316 0.006
4697.83195 14.683 0.006
4698.78154 14.845 0.006
4699.77568 15.020 0.006
4700.81039 15.175 0.006
4701.81829 15.314 0.006
4703.77751 14.863 0.006
4704.79624 15.045 0.006
4705.80375 15.190 0.006
4707.79617 14.713 0.006
4709.75197 15.066 0.006
4710.78053 15.214 0.006
4715.76054 15.232 0.006
4716.84376 15.074 0.006
4717.71370 14.746 0.006
4719.80110 15.095 0.006
4721.79398 14.963 0.006
4724.67650 15.091 0.006
4725.75601 15.280 0.006
4728.76153 14.990 0.006
4733.73816 15.009 0.006
4740.67973 15.323 0.006
4741.71508 14.689 0.006
4747.61931 14.881 0.006
4749.61897 15.206 0.006
4753.68996 15.087 0.006
4755.68198 15.132 0.006
4757.66644 14.950 0.006
4759.68115 15.263 0.006
4761.64956 14.788 0.006
4763.66680 15.117 0.006
4767.60768 14.986 0.006
4770.67628 14.689 0.006
4772.61399 15.006 0.006
4774.56856 15.304 0.006
4776.56013 14.840 0.006
4777.66209 15.034 0.006
4780.53078 14.685 0.006
4781.64473 14.891 0.006
4783.59386 15.198 0.006
4785.62927 14.731 0.006
4789.56033 15.260 0.006
4791.54190 14.930 0.006
4793.54926 15.244 0.006
4795.56197 14.771 0.006
4797.55423 15.099 0.006
4798.61755 15.273 0.006
4800.66494 14.806 0.006
4802.57402 15.116 0.006
4803.55605 15.281 0.006
4804.61115 14.739 0.006
4805.53878 14.823 0.006
4805.59798 14.826 0.006
4806.58287 15.005 0.006
4806.62294 15.016 0.006
4807.53582 15.137 0.006
4807.60948 15.138 0.006
4808.57861 15.313 0.006
4808.62014 15.318 0.006
4809.56515 14.682 0.006
4809.63423 14.674 0.006
4810.54278 14.842 0.006
4811.58703 15.017 0.006
4812.62761 15.172 0.006
4813.56398 15.324 0.006
4815.59989 14.878 0.006
4816.54697 15.043 0.006
4818.59723 15.309 0.006
4820.53874 14.892 0.006
4822.59545 15.218 0.006
4824.58028 14.739 0.006
4826.63995 15.082 0.006
4833.57937 14.965 0.006
4835.60259 14.972 0.006
4837.61352 15.283 0.006
4841.58992 15.129 0.006
4843.58411 14.689 0.006
4844.53978 14.831 0.006
4846.59322 15.154 0.006
4847.54394 15.314 0.006
4848.62944 14.686 0.006
4849.54099 14.861 0.006
4849.64449 14.882 0.006
4850.58423 15.047 0.006
4850.61693 15.043 0.006
4850.64737 15.033 0.006
4854.60822 14.904 0.006
4856.62540 15.219 0.006
4862.57329 15.181 0.006
4868.56364 14.787 0.006
4948.92118 15.208 0.006
4954.92531 15.173 0.006
