 466.55954 17.136 0.011
 466.57478 17.144 0.010
 466.60539 17.158 0.011
 466.63493 17.158 0.010
 467.55280 17.084 0.011
 467.58224 17.083 0.011
 467.61171 17.099 0.010
 467.64122 17.105 0.010
 469.56218 16.900 0.011
 469.60078 16.921 0.009
 469.63241 16.935 0.010
 471.61471 17.153 0.013
 471.62992 17.161 0.012
 472.54688 17.127 0.013
 472.56161 17.171 0.016
 472.57629 17.166 0.012
 472.59093 17.177 0.012
 622.89345 17.057 0.014
 624.92001 16.879 0.010
 625.90746 17.002 0.012
 626.87897 17.166 0.013
 627.86521 17.196 0.014
 628.90629 17.149 0.012
 629.90406 17.053 0.012
 631.93502 16.882 0.012
 632.87555 17.094 0.013
 633.91099 17.168 0.013
 635.90582 17.119 0.013
 643.87486 17.032 0.011
 645.84656 16.819 0.011
 647.80429 17.193 0.019
 649.80167 17.068 0.015
 656.86204 17.091 0.011
 657.83433 17.003 0.013
 658.87461 16.940 0.013
 663.78089 17.074 0.016
 664.88582 17.029 0.011
 665.83308 16.935 0.008
 666.84363 16.883 0.009
 667.86288 17.177 0.011
 668.83367 17.190 0.010
 670.79923 17.051 0.012
 671.82130 16.982 0.009
 672.82685 16.877 0.008
 673.79421 17.060 0.011
 684.75462 17.032 0.010
 685.80948 16.979 0.012
 686.71076 16.857 0.010
 687.79211 17.113 0.011
 688.73412 17.183 0.010
 689.76129 17.174 0.011
 697.72743 17.105 0.011
 698.79853 17.048 0.011
 699.69756 16.871 0.010
 700.73833 16.840 0.010
 701.71054 17.158 0.013
 704.73858 17.095 0.014
 706.70423 16.898 0.014
 707.74179 16.863 0.012
 708.76594 17.169 0.014
 712.76650 17.016 0.010
 713.74786 16.907 0.009
 714.76283 16.831 0.009
 715.72840 17.153 0.011
 716.69647 17.187 0.013
 726.69666 16.979 0.010
 728.68979 17.095 0.011
 729.69195 17.172 0.012
 730.67634 17.160 0.011
 733.64278 16.934 0.013
 739.66277 17.031 0.012
 741.62857 16.841 0.009
 742.60483 17.145 0.012
 744.65192 17.153 0.012
 745.60286 17.070 0.011
 746.79363 17.094 0.012
 747.66417 16.923 0.010
 748.62588 16.866 0.010
 749.63128 17.177 0.014
 750.62510 17.183 0.014
 751.63357 17.140 0.014
 752.74795 17.159 0.015
 753.68358 17.021 0.012
 759.64146 17.077 0.011
 760.66710 17.013 0.010
 761.64317 16.893 0.010
 761.74841 17.016 0.013
 762.63453 16.896 0.012
 762.66408 16.860 0.013
 763.65074 17.176 0.013
 763.76150 17.067 0.015
 765.58280 17.094 0.015
 766.62028 17.084 0.015
 766.72315 17.129 0.017
 767.62778 16.987 0.014
 767.68943 17.052 0.017
 767.76569 17.052 0.014
 769.61061 17.032 0.013
 769.68434 16.830 0.011
 770.61676 17.184 0.013
 771.64982 17.186 0.013
 772.61167 17.136 0.013
 773.61680 17.070 0.012
 773.76900 17.140 0.015
 774.60978 16.990 0.011
 775.56767 16.831 0.010
 776.64860 16.910 0.010
 777.62286 17.175 0.013
 778.62622 17.186 0.014
 779.65318 17.157 0.013
 779.76346 17.160 0.015
 780.65299 17.083 0.013
 781.56734 16.928 0.011
 781.74780 17.053 0.013
 782.63287 16.855 0.013
 782.76220 16.956 0.016
 783.54983 17.165 0.011
 784.59183 17.165 0.012
 785.61866 17.167 0.013
 785.76424 17.188 0.014
 786.62233 17.148 0.011
 787.70278 17.091 0.013
 788.63563 16.976 0.011
 788.66118 16.983 0.011
 790.58432 17.145 0.013
 792.56227 17.141 0.014
 795.62695 16.954 0.012
 796.55588 16.797 0.012
 796.74119 16.960 0.019
 797.71600 16.817 0.011
 798.57868 17.174 0.012
 799.71662 17.208 0.013
 800.63165 17.132 0.012
 802.69166 17.006 0.015
 805.61897 17.198 0.016
 806.62915 17.164 0.013
 808.56059 17.013 0.016
 816.69158 16.983 0.010
 817.60165 16.815 0.009
 819.56443 17.187 0.013
 820.64075 17.164 0.012
 822.56129 16.984 0.012
 824.58712 16.842 0.012
 825.66025 17.097 0.015
 828.62041 17.097 0.011
 829.58701 17.019 0.010
 832.59389 17.172 0.013
 833.61377 17.176 0.012
 834.58336 17.149 0.013
 836.56148 16.991 0.014
 838.59447 16.847 0.011
 840.60423 17.209 0.014
 845.55563 16.997 0.012
 850.57911 17.002 0.013
 855.58410 17.142 0.016
 859.57190 17.027 0.012
 866.53643 17.161 0.014
 962.94024 17.089 0.015
 966.93971 17.186 0.014
 970.91613 16.992 0.011
 976.89675 17.066 0.014
 986.85117 17.154 0.015
 987.86474 17.187 0.014
 991.93304 16.992 0.012
 996.93674 17.113 0.012
 998.90779 16.942 0.010
1004.80642 16.987 0.013
1006.83499 16.864 0.011
1020.90449 16.808 0.011
1035.75721 17.180 0.013
1037.78641 17.118 0.013
1041.79457 17.146 0.012
1045.75631 17.024 0.011
1052.78040 17.028 0.012
1055.65359 17.172 0.012
1058.86559 17.078 0.016
1059.78358 17.018 0.012
1061.73633 16.879 0.012
1064.82025 17.158 0.018
1068.72167 16.963 0.011
1072.70180 17.037 0.011
1076.67956 17.192 0.012
1078.69014 17.115 0.012
1081.70268 16.854 0.009
1084.64087 17.163 0.011
1087.66076 16.931 0.011
1090.71716 17.179 0.013
1092.74926 17.135 0.013
1094.65593 16.915 0.009
1102.62608 16.884 0.010
1106.72097 17.117 0.010
1110.64009 17.178 0.016
1116.59857 17.038 0.011
1120.58717 17.033 0.012
1126.66249 17.154 0.012
1129.56092 16.817 0.010
1132.54400 17.162 0.013
1135.59409 16.951 0.010
1138.64376 17.161 0.011
1140.62114 17.138 0.011
1144.67873 16.920 0.011
1151.55834 17.140 0.013
1155.55994 17.015 0.011
1159.55538 17.198 0.012
1162.58779 17.025 0.010
1164.70136 16.887 0.011
1170.55976 16.881 0.010
1178.66986 16.829 0.011
1182.68172 17.097 0.012
1183.72008 17.072 0.013
1185.70326 16.860 0.009
1188.70255 17.160 0.013
1191.58633 16.883 0.012
1202.60142 17.133 0.016
1205.55284 16.838 0.011
1211.57330 16.965 0.016
1217.58393 17.044 0.012
1220.58644 17.010 0.012
1229.53917 17.144 0.016
1238.53541 17.043 0.022
1327.91958 17.151 0.019
1330.83627 16.989 0.014
1335.88803 17.175 0.016
1340.90756 17.073 0.012
1348.94364 17.143 0.013
1354.91718 17.126 0.014
1360.93691 16.840 0.011
1365.93313 17.048 0.013
1367.85662 16.845 0.013
1374.92873 16.834 0.013
1394.86488 16.885 0.013
1395.89636 16.839 0.011
1397.81803 17.171 0.016
1401.84506 16.870 0.011
1402.93001 16.828 0.010
1407.85307 16.967 0.011
1412.74839 17.086 0.012
1417.90675 17.139 0.013
1430.73935 17.175 0.017
1432.75007 17.141 0.011
1435.70646 16.851 0.012
1439.67294 17.119 0.013
1442.67663 16.824 0.010
1447.75182 17.113 0.018
1451.68805 17.205 0.014
1455.70776 16.949 0.013
1460.74848 17.142 0.013
1462.65411 16.906 0.011
1470.66037 16.870 0.010
1471.77950 17.059 0.012
1472.64759 17.174 0.014
1475.65327 16.998 0.013
1477.58235 17.124 0.015
1481.60010 17.059 0.014
1484.64906 16.979 0.011
1487.64414 17.158 0.012
1490.68293 16.878 0.010
1492.58257 17.181 0.015
1495.53937 17.003 0.012
1499.56800 17.193 0.017
1502.56610 17.036 0.013
1505.63269 17.105 0.015
1508.56807 17.096 0.012
1509.54436 17.000 0.012
1512.64622 17.095 0.014
1515.62092 17.095 0.013
1517.62441 16.959 0.012
1520.61156 17.203 0.014
1524.55928 16.881 0.012
1526.59939 17.180 0.016
1531.65098 16.934 0.012
1543.60846 17.078 0.012
1546.62329 16.819 0.010
1551.58508 16.974 0.011
1555.61857 17.176 0.013
1562.59717 17.159 0.014
1569.57633 17.152 0.012
1575.60216 17.156 0.012
1580.57713 16.835 0.010
1583.57979 17.153 0.013
1587.55959 16.814 0.011
1597.54505 17.183 0.017
1603.55316 17.174 0.014
1608.52888 16.859 0.013
1703.91374 17.176 0.015
1705.91928 17.044 0.014
1716.87964 17.177 0.014
1717.89004 17.177 0.013
1729.92572 17.162 0.011
1732.89552 17.092 0.012
1740.84654 16.970 0.013
1742.89431 16.842 0.012
1744.86347 17.168 0.014
1745.88767 17.141 0.014
1749.86814 16.948 0.010
1750.84004 17.174 0.015
1751.85190 17.194 0.012
1752.81322 17.105 0.012
1753.81429 17.038 0.012
1754.84095 16.988 0.012
1755.80629 16.860 0.013
1756.83577 17.088 0.018
1757.78497 17.133 0.016
1758.78947 17.164 0.013
1759.83383 17.132 0.012
1761.81488 16.972 0.011
1762.80126 16.804 0.010
1763.80426 17.156 0.012
1764.79676 17.149 0.011
1765.79123 17.156 0.014
1766.73226 17.084 0.015
1768.81138 16.942 0.012
1769.72076 16.982 0.013
1771.83681 17.227 0.019
1772.77919 17.143 0.012
1773.74652 17.037 0.012
1776.76932 16.850 0.010
1784.74596 17.174 0.012
1788.81148 17.011 0.011
1803.77182 16.873 0.010
1806.76593 17.188 0.014
1808.83557 17.082 0.015
1811.76396 17.031 0.009
1814.81080 17.149 0.012
1817.77645 16.857 0.009
1822.65391 17.006 0.011
1826.80502 17.193 0.013
1829.74731 17.027 0.012
1846.79530 17.087 0.013
1850.75203 17.041 0.014
1854.80811 17.151 0.011
1858.73198 16.930 0.013
1862.73087 17.142 0.011
1867.75534 17.165 0.013
1871.76192 17.000 0.011
2085.90914 17.123 0.022
2086.88843 17.082 0.018
2086.91788 17.107 0.016
2103.89525 16.871 0.011
2104.84997 17.177 0.014
2105.92315 17.196 0.017
2106.89098 17.141 0.017
2106.90981 17.167 0.017
2112.84336 17.170 0.015
2115.90479 16.998 0.015
2116.87111 16.862 0.013
2116.89092 16.861 0.012
2117.89659 16.936 0.013
2123.81803 16.807 0.013
2123.83959 16.798 0.012
2128.82553 17.030 0.016
2128.84414 17.044 0.017
2129.85750 16.959 0.015
2129.87626 16.962 0.013
2130.82514 16.820 0.013
2130.84387 16.819 0.014
2131.81866 17.178 0.017
2131.83748 17.145 0.017
2132.80627 17.202 0.020
2132.82488 17.170 0.017
2133.89460 17.194 0.022
2133.91343 17.207 0.022
2134.81000 17.124 0.019
2134.82976 17.121 0.018
2135.84408 17.055 0.017
2135.86420 17.070 0.014
2136.86411 16.942 0.015
2137.89208 16.872 0.016
2137.90908 16.850 0.016
2140.81134 17.168 0.017
2140.83398 17.142 0.015
2142.75205 16.958 0.014
2142.88122 17.042 0.015
2143.81755 16.925 0.014
2143.83528 16.936 0.013
2144.80679 16.816 0.010
2144.82425 16.808 0.011
2155.87863 17.139 0.022
2155.89748 17.116 0.021
2156.82521 17.001 0.016
2156.84401 16.996 0.014
2160.75460 17.146 0.019
2160.77372 17.179 0.017
2162.76139 17.066 0.015
2162.78028 17.060 0.013
2166.75600 17.178 0.015
2166.77505 17.166 0.013
2167.74587 17.186 0.014
2167.76446 17.179 0.015
2168.71363 17.117 0.015
2168.73237 17.130 0.015
2171.73955 16.800 0.011
2171.75844 16.829 0.011
2172.74617 17.121 0.016
2172.76501 17.068 0.015
2173.72710 17.169 0.014
2177.63966 16.860 0.014
2177.65875 16.889 0.014
2184.70130 16.899 0.016
2184.72010 16.933 0.015
2185.66480 16.923 0.016
2185.68358 16.865 0.013
2186.68965 17.186 0.022
2187.66619 17.179 0.020
2187.68483 17.174 0.020
2188.73199 17.142 0.017
2190.69136 16.991 0.014
2190.71010 17.008 0.015
2191.65193 16.859 0.014
2191.66474 16.872 0.014
2192.66325 16.948 0.012
2192.68069 16.881 0.011
2193.68432 17.168 0.014
2193.70166 17.162 0.013
2194.65442 17.165 0.015
2194.67294 17.175 0.015
2201.73902 17.203 0.014
2203.55089 17.001 0.016
2206.60721 17.170 0.023
2206.62485 17.147 0.022
2211.64130 16.948 0.015
2211.66350 16.964 0.013
2212.64513 16.834 0.013
2212.66257 16.852 0.014
2213.65095 17.103 0.018
2213.67355 17.029 0.018
2214.64214 17.196 0.021
2214.65992 17.174 0.019
2215.64912 17.179 0.017
2215.67521 17.174 0.018
2217.63582 17.033 0.018
2217.65287 17.013 0.017
2219.67868 16.838 0.013
2219.69602 16.866 0.015
2222.74525 17.203 0.018
2223.68499 17.135 0.016
2224.71356 17.077 0.015
2225.61452 16.912 0.012
2226.63643 16.821 0.017
2226.66086 16.833 0.014
2228.55833 17.208 0.018
2228.57626 17.187 0.016
2229.61659 17.144 0.018
2230.51353 17.058 0.022
2231.64326 17.037 0.016
2232.50999 16.846 0.017
2232.52733 16.846 0.015
2233.61341 16.826 0.013
2234.56941 17.172 0.015
2235.66353 17.203 0.015
2236.55890 17.148 0.015
2238.54707 16.967 0.015
2238.56428 16.995 0.014
2240.65138 16.829 0.014
2241.55111 17.195 0.019
2242.61889 17.201 0.020
2243.58935 17.167 0.015
2248.60354 17.165 0.014
2248.63379 17.165 0.013
2250.57686 17.120 0.015
2250.59981 17.136 0.015
2253.57050 16.858 0.012
2253.58770 16.860 0.012
2255.60716 17.172 0.018
2256.56998 17.170 0.018
2258.57346 17.086 0.013
2258.61041 17.100 0.013
2263.58419 17.175 0.016
2263.60167 17.165 0.017
2265.62769 17.076 0.013
2266.55498 16.978 0.015
2270.58588 17.179 0.016
2271.56456 17.131 0.016
2272.58395 17.042 0.014
2273.56390 16.959 0.019
2274.56780 16.810 0.015
2275.59883 17.000 0.016
2276.53139 17.186 0.023
2276.55838 17.215 0.023
2278.59096 17.138 0.018
2280.54787 16.933 0.017
2280.58682 16.964 0.016
2284.58970 17.197 0.018
2285.58638 17.107 0.015
2289.58329 17.100 0.015
2290.60368 17.172 0.018
2291.58400 17.212 0.017
2293.56596 17.013 0.016
2293.58450 17.011 0.016
2295.55870 16.797 0.013
2295.58081 16.828 0.013
2297.56199 17.183 0.021
2297.58399 17.176 0.019
2299.56109 17.093 0.019
2299.58047 17.110 0.016
2301.55335 16.922 0.017
2301.57316 16.973 0.018
2445.91192 17.188 0.021
2448.90478 16.996 0.019
2460.87884 17.128 0.023
2460.90484 17.131 0.021
2463.91518 16.885 0.014
2463.93393 16.916 0.014
2465.92794 17.179 0.016
2466.85579 17.197 0.021
2467.90093 17.144 0.016
2467.91966 17.147 0.016
2469.90031 17.003 0.014
2469.91896 17.016 0.013
2471.88975 16.982 0.014
2471.90850 16.909 0.013
2472.89857 17.171 0.012
2472.91922 17.180 0.014
2473.89113 17.169 0.015
2473.92476 17.186 0.013
2481.88403 17.128 0.020
2481.90282 17.140 0.021
2483.88864 16.976 0.014
2483.90769 16.977 0.012
2486.88565 17.196 0.019
2486.90780 17.227 0.021
2488.87656 17.120 0.020
2488.90976 17.151 0.020
2489.92299 17.082 0.017
2492.92209 16.975 0.014
2496.90310 17.052 0.015
2496.92186 17.066 0.014
2497.92651 16.964 0.015
2498.77378 16.924 0.015
2498.79311 16.892 0.013
2499.85936 17.151 0.015
2499.87810 17.135 0.014
2500.86493 17.206 0.017
2500.88653 17.177 0.017
2501.85389 17.170 0.015
2501.87328 17.181 0.014
2502.83412 17.114 0.017
2502.85344 17.126 0.018
2508.74536 17.155 0.024
2508.76406 17.105 0.024
2516.77666 17.061 0.019
2516.79550 17.070 0.018
2517.82340 16.997 0.016
2517.84227 17.012 0.015
2518.79484 16.877 0.014
2518.81456 16.881 0.013
2519.81284 16.899 0.012
2519.83174 16.855 0.013
2520.79113 17.168 0.016
2520.81101 17.192 0.018
2521.79929 17.181 0.015
2521.82327 17.160 0.015
2524.80269 16.957 0.016
2524.82152 16.987 0.020
2526.77770 17.067 0.013
2526.79652 17.004 0.011
2529.79274 17.129 0.014
2534.83408 17.175 0.019
2534.85334 17.182 0.018
2535.79098 17.203 0.016
2535.81429 17.176 0.016
2537.70207 17.020 0.019
2537.72106 17.013 0.018
2538.79803 16.993 0.016
2538.82214 16.961 0.016
2539.70185 16.834 0.014
2539.71930 16.814 0.013
2540.74273 17.150 0.023
2540.76180 17.155 0.020
2541.71375 17.187 0.016
2541.73118 17.197 0.016
2542.68354 17.159 0.016
2542.70100 17.160 0.015
2544.66208 16.972 0.014
2544.68093 16.973 0.013
2545.67711 16.883 0.012
2545.69446 16.899 0.012
2547.69512 17.190 0.017
2547.71245 17.168 0.016
2548.71156 17.180 0.015
2548.73044 17.198 0.016
2550.70669 17.079 0.016
2550.72571 17.111 0.015
2551.69333 16.993 0.014
2551.71224 16.962 0.013
2552.72825 16.904 0.011
2553.64905 17.083 0.020
2554.70257 17.171 0.016
2554.72135 17.196 0.015
2555.71050 17.158 0.017
2555.72929 17.180 0.015
2556.68952 17.153 0.016
2556.70836 17.150 0.014
2557.70206 17.089 0.014
2557.72088 17.075 0.012
2558.65854 16.974 0.015
2558.67736 16.971 0.013
2559.61544 16.828 0.014
2559.63441 16.822 0.012
2560.64850 17.100 0.015
2560.66734 17.027 0.013
2561.67405 17.219 0.026
2561.71296 17.172 0.018
2562.66694 17.183 0.018
2562.68572 17.186 0.016
2563.67487 17.154 0.017
2563.69365 17.149 0.017
2564.69026 17.064 0.016
2564.71001 17.075 0.016
2565.68116 16.976 0.015
2565.70601 16.979 0.015
2566.66144 16.840 0.013
2566.68095 16.864 0.013
2568.69242 17.153 0.022
2568.75000 17.175 0.018
2571.66655 17.056 0.014
2572.74181 16.995 0.016
2573.65854 16.828 0.016
2573.67988 16.864 0.017
2574.64237 17.125 0.018
2574.65986 17.123 0.015
2576.69460 17.213 0.018
2577.62924 17.087 0.019
2577.65966 17.141 0.019
2578.62931 17.035 0.016
2578.64716 17.032 0.016
2579.63596 16.952 0.016
2579.65768 16.920 0.014
2580.64808 16.820 0.012
2580.66582 16.848 0.012
2583.61939 17.135 0.019
2583.63787 17.160 0.018
2584.62675 17.100 0.016
2584.64432 17.129 0.016
2586.62397 16.926 0.014
2586.64552 16.939 0.013
2587.60838 16.830 0.014
2587.62740 16.819 0.012
2588.71680 16.984 0.016
2589.59832 17.197 0.018
2589.61831 17.185 0.016
2590.61345 17.181 0.019
2590.63505 17.198 0.017
2591.63659 17.095 0.017
2591.66123 17.093 0.016
2593.60559 16.894 0.013
2593.62450 16.890 0.014
2594.60936 16.861 0.017
2594.63052 16.831 0.015
2596.58489 17.187 0.022
2596.60414 17.173 0.018
2597.57206 17.154 0.018
2597.59131 17.151 0.019
2598.64593 17.099 0.018
2598.67151 17.117 0.017
2599.60541 16.992 0.018
2599.62558 17.012 0.019
2607.62660 16.881 0.016
2607.64568 16.894 0.016
2610.54642 17.177 0.019
2610.56701 17.168 0.019
2613.54032 16.960 0.016
2613.56101 16.965 0.015
2615.56917 17.074 0.016
2615.59140 16.991 0.013
2619.55687 17.056 0.017
2619.57591 17.060 0.016
2621.56577 16.846 0.013
2621.58490 16.869 0.016
2625.54841 17.102 0.020
2625.56764 17.107 0.022
2627.53833 16.937 0.017
2628.54178 16.845 0.020
2630.55276 17.187 0.023
2632.54820 17.095 0.016
2635.56647 16.827 0.012
2636.54337 17.152 0.020
2637.56136 17.197 0.018
2639.54386 17.090 0.017
2640.53168 16.991 0.018
2642.55261 16.806 0.016
2642.57143 16.809 0.015
2646.56543 17.057 0.015
2646.58278 17.140 0.018
2651.53746 17.196 0.023
2651.55685 17.191 0.022
2654.55527 16.994 0.018
2654.57706 17.048 0.021
2657.53693 17.185 0.024
2657.55813 17.139 0.017
2660.55391 17.081 0.017
2661.53346 16.990 0.013
2664.57393 17.199 0.022
2672.55188 17.161 0.025
2676.54208 16.905 0.015
2679.55678 17.178 0.017
2683.53515 16.922 0.020
2777.90295 17.146 0.023
2777.92190 17.135 0.018
2804.85045 17.032 0.021
2804.86989 16.989 0.020
2805.86773 17.159 0.026
2811.90436 16.911 0.021
2811.92285 16.852 0.016
2814.94001 17.162 0.017
2815.89647 17.072 0.014
2817.92658 16.893 0.016
2817.94510 16.930 0.017
2830.83565 16.927 0.014
2831.78143 16.842 0.016
2831.80530 16.815 0.015
2832.74739 17.186 0.021
2832.76599 17.180 0.017
2832.92536 16.907 0.014
2832.94386 16.866 0.014
2833.86530 17.184 0.023
2833.88382 17.189 0.021
2834.93447 17.169 0.017
2835.87395 17.147 0.018
2837.87502 16.997 0.022
2838.83584 16.819 0.015
2838.93218 16.873 0.017
2840.82492 17.191 0.022
2840.84353 17.169 0.016
2843.82636 16.978 0.014
2843.84485 17.030 0.013
2844.87219 16.948 0.015
2844.89057 16.965 0.013
2845.91818 16.850 0.017
2845.93760 16.905 0.015
2849.87410 17.093 0.016
2850.88837 17.064 0.017
2850.90685 17.051 0.018
2851.93194 16.976 0.017
2852.80262 16.836 0.015
2852.83544 16.836 0.015
2853.94203 16.951 0.017
2854.84679 17.194 0.020
2856.81529 17.081 0.018
2857.85421 17.029 0.016
2858.90934 16.940 0.013
2858.92783 16.953 0.013
2860.87534 17.148 0.016
2860.89376 17.145 0.015
2861.74651 17.179 0.016
2861.76519 17.176 0.014
2862.88863 17.172 0.017
2862.92552 17.180 0.020
2863.83472 17.071 0.022
2865.81300 16.905 0.014
2865.83162 16.896 0.014
2866.88126 16.813 0.016
2866.89972 16.817 0.018
2867.80240 17.146 0.016
2867.82127 17.160 0.015
2868.76894 17.175 0.017
2868.80602 17.180 0.016
2869.79255 17.128 0.015
2869.90194 17.177 0.017
2870.81554 17.079 0.014
2870.83404 17.087 0.015
2871.85846 17.030 0.015
2871.87716 17.024 0.014
2872.83399 16.877 0.012
2875.79802 17.170 0.020
2875.82483 17.183 0.019
2876.77573 17.115 0.016
2876.79424 17.133 0.015
2879.72076 16.803 0.012
2879.73926 16.818 0.012
2883.82540 17.147 0.014
2883.84398 17.159 0.014
2885.76020 16.947 0.015
2885.77933 16.966 0.012
2888.80852 17.180 0.017
2890.71021 17.112 0.021
2892.79988 16.998 0.019
2893.76166 16.843 0.013
2894.72904 17.171 0.019
2895.81088 17.182 0.014
2896.72614 17.168 0.016
2897.71437 17.090 0.015
2898.74712 17.024 0.015
2899.75206 16.918 0.012
2900.74596 16.810 0.011
2902.74548 17.177 0.015
2903.76784 17.154 0.010
2905.75268 17.016 0.015
2906.72005 16.904 0.012
2907.75408 16.811 0.012
2908.69706 17.166 0.015
2909.74319 17.195 0.012
2910.69195 17.145 0.017
2911.73455 17.110 0.013
2912.69729 16.991 0.013
2915.70602 17.164 0.015
2916.71004 17.168 0.013
2917.73213 17.162 0.015
2918.68693 17.069 0.014
2921.72988 16.887 0.015
2922.68690 17.187 0.017
2923.75183 17.178 0.018
2924.62789 17.081 0.015
2925.71480 17.074 0.015
2926.62189 16.930 0.013
2927.71233 16.863 0.014
2929.68310 17.163 0.015
2930.73038 17.146 0.017
2931.65902 17.115 0.013
2932.73689 17.055 0.015
2933.66948 16.972 0.011
2934.71672 16.856 0.012
2935.63383 17.179 0.016
2937.64073 17.175 0.018
2937.65942 17.168 0.017
2939.67488 17.025 0.015
2939.69337 17.050 0.015
2940.63350 16.926 0.012
2940.65205 16.923 0.011
2941.62729 16.810 0.011
2941.68332 16.835 0.011
2942.63345 17.169 0.017
2942.65210 17.164 0.016
2943.60468 17.159 0.018
2943.62343 17.199 0.017
2944.58927 17.152 0.016
2944.60779 17.147 0.015
2945.60604 17.066 0.021
2946.56257 16.981 0.014
2946.60253 16.979 0.014
2947.61554 16.903 0.015
2947.63414 16.891 0.014
2949.59685 17.188 0.017
2949.61524 17.195 0.015
2950.56678 17.185 0.016
2950.64160 17.197 0.016
2951.62878 17.165 0.018
2951.64736 17.131 0.016
2952.65771 17.120 0.018
2953.59527 16.980 0.013
2954.68263 16.940 0.016
2955.58041 16.990 0.016
2956.62862 17.191 0.014
2957.59399 17.166 0.014
2958.62303 17.161 0.018
2960.60844 17.013 0.016
2961.59410 16.877 0.019
2962.64828 16.842 0.012
2965.65094 17.161 0.014
2968.59386 16.872 0.014
2968.61328 16.860 0.014
2970.61311 17.169 0.015
2970.63211 17.154 0.015
2972.59760 17.137 0.016
2972.63667 17.134 0.016
2974.59835 16.959 0.014
2975.54474 16.814 0.012
2976.54805 17.162 0.018
2977.64055 17.184 0.020
2978.57415 17.163 0.021
2979.58044 17.108 0.016
2980.59102 17.060 0.020
2982.53624 16.810 0.014
2983.56125 17.138 0.017
2984.62711 17.179 0.020
2986.57784 17.125 0.015
2986.63724 17.134 0.017
2988.52960 16.900 0.021
2988.54983 16.946 0.015
2991.57597 17.188 0.017
2991.60267 17.191 0.016
2994.56171 16.996 0.016
2994.58439 17.021 0.014
2997.55718 17.176 0.015
2997.57710 17.166 0.015
3000.56823 17.118 0.015
3001.57363 17.055 0.015
3003.55109 16.816 0.014
3005.53170 17.198 0.024
3006.53839 17.145 0.015
3008.55336 17.019 0.019
3008.55802 17.008 0.019
3009.53367 16.889 0.017
3011.56139 17.152 0.020
3013.53610 17.145 0.018
3015.57133 17.038 0.014
3016.58805 16.931 0.015
3018.54843 17.175 0.020
3018.57452 17.195 0.017
3020.58414 17.148 0.015
3020.60257 17.116 0.015
3022.53702 17.032 0.019
3023.57128 16.896 0.012
3024.53679 16.933 0.017
3025.56979 17.156 0.017
3025.59639 17.157 0.016
3027.62189 17.166 0.015
3029.57520 16.982 0.014
3029.59359 17.010 0.015
3031.57974 16.819 0.013
3031.59841 16.810 0.011
3034.52866 17.132 0.018
3037.52913 16.834 0.015
3037.54783 16.910 0.016
3164.92956 16.898 0.014
3183.91153 17.060 0.015
3183.92985 17.130 0.016
3193.87929 17.094 0.017
3193.89773 17.079 0.016
3195.93849 17.190 0.015
3196.86979 17.076 0.012
3197.91395 17.040 0.015
3197.93221 17.091 0.016
3201.87137 17.161 0.016
3202.85771 17.179 0.016
3203.87932 17.102 0.012
3203.89774 17.116 0.012
3206.81719 16.845 0.013
3206.83557 16.864 0.014
3210.89322 17.098 0.015
3210.91158 17.125 0.015
3211.86619 17.021 0.013
3211.88465 17.038 0.014
3215.66076 17.169 0.021
3215.80130 17.133 0.022
3216.72877 17.137 0.022
3217.79717 17.075 0.016
3217.92930 17.120 0.017
3218.91393 17.049 0.023
3223.83478 17.126 0.016
3223.85333 17.170 0.016
3226.82503 16.884 0.014
3228.77203 17.206 0.017
3229.85386 17.214 0.014
3231.83533 17.077 0.016
3238.77219 17.035 0.013
3239.81573 16.953 0.012
3240.78993 16.840 0.014
3240.80846 16.861 0.014
3241.79193 17.086 0.016
3241.81429 17.015 0.014
3242.71361 17.210 0.017
3242.73593 17.215 0.017
3243.85006 17.155 0.017
3243.86853 17.168 0.016
3244.84712 17.079 0.019
3245.77639 17.013 0.016
3245.79486 17.060 0.017
3246.76884 16.963 0.018
3246.78762 16.953 0.014
3247.76260 16.823 0.013
3247.79600 16.862 0.014
3249.72731 17.178 0.017
3249.74630 17.178 0.016
3251.74083 17.095 0.013
3251.75986 17.112 0.012
3254.72795 16.822 0.012
3254.74755 16.817 0.011
3257.74436 17.132 0.012
3259.66354 16.966 0.014
3259.68459 16.998 0.014
3261.70164 16.936 0.012
3261.72064 16.877 0.011
3263.68434 17.150 0.013
3263.71786 17.180 0.012
3265.71873 17.058 0.012
3265.73920 17.079 0.013
3267.70757 16.857 0.010
3267.72596 16.902 0.011
3269.78399 17.174 0.020
3269.82047 17.121 0.016
3270.67941 17.194 0.016
3270.74081 17.178 0.017
3271.66364 17.160 0.016
3271.68234 17.116 0.015
3272.72083 17.085 0.014
3273.64065 16.927 0.015
3274.70670 16.877 0.013
3275.62651 17.185 0.017
3276.71113 17.199 0.019
3276.72991 17.162 0.018
3277.74427 17.188 0.016
3277.76855 17.184 0.015
3279.67659 17.057 0.014
3279.70017 17.062 0.012
3281.64027 16.806 0.011
3281.65874 16.817 0.009
3283.64171 17.165 0.012
3283.66041 17.189 0.010
3287.60793 16.900 0.012
3287.62654 16.922 0.013
3289.61900 17.181 0.015
3289.64152 17.191 0.012
3293.59579 17.010 0.011
3293.61508 16.981 0.012
3295.61458 16.867 0.009
3295.63301 16.803 0.008
3297.59633 17.183 0.011
3298.57091 17.071 0.011
3299.65270 17.090 0.011
3300.57321 16.990 0.014
3301.62694 16.905 0.015
3302.55018 17.067 0.015
3303.68919 17.158 0.015
3305.65020 17.141 0.015
3306.62174 17.075 0.011
3307.56249 16.968 0.015
3308.60946 16.883 0.015
3309.58759 16.998 0.012
3310.60859 17.177 0.016
3311.53920 17.164 0.015
3312.65261 17.145 0.015
3314.56347 16.984 0.016
3314.58215 16.971 0.017
3320.60130 17.070 0.013
3320.61995 17.074 0.013
3323.56739 17.101 0.014
3327.55626 17.039 0.014
3327.57491 17.032 0.013
3330.55049 17.137 0.016
3330.57040 17.128 0.018
3335.59532 16.968 0.015
3335.61440 16.964 0.015
3338.56007 17.168 0.014
3338.59893 17.190 0.014
3349.59526 16.960 0.012
3350.53438 16.838 0.010
3353.57435 17.148 0.016
3353.59297 17.152 0.013
3359.55088 17.186 0.016
3359.57002 17.192 0.014
3363.55822 16.892 0.014
3363.57693 16.907 0.013
3367.61754 17.181 0.015
3367.63652 17.152 0.015
3372.54829 17.145 0.014
3372.56999 17.187 0.015
3376.52760 16.990 0.019
3376.54611 16.973 0.012
3378.59455 16.805 0.012
3380.53252 17.230 0.026
3386.56098 17.167 0.012
3386.57950 17.159 0.012
3390.57456 16.995 0.016
3395.52729 17.091 0.028
3398.55632 16.818 0.012
3398.57501 16.865 0.014
3402.54472 17.124 0.013
3402.57225 17.137 0.014
3528.93692 17.163 0.019
3541.92972 17.165 0.014
3543.88591 17.063 0.015
3547.91431 17.022 0.013
3551.90940 17.117 0.020
3554.92252 17.028 0.015
3554.94062 16.982 0.014
3560.94464 16.863 0.012
3561.94786 17.014 0.015
3564.90680 17.128 0.013
3564.92553 17.128 0.012
3568.83766 17.183 0.014
3568.87116 17.135 0.014
3570.77838 17.140 0.020
3570.83216 17.151 0.019
3571.80071 17.053 0.020
3571.82311 17.097 0.020
3573.83820 16.907 0.016
3573.86881 16.929 0.017
3574.87719 16.795 0.012
3575.82459 17.161 0.016
3577.83586 17.138 0.015
3577.88097 17.136 0.016
3578.89443 17.102 0.013
3578.91699 17.128 0.012
3579.79927 16.978 0.012
3579.82205 16.976 0.011
3581.84420 16.882 0.013
3581.86691 16.830 0.012
3581.89113 16.799 0.012
3582.82909 17.183 0.018
3582.84743 17.194 0.017
3583.83350 17.202 0.016
3583.85766 17.179 0.014
3585.87875 17.092 0.011
3586.80784 16.957 0.010
3586.83092 16.990 0.010
3588.82573 16.970 0.011
3588.84922 16.885 0.012
3589.81854 17.177 0.014
3590.80526 17.169 0.012
3591.87334 17.153 0.011
3592.77001 17.040 0.010
3593.81090 16.961 0.013
3594.80950 16.827 0.010
3596.89136 17.147 0.014
3597.84945 17.216 0.016
3600.88561 17.008 0.019
3601.80899 16.820 0.013
3602.74651 17.138 0.020
3607.81440 16.969 0.012
3607.83761 16.977 0.012
3614.78579 16.941 0.011
3617.76529 17.197 0.013
3617.79363 17.161 0.013
3619.69821 17.050 0.013
3619.77173 17.095 0.012
3621.71667 16.866 0.012
3621.76422 16.903 0.010
3624.86497 17.169 0.018
3626.71435 17.092 0.014
3628.79109 16.938 0.016
3629.66796 17.103 0.018
3630.64295 17.186 0.018
3631.73033 17.146 0.018
3632.64031 17.080 0.018
3633.69564 17.062 0.017
3634.71321 16.968 0.013
3637.64955 17.185 0.016
3637.67204 17.172 0.014
3639.69963 17.110 0.011
3639.72195 17.141 0.011
3641.69619 16.951 0.012
3641.71873 16.934 0.013
3643.72056 17.027 0.012
3643.81714 16.825 0.013
3644.75780 17.180 0.012
3646.65552 17.091 0.015
3646.68884 17.084 0.013
3650.65877 17.118 0.015
3650.68281 17.157 0.014
3650.71007 17.090 0.012
3651.73275 17.199 0.013
3652.64523 17.170 0.012
3653.72891 17.123 0.013
3654.61568 16.989 0.012
3655.69509 16.944 0.011
3656.64723 16.827 0.011
3657.64587 17.179 0.015
3657.70494 17.129 0.013
3658.65030 17.177 0.015
3658.67986 17.164 0.014
3659.63835 17.150 0.017
3659.66256 17.162 0.016
3660.66847 17.136 0.016
3661.61124 16.995 0.015
3663.63418 16.871 0.014
3665.63356 17.131 0.014
3665.66652 17.157 0.013
3668.57198 16.982 0.013
3668.61568 16.999 0.013
3669.67074 16.933 0.014
3670.56638 17.063 0.016
3671.62890 17.172 0.016
3672.60581 17.157 0.014
3673.67376 17.141 0.017
3674.63507 17.062 0.011
3675.65834 17.025 0.013
3676.59289 16.841 0.011
3682.58183 16.931 0.013
3683.64765 16.886 0.012
3684.57469 17.132 0.013
3685.65278 17.156 0.014
3686.56458 17.168 0.014
3687.65145 17.140 0.015
3688.53766 17.020 0.012
3689.59984 16.916 0.012
3690.54357 16.853 0.014
3692.57568 17.185 0.016
3692.59612 17.160 0.016
3694.55966 17.111 0.016
3694.58270 17.058 0.012
3696.56018 16.919 0.011
3696.57883 16.930 0.011
3698.59387 17.118 0.016
3698.61253 17.063 0.016
3700.57480 17.152 0.016
3700.62258 17.141 0.014
3702.58409 17.034 0.014
3702.61350 17.044 0.014
3704.59036 16.807 0.012
3704.61402 16.835 0.011
3706.61079 17.169 0.012
3706.62888 17.141 0.013
3708.58367 17.094 0.015
3708.61028 17.086 0.015
3711.59026 16.826 0.014
3712.56681 17.174 0.014
3714.52401 17.147 0.026
3714.56948 17.184 0.016
3718.55296 16.847 0.012
3718.60452 16.796 0.014
3721.55342 17.137 0.017
3721.58516 17.156 0.017
3724.56310 16.889 0.013
3725.61403 16.832 0.010
3726.58366 17.138 0.015
3728.55677 17.144 0.015
3730.53829 16.997 0.011
3734.56022 17.159 0.016
3734.60896 17.212 0.015
3737.57590 17.001 0.013
3738.56103 16.918 0.013
3742.53452 17.109 0.022
3742.55821 17.166 0.019
3746.55980 16.937 0.016
3747.55798 17.189 0.019
3751.53618 16.969 0.020
3751.56677 16.966 0.016
3756.55244 17.132 0.016
3761.60271 17.151 0.015
3762.54475 17.218 0.023
3766.52751 16.869 0.016
3766.55000 16.851 0.011
3772.55033 16.975 0.014
3772.57675 17.000 0.013
3776.55040 17.142 0.016
3777.52409 17.123 0.020
3871.87630 16.995 0.019
3871.89614 16.985 0.016
3901.93882 16.998 0.015
3902.91644 17.201 0.017
3906.93909 16.992 0.012
3907.91130 16.859 0.012
3913.91603 16.949 0.011
3913.93685 16.969 0.010
3918.87954 17.111 0.014
3918.90664 17.102 0.012
3931.91488 17.135 0.016
3931.93820 17.191 0.017
3934.85790 16.890 0.011
3934.87617 16.891 0.010
3936.86610 17.173 0.014
3936.88445 17.168 0.015
3938.85009 17.160 0.016
3938.86851 17.166 0.014
3944.89748 17.189 0.014
3945.87547 17.134 0.012
3946.86561 17.051 0.014
3950.82042 17.159 0.012
3951.88502 17.202 0.017
3955.85015 16.883 0.016
3957.77596 17.204 0.022
3958.82667 17.203 0.020
3959.76543 17.087 0.014
3960.82682 17.032 0.013
3961.75956 16.929 0.014
3963.82353 17.101 0.018
3964.76779 17.172 0.011
3965.81541 17.173 0.011
3966.76004 17.102 0.011
3967.83526 17.053 0.012
3968.75372 16.893 0.010
3969.80090 16.816 0.011
3970.74541 17.171 0.011
3971.77709 17.168 0.013
3973.71474 17.111 0.014
3974.77883 17.025 0.015
3975.72698 16.884 0.011
3979.73419 17.144 0.014
3980.61754 17.060 0.018
3980.66221 17.046 0.014
3981.64383 16.946 0.011
3981.66195 16.959 0.012
3982.72633 16.865 0.013
3983.83415 16.841 0.014
3986.69571 17.115 0.017
3986.69968 17.120 0.015
3987.66675 17.062 0.013
3990.79002 16.819 0.011
3991.72887 17.185 0.015
3993.73482 17.129 0.015
3994.64129 17.103 0.016
3995.74009 16.979 0.010
3998.67166 17.170 0.014
3999.74936 17.187 0.013
4001.64248 17.015 0.011
4002.72150 16.969 0.010
4003.61392 16.889 0.012
4004.67329 17.160 0.014
4004.69372 17.162 0.014
4005.68785 17.168 0.012
4006.69950 17.182 0.012
4007.56288 17.066 0.013
4007.58110 17.063 0.012
4008.57181 16.972 0.012
4008.59000 16.981 0.010
4009.73327 16.989 0.013
4011.64048 17.155 0.012
4013.69838 17.147 0.015
4014.62292 17.113 0.018
4015.68067 17.058 0.018
4015.69690 17.021 0.017
4016.61971 16.867 0.011
4018.61612 17.157 0.014
4018.69606 17.128 0.014
4019.68463 17.201 0.016
4020.61956 17.101 0.015
4021.67712 17.083 0.013
4023.60541 16.834 0.012
4024.65059 16.871 0.011
4025.60578 17.153 0.014
4026.62947 17.200 0.014
4027.59390 17.144 0.013
4028.62543 17.060 0.012
4029.57620 16.929 0.012
4030.63799 16.878 0.012
4031.56328 17.159 0.013
4032.69009 17.186 0.016
4033.65756 17.189 0.012
4037.66628 16.902 0.011
4039.60422 17.196 0.014
4040.53300 17.162 0.016
4041.60374 17.140 0.019
4042.56089 17.034 0.013
4043.58944 16.954 0.015
4044.58389 16.865 0.015
4046.59877 17.191 0.016
4046.61698 17.164 0.016
4048.56467 17.106 0.016
4049.52892 16.992 0.011
4050.60679 16.964 0.012
4051.57850 16.807 0.011
4052.55889 17.194 0.014
4053.62593 17.190 0.012
4054.61307 17.149 0.015
4055.51857 17.098 0.018
4056.58516 17.033 0.014
4057.59394 16.920 0.014
4058.61871 16.836 0.011
4059.59237 17.161 0.013
4060.51755 17.174 0.017
4063.53741 17.012 0.012
4064.51518 16.875 0.013
4065.58704 16.810 0.010
4066.55665 17.180 0.015
4067.58031 17.218 0.014
4069.51502 17.076 0.022
4069.53318 17.102 0.014
4071.54400 16.889 0.012
4073.59859 17.165 0.017
4074.54011 17.167 0.015
4077.52194 16.970 0.016
4077.54182 16.989 0.011
4079.52388 16.988 0.019
4079.54200 16.913 0.012
4082.52384 17.155 0.019
4082.54336 17.137 0.012
4085.56155 16.896 0.012
4085.62069 16.957 0.013
4092.55760 16.886 0.010
4092.57619 16.894 0.010
4096.58355 17.137 0.014
4097.61878 17.110 0.014
4100.58634 16.885 0.013
4100.61020 16.821 0.012
4105.55417 16.990 0.014
4105.57419 17.033 0.014
4108.53042 17.192 0.018
4111.61065 17.075 0.011
4113.60831 16.876 0.012
4115.53011 17.193 0.018
4120.56100 16.848 0.010
4120.57914 16.868 0.011
4124.57249 17.158 0.014
4126.57697 17.016 0.017
4128.59647 16.954 0.012
4252.92626 17.042 0.019
4252.94414 17.040 0.018
4255.84555 17.180 0.021
4255.86414 17.185 0.018
4268.89906 16.834 0.014
4268.92311 16.809 0.013
4275.92119 16.825 0.015
4275.93802 16.830 0.014
4279.79887 17.049 0.023
4279.83488 17.057 0.020
4282.80943 17.008 0.017
4282.82628 16.960 0.015
4283.84533 17.188 0.020
4283.86237 17.196 0.020
4284.87573 17.186 0.019
4285.91669 17.140 0.017
4285.94115 17.171 0.018
4291.93747 17.182 0.018
4292.85599 17.139 0.014
4292.88361 17.148 0.013
4295.86004 16.871 0.012
4295.87707 16.889 0.012
4296.88980 16.829 0.012
4296.90756 16.816 0.011
4297.92266 17.167 0.015
4297.93949 17.156 0.014
4299.85747 17.138 0.013
4299.87436 17.145 0.013
4300.87896 17.067 0.014
4300.89610 17.086 0.013
4301.89697 17.008 0.012
4301.91467 17.010 0.012
4302.91858 16.923 0.014
4302.93655 16.948 0.013
4306.86321 17.133 0.019
4306.93326 17.144 0.016
4307.84785 17.069 0.013
4307.89749 17.093 0.013
4308.65864 16.840 0.014
4308.67605 16.864 0.013
4308.86662 16.987 0.014
4308.88395 16.999 0.014
4310.83897 17.044 0.017
4310.85613 16.994 0.015
4311.82652 17.184 0.024
4311.85598 17.170 0.023
4312.90040 17.185 0.014
4312.91815 17.180 0.014
4314.91987 17.103 0.017
4314.93723 17.106 0.020
4316.82641 16.831 0.014
4316.84512 16.853 0.016
4319.86359 17.174 0.018
4320.87243 17.136 0.015
4320.89045 17.145 0.018
4326.83432 17.173 0.016
4326.85465 17.170 0.017
4327.81259 17.097 0.019
4327.83061 17.120 0.020
4328.82822 17.023 0.015
4328.84636 17.033 0.016
4329.83076 16.957 0.014
4329.84769 16.947 0.014
4330.85900 16.839 0.012
4330.87702 16.855 0.013
4332.89323 17.176 0.016
4333.86030 17.174 0.017
4334.87019 17.149 0.017
4338.90068 16.958 0.016
4338.92266 16.886 0.014
4340.77316 17.150 0.016
4340.79350 17.139 0.016
4341.76831 17.091 0.018
4341.78636 17.100 0.017
4342.82417 17.020 0.016
4342.86055 17.035 0.016
4343.76181 16.883 0.013
4343.77992 16.876 0.014
4344.74396 16.956 0.014
4344.76199 16.915 0.014
4345.78995 17.187 0.015
4346.71830 17.177 0.018
4347.77884 17.126 0.015
4348.72407 17.029 0.014
4349.79203 17.006 0.014
4350.70071 16.834 0.012
4351.72913 17.053 0.018
4352.80288 17.176 0.018
4353.65885 17.142 0.018
4353.75235 17.179 0.020
4354.78018 17.155 0.016
4357.70122 16.838 0.015
4357.76390 16.887 0.015
4359.69915 17.181 0.014
4359.71785 17.162 0.018
4361.70171 17.122 0.017
4362.66551 17.031 0.020
4362.72443 17.045 0.017
4363.62481 16.906 0.015
4364.58347 17.041 0.019
4365.68317 17.149 0.018
4367.68098 17.155 0.019
4369.67713 17.034 0.017
4370.67263 16.902 0.015
4371.66608 16.841 0.014
4372.73610 17.117 0.014
4376.65149 16.997 0.016
4376.66957 17.029 0.015
4378.61807 17.006 0.015
4378.63617 16.941 0.015
4379.64603 17.183 0.018
4379.66748 17.162 0.021
4380.75888 17.154 0.015
4381.62663 17.170 0.022
4382.68633 17.110 0.015
4382.70518 17.083 0.014
4386.66139 17.178 0.015
4386.67945 17.164 0.016
4388.66187 17.146 0.016
4388.68017 17.150 0.015
4390.67086 16.994 0.013
4390.68899 17.002 0.012
4393.64464 17.167 0.016
4393.68355 17.166 0.017
4395.67952 17.125 0.016
4396.65811 17.053 0.016
4398.64496 16.875 0.014
4398.66309 16.865 0.014
4400.66784 17.200 0.018
4400.68761 17.142 0.016
4403.69363 17.084 0.016
4404.66459 16.982 0.016
4407.63372 17.180 0.018
4407.65248 17.179 0.016
4408.67990 17.181 0.018
4410.68241 17.068 0.014
4410.70284 17.079 0.015
4415.66874 17.158 0.014
4415.68697 17.183 0.016
4418.59364 16.915 0.013
4418.61426 16.936 0.012
4421.67204 17.156 0.016
4422.65487 17.160 0.016
4423.67651 17.161 0.019
4424.65193 17.068 0.015
4426.55272 16.883 0.016
4427.53863 17.149 0.018
4428.56942 17.200 0.021
4429.56456 17.141 0.023
4430.62964 17.107 0.015
4431.56900 17.005 0.016
4432.61551 16.947 0.013
4433.57486 16.860 0.013
4434.62079 17.146 0.015
4435.56321 17.177 0.016
4436.59710 17.165 0.014
4437.65225 17.087 0.019
4438.65976 17.065 0.017
4439.56412 16.899 0.016
4440.59287 16.843 0.014
4441.59995 17.168 0.017
4442.55437 17.224 0.020
4443.59068 17.151 0.018
4444.57918 17.107 0.019
4449.64470 17.179 0.016
4450.61160 17.122 0.020
4451.59983 17.099 0.014
4452.58914 17.027 0.016
4453.58181 16.877 0.015
4454.52620 17.048 0.027
4455.59830 17.193 0.017
4456.58324 17.180 0.020
4457.53381 17.112 0.020
4459.53574 16.983 0.018
4459.55392 16.954 0.015
4462.58536 17.158 0.018
4464.57543 17.134 0.015
4465.54136 17.032 0.016
4466.60949 17.002 0.015
4470.56029 17.175 0.019
4471.54414 17.091 0.016
4474.59679 16.856 0.016
4475.53680 17.137 0.018
4476.57493 17.180 0.015
4479.59974 17.062 0.018
4480.57922 16.985 0.014
4481.58441 16.839 0.013
4482.58618 17.019 0.018
4484.60109 17.175 0.024
4485.58926 17.091 0.020
4487.62265 16.996 0.019
4488.59149 16.854 0.017
4609.89594 17.111 0.019
4609.91387 17.101 0.016
4643.88061 16.838 0.014
4643.89803 16.848 0.015
4649.93082 16.938 0.014
4650.93691 16.810 0.012
4655.91632 17.017 0.013
4661.89396 17.105 0.014
4662.77668 16.922 0.013
4662.79470 16.932 0.012
4662.89360 16.989 0.014
4662.91153 16.935 0.012
4663.74837 16.855 0.014
4663.76632 16.831 0.017
4663.91414 16.902 0.014
4663.93227 16.924 0.014
4665.82132 17.200 0.020
4665.83940 17.177 0.018
4665.91527 17.146 0.019
4665.93323 17.168 0.019
4666.90913 17.199 0.020
4666.92850 17.206 0.019
4666.93239 17.191 0.020
4670.90358 16.860 0.013
4670.92150 16.906 0.013
4671.81782 17.145 0.017
4671.89140 16.936 0.015
4672.87754 17.182 0.015
4673.87344 17.169 0.015
4674.80185 17.115 0.018
4674.86205 17.136 0.018
4675.89515 17.080 0.015
4676.92169 17.019 0.018
4677.83729 16.833 0.012
4681.87488 17.134 0.013
4682.81176 17.030 0.015
4683.87013 16.973 0.014
4684.84962 16.834 0.012
4685.85625 17.100 0.016
4686.80960 17.185 0.013
4688.80759 17.099 0.014
4688.82556 17.117 0.014
4690.73315 16.864 0.012
4690.75115 16.887 0.012
4691.73602 16.984 0.016
4691.75417 16.915 0.015
4693.89111 17.163 0.018
4693.90918 17.162 0.019
4696.84103 17.059 0.021
4696.88282 17.065 0.018
4697.82134 16.901 0.015
4698.75286 16.955 0.012
4698.77094 16.879 0.011
4699.74687 17.175 0.016
4699.76504 17.144 0.015
4700.78438 17.199 0.015
4700.79978 17.190 0.016
4701.78958 17.142 0.016
4701.80767 17.168 0.016
4702.84972 17.111 0.016
4703.74876 16.974 0.015
4703.76688 16.984 0.013
4704.76761 16.880 0.012
4704.78564 16.915 0.011
4705.77485 16.911 0.015
4705.79312 16.872 0.013
4707.76752 17.176 0.013
4707.78554 17.172 0.013
4708.83578 17.160 0.013
4709.74133 17.068 0.014
4710.75175 16.972 0.012
4710.76990 16.992 0.012
4715.74991 17.091 0.015
4716.75326 17.077 0.014
4716.77560 17.049 0.012
4717.70037 16.963 0.015
4719.74543 17.062 0.017
4719.78965 16.967 0.014
4721.73439 17.168 0.018
4721.78330 17.186 0.019
4724.66589 16.906 0.015
4724.76409 16.985 0.014
4725.74535 16.826 0.012
4726.65976 17.196 0.019
4728.75092 17.183 0.016
4729.67074 17.071 0.018
4731.76099 16.947 0.012
4733.72748 17.138 0.014
4734.74331 17.190 0.013
4736.70809 17.100 0.016
4739.64937 16.942 0.015
4740.66908 17.192 0.016
4741.70446 17.197 0.013
4741.72395 17.190 0.013
4747.59056 17.190 0.016
4747.60865 17.158 0.017
4749.59013 17.122 0.018
4749.60833 17.090 0.019
4753.65929 16.954 0.017
4753.67932 16.897 0.015
4755.65321 17.192 0.016
4755.67131 17.182 0.015
4757.63765 17.074 0.014
4757.65583 17.060 0.014
4759.65027 16.860 0.013
4759.67052 16.878 0.011
4761.62054 17.193 0.013
4761.63889 17.169 0.012
4763.63318 17.127 0.018
4763.65132 17.124 0.018
4766.60140 16.835 0.014
4767.59707 17.143 0.017
4769.63947 17.190 0.018
4770.66561 17.126 0.016
4771.55054 17.005 0.016
4772.60337 16.930 0.013
4773.67535 16.841 0.012
4774.55792 17.178 0.015
4775.66219 17.170 0.018
4776.54951 17.155 0.017
4777.59594 17.103 0.015
4777.65146 17.147 0.018
4779.63153 16.941 0.014
4780.52014 17.021 0.016
4781.58145 17.159 0.016
4781.61430 17.171 0.019
4783.56507 17.134 0.018
4783.58323 17.147 0.016
4785.59617 17.014 0.016
4785.61859 17.049 0.018
4789.53158 17.190 0.019
4789.54971 17.182 0.015
4790.61380 17.132 0.013
4791.53126 17.053 0.016
4791.61210 17.101 0.014
4793.51623 16.829 0.015
4793.53867 16.863 0.013
4795.53328 17.184 0.015
4795.55134 17.173 0.013
4797.52548 17.116 0.016
4797.54359 17.132 0.015
4798.58878 17.085 0.018
4798.60694 17.100 0.016
4800.63607 16.922 0.013
4800.65432 16.917 0.013
4803.52739 17.131 0.017
4803.54545 17.184 0.016
4804.57757 17.124 0.019
4804.60055 17.196 0.019
4805.58740 17.081 0.014
4806.58659 17.002 0.015
4807.52518 16.868 0.020
4808.54482 17.053 0.016
4808.61232 16.843 0.014
4809.55453 17.167 0.015
4810.55526 17.153 0.017
4811.57643 17.140 0.015
4813.55337 16.993 0.017
4813.59461 16.974 0.015
4815.57074 17.001 0.016
4815.58928 16.959 0.016
4816.53637 17.183 0.015
4817.58728 17.173 0.015
4818.58665 17.141 0.016
4819.58688 17.050 0.014
4820.52814 16.943 0.019
4821.62878 16.908 0.011
4822.58489 16.984 0.013
4823.58957 17.175 0.016
4824.56971 17.190 0.020
4825.61801 17.131 0.016
4826.61935 17.044 0.014
4832.59113 17.160 0.016
4833.56875 17.025 0.013
4835.57295 16.817 0.015
4835.59200 16.870 0.015
4837.60295 17.177 0.021
4839.59446 17.141 0.018
4841.57929 16.958 0.015
4842.56152 16.839 0.014
4843.57354 17.151 0.018
4844.57001 17.167 0.015
4846.58263 17.109 0.015
4847.62632 17.083 0.023
4848.61887 16.970 0.013
4849.58618 16.843 0.012
4850.60635 17.059 0.014
4853.58361 17.096 0.016
4854.59759 17.056 0.014
4856.57754 16.804 0.012
4856.61483 16.845 0.012
4862.56274 16.902 0.011
4865.55067 17.165 0.017
4868.55309 17.041 0.015
4936.91655 17.179 0.020
4940.89923 16.965 0.015
4940.90309 16.951 0.015
4953.89694 17.030 0.016
4954.88836 16.956 0.013
