 621.87845 15.506 0.007
 625.93872 15.642 0.006
 627.92765 16.014 0.007
 628.93698 15.498 0.006
 629.88081 15.743 0.007
 632.93730 15.645 0.007
 635.93689 15.518 0.006
 643.90565 15.718 0.006
 645.90916 16.099 0.007
 649.87846 15.594 0.007
 656.92422 15.591 0.006
 657.86544 15.690 0.007
 664.82842 15.690 0.006
 664.91694 15.701 0.007
 665.90395 15.888 0.007
 666.91448 16.075 0.007
 667.92530 15.599 0.006
 668.89586 15.796 0.006
 670.86151 15.756 0.006
 671.88410 15.694 0.006
 673.73982 16.029 0.007
 684.81662 15.926 0.007
 685.75518 15.665 0.006
 686.79759 15.849 0.007
 688.90242 15.557 0.006
 689.79243 15.755 0.006
 697.75841 15.923 0.007
 698.90445 15.877 0.007
 699.76090 15.637 0.006
 700.76955 15.843 0.007
 701.74200 15.997 0.007
 704.71427 15.916 0.007
 706.73800 15.627 0.007
 707.77402 15.834 0.007
 708.74154 16.001 0.007
 712.74192 16.081 0.007
 713.77959 15.628 0.006
 714.79502 15.850 0.007
 716.72863 15.551 0.006
 720.70421 15.597 0.006
 722.66947 15.969 0.007
 726.76157 16.079 0.007
 728.66038 15.802 0.006
 729.72730 15.973 0.007
 730.65142 15.727 0.006
 733.71341 16.090 0.007
 739.77839 15.893 0.007
 741.70492 15.574 0.006
 742.79540 15.798 0.007
 744.74720 15.679 0.006
 745.69850 15.691 0.006
 747.63740 16.039 0.007
 748.59892 15.534 0.006
 749.60661 15.764 0.007
 750.60121 15.929 0.007
 751.60835 15.948 0.007
 752.81089 15.707 0.007
 753.75151 15.868 0.007
 754.71807 16.068 0.007
 755.60713 15.548 0.007
 759.61315 15.666 0.006
 760.61955 15.857 0.007
 761.61650 16.026 0.007
 762.60708 15.516 0.006
 762.74164 15.559 0.007
 763.62607 15.755 0.007
 763.70668 15.776 0.007
 763.79533 15.792 0.007
 764.71331 15.954 0.007
 765.65740 15.962 0.007
 766.55359 15.641 0.007
 766.69423 15.666 0.007
 767.60270 15.833 0.007
 767.66142 15.855 0.007
 767.75605 15.872 0.007
 769.58564 15.509 0.006
 770.57341 15.739 0.006
 771.58796 15.914 0.007
 772.58669 16.050 0.007
 772.76788 15.833 0.007
 773.64853 15.655 0.006
 775.63088 16.017 0.007
 776.62012 15.508 0.006
 776.77272 15.539 0.006
 777.56477 15.742 0.007
 778.60263 15.920 0.007
 778.69354 15.941 0.007
 779.58297 16.078 0.007
 779.73776 15.945 0.007
 780.58695 15.635 0.007
 780.75591 15.661 0.007
 781.63761 15.840 0.007
 782.57221 15.996 0.007
 782.67183 16.031 0.007
 783.61800 15.514 0.005
 784.66347 15.748 0.006
 785.55985 15.905 0.007
 786.56608 16.073 0.007
 787.64777 15.648 0.006
 788.57602 15.820 0.007
 790.61557 15.513 0.006
 795.60348 15.816 0.007
 796.59068 15.980 0.007
 796.71809 16.017 0.007
 797.57155 15.568 0.006
 798.64100 15.717 0.006
 800.57614 16.080 0.007
 802.66780 15.835 0.007
 806.57387 15.892 0.007
 808.59213 15.591 0.006
 816.66843 15.819 0.007
 817.66370 15.973 0.007
 819.64284 15.715 0.006
 822.62921 15.592 0.006
 824.64921 15.976 0.007
 825.63690 15.650 0.007
 828.68227 16.094 0.007
 829.64892 15.578 0.007
 830.56638 15.783 0.007
 832.65572 15.920 0.007
 834.55802 15.868 0.007
 836.62340 15.589 0.007
 838.64225 15.952 0.007
 840.63516 15.690 0.007
 842.64656 16.076 0.007
 843.63743 15.578 0.006
 845.62827 15.953 0.006
 850.61028 15.561 0.007
 855.61504 15.862 0.007
 856.57977 16.037 0.009
 858.54771 15.753 0.007
 860.54948 16.012 0.007
 867.54562 16.028 0.007
 874.54442 16.035 0.007
 963.92780 15.739 0.006
 986.91419 16.082 0.007
 987.92643 15.606 0.006
 996.91301 15.962 0.007
 998.84538 15.692 0.007
1003.84745 15.961 0.007
1005.87169 15.677 0.007
1008.90466 15.570 0.006
1020.86791 15.874 0.007
1025.85351 15.938 0.007
1035.82123 16.025 0.007
1037.84839 15.761 0.006
1038.86651 15.922 0.007
1041.85466 15.854 0.006
1045.81903 15.920 0.007
1049.84795 16.008 0.007
1053.73924 16.099 0.007
1058.80736 15.721 0.007
1059.85291 15.907 0.007
1061.83937 15.634 0.007
1064.79586 15.547 0.007
1069.70925 15.791 0.006
1074.69044 16.066 0.007
1077.68489 15.952 0.006
1079.69516 15.691 0.006
1081.73420 16.067 0.007
1084.67310 15.958 0.007
1087.69254 15.871 0.006
1090.66053 15.779 0.007
1092.72459 15.815 0.007
1095.75082 16.074 0.007
1102.68968 16.045 0.007
1107.65789 15.656 0.006
1112.70105 15.935 0.007
1117.63958 15.497 0.006
1122.65395 15.829 0.007
1128.60406 15.615 0.006
1132.62994 15.733 0.006
1138.67508 15.521 0.006
1140.68342 15.919 0.007
1144.71006 16.004 0.007
1151.62134 15.974 0.007
1154.57850 15.874 0.007
1157.58820 15.793 0.007
1160.61301 15.701 0.006
1163.69143 15.608 0.007
1164.73700 15.825 0.006
1170.59197 15.563 0.006
1178.71452 15.786 0.007
1182.71297 15.887 0.007
1185.65567 15.792 0.006
1187.69222 15.766 0.006
1190.56162 16.032 0.007
1202.63723 15.666 0.007
1208.60778 16.006 0.007
1211.61020 16.031 0.007
1216.59816 15.629 0.006
1219.60254 15.499 0.007
1235.54760 15.908 0.007
1329.83990 15.789 0.007
1335.92024 15.584 0.007
1355.94020 16.070 0.008
1366.89637 15.925 0.007
1367.91838 15.665 0.007
1369.91131 16.045 0.007
1374.90512 15.657 0.006
1395.87139 15.635 0.006
1397.89422 16.011 0.007
1401.90857 16.061 0.007
1402.90632 15.634 0.006
1407.91671 15.912 0.007
1412.81533 15.615 0.007
1418.78929 15.964 0.007
1430.85058 15.572 0.006
1432.81181 15.964 0.007
1435.73751 15.859 0.007
1439.83528 15.957 0.007
1442.79968 15.869 0.007
1447.72863 15.992 0.007
1451.71926 15.523 0.006
1454.71756 16.028 0.008
1460.66169 15.913 0.007
1462.68560 15.637 0.007
1470.63687 15.810 0.007
1475.68462 16.067 0.007
1478.61091 15.978 0.007
1481.62400 15.883 0.007
1484.62567 15.795 0.007
1487.58476 15.683 0.007
1489.60816 16.074 0.007
1491.67034 15.804 0.007
1494.71829 15.707 0.007
1495.57145 15.882 0.007
1499.54358 15.955 0.007
1502.62846 15.876 0.007
1506.62352 15.949 0.007
1509.60706 15.870 0.007
1514.68339 15.738 0.007
1517.60010 16.035 0.007
1520.64292 15.938 0.007
1522.67162 15.681 0.007
1525.56726 15.516 0.006
1528.66526 15.876 0.007
1544.59804 15.837 0.007
1546.65449 15.520 0.007
1551.61647 15.842 0.007
1555.59462 15.926 0.007
1562.62883 15.919 0.007
1568.60234 15.717 0.007
1573.59730 15.999 0.007
1579.58091 15.805 0.007
1581.60816 15.578 0.006
1584.59299 16.070 0.007
1586.60411 15.803 0.007
1588.57764 15.665 0.007
1590.57474 15.882 0.007
1597.57618 15.881 0.007
1602.57338 15.755 0.007
1607.56360 15.780 0.007
1706.93360 15.942 0.007
1738.90086 16.008 0.007
1740.90854 15.733 0.007
1744.92542 15.822 0.007
1745.91860 15.991 0.007
1749.89915 16.083 0.007
1750.90249 15.608 0.006
1751.88299 15.809 0.006
1752.87538 15.973 0.007
1753.87619 15.597 0.006
1754.87209 15.721 0.007
1755.86838 15.893 0.007
1756.89805 16.096 0.010
1757.84713 15.601 0.007
1758.85169 15.796 0.006
1759.86478 15.962 0.007
1761.88093 15.705 0.007
1762.86337 15.890 0.007
1763.86887 16.071 0.007
1764.85860 15.579 0.006
1765.85495 15.793 0.007
1766.82872 15.958 0.007
1768.84253 15.699 0.006
1769.75767 15.857 0.007
1773.81861 15.949 0.007
1775.83017 15.679 0.006
1785.80721 15.539 0.006
1788.84235 15.876 0.007
1789.77503 15.654 0.006
1803.87864 15.676 0.006
1809.80239 16.047 0.007
1812.77626 16.018 0.007
1815.83269 15.928 0.007
1821.72931 15.724 0.006
1823.79855 16.068 0.007
1829.72365 15.911 0.007
1830.79066 16.079 0.007
1864.73501 15.853 0.006
1865.74105 16.066 0.007
1873.71365 15.541 0.006
2203.59279 16.022 0.008
2228.59359 15.503 0.007
2519.78757 16.054 0.008
2538.84030 15.704 0.008
2540.78054 16.050 0.009
2544.69961 15.932 0.008
2545.71188 15.659 0.007
2547.73000 16.026 0.008
2551.73092 15.955 0.008
2553.68764 15.841 0.008
2556.72719 15.742 0.007
2558.69608 16.018 0.008
2559.65299 15.632 0.007
2560.68613 15.823 0.007
2566.70361 15.624 0.007
2574.67722 15.808 0.007
2576.72169 15.507 0.007
2577.67993 15.727 0.007
2578.66498 15.898 0.008
2579.67512 16.087 0.009
2580.68340 15.626 0.007
2583.65963 15.546 0.007
2584.66194 15.691 0.007
2598.69044 15.717 0.007
2678.64248 15.521 0.007
3551.92763 15.805 0.007
3562.89827 15.875 0.007
3568.89373 15.702 0.007
3570.85157 16.059 0.008
3571.84183 15.555 0.007
3573.88723 15.936 0.008
3575.84703 15.686 0.007
3577.90361 16.062 0.008
3579.84446 15.759 0.007
3581.91342 15.912 0.007
3582.86583 15.659 0.006
3583.88487 15.860 0.007
3586.87519 15.750 0.006
3588.87334 16.014 0.007
3590.83195 15.857 0.007
3592.79223 15.523 0.006
3594.83302 15.916 0.007
3600.92207 15.756 0.007
3602.78089 16.099 0.009
3603.74512 15.613 0.007
3608.80171 15.925 0.007
3614.83355 15.747 0.006
3615.81927 15.937 0.007
3618.81798 15.822 0.007
3620.84447 15.572 0.006
3622.79850 15.902 0.007
3625.74443 15.818 0.007
3628.76600 15.724 0.007
3630.68146 16.061 0.008
3634.68912 15.870 0.007
3637.69439 16.051 0.007
3642.70292 15.679 0.007
3646.71272 15.795 0.007
3650.72847 15.862 0.007
3654.64573 15.923 0.007
3656.69895 15.669 0.007
3657.72709 15.867 0.007
3658.70066 16.028 0.008
3659.68498 15.533 0.007
3660.69070 15.768 0.007
3663.68141 15.658 0.007
3665.70969 16.030 0.008
3668.63828 15.922 0.007
3668.66082 15.917 0.007
3670.64943 15.650 0.007
3672.58213 16.005 0.009
3674.74143 15.759 0.007
3676.62772 16.094 0.007
3682.60442 15.910 0.007
3684.62171 15.620 0.007
3686.58740 15.989 0.007
3688.56036 15.720 0.007
3690.57405 16.081 0.008
3693.57119 15.994 0.008
3698.54237 15.605 0.007
3701.59092 15.742 0.007
3703.60152 15.901 0.007
3705.57374 15.595 0.006
3707.57420 15.964 0.007
3712.58918 15.558 0.006
3715.54742 15.853 0.007
3719.62634 15.542 0.007
3722.57331 15.885 0.008
3730.55654 15.657 0.006
3735.55919 15.925 0.007
3738.58032 15.859 0.007
3748.53847 15.758 0.008
3753.53611 16.026 0.009
3758.55806 15.653 0.007
3768.52458 15.534 0.007
3773.52141 15.824 0.011
3777.54738 15.899 0.007
3871.91468 15.802 0.008
3902.93466 15.701 0.007
3907.92965 15.946 0.007
3918.92477 16.034 0.007
3934.89438 15.741 0.007
3936.90263 16.058 0.007
3938.88683 15.830 0.007
3945.85657 15.818 0.007
3957.79408 16.097 0.009
3959.78818 15.798 0.007
3981.67996 15.938 0.007
3989.81851 15.815 0.007
3991.75970 15.860 0.007
4001.66039 15.728 0.006
4003.63216 16.087 0.007
4004.72067 15.635 0.006
4005.70594 15.840 0.007
4008.60817 15.716 0.006
4011.65860 15.624 0.007
4014.64102 15.562 0.007
4016.63780 15.892 0.007
4018.63413 15.626 0.007
4020.66683 15.995 0.007
4023.62355 15.896 0.007
4025.62390 15.605 0.007
4027.61199 15.981 0.007
4029.59427 15.708 0.007
4031.58126 16.081 0.007
4036.61664 15.704 0.007
4038.57095 16.063 0.007
4040.55094 15.787 0.007
4042.62027 15.742 0.007
4047.57121 15.784 0.007
4049.54699 15.897 0.007
4051.59653 15.877 0.007
4053.60749 15.578 0.006
4055.53669 15.945 0.008
4057.57582 15.693 0.007
4059.61035 16.052 0.007
4063.60174 15.906 0.007
4068.58338 15.760 0.007
4071.52507 15.695 0.008
4074.56035 15.513 0.007
4077.61304 15.997 0.008
4079.56013 15.852 0.007
4083.56762 15.921 0.007
4087.58952 16.040 0.007
4095.55344 15.520 0.006
4098.57249 16.091 0.007
4102.54463 15.546 0.007
4112.54917 16.103 0.007
4119.53874 16.096 0.007
4122.56503 15.949 0.007
4255.90703 15.921 0.009
4258.92455 15.851 0.008
4278.93452 15.625 0.008
4284.89281 16.087 0.009
4289.86723 15.722 0.007
4292.90051 15.626 0.007
4295.89443 15.546 0.007
4296.92866 15.709 0.007
4298.84773 16.072 0.008
4299.89120 15.597 0.007
4300.91304 15.789 0.007
4301.93190 15.970 0.007
4303.82258 15.676 0.007
4307.71959 15.769 0.007
4308.90124 15.967 0.008
4310.87332 15.698 0.007
4311.87481 15.881 0.009
4312.93510 16.065 0.008
4314.80375 15.769 0.008
4316.86347 15.732 0.008
4320.84716 15.560 0.007
4326.87154 16.049 0.009
4327.89427 15.569 0.007
4328.86435 15.779 0.007
4329.86447 15.946 0.008
4330.89495 15.775 0.007
4332.91117 15.884 0.007
4334.88815 15.563 0.007
4339.85917 15.868 0.008
4340.81145 16.027 0.008
4341.80428 15.520 0.007
4342.87856 15.764 0.007
4343.79790 15.934 0.008
4344.78004 16.003 0.008
4346.75629 15.828 0.007
4348.74202 15.514 0.007
4350.71876 15.907 0.007
4353.67693 15.819 0.008
4355.73549 15.513 0.007
4358.67884 16.081 0.009
4359.73609 15.620 0.007
4365.64367 16.089 0.010
4369.71718 15.565 0.007
4371.68416 15.885 0.009
4376.68754 15.650 0.007
4378.65421 15.868 0.008
4379.68551 16.086 0.008
4381.64468 15.789 0.008
4383.67320 15.717 0.007
4386.69779 16.066 0.008
4388.69811 15.799 0.007
4390.70706 15.717 0.007
4394.59464 15.546 0.007
4396.67800 15.937 0.008
4398.68113 15.682 0.007
4402.66622 15.766 0.007
4404.68266 15.845 0.008
4407.69117 16.046 0.008
4409.70675 15.771 0.007
4411.70188 15.846 0.007
4415.70574 15.543 0.007
4417.65573 15.919 0.007
4420.64215 15.849 0.008
4422.67417 15.527 0.007
4424.67126 15.916 0.008
4427.55702 15.816 0.007
4429.60009 15.524 0.007
4431.58723 15.901 0.008
4433.59314 15.634 0.007
4435.58146 15.974 0.008
4438.64156 15.902 0.008
4440.61104 15.606 0.007
4442.57252 15.971 0.009
4444.59724 15.718 0.008
4452.60739 15.878 0.007
4454.62760 15.604 0.007
4455.56968 15.811 0.007
4457.57862 15.617 0.007
4460.53302 16.058 0.009
4463.59654 15.966 0.007
4467.57933 16.085 0.008
4470.57876 15.946 0.008
4474.62883 16.071 0.008
4476.60714 15.779 0.007
4481.60284 16.089 0.008
4483.63004 15.797 0.007
4485.61495 15.740 0.007
4488.61211 16.055 0.010
4492.60228 15.787 0.007
4609.93185 15.730 0.007
4643.91597 15.605 0.007
4652.94007 15.892 0.008
4661.91195 15.564 0.007
4665.85740 15.674 0.007
4670.93933 15.951 0.008
4671.83579 15.925 0.007
4673.93786 15.864 0.008
4677.85523 15.918 0.007
4684.86761 15.918 0.007
4686.82755 15.636 0.007
4688.84377 16.007 0.007
4690.76916 15.738 0.007
4691.77245 15.897 0.007
4694.81873 15.818 0.008
4699.78412 16.064 0.008
4700.81800 15.628 0.007
4701.82570 15.832 0.007
4703.78487 15.527 0.007
4704.80361 15.717 0.007
4705.81119 15.911 0.008
4707.82861 15.622 0.007
4709.75941 15.979 0.007
4715.76797 15.815 0.007
4717.72257 15.652 0.007
4720.70148 16.058 0.008
4722.71667 15.788 0.007
4725.72188 15.700 0.007
4730.71244 15.942 0.007
4730.77520 15.960 0.007
4733.74740 15.885 0.007
4740.68994 15.873 0.007
4743.68668 15.774 0.007
4748.67543 16.036 0.007
4750.70829 15.758 0.007
4754.63385 15.833 0.007
4756.64343 15.519 0.007
4758.62364 15.903 0.007
4760.61030 15.644 0.007
4762.60009 16.005 0.008
4767.63571 15.631 0.007
4770.68398 15.504 0.007
4772.62138 15.916 0.007
4774.59684 15.607 0.007
4776.56865 15.961 0.008
4778.56999 15.706 0.007
4780.56725 16.075 0.009
4782.54015 15.798 0.007
4783.60173 15.982 0.008
4789.56787 15.804 0.007
4791.54943 15.672 0.007
4793.55677 15.884 0.008
4795.56970 15.595 0.007
4797.56186 15.969 0.008
4798.62506 15.597 0.007
4801.52632 16.047 0.007
4802.61377 15.589 0.007
4803.58567 15.778 0.007
4805.52068 15.799 0.009
4807.54741 15.875 0.008
4809.57262 15.580 0.007
4811.59448 15.946 0.008
4814.55237 15.863 0.007
4816.55446 15.539 0.007
4818.56847 15.939 0.007
4820.54648 15.767 0.007
4822.60321 16.049 0.007
4824.58803 15.784 0.007
4831.55970 15.771 0.007
4833.58752 15.898 0.007
4835.61027 15.858 0.007
4842.57997 15.855 0.008
4844.59044 15.522 0.007
4847.64462 15.907 0.009
4849.60461 15.843 0.007
4853.60188 15.922 0.008
4855.61507 15.650 0.007
4859.60735 15.742 0.007
4868.57111 16.073 0.008
