 625.93049 17.165 0.012
 626.92228 17.060 0.012
 627.88798 16.699 0.010
 631.90345 17.112 0.015
 632.89821 16.880 0.013
 635.87412 16.762 0.010
 643.84347 16.802 0.010
 645.86962 17.035 0.012
 647.82742 17.109 0.019
 649.83232 16.491 0.011
 656.88482 17.009 0.011
 657.88868 16.668 0.010
 658.89742 17.085 0.015
 665.86446 16.728 0.009
 666.86654 17.133 0.011
 667.88555 16.977 0.010
 668.85636 16.561 0.007
 670.82201 16.875 0.011
 671.84447 16.792 0.008
 672.84943 17.067 0.010
 673.76248 16.728 0.009
 684.77740 16.683 0.009
 685.77791 17.132 0.012
 686.73398 16.927 0.011
 687.89527 16.647 0.009
 688.86317 17.099 0.011
 689.72974 16.833 0.009
 697.69558 16.882 0.011
 698.71084 16.795 0.012
 699.72165 17.080 0.011
 700.70673 16.783 0.009
 701.67839 17.174 0.012
 704.67294 17.132 0.015
 706.67132 16.476 0.012
 706.76581 16.524 0.011
 707.70188 17.081 0.014
 708.69936 16.854 0.013
 712.69970 17.123 0.012
 713.71394 17.001 0.011
 714.73047 16.592 0.008
 715.77132 17.134 0.012
 716.75386 16.936 0.010
 720.66088 17.181 0.015
 726.72100 17.116 0.011
 728.71410 17.038 0.011
 729.65849 17.046 0.012
 730.60984 16.688 0.011
 733.66946 16.597 0.011
 739.69166 17.221 0.014
 741.65522 16.662 0.010
 742.64905 17.153 0.013
 744.61755 16.471 0.009
 745.65744 17.083 0.012
 746.60225 16.807 0.010
 747.56004 17.215 0.017
 748.55669 17.020 0.014
 749.56311 16.689 0.015
 750.53734 17.119 0.019
 751.56748 16.924 0.014
 752.77124 16.705 0.010
 753.71098 17.117 0.012
 754.74250 16.966 0.013
 755.56619 17.109 0.013
 759.56882 16.992 0.011
 760.57317 16.585 0.009
 761.56841 17.092 0.013
 762.56640 16.894 0.012
 762.69667 16.986 0.014
 762.77507 17.001 0.016
 763.58539 16.453 0.010
 763.72963 16.610 0.010
 764.66342 17.102 0.018
 765.54877 16.783 0.013
 766.58569 17.232 0.018
 766.65223 17.005 0.015
 767.56012 17.064 0.019
 767.71376 17.132 0.019
 769.54502 17.095 0.013
 770.64129 17.004 0.012
 771.61750 16.563 0.009
 772.54553 17.094 0.013
 773.56815 16.859 0.011
 774.63797 16.474 0.009
 775.59085 17.065 0.012
 776.67182 16.843 0.012
 777.58877 17.165 0.012
 778.56192 17.008 0.015
 778.65342 17.035 0.016
 779.62128 16.681 0.011
 780.60960 17.102 0.020
 780.71518 17.185 0.018
 781.59765 16.915 0.011
 782.59530 16.476 0.009
 783.57503 17.090 0.011
 784.61464 16.877 0.011
 785.58552 17.132 0.014
 786.59022 17.047 0.011
 787.67061 16.786 0.010
 787.75641 16.846 0.011
 788.60224 17.149 0.012
 790.55223 16.542 0.011
 795.56402 16.784 0.011
 796.61360 17.227 0.016
 797.68408 17.066 0.012
 798.60151 16.720 0.009
 800.59940 16.971 0.010
 802.57992 17.116 0.014
 805.58597 17.095 0.015
 806.59675 16.784 0.014
 817.62420 16.713 0.010
 819.66532 17.023 0.011
 820.66429 16.633 0.009
 822.58425 16.863 0.010
 823.66156 16.434 0.009
 824.60967 17.096 0.015
 824.67248 17.112 0.016
 825.68286 16.829 0.016
 828.64290 16.703 0.010
 829.60950 17.118 0.014
 832.61640 17.103 0.013
 833.63653 16.866 0.010
 834.65071 16.793 0.011
 836.58409 16.725 0.011
 838.55719 16.970 0.015
 840.57266 17.106 0.014
 845.57832 17.208 0.012
 850.54579 16.449 0.011
 855.55246 16.725 0.012
 856.54033 17.138 0.016
 859.53998 17.103 0.013
 860.57230 16.926 0.013
 866.55961 16.667 0.013
 876.52815 16.980 0.011
 962.90885 16.614 0.010
 986.87512 16.820 0.011
 987.88743 17.205 0.013
 991.90133 16.976 0.012
 996.86751 17.073 0.007
 998.87475 17.183 0.014
1003.80590 16.629 0.012
1005.83133 16.831 0.012
1008.86450 16.726 0.011
1020.82737 17.110 0.013
1025.80702 17.212 0.016
1035.78189 16.780 0.011
1037.80912 17.016 0.012
1038.90817 16.751 0.013
1041.87858 16.539 0.008
1045.77971 17.054 0.011
1049.80013 16.557 0.009
1052.81048 16.556 0.009
1055.68023 17.128 0.012
1058.83206 17.133 0.014
1059.81090 16.931 0.013
1064.75406 17.056 0.013
1068.74590 16.547 0.009
1071.77389 16.575 0.009
1075.79101 17.037 0.011
1078.71279 16.894 0.009
1080.65884 17.029 0.011
1083.75116 17.136 0.009
1086.60168 16.913 0.012
1090.68480 16.991 0.013
1092.68486 16.791 0.011
1094.68102 16.992 0.010
1102.64961 17.036 0.012
1107.61795 17.111 0.011
1112.72412 17.182 0.014
1117.59955 16.674 0.011
1122.61110 16.666 0.010
1128.55970 17.178 0.016
1132.59008 16.990 0.011
1135.65872 16.929 0.010
1138.61153 16.833 0.010
1140.64393 17.056 0.012
1144.64693 16.600 0.010
1151.58140 16.977 0.011
1154.60097 16.927 0.012
1157.64673 16.865 0.012
1160.63823 16.763 0.011
1163.72016 16.693 0.010
1166.68718 16.462 0.007
1170.61612 17.005 0.011
1175.67724 17.114 0.016
1179.67494 16.820 0.011
1183.68381 17.111 0.013
1186.67765 17.120 0.011
1189.56620 17.033 0.011
1192.61080 16.969 0.011
1202.55738 17.131 0.016
1206.56101 16.811 0.012
1212.55255 16.502 0.012
1216.55862 17.056 0.016
1220.55480 16.633 0.010
1227.55042 16.995 0.016
1233.53796 16.879 0.016
1329.79941 16.777 0.014
1330.90957 17.115 0.017
1335.85473 16.506 0.011
1340.93060 16.814 0.011
1347.91192 17.085 0.014
1355.90083 17.119 0.017
1365.90173 16.532 0.010
1367.87926 16.858 0.014
1369.86694 17.054 0.014
1374.86585 17.102 0.015
1395.83144 16.458 0.010
1397.85479 16.818 0.012
1401.86846 17.145 0.013
1407.87575 17.084 0.013
1412.77373 17.090 0.014
1418.81380 17.047 0.012
1430.70779 16.546 0.010
1432.77268 16.912 0.011
1438.72557 16.677 0.009
1441.83264 16.610 0.009
1447.68909 17.111 0.018
1451.65514 16.880 0.011
1454.62938 16.748 0.012
1459.67495 16.931 0.013
1461.64979 17.070 0.013
1462.70817 16.857 0.011
1470.59700 16.874 0.013
1475.62107 17.009 0.013
1478.56968 16.901 0.013
1479.58585 16.498 0.010
1484.58509 16.695 0.011
1487.61212 16.538 0.009
1490.64783 16.544 0.010
1492.55060 16.748 0.012
1495.59991 16.628 0.010
1498.56579 16.462 0.010
1502.58896 17.061 0.013
1505.65606 16.993 0.014
1509.56699 16.853 0.011
1512.66915 17.142 0.016
1516.56885 16.906 0.010
1518.63877 17.102 0.014
1520.66664 16.621 0.010
1523.58398 17.128 0.024
1526.56689 17.094 0.012
1531.67418 17.001 0.013
1546.59030 16.932 0.011
1551.55334 17.022 0.012
1556.59409 17.103 0.016
1567.59045 17.114 0.022
1571.58492 16.737 0.010
1576.57377 16.930 0.014
1582.58448 16.684 0.010
1585.55832 16.455 0.010
1589.56018 17.096 0.015
1599.54013 17.187 0.019
1602.52994 17.121 0.019
1607.52406 17.154 0.019
1702.89461 16.819 0.013
1703.93653 17.195 0.016
1716.90253 16.646 0.011
1728.89399 17.088 0.014
1731.88057 17.082 0.010
1740.86920 16.831 0.013
1742.87080 17.043 0.013
1743.86703 16.738 0.011
1744.88609 17.151 0.015
1749.83649 16.817 0.009
1750.86296 17.097 0.014
1751.82022 16.767 0.009
1752.83601 17.175 0.014
1753.83708 17.016 0.012
1754.80927 16.625 0.009
1755.82912 17.107 0.020
1756.85827 16.934 0.019
1757.80769 16.467 0.011
1758.81230 17.101 0.013
1759.80216 16.822 0.011
1761.84156 17.022 0.012
1762.82392 16.719 0.010
1763.82960 17.136 0.012
1764.81934 16.976 0.010
1765.81552 16.553 0.010
1766.76881 17.090 0.018
1768.77977 17.003 0.013
1769.68864 17.045 0.014
1771.78195 17.179 0.019
1772.80184 17.017 0.011
1773.76909 16.604 0.009
1775.85293 16.968 0.011
1784.83727 16.631 0.010
1788.74062 17.065 0.014
1803.79475 16.602 0.010
1808.80364 16.805 0.010
1811.78682 16.691 0.008
1814.83364 16.579 0.009
1817.79953 16.870 0.009
1821.60141 16.904 0.015
1823.75892 17.115 0.010
1828.84539 17.013 0.013
1829.77016 17.061 0.013
1845.72549 17.081 0.011
1845.78583 17.083 0.012
1847.79384 17.070 0.011
1848.61288 16.976 0.012
1848.72262 17.062 0.013
1851.60418 16.877 0.013
1851.70661 16.960 0.016
1854.59395 16.790 0.011
1854.64827 16.828 0.011
1854.77623 16.879 0.010
1859.74020 17.006 0.012
1860.73629 16.658 0.011
1863.57343 17.126 0.013
1863.72387 16.461 0.010
1866.57626 17.134 0.011
1869.66381 17.113 0.012
1869.72080 17.110 0.015
1871.78463 16.644 0.009
1872.56442 17.101 0.014
2090.90645 17.111 0.017
2105.90431 16.784 0.011
2106.86900 17.195 0.016
2113.84931 16.828 0.011
2116.85251 16.728 0.010
2123.79926 17.081 0.014
2127.81422 16.632 0.014
2128.80717 17.106 0.016
2129.83914 16.926 0.012
2130.86372 16.458 0.009
2131.85700 17.089 0.016
2133.87603 17.115 0.019
2134.79108 17.039 0.015
2135.82375 16.705 0.009
2136.84410 17.135 0.015
2137.79775 16.948 0.013
2140.79271 16.890 0.012
2141.82752 16.853 0.015
2142.76949 17.061 0.013
2143.80029 16.772 0.011
2144.84635 17.213 0.013
2155.86014 17.199 0.020
2156.80676 16.995 0.014
2160.73173 17.169 0.016
2162.74263 16.743 0.010
2166.73725 17.109 0.013
2167.78340 16.919 0.011
2171.72201 17.218 0.012
2172.72763 17.030 0.012
2173.70817 16.671 0.010
2177.59917 17.091 0.017
2184.68234 16.556 0.011
2185.64629 17.120 0.015
2187.70370 16.578 0.012
2188.66169 17.077 0.017
2190.67272 17.183 0.013
2191.68098 17.013 0.013
2192.64577 16.611 0.008
2193.66687 17.124 0.012
2194.63500 16.910 0.011
2195.70179 16.492 0.007
2200.61254 16.688 0.011
2201.64961 17.113 0.013
2203.70608 16.592 0.008
2211.62361 16.623 0.011
2212.62461 17.117 0.015
2213.63301 16.924 0.014
2214.61722 16.451 0.010
2215.63166 17.060 0.014
2217.61865 17.190 0.018
2219.66111 16.763 0.012
2222.62968 16.575 0.012
2224.69634 16.946 0.012
2226.61688 17.079 0.015
2228.54117 17.115 0.018
2229.59938 17.008 0.014
2231.55103 17.101 0.016
2233.59528 16.434 0.009
2235.64129 16.867 0.010
2238.52990 16.680 0.013
2240.63375 16.996 0.013
2242.60155 17.127 0.015
2244.61975 16.486 0.009
2248.58257 17.018 0.011
2250.54997 17.126 0.016
2252.60744 16.507 0.010
2255.58555 17.110 0.014
2257.60724 16.770 0.010
2262.59787 16.917 0.012
2266.58731 17.211 0.017
2272.56490 17.118 0.014
2274.55052 17.116 0.014
2277.58557 17.183 0.014
2283.58242 17.103 0.014
2290.57714 16.565 0.010
2292.58769 16.906 0.013
2294.59085 17.106 0.015
2298.56767 16.667 0.013
2300.56644 16.929 0.015
2303.54996 16.855 0.015
2445.89193 16.912 0.016
2458.93304 17.070 0.015
2463.89667 17.093 0.015
2465.90934 16.493 0.009
2467.88219 16.789 0.012
2469.88184 17.000 0.012
2470.91616 16.697 0.009
2471.92738 17.118 0.014
2473.86735 16.464 0.009
2483.83976 16.885 0.011
2486.85724 16.812 0.014
2489.90382 16.705 0.011
2492.88488 16.548 0.011
2496.88449 17.070 0.013
2497.90793 16.765 0.011
2498.91078 17.180 0.013
2499.84089 16.986 0.013
2500.84534 16.597 0.010
2501.83527 17.094 0.013
2502.81508 16.874 0.012
2503.83059 16.585 0.009
2516.75779 16.723 0.013
2517.80457 17.140 0.014
2518.77555 16.957 0.012
2519.85437 16.624 0.010
2520.77256 17.094 0.013
2521.84378 16.905 0.011
2524.84155 16.810 0.013
2526.75915 16.935 0.010
2534.81620 17.066 0.013
2535.83613 16.783 0.012
2537.68350 16.963 0.017
2538.77710 16.552 0.010
2539.68434 17.092 0.014
2541.69625 17.048 0.012
2542.66605 17.054 0.012
2544.64357 17.144 0.013
2545.65977 16.994 0.012
2547.67763 17.094 0.015
2548.69307 16.904 0.012
2550.68799 17.064 0.014
2551.67470 16.800 0.010
2552.69084 17.173 0.012
2554.68402 16.688 0.010
2555.69196 17.116 0.013
2556.67087 16.936 0.012
2557.68345 16.498 0.008
2558.63995 17.095 0.014
2559.59667 16.820 0.012
2560.62987 17.194 0.014
2561.65550 17.064 0.018
2562.64833 16.751 0.010
2563.65612 17.152 0.014
2564.67174 16.989 0.013
2565.65870 16.599 0.010
2566.64369 17.105 0.014
2568.67503 16.456 0.011
2571.62651 17.218 0.020
2572.72400 17.040 0.016
2573.64103 16.684 0.012
2574.62492 17.117 0.014
2576.62455 16.509 0.012
2577.61057 17.102 0.018
2578.60887 16.831 0.012
2579.61826 17.114 0.014
2580.63034 17.064 0.013
2583.60170 16.980 0.016
2584.60921 16.578 0.012
2587.58964 16.713 0.011
2588.61850 17.089 0.015
2589.57961 16.779 0.011
2590.59439 17.181 0.016
2591.59555 17.030 0.013
2593.58615 17.104 0.012
2594.58990 16.955 0.015
2596.56607 17.086 0.017
2597.55341 16.820 0.014
2598.60633 17.029 0.013
2599.58547 17.029 0.019
2607.60638 17.095 0.017
2610.52671 17.006 0.016
2613.51888 16.919 0.014
2615.55069 17.121 0.017
2619.53015 16.731 0.012
2621.54678 16.989 0.013
2623.59473 17.116 0.015
2626.53830 17.094 0.014
2629.54488 17.064 0.019
2635.54596 16.873 0.010
2639.52641 17.172 0.024
2641.57196 16.672 0.010
2646.55782 16.858 0.014
2650.57034 17.131 0.014
2654.53775 16.895 0.016
2656.58581 17.086 0.016
2660.53155 16.664 0.014
2664.55642 17.119 0.017
2669.52911 17.124 0.016
2673.54609 16.928 0.015
2675.56197 17.120 0.015
2678.56229 17.031 0.016
2682.52203 16.502 0.014
2777.88447 16.910 0.017
2804.89045 16.990 0.016
2810.92282 16.806 0.012
2814.92038 17.125 0.014
2817.90833 17.124 0.015
2825.88407 17.134 0.017
2830.92254 17.175 0.017
2831.76280 17.007 0.017
2832.72829 16.529 0.011
2833.84637 17.124 0.018
2834.85412 16.955 0.016
2837.85229 16.849 0.015
2839.88805 17.090 0.014
2841.86874 17.173 0.014
2844.85400 17.109 0.012
2845.89996 16.954 0.016
2848.93697 16.863 0.016
2850.87007 17.059 0.015
2851.91336 16.772 0.011
2852.78400 17.106 0.013
2853.92389 16.999 0.013
2856.79707 16.852 0.014
2858.89110 17.093 0.012
2860.85718 17.196 0.015
2861.72813 16.923 0.011
2862.90715 16.701 0.012
2863.81623 17.126 0.017
2865.85017 16.444 0.008
2866.86289 17.112 0.016
2867.84384 16.811 0.011
2868.78757 17.181 0.013
2870.79725 16.685 0.010
2872.75467 16.932 0.011
2876.75744 17.168 0.014
2877.77929 17.070 0.014
2879.78805 17.162 0.012
2883.80643 16.919 0.010
2885.74162 17.015 0.013
2888.78984 17.038 0.014
2892.78146 16.538 0.011
2894.74773 16.870 0.012
2896.74486 17.066 0.013
2898.76577 17.168 0.013
2900.72775 16.578 0.009
2902.72728 16.904 0.011
2905.73445 16.789 0.011
2907.73571 17.029 0.012
2909.72470 17.126 0.012
2911.71617 16.474 0.008
2915.68756 17.084 0.013
2917.71355 17.165 0.012
2921.71145 16.912 0.012
2923.73276 17.096 0.013
2925.69630 17.209 0.013
2927.69373 16.675 0.011
2930.71161 16.530 0.009
2932.71797 16.873 0.012
2934.69806 17.081 0.012
2937.61857 16.971 0.014
2939.71219 17.121 0.014
2940.61519 16.859 0.010
2941.60882 17.003 0.011
2942.61500 17.084 0.012
2943.56739 16.749 0.012
2944.57082 17.155 0.014
2945.58759 16.988 0.017
2947.58440 17.111 0.015
2949.57856 16.516 0.010
2951.61031 16.818 0.013
2952.63771 17.148 0.014
2954.66427 16.781 0.013
2956.61034 16.980 0.011
2958.59501 17.117 0.013
2961.57582 17.107 0.018
2965.60421 16.660 0.009
2968.57532 16.458 0.010
2970.59466 16.843 0.011
2974.57313 17.137 0.015
2976.52905 16.493 0.011
2977.59605 17.098 0.017
2979.56036 16.867 0.014
2981.60539 16.808 0.015
2987.62911 16.541 0.010
2989.55140 16.853 0.012
2992.55319 16.751 0.012
2995.59605 16.632 0.009
2998.55403 16.717 0.012
3001.55533 17.198 0.015
3004.54730 17.104 0.015
3007.55342 17.101 0.013
3010.55256 17.062 0.013
3016.56968 16.920 0.014
3019.58313 16.843 0.012
3021.59706 17.078 0.011
3023.55240 17.158 0.015
3025.54974 16.535 0.010
3027.58503 16.904 0.012
3029.55695 17.082 0.014
3031.56130 17.168 0.017
3033.56379 16.670 0.010
3036.58099 16.497 0.011
3040.54401 17.044 0.015
3160.84150 17.125 0.018
3183.89340 16.800 0.011
3193.86117 17.104 0.016
3195.92015 17.180 0.015
3197.89573 16.602 0.011
3201.85317 17.081 0.012
3203.86033 17.201 0.012
3204.92393 17.060 0.013
3210.87494 16.868 0.011
3211.90321 16.921 0.011
3215.68167 16.877 0.015
3216.70294 16.520 0.012
3217.77892 17.125 0.016
3218.88896 16.924 0.018
3223.81647 17.049 0.015
3226.80497 16.959 0.014
3229.81405 16.857 0.010
3231.76471 17.029 0.017
3239.77426 17.096 0.013
3240.76361 16.793 0.012
3241.83281 17.203 0.016
3242.69530 16.990 0.012
3243.82793 16.701 0.011
3244.80901 17.127 0.015
3245.75445 16.924 0.012
3246.75073 16.499 0.009
3247.74207 17.109 0.015
3249.70918 17.237 0.015
3251.72192 16.694 0.009
3254.70926 16.528 0.009
3256.77512 16.903 0.012
3260.68530 17.152 0.015
3262.72124 16.630 0.008
3264.67293 16.913 0.010
3266.74393 17.107 0.014
3268.67724 17.220 0.013
3270.65758 16.679 0.011
3271.64504 17.144 0.015
3272.70187 16.972 0.012
3274.68403 17.112 0.014
3276.69288 17.049 0.014
3277.72570 17.085 0.015
3279.65830 17.172 0.013
3281.61774 16.529 0.008
3283.62356 16.893 0.009
3287.58963 17.174 0.014
3289.60060 16.633 0.009
3293.57761 17.112 0.011
3295.59635 17.226 0.010
3297.57764 16.704 0.008
3299.63453 16.999 0.010
3301.60864 17.139 0.017
3303.67078 16.475 0.010
3306.60342 17.207 0.011
3308.59130 16.659 0.012
3310.59043 16.961 0.014
3312.59271 17.100 0.013
3314.54508 17.220 0.020
3320.58283 17.131 0.012
3321.57855 16.868 0.012
3327.53764 16.635 0.011
3330.53156 16.496 0.010
3335.57260 16.765 0.012
3338.57963 16.604 0.009
3349.57673 16.517 0.007
3353.55408 17.055 0.014
3360.56269 16.516 0.010
3363.53457 17.260 0.017
3367.59776 17.007 0.012
3375.53075 16.994 0.014
3378.57631 16.955 0.012
3386.54267 16.996 0.011
3390.55112 16.750 0.012
3398.53811 16.485 0.009
3402.52621 17.057 0.014
3538.93504 17.201 0.015
3547.89635 17.020 0.013
3554.90454 16.963 0.014
3561.87072 16.890 0.009
3561.92372 16.915 0.009
3564.88706 16.813 0.009
3569.90914 16.978 0.011
3570.72262 16.862 0.015
3571.77940 17.078 0.018
3573.81609 17.175 0.015
3574.86256 17.054 0.012
3577.82114 17.014 0.012
3578.87931 16.638 0.008
3581.82567 16.589 0.008
3582.81005 17.071 0.013
3583.81890 16.817 0.010
3584.79054 17.174 0.012
3586.78900 16.629 0.007
3588.79298 16.927 0.009
3591.85446 16.890 0.009
3593.82864 17.048 0.011
3596.80232 16.977 0.012
3601.79071 17.069 0.012
3607.76809 16.934 0.010
3614.76595 17.124 0.010
3617.74292 17.099 0.011
3619.67427 17.156 0.013
3621.70129 16.755 0.009
3624.80284 16.731 0.010
3626.69822 16.896 0.011
3633.67595 17.081 0.016
3636.75898 17.114 0.015
3638.65246 17.064 0.012
3641.68150 17.164 0.012
3643.70219 16.658 0.009
3646.63543 16.581 0.009
3650.64026 17.001 0.012
3651.71426 16.728 0.009
3653.68544 16.964 0.011
3655.67665 17.109 0.012
3657.60506 17.144 0.013
3658.63180 17.067 0.014
3659.62102 16.741 0.012
3661.59212 16.988 0.017
3663.57883 17.126 0.017
3665.59549 16.614 0.009
3668.55345 17.151 0.013
3669.65591 16.827 0.011
3671.60873 17.096 0.014
3673.65726 16.578 0.011
3675.63963 16.873 0.010
3683.62901 16.914 0.011
3685.63043 17.085 0.012
3687.62874 17.162 0.012
3689.57971 16.688 0.009
3692.55166 16.471 0.008
3694.54504 16.838 0.012
3696.53684 17.050 0.010
3698.57890 17.153 0.016
3700.55810 16.610 0.009
3702.56523 16.931 0.012
3704.56638 17.089 0.014
3706.57590 17.169 0.011
3708.56488 16.695 0.010
3711.57153 16.537 0.009
3713.59401 16.895 0.011
3717.56195 17.150 0.017
3721.52618 16.935 0.020
3724.53127 16.814 0.011
3726.52768 17.019 0.013
3728.53419 17.124 0.014
3734.54534 17.062 0.012
3740.55873 16.933 0.010
3746.53946 16.738 0.013
3761.58737 17.075 0.012
3765.55348 16.779 0.009
3771.56542 16.452 0.009
3776.52483 16.694 0.013
3780.54912 17.066 0.016
3871.86172 17.030 0.017
3900.94809 17.192 0.019
3905.94263 16.464 0.009
3913.90154 16.550 0.008
3917.93852 17.071 0.011
3931.88474 16.986 0.013
3933.92955 17.084 0.012
3936.85132 17.065 0.011
3938.83532 17.177 0.014
3944.88302 17.088 0.012
3946.84757 17.157 0.011
3951.87013 16.572 0.008
3955.83091 17.084 0.015
3958.81232 17.022 0.014
3960.81241 17.083 0.011
3963.80913 17.105 0.015
3965.80103 17.165 0.010
3967.82072 16.730 0.008
3969.78656 16.971 0.011
3971.76223 17.112 0.010
3974.76441 17.026 0.012
3979.71982 17.075 0.013
3980.60247 16.853 0.013
3981.62950 17.122 0.011
3983.89915 16.907 0.011
3987.76770 17.131 0.012
3990.77559 17.107 0.011
3993.71850 17.095 0.012
3995.72422 17.162 0.011
3999.73442 16.916 0.010
4002.70713 16.803 0.008
4004.65882 17.017 0.010
4006.68514 17.115 0.010
4007.54651 16.893 0.011
4008.55737 16.843 0.009
4009.68088 17.076 0.012
4013.68176 16.754 0.011
4015.66616 16.981 0.016
4017.68047 17.112 0.012
4018.71980 16.906 0.011
4019.66929 16.503 0.009
4021.66269 16.788 0.009
4024.63610 16.665 0.009
4026.61506 16.909 0.010
4028.61087 17.105 0.011
4030.62001 17.177 0.012
4032.67515 16.758 0.010
4037.63539 16.898 0.010
4039.58967 17.062 0.011
4041.58195 17.196 0.015
4043.57488 16.634 0.010
4046.56770 16.448 0.009
4048.55010 16.831 0.012
4050.59238 17.052 0.011
4052.54423 17.119 0.013
4054.59858 16.595 0.009
4056.57055 16.875 0.012
4058.57207 17.061 0.013
4061.56759 17.007 0.011
4065.51713 16.480 0.009
4068.51724 17.148 0.015
4070.53581 16.713 0.010
4073.56171 16.593 0.011
4076.62889 16.458 0.009
4078.58888 16.817 0.009
4080.59951 17.063 0.013
4085.54704 17.074 0.013
4092.54199 16.594 0.008
4096.55352 17.080 0.013
4099.59664 17.040 0.013
4104.58751 17.101 0.015
4111.57548 16.652 0.008
4120.53254 17.114 0.013
4126.55741 17.054 0.014
4252.91154 17.052 0.016
4255.82730 16.971 0.017
4268.94014 17.097 0.013
4275.90759 16.608 0.011
4279.78530 17.071 0.020
4282.79591 16.981 0.014
4283.87929 16.687 0.013
4283.93413 16.726 0.012
4285.90307 16.954 0.014
4291.92358 16.781 0.012
4293.89165 17.007 0.011
4296.87616 16.885 0.010
4297.90876 16.438 0.009
4299.84378 16.796 0.010
4300.86516 17.201 0.013
4301.88320 17.037 0.011
4302.89920 16.712 0.011
4306.84685 17.079 0.013
4307.88311 16.863 0.010
4308.64468 17.141 0.016
4308.85110 17.064 0.013
4310.82475 16.737 0.012
4311.81211 17.127 0.019
4312.88598 16.995 0.011
4314.90531 17.109 0.015
4316.81231 16.654 0.011
4319.84426 17.194 0.014
4320.90807 17.053 0.014
4326.82031 16.859 0.012
4327.79820 17.162 0.017
4328.81384 17.048 0.014
4329.81731 16.740 0.012
4330.91317 17.183 0.016
4333.87875 17.117 0.014
4338.88277 17.035 0.015
4340.75448 16.618 0.010
4341.75059 17.098 0.016
4342.77491 16.952 0.014
4343.74392 16.434 0.008
4344.72612 17.074 0.013
4345.77211 16.830 0.012
4347.76101 17.031 0.011
4349.77421 17.148 0.013
4354.74141 16.719 0.012
4356.74449 16.815 0.012
4357.68196 17.131 0.013
4359.67990 16.596 0.011
4362.64743 16.714 0.014
4365.71965 17.156 0.018
4369.63419 16.935 0.019
4372.65763 16.848 0.010
4375.62008 16.747 0.014
4377.73666 17.024 0.011
4379.62814 17.086 0.016
4380.72397 16.926 0.011
4382.66829 17.084 0.014
4386.64329 16.682 0.010
4388.64411 16.948 0.013
4390.65312 17.101 0.012
4392.67756 16.701 0.010
4395.65876 17.163 0.016
4397.69953 16.698 0.011
4400.64995 16.434 0.010
4403.63856 17.173 0.015
4407.61578 16.949 0.013
4408.64102 16.544 0.010
4410.72455 16.927 0.012
4412.68556 17.098 0.015
4416.67068 16.669 0.010
4418.67958 16.944 0.011
4421.61319 16.835 0.013
4423.69485 17.061 0.014
4425.62571 17.121 0.019
4427.63758 16.575 0.010
4429.54647 16.849 0.016
4431.55102 17.066 0.015
4433.55699 17.144 0.014
4435.54096 16.572 0.010
4437.61311 16.932 0.014
4439.54615 17.067 0.016
4441.58189 17.185 0.016
4443.60898 16.739 0.012
4449.62587 16.469 0.009
4451.58151 16.788 0.010
4453.56385 17.017 0.014
4456.56538 16.918 0.014
4458.56629 17.075 0.014
4464.55748 16.967 0.012
4472.55162 17.005 0.012
4475.57107 16.922 0.011
4478.57770 16.876 0.013
4481.55933 16.757 0.012
4484.55987 16.638 0.013
4486.60823 16.943 0.015
4502.56048 17.019 0.014
4609.87294 16.924 0.013
4638.93787 17.094 0.013
4643.86269 17.191 0.016
4648.92879 16.583 0.010
4652.92199 17.079 0.013
4656.90275 16.673 0.009
4662.75900 17.159 0.014
4663.73061 16.979 0.013
4665.80358 17.113 0.015
4666.89136 16.977 0.014
4670.88564 16.588 0.010
4671.87193 17.060 0.014
4672.85988 16.763 0.010
4675.86622 16.659 0.010
4681.85720 17.151 0.012
4683.83138 16.721 0.012
4685.83852 16.978 0.015
4687.87412 17.102 0.012
4688.78974 16.846 0.010
4689.74749 17.164 0.012
4690.71516 17.016 0.011
4691.71819 16.713 0.011
4693.87325 17.030 0.015
4696.79487 16.943 0.017
4698.73499 17.074 0.013
4700.76642 17.199 0.013
4701.72060 17.020 0.014
4701.77162 17.029 0.011
4702.83173 16.726 0.010
4703.73096 17.114 0.013
4704.74984 16.943 0.010
4705.75701 16.481 0.009
4707.74914 16.851 0.010
4708.81790 16.600 0.008
4710.73153 16.730 0.009
4716.73546 16.501 0.008
4719.72758 17.203 0.016
4721.71627 16.694 0.012
4725.70371 17.106 0.013
4728.73182 17.083 0.013
4731.73296 17.002 0.011
4734.72004 16.899 0.011
4741.68620 17.094 0.011
4747.56355 17.003 0.013
4749.57211 17.116 0.017
4753.64142 16.918 0.014
4755.63017 17.048 0.012
4757.61966 17.169 0.014
4759.63232 16.655 0.009
4761.59751 16.908 0.009
4763.61510 17.096 0.014
4766.58304 17.052 0.017
4769.62141 16.982 0.014
4771.66635 17.103 0.012
4773.65753 16.443 0.008
4775.64415 16.812 0.014
4777.57607 16.984 0.014
4779.59661 17.126 0.012
4781.56352 16.429 0.009
4783.54541 16.824 0.012
4785.57802 17.034 0.014
4786.63527 16.763 0.011
4788.59339 16.989 0.012
4790.59566 17.096 0.010
4792.57381 16.714 0.010
4794.55427 16.759 0.010
4796.62422 17.059 0.012
4798.57097 17.117 0.016
4800.61815 16.528 0.008
4802.59561 16.857 0.011
4804.61874 17.049 0.016
4806.60465 17.168 0.016
4808.52613 16.542 0.012
4810.59144 16.916 0.012
4813.57669 16.812 0.012
4815.54900 16.990 0.013
4817.56942 17.108 0.012
4819.56336 16.504 0.009
4821.64699 16.911 0.010
4824.55142 16.785 0.011
4826.60118 17.013 0.012
4832.56861 16.820 0.011
4834.59359 17.004 0.015
4837.58485 16.983 0.015
4841.56102 16.790 0.012
4843.55532 16.809 0.014
4845.55283 16.993 0.014
4846.56011 16.648 0.010
4848.60068 16.945 0.011
4850.58797 17.096 0.015
4854.56907 16.734 0.011
4862.55120 16.793 0.010
4866.55206 17.103 0.015
