 626.92410 16.935 0.010
 627.88980 16.780 0.010
 631.90527 16.686 0.009
 632.90002 16.886 0.010
 635.87594 16.813 0.009
 643.84529 16.840 0.010
 645.87144 16.954 0.010
 647.82924 16.396 0.009
 649.83413 16.643 0.010
 656.88664 16.932 0.009
 657.89050 16.706 0.010
 658.89924 16.687 0.010
 665.86628 16.725 0.008
 666.86836 16.464 0.006
 667.88737 16.900 0.007
 668.85818 16.640 0.006
 670.82383 16.813 0.009
 671.84629 16.490 0.006
 672.85124 16.939 0.008
 673.76429 16.708 0.008
 684.77922 16.648 0.008
 685.77973 17.009 0.010
 686.73580 16.835 0.009
 687.89709 16.617 0.008
 688.86499 16.949 0.009
 689.73156 16.758 0.008
 697.69739 16.790 0.009
 698.71266 16.352 0.008
 699.72347 16.900 0.008
 700.70855 16.660 0.007
 701.68021 17.012 0.009
 704.67476 16.915 0.010
 706.67314 16.375 0.009
 706.76763 16.489 0.009
 707.70370 16.918 0.010
 708.70118 16.727 0.010
 712.70152 16.958 0.010
 713.71576 16.826 0.008
 714.73229 16.500 0.006
 715.77314 16.936 0.009
 716.75568 16.758 0.008
 720.66269 16.997 0.011
 726.72282 16.909 0.009
 728.71592 16.902 0.008
 729.66031 16.843 0.009
 730.61166 16.508 0.008
 733.67128 16.372 0.008
 739.69347 16.969 0.010
 741.65704 16.426 0.007
 742.65087 16.912 0.009
 744.61936 16.804 0.009
 745.65926 16.893 0.009
 746.60407 16.599 0.008
 747.56185 16.954 0.011
 748.55851 16.791 0.010
 749.56493 16.399 0.010
 750.53915 16.894 0.013
 751.56930 16.709 0.009
 752.77306 16.422 0.007
 753.71280 16.913 0.009
 754.74432 16.718 0.010
 755.56801 16.971 0.010
 759.57064 16.739 0.008
 760.57499 16.345 0.007
 761.57023 16.890 0.009
 762.56821 16.634 0.009
 762.69849 16.720 0.010
 762.77689 16.728 0.011
 763.58721 17.001 0.011
 763.73145 16.398 0.008
 764.66524 16.923 0.013
 765.55059 16.502 0.009
 766.58751 16.956 0.012
 766.65405 16.939 0.011
 767.56194 16.781 0.012
 767.71557 16.856 0.015
 769.54684 16.909 0.010
 770.64311 16.718 0.009
 771.61932 16.731 0.008
 772.54735 16.875 0.010
 773.56997 16.569 0.007
 774.63979 16.981 0.010
 775.59266 16.821 0.009
 776.67364 16.534 0.008
 777.59059 16.928 0.010
 778.56374 16.712 0.010
 778.65524 16.741 0.010
 779.62310 16.352 0.008
 780.61142 16.934 0.014
 780.71699 16.915 0.012
 781.59947 16.626 0.008
 782.59712 16.988 0.011
 783.57685 16.823 0.008
 784.61646 16.537 0.008
 785.58734 16.930 0.010
 786.59204 16.768 0.008
 787.67242 16.387 0.007
 787.75823 16.497 0.008
 788.60406 16.890 0.010
 790.55404 16.990 0.011
 795.56584 16.320 0.007
 796.61542 16.924 0.010
 797.68590 16.749 0.009
 798.60333 16.797 0.009
 800.60122 16.605 0.008
 802.58174 16.806 0.010
 805.58779 16.759 0.010
 806.59857 16.405 0.008
 817.62602 16.954 0.010
 819.66714 16.591 0.007
 820.66611 16.968 0.010
 822.58607 16.347 0.006
 823.66338 16.932 0.010
 824.61149 16.701 0.010
 824.67430 16.742 0.010
 825.68468 16.314 0.008
 828.64472 17.002 0.010
 829.61132 16.835 0.010
 832.61822 16.751 0.009
 833.63835 16.305 0.006
 834.65253 16.929 0.010
 836.58591 17.023 0.012
 838.55901 16.481 0.009
 840.57448 16.766 0.010
 845.58014 16.859 0.009
 850.54761 16.939 0.013
 855.55428 16.961 0.012
 856.54215 16.788 0.010
 859.54180 16.711 0.009
 860.57411 16.468 0.008
 866.56143 16.934 0.010
 876.52997 16.304 0.006
 962.91067 16.813 0.010
 986.87694 16.878 0.010
 987.88925 16.539 0.008
 991.90315 16.931 0.010
 996.86933 16.947 0.006
 998.87657 16.446 0.008
1003.80772 16.605 0.010
1005.83315 16.829 0.011
1008.86632 16.747 0.010
1020.82919 16.996 0.010
1025.80884 16.373 0.008
1035.78371 16.711 0.008
1037.81093 16.874 0.010
1038.90999 16.688 0.010
1041.88040 16.566 0.007
1045.78153 16.925 0.009
1049.80195 16.535 0.008
1052.81230 16.383 0.007
1055.68205 16.993 0.010
1058.83388 16.978 0.010
1059.81272 16.792 0.010
1064.75588 16.901 0.010
1068.74772 16.454 0.007
1071.77571 16.327 0.006
1075.79283 16.868 0.009
1078.71461 16.725 0.007
1080.66065 16.888 0.010
1083.75298 16.893 0.007
1086.60350 16.737 0.009
1090.68661 16.999 0.010
1092.68668 16.575 0.008
1094.68284 16.793 0.008
1102.65143 16.800 0.009
1107.61977 16.862 0.008
1112.72594 16.944 0.010
1117.60137 16.996 0.010
1122.61292 16.304 0.007
1128.56152 16.915 0.010
1132.59190 16.696 0.008
1135.66054 16.618 0.008
1138.61335 16.435 0.007
1140.64575 16.739 0.008
1144.64875 16.994 0.010
1151.58321 16.649 0.008
1154.60279 16.566 0.008
1157.64855 16.415 0.008
1160.64005 16.545 0.009
1163.72198 17.003 0.010
1166.68900 16.878 0.008
1170.61793 16.649 0.008
1175.67906 16.800 0.010
1179.67676 16.704 0.009
1183.68563 16.825 0.010
1186.67947 16.731 0.008
1189.56802 16.597 0.007
1192.61262 16.471 0.007
1202.55920 16.734 0.010
1206.56283 17.020 0.012
1212.55437 16.921 0.013
1216.56043 16.569 0.009
1220.55662 16.920 0.010
1227.55224 16.476 0.009
1233.53978 17.029 0.014
1329.80123 16.840 0.011
1330.91139 16.609 0.010
1335.85655 16.685 0.010
1340.93242 16.845 0.010
1347.91374 16.966 0.011
1355.90265 16.809 0.010
1365.90355 16.653 0.009
1367.88108 16.820 0.011
1369.86876 16.917 0.011
1374.86767 17.005 0.010
1395.83326 16.474 0.008
1397.85661 16.745 0.009
1401.87028 17.003 0.010
1407.87757 16.920 0.010
1412.77554 16.929 0.010
1418.81562 16.880 0.009
1430.70961 16.405 0.008
1432.77450 16.747 0.008
1438.72739 16.483 0.007
1441.83446 16.411 0.007
1447.69091 16.931 0.012
1451.65696 16.663 0.009
1454.63120 16.511 0.008
1459.67677 16.683 0.009
1461.65161 16.812 0.010
1462.70998 16.627 0.008
1470.59881 16.601 0.010
1475.62288 16.714 0.010
1478.57150 16.607 0.009
1479.58767 16.979 0.011
1484.58690 16.328 0.007
1487.61394 17.012 0.010
1490.64965 16.955 0.010
1492.55241 16.317 0.008
1495.60173 16.898 0.010
1498.56761 16.940 0.010
1502.59078 16.705 0.009
1505.65788 16.663 0.010
1509.56881 16.925 0.010
1512.67097 16.931 0.011
1516.57067 16.527 0.007
1518.64059 16.811 0.010
1520.66846 16.924 0.010
1523.58579 16.891 0.014
1526.56870 16.797 0.009
1531.67600 16.911 0.010
1546.59211 16.356 0.007
1551.55515 16.575 0.008
1556.59591 16.753 0.010
1567.59227 16.667 0.012
1571.58674 16.947 0.010
1576.57559 16.887 0.011
1582.58630 16.915 0.010
1585.56014 16.875 0.010
1589.56200 16.465 0.008
1599.54195 16.753 0.011
1602.53176 16.650 0.010
1607.52588 16.795 0.011
1702.89643 16.841 0.010
1703.93835 16.539 0.009
1716.90435 16.719 0.010
1728.89580 17.000 0.010
1731.88239 16.930 0.009
1740.87102 16.780 0.010
1742.87261 16.921 0.010
1743.86885 16.682 0.009
1744.88791 16.845 0.010
1749.83831 16.388 0.006
1750.86478 16.920 0.010
1751.82204 16.705 0.008
1752.83783 16.770 0.009
1753.83890 16.894 0.010
1754.81109 16.578 0.008
1755.83094 16.985 0.016
1756.86009 16.861 0.014
1757.80951 16.448 0.009
1758.81412 16.894 0.010
1759.80398 16.720 0.008
1761.84338 16.906 0.010
1762.82574 16.633 0.009
1763.83142 17.005 0.009
1764.82116 16.830 0.008
1765.81734 16.538 0.009
1766.77063 16.943 0.013
1768.78159 16.363 0.008
1769.69046 16.859 0.010
1771.78376 17.000 0.012
1772.80366 16.845 0.009
1773.77091 16.519 0.007
1775.85475 16.814 0.009
1784.83909 16.464 0.008
1788.74244 16.887 0.010
1803.79657 16.360 0.007
1808.80545 16.598 0.007
1811.78864 16.427 0.006
1814.83546 16.326 0.006
1817.80135 17.009 0.009
1821.60323 16.654 0.010
1823.76074 16.903 0.008
1828.84721 16.947 0.010
1829.77198 16.765 0.010
1845.72730 16.809 0.008
1845.78765 16.827 0.009
1847.79566 16.935 0.008
1848.61470 16.671 0.008
1848.72444 16.740 0.009
1851.60599 16.548 0.009
1851.70843 16.634 0.012
1854.59577 16.339 0.007
1854.65009 16.399 0.007
1854.77804 16.530 0.007
1859.74202 16.660 0.009
1860.73811 17.011 0.012
1863.57524 16.918 0.010
1863.72569 16.943 0.011
1866.57808 16.876 0.008
1869.66563 16.867 0.008
1869.72261 16.888 0.010
1871.78645 16.973 0.010
1872.56624 16.739 0.009
2090.91009 17.027 0.016
2105.90800 16.670 0.010
2106.87266 16.939 0.013
2113.85299 16.713 0.012
2116.85618 16.628 0.010
2123.80297 16.895 0.013
2128.81086 16.920 0.015
2129.84280 16.780 0.011
2130.86743 16.328 0.009
2131.86068 16.932 0.014
2132.79103 16.658 0.012
2133.87969 16.867 0.015
2134.79477 16.874 0.014
2135.82746 16.567 0.010
2136.84778 16.949 0.014
2137.80614 16.783 0.011
2140.79640 16.693 0.011
2141.83120 16.818 0.015
2142.77289 16.874 0.011
2143.80368 16.596 0.010
2144.85414 17.008 0.012
2155.86384 16.965 0.018
2156.81048 16.743 0.011
2160.73544 16.988 0.014
2162.74635 16.500 0.009
2166.74094 16.926 0.011
2167.78710 16.684 0.010
2172.73134 16.784 0.011
2173.71189 16.311 0.008
2184.68608 16.892 0.014
2185.65000 16.868 0.013
2187.70741 16.984 0.015
2188.66540 16.839 0.014
2190.67644 16.934 0.012
2191.68606 16.731 0.011
2192.64916 16.741 0.010
2193.67027 16.904 0.010
2194.63842 16.616 0.010
2200.61595 16.551 0.010
2203.70948 16.916 0.010
2211.62702 17.004 0.014
2212.62802 16.874 0.012
2213.63641 16.566 0.011
2214.62061 16.934 0.015
2215.63505 16.812 0.012
2217.62205 16.958 0.016
2219.66450 16.570 0.010
2224.69973 16.519 0.011
2226.62028 16.738 0.013
2228.54454 16.848 0.015
2229.60277 16.609 0.010
2231.55444 16.808 0.012
2233.59868 16.928 0.012
2235.64469 16.316 0.008
2238.53331 16.972 0.015
2242.60493 16.771 0.012
2244.62312 16.921 0.012
2248.58593 16.567 0.009
2250.55334 16.805 0.012
2252.61082 16.930 0.013
2255.58892 16.901 0.012
2257.61062 16.998 0.012
2262.60125 16.291 0.009
2266.59068 16.879 0.015
2272.56828 16.663 0.010
2274.55389 16.869 0.014
2277.58892 16.806 0.010
2283.58576 16.614 0.010
2290.58486 16.928 0.012
2292.59103 17.013 0.015
2294.59425 16.507 0.010
2296.56044 16.791 0.016
2298.57107 16.910 0.015
2300.56983 16.961 0.016
2303.55335 16.924 0.016
2445.89533 16.827 0.013
2458.93668 16.920 0.013
2463.90033 16.930 0.013
2465.91302 16.367 0.009
2467.88584 16.680 0.011
2469.88549 16.871 0.012
2470.91979 16.596 0.010
2471.93106 16.983 0.013
2473.87102 16.408 0.009
2483.84343 16.741 0.010
2486.86091 16.647 0.012
2489.90749 16.571 0.010
2492.88857 16.363 0.010
2496.88818 16.870 0.012
2497.91163 16.602 0.010
2498.91446 16.980 0.012
2499.84456 16.789 0.011
2500.84903 16.375 0.009
2501.83897 16.920 0.011
2502.81878 16.677 0.011
2503.83427 16.794 0.010
2516.76148 16.422 0.010
2517.80830 16.920 0.013
2518.77925 16.747 0.011
2519.85808 16.325 0.009
2520.77627 16.910 0.012
2521.84748 16.658 0.010
2524.84526 16.565 0.011
2526.76283 16.764 0.010
2534.81965 16.803 0.012
2535.83984 16.457 0.010
2537.68720 16.645 0.013
2538.78082 16.701 0.011
2539.68780 16.845 0.012
2540.70622 16.560 0.011
2541.69971 16.931 0.012
2542.66949 16.760 0.011
2544.64730 16.926 0.011
2545.66323 16.669 0.010
2547.68109 16.892 0.013
2548.69676 16.585 0.010
2550.69171 16.810 0.011
2551.67838 16.400 0.009
2552.69454 16.920 0.010
2554.68773 16.490 0.010
2555.69568 16.881 0.011
2556.67458 16.600 0.010
2557.68715 16.996 0.011
2558.64365 16.806 0.011
2560.63358 16.942 0.012
2561.65921 16.739 0.014
2563.65986 16.908 0.012
2564.67544 16.648 0.010
2565.66216 17.013 0.012
2566.64713 16.841 0.012
2568.67851 16.952 0.017
2571.63025 16.911 0.017
2572.72748 16.722 0.013
2573.64449 16.985 0.015
2574.62836 16.852 0.012
2577.61401 16.765 0.014
2578.61232 16.325 0.010
2579.62174 16.919 0.013
2580.63378 16.701 0.010
2583.60516 16.577 0.012
2584.61266 16.962 0.015
2587.59333 16.920 0.013
2588.62222 16.731 0.013
2589.58330 16.731 0.011
2590.59808 16.872 0.015
2591.59927 16.616 0.010
2593.58985 16.819 0.011
2594.59361 16.497 0.011
2596.56978 16.706 0.012
2597.55711 16.506 0.012
2598.61003 16.915 0.012
2599.58916 16.663 0.014
2607.61006 16.715 0.014
2613.52250 16.324 0.010
2615.55430 16.681 0.012
2619.53377 16.935 0.017
2621.55047 16.430 0.010
2623.59837 16.739 0.013
2626.54194 16.636 0.011
2629.54831 16.501 0.012
2635.54939 17.029 0.012
2639.52982 16.769 0.017
2641.57557 16.937 0.013
2646.53843 16.989 0.020
2650.57394 16.760 0.012
2654.54115 17.011 0.017
2656.58920 16.531 0.011
2660.53494 16.888 0.016
2664.55981 16.583 0.012
2669.53697 16.716 0.010
2673.54946 16.972 0.017
2675.56536 16.466 0.010
2678.56568 16.340 0.011
2682.52558 16.865 0.017
2777.88803 16.882 0.016
2804.89401 16.877 0.016
2810.92639 16.730 0.012
2814.92392 17.018 0.013
2817.91192 16.935 0.014
2825.88767 16.932 0.014
2830.92616 16.701 0.014
2831.76639 16.828 0.014
2832.73188 16.442 0.010
2833.84995 16.959 0.017
2834.85851 16.792 0.014
2837.85589 16.703 0.015
2839.89164 16.904 0.011
2841.87235 16.987 0.013
2844.85760 16.939 0.011
2848.94059 16.670 0.015
2850.87371 16.850 0.012
2851.91699 16.580 0.010
2852.78762 16.951 0.013
2853.92751 16.799 0.011
2856.80067 16.649 0.013
2858.89473 16.873 0.011
2860.86080 16.940 0.013
2861.73177 16.729 0.010
2862.91078 16.470 0.010
2863.81986 16.935 0.015
2865.85378 16.704 0.010
2866.86652 16.890 0.014
2867.84748 16.587 0.010
2868.79121 16.958 0.012
2870.80087 16.407 0.009
2872.75829 16.693 0.010
2876.76105 16.968 0.012
2877.78292 16.802 0.011
2879.79168 16.943 0.011
2883.81007 16.646 0.010
2885.74524 16.828 0.013
2888.79350 16.769 0.013
2892.78511 16.993 0.016
2894.75139 16.541 0.010
2896.74854 16.782 0.010
2898.76941 16.917 0.012
2900.73139 16.972 0.011
2902.73093 16.579 0.010
2905.73811 16.417 0.009
2907.73935 16.722 0.010
2909.72834 16.906 0.010
2911.71984 16.987 0.010
2915.69121 16.745 0.010
2917.71718 16.922 0.011
2921.71511 16.519 0.010
2923.73640 16.768 0.011
2925.69997 16.935 0.011
2927.69736 17.038 0.014
2930.71526 16.931 0.012
2932.72162 16.393 0.010
2934.70172 16.704 0.010
2937.62225 16.540 0.010
2939.71583 16.825 0.011
2940.61885 16.348 0.008
2941.61245 16.945 0.011
2942.61866 16.692 0.010
2943.57103 17.003 0.014
2944.57446 16.877 0.011
2945.59127 16.564 0.011
2947.58805 16.785 0.012
2949.58220 16.917 0.013
2951.61395 16.561 0.011
2952.64135 16.907 0.014
2954.66790 17.004 0.016
2956.61395 16.497 0.009
2965.60785 16.954 0.010
2968.57894 16.909 0.013
2970.59828 16.968 0.012
2972.58243 16.570 0.010
2974.57676 16.791 0.012
2976.53267 16.923 0.014
2977.59969 16.732 0.013
2979.56399 16.886 0.015
2981.60903 16.969 0.019
2987.63272 16.904 0.012
2989.55500 17.001 0.013
2992.55823 16.920 0.014
2995.59964 16.923 0.010
2998.55764 16.861 0.014
3001.55893 16.795 0.011
3004.55089 16.700 0.011
3007.55700 16.606 0.010
3010.55612 16.444 0.010
3016.57326 17.013 0.015
3019.58670 16.935 0.013
3021.60065 16.343 0.008
3023.55595 16.664 0.010
3025.55494 16.866 0.012
3027.58859 16.963 0.012
3029.56051 16.364 0.010
3031.56487 16.688 0.012
3033.56735 16.884 0.012
3036.58455 16.840 0.014
3040.54757 16.413 0.010
3160.84505 16.940 0.016
3183.89699 16.645 0.010
3193.86473 16.873 0.012
3195.92374 16.962 0.013
3197.89929 16.437 0.010
3201.85677 16.882 0.010
3203.86390 16.970 0.010
3204.92753 16.855 0.011
3210.87855 16.649 0.010
3211.90679 16.977 0.012
3215.68528 16.686 0.013
3216.70653 16.950 0.016
3217.78252 16.915 0.013
3223.82008 16.794 0.012
3226.80861 16.694 0.011
3229.81768 16.586 0.009
3231.76832 16.779 0.013
3239.77787 16.823 0.010
3240.76722 16.447 0.010
3241.83643 16.926 0.012
3242.69892 16.678 0.011
3243.83156 16.302 0.009
3244.81264 16.909 0.014
3245.75808 16.615 0.010
3246.75436 16.984 0.013
3247.74572 16.844 0.013
3249.71282 16.923 0.012
3251.72558 16.370 0.008
3254.71290 17.006 0.012
3256.77877 16.553 0.009
3258.69860 16.739 0.012
3260.68892 16.930 0.014
3262.72487 16.979 0.010
3264.67657 16.535 0.008
3266.74757 16.816 0.011
3268.68089 16.902 0.010
3270.66121 16.999 0.013
3271.64869 16.877 0.013
3272.70551 16.596 0.010
3274.68765 16.808 0.012
3276.69652 16.920 0.012
3277.72935 16.741 0.013
3279.66195 16.872 0.010
3281.62139 16.960 0.010
3283.62718 16.419 0.007
3287.59327 16.902 0.011
3289.60426 16.980 0.010
3293.58126 16.744 0.009
3295.59999 16.884 0.008
3297.58128 17.006 0.010
3299.63817 16.549 0.009
3301.61228 16.785 0.012
3303.67445 16.926 0.013
3306.60707 16.877 0.010
3308.59491 16.973 0.014
3310.59407 16.392 0.010
3312.59635 16.710 0.010
3314.54873 16.875 0.014
3320.58649 16.736 0.010
3321.58216 16.388 0.009
3323.53008 16.597 0.010
3327.54124 16.939 0.013
3330.53521 16.914 0.012
3335.57624 16.981 0.013
3338.58325 16.932 0.010
3349.58037 16.895 0.008
3353.55769 16.506 0.010
3360.56630 16.837 0.011
3363.53817 16.791 0.013
3367.60135 16.567 0.010
3375.53435 16.610 0.010
3378.57990 17.028 0.012
3386.54625 17.024 0.010
3390.55470 16.769 0.013
3398.54167 16.811 0.010
3402.52976 16.585 0.010
3538.93856 17.027 0.014
3547.89990 16.864 0.011
3554.90809 16.846 0.011
3561.87424 16.690 0.008
3561.92727 16.745 0.009
3564.89061 16.620 0.008
3569.91269 16.761 0.010
3570.72619 17.017 0.016
3571.78297 16.884 0.016
3573.81967 16.970 0.013
3574.86613 16.863 0.011
3577.82470 16.738 0.010
3578.88284 16.331 0.008
3581.82925 17.018 0.011
3582.81363 16.762 0.010
3583.82250 16.544 0.009
3584.79415 16.941 0.010
3586.79257 16.290 0.007
3588.79654 16.646 0.009
3591.85806 16.597 0.008
3593.83222 16.788 0.010
3596.80589 16.711 0.010
3601.79430 16.840 0.010
3607.77166 16.616 0.008
3614.76952 16.912 0.009
3617.74651 16.852 0.010
3619.67790 16.917 0.010
3621.70490 16.303 0.008
3624.80645 16.601 0.010
3626.70184 16.552 0.009
3633.67956 16.857 0.012
3636.76261 16.828 0.012
3638.65607 16.948 0.011
3641.68511 16.897 0.010
3643.70581 16.971 0.010
3646.63906 16.926 0.011
3650.64388 16.614 0.009
3651.71787 16.985 0.010
3653.68904 16.540 0.009
3655.68024 16.775 0.010
3657.60866 16.925 0.011
3658.63539 16.662 0.010
3659.62684 16.980 0.013
3661.59572 16.512 0.011
3663.58245 16.766 0.012
3665.59910 16.923 0.010
3668.55707 16.836 0.010
3669.65953 16.603 0.010
3671.61233 16.792 0.010
3673.66246 16.950 0.013
3675.64324 16.414 0.008
3683.63260 16.302 0.008
3685.63402 16.684 0.010
3687.63237 16.869 0.010
3689.58462 16.952 0.011
3692.55525 16.909 0.011
3694.54860 16.997 0.013
3696.54042 16.537 0.008
3698.58252 16.803 0.012
3700.56169 16.935 0.011
3702.56885 16.862 0.012
3704.57073 16.599 0.010
3706.57950 16.821 0.010
3708.56846 16.912 0.012
3711.57511 16.923 0.013
3713.59761 17.012 0.011
3717.56553 16.773 0.014
3721.52975 17.009 0.018
3724.53483 16.950 0.012
3726.53127 16.326 0.009
3728.53776 16.675 0.010
3734.54892 16.430 0.009
3740.56227 16.989 0.011
3746.54302 16.913 0.015
3750.54078 16.560 0.013
3761.59090 16.493 0.009
3765.55701 16.910 0.010
3771.56896 16.783 0.011
3776.52837 16.859 0.014
3780.55263 16.391 0.010
3871.86521 16.861 0.015
3901.92772 16.816 0.011
3905.94615 16.339 0.009
3913.90506 16.345 0.007
3917.94205 16.887 0.010
3931.88828 16.758 0.010
3933.93310 16.903 0.011
3936.85487 16.851 0.010
3938.83886 16.919 0.011
3944.88659 16.874 0.010
3946.85113 16.944 0.010
3951.87362 16.649 0.009
3955.83444 16.822 0.012
3958.81586 16.743 0.011
3960.81594 16.899 0.010
3963.81265 16.830 0.013
3965.80458 16.937 0.009
3967.82426 16.310 0.007
3969.79011 16.621 0.009
3971.76579 16.840 0.010
3974.76796 16.778 0.010
3979.72338 16.849 0.010
3980.60600 16.403 0.009
3981.63304 16.926 0.010
3983.90269 16.506 0.010
3987.77123 16.899 0.010
3990.77917 16.821 0.010
3993.72205 16.667 0.010
3995.72778 16.896 0.010
3999.73798 16.469 0.008
4002.71067 16.472 0.007
4004.66239 16.579 0.008
4006.68871 16.825 0.009
4007.55006 16.316 0.008
4008.56094 16.916 0.010
4009.68670 16.731 0.010
4013.68728 17.038 0.012
4015.66974 16.503 0.010
4017.71873 16.804 0.010
4018.72333 16.389 0.009
4019.67369 16.915 0.012
4021.66628 16.984 0.010
4024.63964 16.955 0.011
4026.61865 16.323 0.007
4028.61442 16.670 0.008
4030.62517 16.880 0.010
4032.67872 16.999 0.013
4037.63895 16.484 0.008
4039.59322 16.609 0.009
4041.58551 16.813 0.011
4043.57842 16.949 0.012
4046.57126 16.902 0.012
4048.55363 16.972 0.012
4050.59594 16.518 0.009
4052.54779 16.740 0.010
4054.60212 16.923 0.011
4056.57413 16.978 0.012
4058.57564 16.545 0.010
4061.57114 16.359 0.008
4065.52070 16.889 0.010
4068.52078 16.797 0.010
4070.53937 16.908 0.011
4073.56525 16.862 0.016
4076.63242 16.894 0.014
4078.59239 16.923 0.010
4080.60305 16.338 0.008
4085.55057 16.566 0.010
4092.54551 16.865 0.010
4096.55705 16.436 0.008
4099.60018 16.313 0.009
4104.59104 16.542 0.011
4111.57898 16.861 0.009
4120.53602 16.591 0.010
4126.56584 16.395 0.009
4252.91504 16.875 0.014
4255.83078 16.765 0.014
4268.94343 16.912 0.013
4275.91090 16.362 0.011
4279.78859 16.816 0.017
4282.79923 16.765 0.012
4283.88259 16.405 0.011
4283.93743 16.466 0.010
4285.90638 16.728 0.012
4291.92691 16.522 0.010
4293.89496 16.743 0.010
4296.87949 16.657 0.010
4297.91208 17.005 0.011
4299.84710 16.493 0.009
4300.86848 16.938 0.011
4301.88655 16.775 0.010
4302.90252 16.345 0.010
4306.85020 16.842 0.012
4307.88646 16.573 0.009
4308.64802 16.927 0.013
4308.85444 16.935 0.012
4310.82807 16.350 0.010
4311.81546 16.910 0.017
4312.88931 16.722 0.010
4314.90865 16.890 0.013
4316.81566 16.955 0.014
4319.84760 16.910 0.012
4320.91142 16.763 0.012
4326.82365 16.485 0.010
4327.80175 16.935 0.016
4328.81738 16.740 0.012
4329.82065 16.315 0.010
4330.91672 16.926 0.012
4333.88232 16.867 0.012
4338.88634 16.926 0.015
4340.75806 17.013 0.014
4341.75414 16.878 0.014
4342.77846 16.549 0.011
4343.74746 16.934 0.012
4344.72968 16.759 0.011
4345.77565 16.353 0.010
4347.76456 16.684 0.010
4349.77777 16.882 0.011
4351.71434 16.924 0.014
4354.74497 16.934 0.013
4356.74805 16.643 0.011
4357.68550 16.871 0.011
4359.68348 16.947 0.013
4363.60821 16.663 0.012
4365.72319 16.918 0.016
4369.63777 16.404 0.011
4372.66120 16.415 0.009
4377.74025 16.558 0.010
4379.63170 16.746 0.012
4380.72754 16.372 0.009
4382.67184 16.681 0.010
4386.64684 16.945 0.012
4388.64768 16.357 0.010
4390.65668 16.718 0.010
4392.68114 16.905 0.011
4395.66513 16.818 0.013
4397.70308 16.937 0.013
4400.65353 16.907 0.014
4403.64212 16.812 0.012
4407.61935 16.319 0.009
4408.64458 16.903 0.012
4410.72812 16.678 0.011
4412.68915 16.605 0.011
4416.67426 16.904 0.012
4418.68314 16.562 0.010
4421.61675 16.950 0.013
4423.69841 16.495 0.010
4425.62926 16.712 0.015
4427.64190 16.903 0.014
4429.55004 16.939 0.017
4431.55458 16.420 0.010
4433.56055 16.720 0.011
4435.54450 16.881 0.013
4437.62924 16.993 0.016
4439.54969 16.504 0.011
4441.58545 16.758 0.012
4443.61250 16.931 0.014
4449.63022 16.815 0.012
4451.58504 16.932 0.011
4453.56739 16.844 0.012
4456.56891 16.955 0.015
4458.56980 16.431 0.010
4464.56101 16.976 0.014
4472.55514 16.989 0.012
4475.57457 16.939 0.011
4478.58120 16.909 0.014
4481.56285 16.878 0.013
4484.56336 16.845 0.018
4486.61170 16.915 0.017
4502.56379 16.937 0.014
4609.87640 16.755 0.011
4638.94137 16.936 0.014
4643.86619 16.941 0.012
4648.93227 16.377 0.009
4652.92552 16.828 0.012
4656.90626 16.307 0.008
4662.76252 16.939 0.011
4663.73415 16.691 0.011
4665.80711 16.894 0.014
4666.89489 16.683 0.012
4670.88918 16.929 0.012
4671.87548 16.805 0.012
4672.86340 16.382 0.009
4675.86973 16.728 0.011
4681.86073 16.925 0.010
4685.84205 16.618 0.011
4687.87766 16.853 0.011
4688.79329 16.434 0.009
4689.75104 16.928 0.011
4690.71873 16.681 0.010
4691.72173 16.890 0.013
4693.87681 16.687 0.011
4696.82167 16.538 0.012
4698.73855 16.716 0.010
4700.76997 16.895 0.010
4701.72413 16.629 0.011
4701.77516 16.656 0.010
4702.83527 16.891 0.011
4703.73452 16.851 0.011
4704.75339 16.516 0.009
4705.76059 16.920 0.011
4707.75268 16.322 0.008
4708.82144 16.936 0.010
4710.73735 16.993 0.011
4716.73901 16.895 0.010
4719.73115 16.923 0.013
4721.71984 16.954 0.013
4725.70729 16.717 0.010
4728.73538 16.653 0.010
4731.74094 16.542 0.009
4734.72362 16.308 0.008
4738.77279 16.874 0.011
4740.65497 16.935 0.011
4741.68977 16.769 0.010
4743.72669 16.933 0.010
4747.56712 16.480 0.010
4749.57566 16.741 0.013
4750.68194 16.390 0.010
4753.63755 16.907 0.013
4753.64499 16.881 0.015
4755.63375 16.565 0.010
4756.59441 16.952 0.013
4756.76110 17.007 0.015
4757.62325 16.795 0.011
4757.75194 16.873 0.012
4758.57875 16.352 0.009
4758.72281 16.501 0.010
4759.63591 16.915 0.012
4759.73871 16.930 0.011
4760.55728 16.683 0.010
4760.69470 16.741 0.010
4761.60111 16.762 0.009
4761.70394 16.299 0.008
4762.54665 16.870 0.011
4763.61870 16.609 0.010
4766.58659 16.435 0.010
4769.62497 16.330 0.010
4771.66992 16.669 0.010
4773.66112 16.890 0.012
4775.64772 16.935 0.015
4777.57964 16.320 0.009
4779.60019 16.674 0.010
4781.56711 16.853 0.011
4783.54896 16.953 0.015
4785.58160 16.372 0.010
4786.63882 16.915 0.015
4788.59697 16.731 0.010
4790.59923 16.606 0.008
4792.57736 16.814 0.011
4794.55782 16.928 0.010
4796.62780 16.318 0.008
4798.57453 16.635 0.011
4800.62168 16.845 0.011
4802.59915 16.934 0.012
4804.62230 16.346 0.010
4806.60820 16.699 0.011
4808.52969 16.825 0.014
4810.59499 16.929 0.013
4813.58028 16.918 0.014
4815.55252 16.948 0.013
4817.57295 16.593 0.010
4819.56688 16.808 0.011
4821.65053 16.929 0.010
4824.55494 16.878 0.013
4826.60471 17.014 0.013
4832.57212 16.927 0.012
4834.59710 16.962 0.015
4837.58835 16.972 0.016
4841.56456 16.699 0.012
4843.55883 16.898 0.016
4845.55634 16.955 0.015
4846.56362 16.809 0.012
4848.60418 16.922 0.011
4850.59148 16.340 0.009
4854.57257 16.860 0.011
4862.55652 16.851 0.010
4866.55555 16.355 0.010
4949.92206 16.879 0.014
